row,case_name,coefficient,diagnostic_status,gate_role,hull,speed_case,fn_l,speed_mps,omega_e_sqrt_l_over_g,omega_rad_s,reference_value,normalization_scale,station_local_index,active_station_index,solve_order_rank,x_m,x_from_bow_m,trapezoid_weight_m,inner_free_surface_y_min_m,inner_free_surface_y_max_m,inner_free_surface_panel_length_min_m,inner_free_surface_panel_length_max_m,selected_mode,selected_generalized_row,lever_arm_m,complex_force_density_real,complex_force_density_imag,station_weighted_force_real,station_weighted_force_imag,station_weighted_normalized_contribution,station_weighted_time_derivative_normalized_contribution,station_weighted_forward_speed_normalized_contribution,cumulative_body_integral_value,cumulative_time_derivative_value,cumulative_forward_speed_value,end_term_value,cumulative_with_end_term_value,body_potential_norm,body_potential_max_abs,control_potential_norm,control_potential_max_abs,control_normal_derivative_norm,control_normal_derivative_max_abs,body_potential_x_gradient_norm,pressure_norm,pressure_max_abs,pressure_time_derivative_norm,pressure_time_derivative_max_abs,pressure_forward_speed_norm,pressure_forward_speed_max_abs,inner_free_surface_normal_derivative_norm,inner_free_surface_normal_derivative_max_abs,outer_history_rhs_norm_before_solve,outer_history_rhs_max_abs_before_solve,free_surface_update_kind,free_surface_potential_norm_before_solve,free_surface_elevation_norm_before_solve,free_surface_potential_norm_after_update,free_surface_elevation_norm_after_update,free_surface_potential_growth_ratio,free_surface_elevation_growth_ratio,station_condition_number,station_residual,solver_status,station_count,body_panels_per_section,free_surface_inner_panels,free_surface_outer_panels,control_surface_radius_beams,history_steps,history_quadrature_count,history_k_max,include_end_term,end_station,end_term_scale,time_step_scale,free_surface_velocity_scale,history_rhs_scale,history_convolution_rule,history_potential_kernel_scale,history_normal_derivative_kernel_scale,control_image_scale,control_potential_kernel_scale,control_normal_derivative_kernel_scale,control_diagonal_sign,pressure_gradient_scale,clip_inner_free_surface_to_waterline,two_zone_inner_free_surface,use_free_surface_marching,a1_recommended_control_radius_beams,a1_min_inner_free_surface_panels,a1_min_outer_or_control_panels,a1_min_station_count_for_fn,a1_control_radius_ok,a1_inner_free_surface_panels_ok,a1_outer_or_control_panels_ok,a1_station_count_ok,a1_grid_recommendation_status,a1_grid_recommendation_note
0,st41_bp8_fs24_cp10_r3p0_h2_fsm_clipfs_onezonefs_noend_pr1p0_pl1p0_pf1p0_pm1p0_dt1p0_fv0p0_hr1p0_hqtrapezoid_hp1p0_hc1p0_cim1p0_cp1p0_cnm1p0_cd1p0_pg1p0,A33,OK,diagnostic_matched_wigley_sensitivity_not_hard_gate,wigley_iii,Fn0.4,0.4,2.1696064159197173,1.0,1.808005346599764,1.0,79.95,0,1,38,0.075,2.925,0.0375,-0.8631093749999998,0.8631093749999998,0.07378124999999991,0.07378125000000002,heave,heave_force,1.425,8.352741408176785,-771.699542234032,0.31322780280662943,-28.9387328337762,0.0011985120783391124,0.0011985120783391124,0.0,0.0,0.0,0.0,0.0,0.0,0.677118050524806,0.3948059357014709,0.005642710196909417,0.0025453875473801743,0.02103355246573701,0.011824581625771732,29.39854975705913,65389.90557697346,35270.999201558596,1254.8388820187597,731.6565236830215,65377.86422594179,35270.87919201704,0.3764798615454661,0.2656201249131861,0.00017956891241243005,9.112424484686733e-05,advance_eq19_20,0.0,0.0,0.0,0.0,,,418.23117884841605,1.7384109321765233e-15,a1_station_hull_matched_sweep_free_surface_marching_not_benchmark_validated,41,8,24,10,3.0,2,16,15.0,False,none,0.0,1.0,0.0,1.0,trapezoid,1.0,1.0,-1.0,1.0,-1.0,1.0,1.0,True,False,True,3.0,11,9,40,True,True,True,True,A1_GRID_RECOMMENDED,"A1 Section 3.3 recommends control radius about 3B, inner free-surface panels greater than 10, outer/free-surface proxy panels greater than 8, and roughly 60 stations at Fn=0.2 or 40 at Fn=0.3."
0,st41_bp8_fs24_cp10_r3p0_h2_fsm_clipfs_onezonefs_noend_pr1p0_pl1p0_pf1p0_pm1p0_dt1p0_fv0p0_hr1p0_hqtrapezoid_hp1p0_hc1p0_cim1p0_cp1p0_cnm1p0_cd1p0_pg1p0,A33,OK,diagnostic_matched_wigley_sensitivity_not_hard_gate,wigley_iii,Fn0.4,0.4,2.1696064159197173,1.0,1.808005346599764,1.0,79.95,1,2,37,0.15,2.85,0.07499999999999998,-0.8636874999999999,0.8636874999999999,0.07262499999999991,0.07262500000000005,heave,heave_force,1.35,-18.927776634049025,364.1188616279579,-1.4195832475536765,27.30891462209684,-0.005431790068301478,-0.005431790068301478,0.0,-0.0015173829558116272,-0.0015173829558116272,0.0,0.0,-0.0015173829558116272,0.5956944496431457,0.4199111829124141,0.025998235324980874,0.012807577457693307,0.10811596663672449,0.0645262003691498,8.563450537108219,19075.770425109662,13336.083423603219,1103.9442186419767,778.181705397743,19043.800158414168,13313.35999343099,0.2845280818962177,0.1384335987612033,0.004066689308525279,0.0016711662164883823,advance_eq19_20,0.0,0.0,0.0,0.0,,,343.0542195004202,2.228277964386318e-16,a1_station_hull_matched_sweep_free_surface_marching_not_benchmark_validated,41,8,24,10,3.0,2,16,15.0,False,none,0.0,1.0,0.0,1.0,trapezoid,1.0,1.0,-1.0,1.0,-1.0,1.0,1.0,True,False,True,3.0,11,9,40,True,True,True,True,A1_GRID_RECOMMENDED,"A1 Section 3.3 recommends control radius about 3B, inner free-surface panels greater than 10, outer/free-surface proxy panels greater than 8, and roughly 60 stations at Fn=0.2 or 40 at Fn=0.3."
0,st41_bp8_fs24_cp10_r3p0_h2_fsm_clipfs_onezonefs_noend_pr1p0_pl1p0_pf1p0_pm1p0_dt1p0_fv0p0_hr1p0_hqtrapezoid_hp1p0_hc1p0_cim1p0_cp1p0_cnm1p0_cd1p0_pg1p0,A33,OK,diagnostic_matched_wigley_sensitivity_not_hard_gate,wigley_iii,Fn0.4,0.4,2.1696064159197173,1.0,1.808005346599764,1.0,79.95,2,3,36,0.22499999999999998,2.775,0.075,-0.8642343749999999,0.8642343749999999,0.07153124999999994,0.07153125000000006,heave,heave_force,1.275,89.78882405005031,676.4585201529131,6.734161803753773,50.73438901146849,0.025767106837164776,0.025767106837164776,0.0,0.008650275428620017,0.008650275428620017,0.0,0.0,0.008650275428620017,1.4728951198365925,0.8483467081655385,0.020813094830490767,0.010385889286305681,0.09486712880546565,0.056298475457330154,9.506353635238947,21316.15829029724,13449.287438752199,2729.5773079363903,1572.1607687369433,21140.671984991546,13357.082133737971,1.5297427224173876,1.0789953866087845,0.002167757577770781,0.0008971867289858525,advance_eq19_20,0.0,0.0,0.0,0.0,,,342.8446096912935,9.549070367319937e-16,a1_station_hull_matched_sweep_free_surface_marching_not_benchmark_validated,41,8,24,10,3.0,2,16,15.0,False,none,0.0,1.0,0.0,1.0,trapezoid,1.0,1.0,-1.0,1.0,-1.0,1.0,1.0,True,False,True,3.0,11,9,40,True,True,True,True,A1_GRID_RECOMMENDED,"A1 Section 3.3 recommends control radius about 3B, inner free-surface panels greater than 10, outer/free-surface proxy panels greater than 8, and roughly 60 stations at Fn=0.2 or 40 at Fn=0.3."
0,st41_bp8_fs24_cp10_r3p0_h2_fsm_clipfs_onezonefs_noend_pr1p0_pl1p0_pf1p0_pm1p0_dt1p0_fv0p0_hr1p0_hqtrapezoid_hp1p0_hc1p0_cim1p0_cp1p0_cnm1p0_cd1p0_pg1p0,A33,OK,diagnostic_matched_wigley_sensitivity_not_hard_gate,wigley_iii,Fn0.4,0.4,2.1696064159197173,1.0,1.808005346599764,1.0,79.95,3,4,35,0.3,2.7,0.07500000000000001,-0.8647499999999999,0.8647499999999999,0.0704999999999999,0.07050000000000001,heave,heave_force,1.2,74.08802175876188,-370.0321870772033,5.556601631907142,-27.75241403079025,0.02126137625934457,0.02126137625934457,0.0,0.03216451697687468,0.03216451697687468,0.0,0.0,0.03216451697687468,0.9410007658210928,0.48103330732226446,0.003912439219337646,0.002129703913082403,0.02869447956753718,0.014706955439558276,4.227604394021685,9561.908600665805,6318.49063743536,1743.8677761529837,891.4535613195021,9401.543557670831,6255.288521193014,1.4818718444489452,1.0368576320420055,0.0020095032819264424,0.0008341066360025139,advance_eq19_20,0.0,0.0,0.0,0.0,,,342.76452809793557,7.546568348567312e-16,a1_station_hull_matched_sweep_free_surface_marching_not_benchmark_validated,41,8,24,10,3.0,2,16,15.0,False,none,0.0,1.0,0.0,1.0,trapezoid,1.0,1.0,-1.0,1.0,-1.0,1.0,1.0,True,False,True,3.0,11,9,40,True,True,True,True,A1_GRID_RECOMMENDED,"A1 Section 3.3 recommends control radius about 3B, inner free-surface panels greater than 10, outer/free-surface proxy panels greater than 8, and roughly 60 stations at Fn=0.2 or 40 at Fn=0.3."
0,st41_bp8_fs24_cp10_r3p0_h2_fsm_clipfs_onezonefs_noend_pr1p0_pl1p0_pf1p0_pm1p0_dt1p0_fv0p0_hr1p0_hqtrapezoid_hp1p0_hc1p0_cim1p0_cp1p0_cnm1p0_cd1p0_pg1p0,A33,OK,diagnostic_matched_wigley_sensitivity_not_hard_gate,wigley_iii,Fn0.4,0.4,2.1696064159197173,1.0,1.808005346599764,1.0,79.95,4,5,34,0.375,2.625,0.07499999999999998,-0.8652343749999999,0.8652343749999999,0.06953124999999993,0.06953125000000009,heave,heave_force,1.125,83.55680798169516,-47.207486198536756,6.266760598627135,-3.540561464890256,0.02397867686780997,0.02397867686780997,0.0,0.05478454354045196,0.05478454354045196,0.0,0.0,0.05478454354045196,0.88221184208635,0.4264231419577487,0.001945508183395276,0.0010183708698932928,0.021851981220947305,0.00803444396677623,0.6429679541604474,2171.97338783031,1261.3049490023309,1634.919820508891,790.2497035878168,1429.8620835417132,983.054210284021,1.6815193977679808,1.171365456022919,0.0021953770666416476,0.0009118780107667179,advance_eq19_20,0.0,0.0,0.0,0.0,,,342.70650863905854,4.48889779422553e-16,a1_station_hull_matched_sweep_free_surface_marching_not_benchmark_validated,41,8,24,10,3.0,2,16,15.0,False,none,0.0,1.0,0.0,1.0,trapezoid,1.0,1.0,-1.0,1.0,-1.0,1.0,1.0,True,False,True,3.0,11,9,40,True,True,True,True,A1_GRID_RECOMMENDED,"A1 Section 3.3 recommends control radius about 3B, inner free-surface panels greater than 10, outer/free-surface proxy panels greater than 8, and roughly 60 stations at Fn=0.2 or 40 at Fn=0.3."
0,st41_bp8_fs24_cp10_r3p0_h2_fsm_clipfs_onezonefs_noend_pr1p0_pl1p0_pf1p0_pm1p0_dt1p0_fv0p0_hr1p0_hqtrapezoid_hp1p0_hc1p0_cim1p0_cp1p0_cnm1p0_cd1p0_pg1p0,A33,OK,diagnostic_matched_wigley_sensitivity_not_hard_gate,wigley_iii,Fn0.4,0.4,2.1696064159197173,1.0,1.808005346599764,1.0,79.95,5,6,33,0.44999999999999996,2.55,0.07500000000000001,-0.8656874999999999,0.8656874999999999,0.06862499999999994,0.06862500000000005,heave,heave_force,1.05,96.85122880983309,15.163151419550811,7.263842160737482,1.137236356466311,0.027793837222576497,0.027793837222576497,0.0,0.0806708005856452,0.0806708005856452,0.0,0.0,0.0806708005856452,0.884607227401887,0.41472561635431676,0.003676590297360537,0.002143634501699197,0.024996879892194762,0.011368542374774072,0.31121674983746483,1779.4656128141075,784.3747300587936,1639.3589617029902,768.5717850339994,692.0983036187714,294.73247106868337,1.9018419875062522,1.3212088831649083,0.0025245076704660608,0.0010483134365023565,advance_eq19_20,0.0,0.0,0.0,0.0,,,342.6545414156471,5.601685770866535e-16,a1_station_hull_matched_sweep_free_surface_marching_not_benchmark_validated,41,8,24,10,3.0,2,16,15.0,False,none,0.0,1.0,0.0,1.0,trapezoid,1.0,1.0,-1.0,1.0,-1.0,1.0,1.0,True,False,True,3.0,11,9,40,True,True,True,True,A1_GRID_RECOMMENDED,"A1 Section 3.3 recommends control radius about 3B, inner free-surface panels greater than 10, outer/free-surface proxy panels greater than 8, and roughly 60 stations at Fn=0.2 or 40 at Fn=0.3."
0,st41_bp8_fs24_cp10_r3p0_h2_fsm_clipfs_onezonefs_noend_pr1p0_pl1p0_pf1p0_pm1p0_dt1p0_fv0p0_hr1p0_hqtrapezoid_hp1p0_hc1p0_cim1p0_cp1p0_cnm1p0_cd1p0_pg1p0,A33,OK,diagnostic_matched_wigley_sensitivity_not_hard_gate,wigley_iii,Fn0.4,0.4,2.1696064159197173,1.0,1.808005346599764,1.0,79.95,6,7,32,0.525,2.475,0.07500000000000001,-0.866109375,0.866109375,0.0677812499999999,0.06778125000000006,heave,heave_force,0.975,111.28263479595415,40.01086554594201,8.346197609696562,3.0008149159456514,0.03193528337457867,0.03193528337457867,0.0,0.11053536088422279,0.11053536088422279,0.0,0.0,0.11053536088422279,0.9037280649395547,0.4158565800686926,0.005159148786896843,0.002962476130813572,0.030157279389021508,0.014354310666021924,0.33831337755799407,1836.021624750854,777.7833621662148,1674.793802615048,770.6676931874613,752.3570464048258,324.7135826734367,2.1178763472541275,1.468462517064456,0.0029251013138899694,0.0012139785461055352,advance_eq19_20,0.0,0.0,0.0,0.0,,,342.6062403202438,3.158823210763623e-16,a1_station_hull_matched_sweep_free_surface_marching_not_benchmark_validated,41,8,24,10,3.0,2,16,15.0,False,none,0.0,1.0,0.0,1.0,trapezoid,1.0,1.0,-1.0,1.0,-1.0,1.0,1.0,True,False,True,3.0,11,9,40,True,True,True,True,A1_GRID_RECOMMENDED,"A1 Section 3.3 recommends control radius about 3B, inner free-surface panels greater than 10, outer/free-surface proxy panels greater than 8, and roughly 60 stations at Fn=0.2 or 40 at Fn=0.3."
0,st41_bp8_fs24_cp10_r3p0_h2_fsm_clipfs_onezonefs_noend_pr1p0_pl1p0_pf1p0_pm1p0_dt1p0_fv0p0_hr1p0_hqtrapezoid_hp1p0_hc1p0_cim1p0_cp1p0_cnm1p0_cd1p0_pg1p0,A33,OK,diagnostic_matched_wigley_sensitivity_not_hard_gate,wigley_iii,Fn0.4,0.4,2.1696064159197173,1.0,1.808005346599764,1.0,79.95,7,8,31,0.6,2.4,0.07499999999999996,-0.8664999999999999,0.8664999999999998,0.06699999999999995,0.06700000000000006,heave,heave_force,0.9,125.94362776136519,51.923738195158045,9.445772082102383,3.894280364636851,0.036142615145268606,0.036142615145268606,0.0,0.1445743101441464,0.1445743101441464,0.0,0.0,0.1445743101441464,0.9280844327232085,0.4218057759382923,0.00634003733525416,0.0036206682801530584,0.03568209900125567,0.017141376898645495,0.3536228047380277,1891.188157823721,807.844285538581,1719.931156871059,781.6927755761719,786.402863624529,320.7964812694338,2.322960397578931,1.6083576002247806,0.0033597892740890706,0.0013935293971214892,advance_eq19_20,0.0,0.0,0.0,0.0,,,342.56168396636383,5.722393749954205e-16,a1_station_hull_matched_sweep_free_surface_marching_not_benchmark_validated,41,8,24,10,3.0,2,16,15.0,False,none,0.0,1.0,0.0,1.0,trapezoid,1.0,1.0,-1.0,1.0,-1.0,1.0,1.0,True,False,True,3.0,11,9,40,True,True,True,True,A1_GRID_RECOMMENDED,"A1 Section 3.3 recommends control radius about 3B, inner free-surface panels greater than 10, outer/free-surface proxy panels greater than 8, and roughly 60 stations at Fn=0.2 or 40 at Fn=0.3."
0,st41_bp8_fs24_cp10_r3p0_h2_fsm_clipfs_onezonefs_noend_pr1p0_pl1p0_pf1p0_pm1p0_dt1p0_fv0p0_hr1p0_hqtrapezoid_hp1p0_hc1p0_cim1p0_cp1p0_cnm1p0_cd1p0_pg1p0,A33,OK,diagnostic_matched_wigley_sensitivity_not_hard_gate,wigley_iii,Fn0.4,0.4,2.1696064159197173,1.0,1.808005346599764,1.0,79.95,8,9,30,0.6749999999999999,2.325,0.07500000000000001,-0.866859375,0.866859375,0.06628124999999993,0.06628125000000007,heave,heave_force,0.8250000000000001,140.36514933889046,57.49847533581435,10.527386200416785,4.3123856501860764,0.04028122472362141,0.04028122472362141,0.0,0.1827862300785914,0.1827862300785914,0.0,0.0,0.1827862300785914,0.9535410994077815,0.4296087158323221,0.007317814534293375,0.004176774908501513,0.0412190184488688,0.019770252478945694,0.3466920244881766,1927.9768205839505,831.3527761402706,1767.1075910801833,796.1532265499644,770.9898716946872,310.3936386215559,2.514524199140573,1.7390690976780303,0.0038046284902312085,0.001577124537750948,advance_eq19_20,0.0,0.0,0.0,0.0,,,342.5212065841895,5.39441726907775e-16,a1_station_hull_matched_sweep_free_surface_marching_not_benchmark_validated,41,8,24,10,3.0,2,16,15.0,False,none,0.0,1.0,0.0,1.0,trapezoid,1.0,1.0,-1.0,1.0,-1.0,1.0,1.0,True,False,True,3.0,11,9,40,True,True,True,True,A1_GRID_RECOMMENDED,"A1 Section 3.3 recommends control radius about 3B, inner free-surface panels greater than 10, outer/free-surface proxy panels greater than 8, and roughly 60 stations at Fn=0.2 or 40 at Fn=0.3."
0,st41_bp8_fs24_cp10_r3p0_h2_fsm_clipfs_onezonefs_noend_pr1p0_pl1p0_pf1p0_pm1p0_dt1p0_fv0p0_hr1p0_hqtrapezoid_hp1p0_hc1p0_cim1p0_cp1p0_cnm1p0_cd1p0_pg1p0,A33,OK,diagnostic_matched_wigley_sensitivity_not_hard_gate,wigley_iii,Fn0.4,0.4,2.1696064159197173,1.0,1.808005346599764,1.0,79.95,9,10,29,0.75,2.25,0.07500000000000001,-0.8671874999999999,0.8671874999999999,0.06562499999999982,0.0656250000000001,heave,heave_force,0.75,154.24065231381252,59.27033834402222,11.56804892353594,4.445275375801668,0.04426314086248206,0.04426314086248206,0.0,0.22505841287164316,0.22505841287164316,0.0,0.0,0.22505841287164316,0.9783142755237363,0.4379499670446911,0.00815158289364083,0.0046588762425314855,0.04664137867707034,0.02224516164016845,0.3273222841367547,1953.686665654265,847.954017063982,1813.0173768218347,811.6112790089917,727.9145409300146,290.64332590739093,2.6913019679187262,1.8597055598262244,0.004242324669082769,0.0017576504810862697,advance_eq19_20,0.0,0.0,0.0,0.0,,,342.4849787194831,3.6415954775831183e-16,a1_station_hull_matched_sweep_free_surface_marching_not_benchmark_validated,41,8,24,10,3.0,2,16,15.0,False,none,0.0,1.0,0.0,1.0,trapezoid,1.0,1.0,-1.0,1.0,-1.0,1.0,1.0,True,False,True,3.0,11,9,40,True,True,True,True,A1_GRID_RECOMMENDED,"A1 Section 3.3 recommends control radius about 3B, inner free-surface panels greater than 10, outer/free-surface proxy panels greater than 8, and roughly 60 stations at Fn=0.2 or 40 at Fn=0.3."
0,st41_bp8_fs24_cp10_r3p0_h2_fsm_clipfs_onezonefs_noend_pr1p0_pl1p0_pf1p0_pm1p0_dt1p0_fv0p0_hr1p0_hqtrapezoid_hp1p0_hc1p0_cim1p0_cp1p0_cnm1p0_cd1p0_pg1p0,A33,OK,diagnostic_matched_wigley_sensitivity_not_hard_gate,wigley_iii,Fn0.4,0.4,2.1696064159197173,1.0,1.808005346599764,1.0,79.95,10,11,28,0.825,2.175,0.07499999999999996,-0.8674843749999999,0.8674843749999999,0.06503124999999987,0.0650312500000001,heave,heave_force,0.675,167.34216252323785,58.45185238253798,12.55066218924283,4.383888928690346,0.04802294078041266,0.04802294078041266,0.0,0.2712014536930905,0.2712014536930905,0.0,0.0,0.2712014536930905,1.0015422543111088,0.4461737536376871,0.008874992453310072,0.005081803695949527,0.051859512023358104,0.024556072064644087,0.30127683334106264,1973.287433535865,860.103218625515,1856.0635944060666,826.8516453916598,669.9934543493634,266.22838374032125,2.852545404036826,1.9697435821149392,0.004659497661725957,0.0019296012447432226,advance_eq19_20,0.0,0.0,0.0,0.0,,,342.4529909421924,4.318019972486046e-16,a1_station_hull_matched_sweep_free_surface_marching_not_benchmark_validated,41,8,24,10,3.0,2,16,15.0,False,none,0.0,1.0,0.0,1.0,trapezoid,1.0,1.0,-1.0,1.0,-1.0,1.0,1.0,True,False,True,3.0,11,9,40,True,True,True,True,A1_GRID_RECOMMENDED,"A1 Section 3.3 recommends control radius about 3B, inner free-surface panels greater than 10, outer/free-surface proxy panels greater than 8, and roughly 60 stations at Fn=0.2 or 40 at Fn=0.3."
0,st41_bp8_fs24_cp10_r3p0_h2_fsm_clipfs_onezonefs_noend_pr1p0_pl1p0_pf1p0_pm1p0_dt1p0_fv0p0_hr1p0_hqtrapezoid_hp1p0_hc1p0_cim1p0_cp1p0_cnm1p0_cd1p0_pg1p0,A33,OK,diagnostic_matched_wigley_sensitivity_not_hard_gate,wigley_iii,Fn0.4,0.4,2.1696064159197173,1.0,1.808005346599764,1.0,79.95,11,12,27,0.8999999999999999,2.1,0.07500000000000001,-0.8677499999999999,0.8677499999999999,0.06449999999999989,0.0645,heave,heave_force,0.6000000000000001,179.48795646763816,55.7217117485705,13.461596735072863,4.179128381142788,0.05150847445900392,0.05150847445900392,0.0,0.3209671613127988,0.3209671613127988,0.0,0.0,0.3209671613127988,1.0227755867108899,0.4539250921367698,0.009507277444654544,0.005453776098957519,0.05678938407831551,0.026687152918368984,0.271557550011479,1989.2937651924863,869.4579931012644,1895.413322373624,841.216468377547,603.902327866253,239.29907414989634,2.997750783813145,2.068833034416148,0.005045400939855347,0.0020885535029806866,advance_eq19_20,0.0,0.0,0.0,0.0,,,342.4251138934239,3.3675454299815094e-16,a1_station_hull_matched_sweep_free_surface_marching_not_benchmark_validated,41,8,24,10,3.0,2,16,15.0,False,none,0.0,1.0,0.0,1.0,trapezoid,1.0,1.0,-1.0,1.0,-1.0,1.0,1.0,True,False,True,3.0,11,9,40,True,True,True,True,A1_GRID_RECOMMENDED,"A1 Section 3.3 recommends control radius about 3B, inner free-surface panels greater than 10, outer/free-surface proxy panels greater than 8, and roughly 60 stations at Fn=0.2 or 40 at Fn=0.3."
0,st41_bp8_fs24_cp10_r3p0_h2_fsm_clipfs_onezonefs_noend_pr1p0_pl1p0_pf1p0_pm1p0_dt1p0_fv0p0_hr1p0_hqtrapezoid_hp1p0_hc1p0_cim1p0_cp1p0_cnm1p0_cd1p0_pg1p0,A33,OK,diagnostic_matched_wigley_sensitivity_not_hard_gate,wigley_iii,Fn0.4,0.4,2.1696064159197173,1.0,1.808005346599764,1.0,79.95,12,13,26,0.975,2.025,0.07500000000000007,-0.8679843749999999,0.8679843749999999,0.06403124999999998,0.0640312500000001,heave,heave_force,0.525,190.52799522820078,51.5103875339511,14.289599642115071,3.8632790650463362,0.05467668454794874,0.05467668454794874,0.0,0.37405974081627513,0.37405974081627513,0.0,0.0,0.37405974081627513,1.0417664986900352,0.4609994189973676,0.010059294086594242,0.005779406486090403,0.061350090717860205,0.028620613291782344,0.239752971142408,2002.8777296267124,876.9459048280079,1930.6073845286023,854.3266496847912,533.1738240370428,210.93623986862983,3.1265497336265318,2.156719755315145,0.005391257912349124,0.0022308946070961734,advance_eq19_20,0.0,0.0,0.0,0.0,,,342.4011560901492,4.3136849219310705e-16,a1_station_hull_matched_sweep_free_surface_marching_not_benchmark_validated,41,8,24,10,3.0,2,16,15.0,False,none,0.0,1.0,0.0,1.0,trapezoid,1.0,1.0,-1.0,1.0,-1.0,1.0,1.0,True,False,True,3.0,11,9,40,True,True,True,True,A1_GRID_RECOMMENDED,"A1 Section 3.3 recommends control radius about 3B, inner free-surface panels greater than 10, outer/free-surface proxy panels greater than 8, and roughly 60 stations at Fn=0.2 or 40 at Fn=0.3."
0,st41_bp8_fs24_cp10_r3p0_h2_fsm_clipfs_onezonefs_noend_pr1p0_pl1p0_pf1p0_pm1p0_dt1p0_fv0p0_hr1p0_hqtrapezoid_hp1p0_hc1p0_cim1p0_cp1p0_cnm1p0_cd1p0_pg1p0,A33,OK,diagnostic_matched_wigley_sensitivity_not_hard_gate,wigley_iii,Fn0.4,0.4,2.1696064159197173,1.0,1.808005346599764,1.0,79.95,13,14,25,1.05,1.95,0.07500000000000001,-0.8681874999999999,0.8681874999999999,0.06362499999999982,0.0636250000000001,heave,heave_force,0.44999999999999996,200.3366159779469,46.12109463401569,15.02524619834602,3.4590820975511773,0.05749150901477829,0.05749150901477829,0.0,0.43014383759763863,0.43014383759763863,0.0,0.0,0.43014383759763863,1.0583725058396933,0.4672728496733523,0.010536900279899071,0.006061233498002635,0.06546601982005436,0.03033867601943609,0.20673097385835446,2014.5414571280871,883.0614206407994,1961.3817279836644,865.9526057935869,459.7379684337276,181.72012210880834,3.2386600390680362,2.2332108556456265,0.00568989345947473,0.002353671691049506,advance_eq19_20,0.0,0.0,0.0,0.0,,,342.3809050598612,3.617538967755505e-16,a1_station_hull_matched_sweep_free_surface_marching_not_benchmark_validated,41,8,24,10,3.0,2,16,15.0,False,none,0.0,1.0,0.0,1.0,trapezoid,1.0,1.0,-1.0,1.0,-1.0,1.0,1.0,True,False,True,3.0,11,9,40,True,True,True,True,A1_GRID_RECOMMENDED,"A1 Section 3.3 recommends control radius about 3B, inner free-surface panels greater than 10, outer/free-surface proxy panels greater than 8, and roughly 60 stations at Fn=0.2 or 40 at Fn=0.3."
0,st41_bp8_fs24_cp10_r3p0_h2_fsm_clipfs_onezonefs_noend_pr1p0_pl1p0_pf1p0_pm1p0_dt1p0_fv0p0_hr1p0_hqtrapezoid_hp1p0_hc1p0_cim1p0_cp1p0_cnm1p0_cd1p0_pg1p0,A33,OK,diagnostic_matched_wigley_sensitivity_not_hard_gate,wigley_iii,Fn0.4,0.4,2.1696064159197173,1.0,1.808005346599764,1.0,79.95,14,15,24,1.125,1.875,0.07499999999999996,-0.8683593749999999,0.8683593749999999,0.06328124999999996,0.06328125000000007,heave,heave_force,0.375,208.80858851308614,39.78719626744679,15.660644138481452,2.984039720058507,0.05992274946974595,0.05992274946974595,0.0,0.4888509668399007,0.4888509668399007,0.0,0.0,0.4888509668399007,1.0725088986183942,0.4726673283527787,0.010942946622758036,0.0063005704845048235,0.06906902070641652,0.03182469378290678,0.17298098993226121,2024.4636072265241,888.0618614980041,1987.579368552328,875.9496832454713,384.68318222890736,151.97860802163638,3.3338609169582596,2.2981571273070687,0.005935519853070889,0.002454504110778774,advance_eq19_20,0.0,0.0,0.0,0.0,,,342.3641533741088,4.304513495834484e-16,a1_station_hull_matched_sweep_free_surface_marching_not_benchmark_validated,41,8,24,10,3.0,2,16,15.0,False,none,0.0,1.0,0.0,1.0,trapezoid,1.0,1.0,-1.0,1.0,-1.0,1.0,1.0,True,False,True,3.0,11,9,40,True,True,True,True,A1_GRID_RECOMMENDED,"A1 Section 3.3 recommends control radius about 3B, inner free-surface panels greater than 10, outer/free-surface proxy panels greater than 8, and roughly 60 stations at Fn=0.2 or 40 at Fn=0.3."
0,st41_bp8_fs24_cp10_r3p0_h2_fsm_clipfs_onezonefs_noend_pr1p0_pl1p0_pf1p0_pm1p0_dt1p0_fv0p0_hr1p0_hqtrapezoid_hp1p0_hc1p0_cim1p0_cp1p0_cnm1p0_cd1p0_pg1p0,A33,OK,diagnostic_matched_wigley_sensitivity_not_hard_gate,wigley_iii,Fn0.4,0.4,2.1696064159197173,1.0,1.808005346599764,1.0,79.95,15,16,23,1.2,1.8,0.07499999999999996,-0.8684999999999999,0.8684999999999998,0.06299999999999994,0.06300000000000008,heave,heave_force,0.30000000000000004,215.85688219405276,32.70183864994118,16.18926616455395,2.452637898745587,0.0619454303347492,0.0619454303347492,0.0,0.5497850567421484,0.5497850567421484,0.0,0.0,0.5497850567421484,1.0841239989227975,0.47713219948058677,0.011278502106434177,0.006498005928829851,0.0720999102062201,0.03306382653068554,0.13878751609730572,2032.673365071435,892.0775891571019,2009.104536090273,884.2240068882012,308.6421425086324,121.90541684321114,3.411979238148807,2.351443005489346,0.006123608870730081,0.0025315312345430994,advance_eq19_20,0.0,0.0,0.0,0.0,,,342.35071396278477,2.32349967712791e-16,a1_station_hull_matched_sweep_free_surface_marching_not_benchmark_validated,41,8,24,10,3.0,2,16,15.0,False,none,0.0,1.0,0.0,1.0,trapezoid,1.0,1.0,-1.0,1.0,-1.0,1.0,1.0,True,False,True,3.0,11,9,40,True,True,True,True,A1_GRID_RECOMMENDED,"A1 Section 3.3 recommends control radius about 3B, inner free-surface panels greater than 10, outer/free-surface proxy panels greater than 8, and roughly 60 stations at Fn=0.2 or 40 at Fn=0.3."
0,st41_bp8_fs24_cp10_r3p0_h2_fsm_clipfs_onezonefs_noend_pr1p0_pl1p0_pf1p0_pm1p0_dt1p0_fv0p0_hr1p0_hqtrapezoid_hp1p0_hc1p0_cim1p0_cp1p0_cnm1p0_cd1p0_pg1p0,A33,OK,diagnostic_matched_wigley_sensitivity_not_hard_gate,wigley_iii,Fn0.4,0.4,2.1696064159197173,1.0,1.808005346599764,1.0,79.95,16,17,22,1.275,1.725,0.07499999999999996,-0.8686093749999999,0.8686093749999999,0.0627812499999999,0.06278125000000001,heave,heave_force,0.2250000000000001,221.41136184372752,25.034263609294783,16.605852138279555,1.8775697706971075,0.06353942459931655,0.06353942459931655,0.0,0.6125274842091811,0.6125274842091811,0.0,0.0,0.6125274842091811,1.0931857392000184,0.48063403249085923,0.011543632703726756,0.006653710991013893,0.07450941814304521,0.03404347340314779,0.10432123703339513,2039.1378867382473,895.1719137475352,2025.8978028327547,890.7136230138101,231.99442581394408,91.62021647782784,3.4728811630953462,2.392980253317452,0.006250814530146754,0.0025833809789874594,advance_eq19_20,0.0,0.0,0.0,0.0,,,342.34042855322906,2.61369523649808e-16,a1_station_hull_matched_sweep_free_surface_marching_not_benchmark_validated,41,8,24,10,3.0,2,16,15.0,False,none,0.0,1.0,0.0,1.0,trapezoid,1.0,1.0,-1.0,1.0,-1.0,1.0,1.0,True,False,True,3.0,11,9,40,True,True,True,True,A1_GRID_RECOMMENDED,"A1 Section 3.3 recommends control radius about 3B, inner free-surface panels greater than 10, outer/free-surface proxy panels greater than 8, and roughly 60 stations at Fn=0.2 or 40 at Fn=0.3."
0,st41_bp8_fs24_cp10_r3p0_h2_fsm_clipfs_onezonefs_noend_pr1p0_pl1p0_pf1p0_pm1p0_dt1p0_fv0p0_hr1p0_hqtrapezoid_hp1p0_hc1p0_cim1p0_cp1p0_cnm1p0_cd1p0_pg1p0,A33,OK,diagnostic_matched_wigley_sensitivity_not_hard_gate,wigley_iii,Fn0.4,0.4,2.1696064159197173,1.0,1.808005346599764,1.0,79.95,17,18,21,1.3499999999999999,1.6500000000000001,0.07500000000000007,-0.8686874999999998,0.8686875,0.0626249999999999,0.06262500000000004,heave,heave_force,0.15000000000000013,225.41801336773608,16.93927427967609,16.90635100258022,1.2704455709757079,0.06468923159334598,0.06468923159334598,0.0,0.6766418123055125,0.6766418123055125,0.0,0.0,0.6766418123055125,1.0996741719452077,0.48315082663692227,0.011737904352779147,0.006767633096148984,0.07625875875242638,0.03475355583473176,0.06968860623720745,2043.806424287593,897.3735468325443,2037.9222019544686,895.3777597179924,154.9767683889668,61.200865875892866,3.516466765438545,2.422703738631013,0.006314926945903214,0.0026091510840665936,advance_eq19_20,0.0,0.0,0.0,0.0,,,342.3331719804855,3.53821985739638e-16,a1_station_hull_matched_sweep_free_surface_marching_not_benchmark_validated,41,8,24,10,3.0,2,16,15.0,False,none,0.0,1.0,0.0,1.0,trapezoid,1.0,1.0,-1.0,1.0,-1.0,1.0,1.0,True,False,True,3.0,11,9,40,True,True,True,True,A1_GRID_RECOMMENDED,"A1 Section 3.3 recommends control radius about 3B, inner free-surface panels greater than 10, outer/free-surface proxy panels greater than 8, and roughly 60 stations at Fn=0.2 or 40 at Fn=0.3."
0,st41_bp8_fs24_cp10_r3p0_h2_fsm_clipfs_onezonefs_noend_pr1p0_pl1p0_pf1p0_pm1p0_dt1p0_fv0p0_hr1p0_hqtrapezoid_hp1p0_hc1p0_cim1p0_cp1p0_cnm1p0_cd1p0_pg1p0,A33,OK,diagnostic_matched_wigley_sensitivity_not_hard_gate,wigley_iii,Fn0.4,0.4,2.1696064159197173,1.0,1.808005346599764,1.0,79.95,18,19,20,1.425,1.575,0.07500000000000007,-0.8687343749999998,0.868734375,0.06253124999999993,0.06253125000000004,heave,heave_force,0.07499999999999996,227.838483764617,8.56301618906815,17.08788628234629,0.6422262141801118,0.06538384498173226,0.06538384498173226,0.0,0.7416783505930516,0.7416783505930516,0.0,0.0,0.7416783505930516,1.1035772322547865,0.48466866114153545,0.01186070706545876,0.006839618015397324,0.07731996893200607,0.03518670335673427,0.034959882728358566,2046.632565053769,898.6941840096184,2045.1553747099842,898.1906189400765,77.74541551392885,30.701577581212153,3.542666509402925,2.440568564091976,0.006314846417322897,0.0026083986565435535,advance_eq19_20,0.0,0.0,0.0,0.0,,,342.3288541718238,4.1513642104060277e-16,a1_station_hull_matched_sweep_free_surface_marching_not_benchmark_validated,41,8,24,10,3.0,2,16,15.0,False,none,0.0,1.0,0.0,1.0,trapezoid,1.0,1.0,-1.0,1.0,-1.0,1.0,1.0,True,False,True,3.0,11,9,40,True,True,True,True,A1_GRID_RECOMMENDED,"A1 Section 3.3 recommends control radius about 3B, inner free-surface panels greater than 10, outer/free-surface proxy panels greater than 8, and roughly 60 stations at Fn=0.2 or 40 at Fn=0.3."
0,st41_bp8_fs24_cp10_r3p0_h2_fsm_clipfs_onezonefs_noend_pr1p0_pl1p0_pf1p0_pm1p0_dt1p0_fv0p0_hr1p0_hqtrapezoid_hp1p0_hc1p0_cim1p0_cp1p0_cnm1p0_cd1p0_pg1p0,A33,OK,diagnostic_matched_wigley_sensitivity_not_hard_gate,wigley_iii,Fn0.4,0.4,2.1696064159197173,1.0,1.808005346599764,1.0,79.95,19,20,19,1.5,1.5,0.07499999999999996,-0.8687499999999999,0.8687499999999999,0.062499999999999944,0.06250000000000003,heave,heave_force,0.0,228.6498159442689,0.04673881069848419,17.14873619582016,0.0035054108023863124,0.06561667666401222,0.06561667666401222,0.0,0.8071786114159238,0.8071786114159238,0.0,0.0,0.8071786114159238,1.1048883779373948,0.4851797906937643,0.011911456131417494,0.006869484074477413,0.07767610222172876,0.03533837065874213,0.00018795236025902448,2047.585239735635,899.1378677035426,2047.5851970744193,899.1378470273924,0.4179772128728644,0.1928248400626124,3.5514390149210544,2.4465481921177865,0.00625057187968674,0.002581135580518322,advance_eq19_20,0.0,0.0,0.0,0.0,,,342.3274209292955,5.09805637727768e-16,a1_station_hull_matched_sweep_free_surface_marching_not_benchmark_validated,41,8,24,10,3.0,2,16,15.0,False,none,0.0,1.0,0.0,1.0,trapezoid,1.0,1.0,-1.0,1.0,-1.0,1.0,1.0,True,False,True,3.0,11,9,40,True,True,True,True,A1_GRID_RECOMMENDED,"A1 Section 3.3 recommends control radius about 3B, inner free-surface panels greater than 10, outer/free-surface proxy panels greater than 8, and roughly 60 stations at Fn=0.2 or 40 at Fn=0.3."
0,st41_bp8_fs24_cp10_r3p0_h2_fsm_clipfs_onezonefs_noend_pr1p0_pl1p0_pf1p0_pm1p0_dt1p0_fv0p0_hr1p0_hqtrapezoid_hp1p0_hc1p0_cim1p0_cp1p0_cnm1p0_cd1p0_pg1p0,A33,OK,diagnostic_matched_wigley_sensitivity_not_hard_gate,wigley_iii,Fn0.4,0.4,2.1696064159197173,1.0,1.808005346599764,1.0,79.95,20,21,18,1.575,1.425,0.07499999999999996,-0.8687343749999998,0.868734375,0.06253124999999993,0.06253125000000004,heave,heave_force,-0.07499999999999996,227.8443123971719,-8.470513481913137,17.088323429787884,-0.635288511143485,0.06538551765090171,0.06538551765090171,0.0,0.8726797085733806,0.8726797085733806,0.0,0.0,0.8726797085733806,1.1036053974659252,0.4846816673112584,0.011889702445488867,0.006857061566431862,0.07732132972886775,0.03520690169385105,0.03459128902580721,2046.6537502283788,898.7055462897149,2045.207570633619,898.2147220450843,76.92571967045774,30.376695187824488,3.542769816238221,2.440633381701545,0.006123201145758759,0.002527828755758959,advance_eq19_20,0.0,0.0,0.0,0.0,,,342.32885417182297,3.1537214106832094e-16,a1_station_hull_matched_sweep_free_surface_marching_not_benchmark_validated,41,8,24,10,3.0,2,16,15.0,False,none,0.0,1.0,0.0,1.0,trapezoid,1.0,1.0,-1.0,1.0,-1.0,1.0,1.0,True,False,True,3.0,11,9,40,True,True,True,True,A1_GRID_RECOMMENDED,"A1 Section 3.3 recommends control radius about 3B, inner free-surface panels greater than 10, outer/free-surface proxy panels greater than 8, and roughly 60 stations at Fn=0.2 or 40 at Fn=0.3."
0,st41_bp8_fs24_cp10_r3p0_h2_fsm_clipfs_onezonefs_noend_pr1p0_pl1p0_pf1p0_pm1p0_dt1p0_fv0p0_hr1p0_hqtrapezoid_hp1p0_hc1p0_cim1p0_cp1p0_cnm1p0_cd1p0_pg1p0,A33,OK,diagnostic_matched_wigley_sensitivity_not_hard_gate,wigley_iii,Fn0.4,0.4,2.1696064159197173,1.0,1.808005346599764,1.0,79.95,21,22,17,1.65,1.35,0.07499999999999996,-0.8686874999999998,0.8686875,0.0626249999999999,0.06262500000000004,heave,heave_force,-0.1499999999999999,225.42949453245961,-16.849676313123283,16.90721208993446,-1.2637257234842454,0.0646925263953569,0.0646925263953569,0.0,0.93771873059651,0.93771873059651,0.0,0.0,0.93771873059651,1.0997300460859025,0.48317663897370366,0.01179516850867188,0.006802203862747533,0.07626097414413985,0.034793548655026076,0.06932919107279238,2043.8492231660623,897.396439677757,2038.0257482182094,895.4255952819741,154.1774842061057,60.88404260702505,3.516670968684321,2.422831847478658,0.0059349429507200005,0.0024494052014277764,advance_eq19_20,0.0,0.0,0.0,0.0,,,342.3331719804855,3.1166158598414685e-16,a1_station_hull_matched_sweep_free_surface_marching_not_benchmark_validated,41,8,24,10,3.0,2,16,15.0,False,none,0.0,1.0,0.0,1.0,trapezoid,1.0,1.0,-1.0,1.0,-1.0,1.0,1.0,True,False,True,3.0,11,9,40,True,True,True,True,A1_GRID_RECOMMENDED,"A1 Section 3.3 recommends control radius about 3B, inner free-surface panels greater than 10, outer/free-surface proxy panels greater than 8, and roughly 60 stations at Fn=0.2 or 40 at Fn=0.3."
0,st41_bp8_fs24_cp10_r3p0_h2_fsm_clipfs_onezonefs_noend_pr1p0_pl1p0_pf1p0_pm1p0_dt1p0_fv0p0_hr1p0_hqtrapezoid_hp1p0_hc1p0_cim1p0_cp1p0_cnm1p0_cd1p0_pg1p0,A33,OK,diagnostic_matched_wigley_sensitivity_not_hard_gate,wigley_iii,Fn0.4,0.4,2.1696064159197173,1.0,1.808005346599764,1.0,79.95,22,23,16,1.7249999999999999,1.2750000000000001,0.07499999999999996,-0.8686093749999999,0.8686093749999999,0.0627812499999999,0.06278125000000001,heave,heave_force,-0.22499999999999987,221.42814750060916,-24.94944236231006,16.607111062545677,-1.8712081771732534,0.06354424165554573,0.06354424165554573,0.0,1.0018371146219613,1.0018371146219613,0.0,0.0,1.0018371146219613,1.0932684089289144,0.4806722505996299,0.01162771515487665,0.006704771925318994,0.07451148535585299,0.03410244782109926,0.10397714740712329,2039.2031865322822,895.2066843497082,2026.0510068273968,890.7844490224293,231.22922327661297,91.31684726854823,3.473181458320525,2.3931686131266354,0.005689143406284522,0.00234726315204027,advance_eq19_20,0.0,0.0,0.0,0.0,,,342.34042855322906,3.864403297634471e-16,a1_station_hull_matched_sweep_free_surface_marching_not_benchmark_validated,41,8,24,10,3.0,2,16,15.0,False,none,0.0,1.0,0.0,1.0,trapezoid,1.0,1.0,-1.0,1.0,-1.0,1.0,1.0,True,False,True,3.0,11,9,40,True,True,True,True,A1_GRID_RECOMMENDED,"A1 Section 3.3 recommends control radius about 3B, inner free-surface panels greater than 10, outer/free-surface proxy panels greater than 8, and roughly 60 stations at Fn=0.2 or 40 at Fn=0.3."
0,st41_bp8_fs24_cp10_r3p0_h2_fsm_clipfs_onezonefs_noend_pr1p0_pl1p0_pf1p0_pm1p0_dt1p0_fv0p0_hr1p0_hqtrapezoid_hp1p0_hc1p0_cim1p0_cp1p0_cnm1p0_cd1p0_pg1p0,A33,OK,diagnostic_matched_wigley_sensitivity_not_hard_gate,wigley_iii,Fn0.4,0.4,2.1696064159197173,1.0,1.808005346599764,1.0,79.95,23,24,15,1.7999999999999998,1.2000000000000002,0.07500000000000007,-0.8684999999999999,0.8684999999999998,0.06299999999999994,0.06300000000000008,heave,heave_force,-0.2999999999999998,215.87846042567455,-32.62357729451581,16.190884531925605,-2.446768297088688,0.061951622737929056,0.061951622737929056,0.0,1.0645850468186986,1.0645850468186986,0.0,0.0,1.0645850468186986,1.084232090869086,0.4771822211453611,0.011387233665756417,0.006564589573431797,0.07210035109017221,0.03314054895089519,0.1384649762739601,2032.7625814417597,892.124788214849,2009.3048526775071,884.3167073114929,307.9248634267591,121.62096195515922,3.412368455931343,2.3516870845759734,0.0053903327869008295,0.002223291677720402,advance_eq19_20,0.0,0.0,0.0,0.0,,,342.35071396278477,3.745045856001987e-16,a1_station_hull_matched_sweep_free_surface_marching_not_benchmark_validated,41,8,24,10,3.0,2,16,15.0,False,none,0.0,1.0,0.0,1.0,trapezoid,1.0,1.0,-1.0,1.0,-1.0,1.0,1.0,True,False,True,3.0,11,9,40,True,True,True,True,A1_GRID_RECOMMENDED,"A1 Section 3.3 recommends control radius about 3B, inner free-surface panels greater than 10, outer/free-surface proxy panels greater than 8, and roughly 60 stations at Fn=0.2 or 40 at Fn=0.3."
0,st41_bp8_fs24_cp10_r3p0_h2_fsm_clipfs_onezonefs_noend_pr1p0_pl1p0_pf1p0_pm1p0_dt1p0_fv0p0_hr1p0_hqtrapezoid_hp1p0_hc1p0_cim1p0_cp1p0_cnm1p0_cd1p0_pg1p0,A33,OK,diagnostic_matched_wigley_sensitivity_not_hard_gate,wigley_iii,Fn0.4,0.4,2.1696064159197173,1.0,1.808005346599764,1.0,79.95,24,25,14,1.875,1.125,0.07500000000000007,-0.8683593749999999,0.8683593749999999,0.06328124999999996,0.06328125000000007,heave,heave_force,-0.375,208.83429493233513,-39.71717124918382,15.662572119925148,-2.978787843688789,0.059930126557687625,0.059930126557687625,0.0,1.1255259214665072,1.1255259214665072,0.0,0.0,1.1255259214665072,1.072640570942902,0.4727283455584631,0.011073446191259953,0.0063813618004165545,0.06906591903692354,0.03191748871809518,0.1726864154679891,2024.5788165712138,888.122289726596,1987.823384425705,876.0627606654361,384.02809381506523,151.71869424610335,3.3343295558116304,2.2984509295712847,0.0050443036581694295,0.0020799035346974653,advance_eq19_20,0.0,0.0,0.0,0.0,,,342.3641533741088,1.7305526981008024e-16,a1_station_hull_matched_sweep_free_surface_marching_not_benchmark_validated,41,8,24,10,3.0,2,16,15.0,False,none,0.0,1.0,0.0,1.0,trapezoid,1.0,1.0,-1.0,1.0,-1.0,1.0,1.0,True,False,True,3.0,11,9,40,True,True,True,True,A1_GRID_RECOMMENDED,"A1 Section 3.3 recommends control radius about 3B, inner free-surface panels greater than 10, outer/free-surface proxy panels greater than 8, and roughly 60 stations at Fn=0.2 or 40 at Fn=0.3."
0,st41_bp8_fs24_cp10_r3p0_h2_fsm_clipfs_onezonefs_noend_pr1p0_pl1p0_pf1p0_pm1p0_dt1p0_fv0p0_hr1p0_hqtrapezoid_hp1p0_hc1p0_cim1p0_cp1p0_cnm1p0_cd1p0_pg1p0,A33,OK,diagnostic_matched_wigley_sensitivity_not_hard_gate,wigley_iii,Fn0.4,0.4,2.1696064159197173,1.0,1.808005346599764,1.0,79.95,25,26,13,1.95,1.05,0.07499999999999996,-0.8681874999999999,0.8681874999999999,0.0636249999999999,0.06362500000000004,heave,heave_force,-0.44999999999999996,200.36564753484834,-46.060880247782734,15.027423565113617,-3.454566018583703,0.057499840332581376,0.057499840332581376,0.0,1.1842409049116416,1.1842409049116416,0.0,0.0,1.1842409049116416,1.0585254280503074,0.46734383916678196,0.010685581268030675,0.006154541190774033,0.06545708342461382,0.030445389837245,0.206471203150885,2014.6856382216663,883.1362127294814,1961.665124262429,866.084163911852,459.160278235294,181.4907510364116,3.2391962861675765,2.233546941777981,0.004658240076836066,0.001920089694558538,advance_eq19_20,0.0,0.0,0.0,0.0,,,342.3809050598591,2.9734427565903707e-16,a1_station_hull_matched_sweep_free_surface_marching_not_benchmark_validated,41,8,24,10,3.0,2,16,15.0,False,none,0.0,1.0,0.0,1.0,trapezoid,1.0,1.0,-1.0,1.0,-1.0,1.0,1.0,True,False,True,3.0,11,9,40,True,True,True,True,A1_GRID_RECOMMENDED,"A1 Section 3.3 recommends control radius about 3B, inner free-surface panels greater than 10, outer/free-surface proxy panels greater than 8, and roughly 60 stations at Fn=0.2 or 40 at Fn=0.3."
0,st41_bp8_fs24_cp10_r3p0_h2_fsm_clipfs_onezonefs_noend_pr1p0_pl1p0_pf1p0_pm1p0_dt1p0_fv0p0_hr1p0_hqtrapezoid_hp1p0_hc1p0_cim1p0_cp1p0_cnm1p0_cd1p0_pg1p0,A33,OK,diagnostic_matched_wigley_sensitivity_not_hard_gate,wigley_iii,Fn0.4,0.4,2.1696064159197173,1.0,1.808005346599764,1.0,79.95,26,27,12,2.025,0.9750000000000001,0.07500000000000007,-0.8679843749999999,0.8679843749999999,0.06403124999999998,0.0640312500000001,heave,heave_force,-0.5249999999999999,190.55942486411888,-51.46149947009134,14.29195686480893,-3.859612460256854,0.05468570405338411,0.05468570405338411,0.0,1.2403336771046243,1.2403336771046243,0.0,0.0,1.2403336771046243,1.041937807910655,0.4610791218683081,0.010221865804398558,0.0058831155273823,0.06133275477701172,0.02873855294216027,0.23953571913722932,2003.0552085423815,877.0366799072968,1930.9248557150745,854.4743554820108,532.690688909128,210.74420022000535,3.127139444173954,2.1570892395845993,0.004240934285385491,0.0017475113293979887,advance_eq19_20,0.0,0.0,0.0,0.0,,,342.4011560901492,2.8660423645800087e-16,a1_station_hull_matched_sweep_free_surface_marching_not_benchmark_validated,41,8,24,10,3.0,2,16,15.0,False,none,0.0,1.0,0.0,1.0,trapezoid,1.0,1.0,-1.0,1.0,-1.0,1.0,1.0,True,False,True,3.0,11,9,40,True,True,True,True,A1_GRID_RECOMMENDED,"A1 Section 3.3 recommends control radius about 3B, inner free-surface panels greater than 10, outer/free-surface proxy panels greater than 8, and roughly 60 stations at Fn=0.2 or 40 at Fn=0.3."
0,st41_bp8_fs24_cp10_r3p0_h2_fsm_clipfs_onezonefs_noend_pr1p0_pl1p0_pf1p0_pm1p0_dt1p0_fv0p0_hr1p0_hqtrapezoid_hp1p0_hc1p0_cim1p0_cp1p0_cnm1p0_cd1p0_pg1p0,A33,OK,diagnostic_matched_wigley_sensitivity_not_hard_gate,wigley_iii,Fn0.4,0.4,2.1696064159197173,1.0,1.808005346599764,1.0,79.95,27,28,11,2.1,0.8999999999999999,0.07499999999999996,-0.8677499999999999,0.8677499999999999,0.06449999999999989,0.06450000000000003,heave,heave_force,-0.6000000000000001,179.52074601328556,-55.685724231755685,13.464055950996409,-4.176429317381674,0.051517884223913686,0.051517884223913686,0.0,1.2934354712432734,1.2934354712432734,0.0,0.0,1.2934354712432734,1.0229617976452277,0.4540119716612121,0.009678730655294619,0.005565267864921329,0.05676098494023227,0.0268129812050895,0.27139231053586627,1989.5110643496207,869.567127871681,1895.7584094976241,841.3774739883663,603.534860624139,239.1527708184915,2.998377365366783,2.069225522652248,0.00380315958950379,0.0015666588698426947,advance_eq19_20,0.0,0.0,0.0,0.0,,,342.4251138934241,3.3708972808432053e-16,a1_station_hull_matched_sweep_free_surface_marching_not_benchmark_validated,41,8,24,10,3.0,2,16,15.0,False,none,0.0,1.0,0.0,1.0,trapezoid,1.0,1.0,-1.0,1.0,-1.0,1.0,1.0,True,False,True,3.0,11,9,40,True,True,True,True,A1_GRID_RECOMMENDED,"A1 Section 3.3 recommends control radius about 3B, inner free-surface panels greater than 10, outer/free-surface proxy panels greater than 8, and roughly 60 stations at Fn=0.2 or 40 at Fn=0.3."
0,st41_bp8_fs24_cp10_r3p0_h2_fsm_clipfs_onezonefs_noend_pr1p0_pl1p0_pf1p0_pm1p0_dt1p0_fv0p0_hr1p0_hqtrapezoid_hp1p0_hc1p0_cim1p0_cp1p0_cnm1p0_cd1p0_pg1p0,A33,OK,diagnostic_matched_wigley_sensitivity_not_hard_gate,wigley_iii,Fn0.4,0.4,2.1696064159197173,1.0,1.808005346599764,1.0,79.95,28,29,10,2.175,0.8250000000000002,0.07499999999999996,-0.8674843749999999,0.8674843749999999,0.06503124999999987,0.0650312500000001,heave,heave_force,-0.6749999999999998,167.37516884503975,-58.43066233068701,12.553137663377974,-4.382299674801523,0.04803241275456055,0.04803241275456055,0.0,1.3432106197325102,1.3432106197325102,0.0,0.0,1.3432106197325102,1.0017390747151345,0.4462659083467587,0.009049543847715053,0.005197816911444101,0.05181759605089006,0.024685624960075897,0.3011767266917492,1973.5549551511192,860.2343397629658,1856.428343057435,827.0224270035435,669.7708325200211,266.13956127698094,2.853189495627647,1.9701469802403053,0.003358351941637866,0.0013831479475393152,advance_eq19_20,0.0,0.0,0.0,0.0,,,342.45299094219155,4.026605881929426e-16,a1_station_hull_matched_sweep_free_surface_marching_not_benchmark_validated,41,8,24,10,3.0,2,16,15.0,False,none,0.0,1.0,0.0,1.0,trapezoid,1.0,1.0,-1.0,1.0,-1.0,1.0,1.0,True,False,True,3.0,11,9,40,True,True,True,True,A1_GRID_RECOMMENDED,"A1 Section 3.3 recommends control radius about 3B, inner free-surface panels greater than 10, outer/free-surface proxy panels greater than 8, and roughly 60 stations at Fn=0.2 or 40 at Fn=0.3."
0,st41_bp8_fs24_cp10_r3p0_h2_fsm_clipfs_onezonefs_noend_pr1p0_pl1p0_pf1p0_pm1p0_dt1p0_fv0p0_hr1p0_hqtrapezoid_hp1p0_hc1p0_cim1p0_cp1p0_cnm1p0_cd1p0_pg1p0,A33,OK,diagnostic_matched_wigley_sensitivity_not_hard_gate,wigley_iii,Fn0.4,0.4,2.1696064159197173,1.0,1.808005346599764,1.0,79.95,29,30,9,2.25,0.75,0.07499999999999996,-0.8671874999999999,0.8671874999999999,0.06562499999999982,0.0656250000000001,heave,heave_force,-0.75,154.2726169178968,-59.26683083990696,11.570446268842254,-4.445012312993019,0.04427231389016294,0.04427231389016294,0.0,1.3893629830548722,1.3893629830548722,0.0,0.0,1.3893629830548722,0.9785162219592795,0.4380449479326694,0.008322510828538758,0.004775249735832688,0.0465842215594963,0.022373104678937668,0.32730843280626754,1954.022497682862,848.11295515688,1813.3916250629031,811.7872981111135,727.8837376961333,290.63123292913406,2.6919406888093222,1.8601056074478606,0.002923902057522431,0.00120427244209941,advance_eq19_20,0.0,0.0,0.0,0.0,,,342.4849787194831,4.8919844459733485e-16,a1_station_hull_matched_sweep_free_surface_marching_not_benchmark_validated,41,8,24,10,3.0,2,16,15.0,False,none,0.0,1.0,0.0,1.0,trapezoid,1.0,1.0,-1.0,1.0,-1.0,1.0,1.0,True,False,True,3.0,11,9,40,True,True,True,True,A1_GRID_RECOMMENDED,"A1 Section 3.3 recommends control radius about 3B, inner free-surface panels greater than 10, outer/free-surface proxy panels greater than 8, and roughly 60 stations at Fn=0.2 or 40 at Fn=0.3."
0,st41_bp8_fs24_cp10_r3p0_h2_fsm_clipfs_onezonefs_noend_pr1p0_pl1p0_pf1p0_pm1p0_dt1p0_fv0p0_hr1p0_hqtrapezoid_hp1p0_hc1p0_cim1p0_cp1p0_cnm1p0_cd1p0_pg1p0,A33,OK,diagnostic_matched_wigley_sensitivity_not_hard_gate,wigley_iii,Fn0.4,0.4,2.1696064159197173,1.0,1.808005346599764,1.0,79.95,30,31,8,2.3249999999999997,0.6750000000000003,0.07499999999999996,-0.866859375,0.866859375,0.06628124999999996,0.06628125000000007,heave,heave_force,-0.8249999999999997,140.39464014795817,-57.51772837656628,10.529598011096857,-4.313829628242469,0.04028968783510549,0.04028968783510549,0.0,1.4316439839175061,1.4316439839175061,0.0,0.0,1.4316439839175061,0.9537405957548434,0.42970309254591904,0.007477003387242049,0.004287922128751227,0.041146819916608714,0.019889418303968766,0.3468017811172736,1928.413288942539,831.5481464424577,1767.477298803851,796.3281259928117,771.2339535985327,310.49344078283735,2.515129254618141,1.7394481708005802,0.002524263741530446,0.0010404361412891373,advance_eq19_20,0.0,0.0,0.0,0.0,,,342.52120658418943,3.2079894433635947e-16,a1_station_hull_matched_sweep_free_surface_marching_not_benchmark_validated,41,8,24,10,3.0,2,16,15.0,False,none,0.0,1.0,0.0,1.0,trapezoid,1.0,1.0,-1.0,1.0,-1.0,1.0,1.0,True,False,True,3.0,11,9,40,True,True,True,True,A1_GRID_RECOMMENDED,"A1 Section 3.3 recommends control radius about 3B, inner free-surface panels greater than 10, outer/free-surface proxy panels greater than 8, and roughly 60 stations at Fn=0.2 or 40 at Fn=0.3."
0,st41_bp8_fs24_cp10_r3p0_h2_fsm_clipfs_onezonefs_noend_pr1p0_pl1p0_pf1p0_pm1p0_dt1p0_fv0p0_hr1p0_hqtrapezoid_hp1p0_hc1p0_cim1p0_cp1p0_cnm1p0_cd1p0_pg1p0,A33,OK,diagnostic_matched_wigley_sensitivity_not_hard_gate,wigley_iii,Fn0.4,0.4,2.1696064159197173,1.0,1.808005346599764,1.0,79.95,31,32,7,2.4,0.6000000000000001,0.07500000000000018,-0.8664999999999999,0.8664999999999998,0.06699999999999995,0.06700000000000006,heave,heave_force,-0.8999999999999999,125.9689164234021,-51.977496151394504,9.447668731755181,-3.898312211354597,0.036149872347524876,0.036149872347524876,0.0,1.4698637640088217,1.4698637640088217,0.0,0.0,1.4698637640088217,0.9282699594104739,0.4218942261613626,0.006476774695072125,0.0037185137235632403,0.035598017273194976,0.017241212618340288,0.3539359431551117,1891.7904744611833,808.0856152720571,1720.2749759446347,781.8566920142964,787.0992354212747,321.08860218012927,2.323494565474811,1.6086924374910756,0.002195474179902128,0.000906933682940172,advance_eq19_20,0.0,0.0,0.0,0.0,,,342.56168396636383,3.371517356465283e-16,a1_station_hull_matched_sweep_free_surface_marching_not_benchmark_validated,41,8,24,10,3.0,2,16,15.0,False,none,0.0,1.0,0.0,1.0,trapezoid,1.0,1.0,-1.0,1.0,-1.0,1.0,1.0,True,False,True,3.0,11,9,40,True,True,True,True,A1_GRID_RECOMMENDED,"A1 Section 3.3 recommends control radius about 3B, inner free-surface panels greater than 10, outer/free-surface proxy panels greater than 8, and roughly 60 stations at Fn=0.2 or 40 at Fn=0.3."
0,st41_bp8_fs24_cp10_r3p0_h2_fsm_clipfs_onezonefs_noend_pr1p0_pl1p0_pf1p0_pm1p0_dt1p0_fv0p0_hr1p0_hqtrapezoid_hp1p0_hc1p0_cim1p0_cp1p0_cnm1p0_cd1p0_pg1p0,A33,OK,diagnostic_matched_wigley_sensitivity_not_hard_gate,wigley_iii,Fn0.4,0.4,2.1696064159197173,1.0,1.808005346599764,1.0,79.95,32,33,6,2.475,0.5249999999999999,0.07499999999999996,-0.866109375,0.866109375,0.06778124999999988,0.06778125000000013,heave,heave_force,-0.9750000000000001,111.3011908329394,-40.14190847877593,8.34758931247045,-3.010643135908193,0.031940608484830754,0.031940608484830754,0.0,1.5039090044249994,1.5039090044249994,0.0,0.0,1.5039090044249994,0.90387807646309,0.4159288618863641,0.00525658449313153,0.0030337550326031346,0.030078151040669854,0.014418184583582365,0.33906222256238494,1836.9581581570121,778.0419941815311,1675.0718047925664,770.8016462480936,754.0223628040333,325.29095147465733,2.1182812111582523,1.4687163035552888,0.0020074104755680123,0.0008370805161056875,advance_eq19_20,0.0,0.0,0.0,0.0,,,342.6062403202417,4.663665920959945e-16,a1_station_hull_matched_sweep_free_surface_marching_not_benchmark_validated,41,8,24,10,3.0,2,16,15.0,False,none,0.0,1.0,0.0,1.0,trapezoid,1.0,1.0,-1.0,1.0,-1.0,1.0,1.0,True,False,True,3.0,11,9,40,True,True,True,True,A1_GRID_RECOMMENDED,"A1 Section 3.3 recommends control radius about 3B, inner free-surface panels greater than 10, outer/free-surface proxy panels greater than 8, and roughly 60 stations at Fn=0.2 or 40 at Fn=0.3."
0,st41_bp8_fs24_cp10_r3p0_h2_fsm_clipfs_onezonefs_noend_pr1p0_pl1p0_pf1p0_pm1p0_dt1p0_fv0p0_hr1p0_hqtrapezoid_hp1p0_hc1p0_cim1p0_cp1p0_cnm1p0_cd1p0_pg1p0,A33,OK,diagnostic_matched_wigley_sensitivity_not_hard_gate,wigley_iii,Fn0.4,0.4,2.1696064159197173,1.0,1.808005346599764,1.0,79.95,33,34,5,2.55,0.4500000000000002,0.07499999999999996,-0.8656874999999999,0.8656874999999999,0.06862499999999994,0.06862500000000005,heave,heave_force,-1.0499999999999998,96.85704761881756,-15.669716442726099,7.264278571411313,-1.1752287332044566,0.027795507072631363,0.027795507072631363,0.0,1.5337770622037301,1.5337770622037301,0.0,0.0,1.5337770622037301,0.8846601702302163,0.4147514022476936,0.003678384463673646,0.002151621268903654,0.024889648706569366,0.011340934926288347,0.31281319412439584,1780.9397544772894,783.5822708386293,1639.4570756425906,768.6195715929189,695.6485507805448,297.07731890726063,1.9019783860149337,1.3212923656010744,0.0021625821556100844,0.00089366230006307,advance_eq19_20,0.0,0.0,0.0,0.0,,,342.6545414156471,4.87769957464228e-16,a1_station_hull_matched_sweep_free_surface_marching_not_benchmark_validated,41,8,24,10,3.0,2,16,15.0,False,none,0.0,1.0,0.0,1.0,trapezoid,1.0,1.0,-1.0,1.0,-1.0,1.0,1.0,True,False,True,3.0,11,9,40,True,True,True,True,A1_GRID_RECOMMENDED,"A1 Section 3.3 recommends control radius about 3B, inner free-surface panels greater than 10, outer/free-surface proxy panels greater than 8, and roughly 60 stations at Fn=0.2 or 40 at Fn=0.3."
0,st41_bp8_fs24_cp10_r3p0_h2_fsm_clipfs_onezonefs_noend_pr1p0_pl1p0_pf1p0_pm1p0_dt1p0_fv0p0_hr1p0_hqtrapezoid_hp1p0_hc1p0_cim1p0_cp1p0_cnm1p0_cd1p0_pg1p0,A33,OK,diagnostic_matched_wigley_sensitivity_not_hard_gate,wigley_iii,Fn0.4,0.4,2.1696064159197173,1.0,1.808005346599764,1.0,79.95,34,35,4,2.625,0.375,0.07499999999999996,-0.8652343749999999,0.8652343749999999,0.06953124999999993,0.06953125000000009,heave,heave_force,-1.125,83.51635557165119,47.524328453943696,6.2637266678738355,3.564324634045775,0.0239670680558843,0.0239670680558843,0.0,1.5596583497679883,1.5596583497679883,0.0,0.0,1.5596583497679883,0.8817865438665602,0.42620820843646,0.0014873732338277071,0.0007716971411117971,0.021617490327466647,0.007637353052188096,0.6447965576667566,2174.0601525155807,1263.6283836061991,1634.13165551723,789.851387608272,1433.9286171886617,986.352613089509,1.6806359734132352,1.1707895162413968,0.004056548018633832,0.0016402626293445237,advance_eq19_20,0.0,0.0,0.0,0.0,,,342.70650863905854,3.703350196035612e-16,a1_station_hull_matched_sweep_free_surface_marching_not_benchmark_validated,41,8,24,10,3.0,2,16,15.0,False,none,0.0,1.0,0.0,1.0,trapezoid,1.0,1.0,-1.0,1.0,-1.0,1.0,1.0,True,False,True,3.0,11,9,40,True,True,True,True,A1_GRID_RECOMMENDED,"A1 Section 3.3 recommends control radius about 3B, inner free-surface panels greater than 10, outer/free-surface proxy panels greater than 8, and roughly 60 stations at Fn=0.2 or 40 at Fn=0.3."
0,st41_bp8_fs24_cp10_r3p0_h2_fsm_clipfs_onezonefs_noend_pr1p0_pl1p0_pf1p0_pm1p0_dt1p0_fv0p0_hr1p0_hqtrapezoid_hp1p0_hc1p0_cim1p0_cp1p0_cnm1p0_cd1p0_pg1p0,A33,OK,diagnostic_matched_wigley_sensitivity_not_hard_gate,wigley_iii,Fn0.4,0.4,2.1696064159197173,1.0,1.808005346599764,1.0,79.95,35,36,3,2.6999999999999997,0.30000000000000027,0.07499999999999996,-0.8647499999999999,0.8647499999999999,0.0704999999999999,0.07050000000000001,heave,heave_force,-1.1999999999999997,74.12502592887104,372.02997294353594,5.559376944665325,27.902247970765178,0.021271995514187358,0.021271995514187358,0.0,1.582277881553024,1.582277881553024,0.0,0.0,1.582277881553024,0.9414697438312586,0.48128157278149397,0.004025148359432574,0.002210375304910154,0.02908225314777806,0.014975909413682308,4.248009534090114,9606.686830280098,6345.506241473251,1744.7368887715463,891.9136482291067,9446.921458551291,6282.510605218157,1.4826689275958376,1.0373836835070214,0.00019897419975897426,7.078647589632233e-05,advance_eq19_20,0.0,0.0,0.0,0.0,,,342.76452809793597,5.014042917689463e-16,a1_station_hull_matched_sweep_free_surface_marching_not_benchmark_validated,41,8,24,10,3.0,2,16,15.0,False,none,0.0,1.0,0.0,1.0,trapezoid,1.0,1.0,-1.0,1.0,-1.0,1.0,1.0,True,False,True,3.0,11,9,40,True,True,True,True,A1_GRID_RECOMMENDED,"A1 Section 3.3 recommends control radius about 3B, inner free-surface panels greater than 10, outer/free-surface proxy panels greater than 8, and roughly 60 stations at Fn=0.2 or 40 at Fn=0.3."
0,st41_bp8_fs24_cp10_r3p0_h2_fsm_clipfs_onezonefs_noend_pr1p0_pl1p0_pf1p0_pm1p0_dt1p0_fv0p0_hr1p0_hqtrapezoid_hp1p0_hc1p0_cim1p0_cp1p0_cnm1p0_cd1p0_pg1p0,A33,OK,diagnostic_matched_wigley_sensitivity_not_hard_gate,wigley_iii,Fn0.4,0.4,2.1696064159197173,1.0,1.808005346599764,1.0,79.95,36,37,2,2.775,0.2250000000000001,0.07500000000000018,-0.8642343749999999,0.8642343749999999,0.07153124999999994,0.07153125000000005,heave,heave_force,-1.275,89.95712347110921,-677.2022526532584,6.746784260333207,-50.7901689489945,0.025815404486777,0.025815404486777,0.0,1.6058215815535062,1.6058215815535062,0.0,0.0,1.6058215815535062,1.4756612620229848,0.8499679231660316,0.020637764877656915,0.010528718876133533,0.09561405201127333,0.05652942152015551,9.517512579379192,21341.426282183038,13467.132831492816,2734.7035377954044,1575.1652132605448,21165.487764713154,13374.697052718824,1.53261113984236,1.0810207232316382,0.0030525708452628806,0.0012433630230546224,advance_eq19_20,0.0,0.0,0.0,0.0,,,342.84460969129094,1.2708869627668653e-15,a1_station_hull_matched_sweep_free_surface_marching_not_benchmark_validated,41,8,24,10,3.0,2,16,15.0,False,none,0.0,1.0,0.0,1.0,trapezoid,1.0,1.0,-1.0,1.0,-1.0,1.0,1.0,True,False,True,3.0,11,9,40,True,True,True,True,A1_GRID_RECOMMENDED,"A1 Section 3.3 recommends control radius about 3B, inner free-surface panels greater than 10, outer/free-surface proxy panels greater than 8, and roughly 60 stations at Fn=0.2 or 40 at Fn=0.3."
0,st41_bp8_fs24_cp10_r3p0_h2_fsm_clipfs_onezonefs_noend_pr1p0_pl1p0_pf1p0_pm1p0_dt1p0_fv0p0_hr1p0_hqtrapezoid_hp1p0_hc1p0_cim1p0_cp1p0_cnm1p0_cd1p0_pg1p0,A33,OK,diagnostic_matched_wigley_sensitivity_not_hard_gate,wigley_iii,Fn0.4,0.4,2.1696064159197173,1.0,1.808005346599764,1.0,79.95,37,38,1,2.85,0.1499999999999999,0.07499999999999996,-0.8636874999999999,0.8636874999999999,0.07262499999999994,0.07262500000000005,heave,heave_force,-1.35,-18.9725976946453,-365.03538789721216,-1.4229448270983969,-27.377654092290896,-0.005444652571727242,-0.005444652571727242,0.0,1.616006957511031,1.616006957511031,0.0,0.0,1.616006957511031,0.5970245972161013,0.42085105600342076,0.026310976626748427,0.012734013882208652,0.10793572959987613,0.06457650817169112,8.580024151919373,19112.70848872492,13360.262487763213,1106.4092554137387,779.92348336075,19080.657334969157,13337.478513648499,0.2860468605167481,0.1387075479524865,0.0003512656913401101,0.00014111305368115802,advance_eq19_20,0.0,0.0,0.0,0.0,,,343.0542195004204,5.554311994977695e-16,a1_station_hull_matched_sweep_free_surface_marching_not_benchmark_validated,41,8,24,10,3.0,2,16,15.0,False,none,0.0,1.0,0.0,1.0,trapezoid,1.0,1.0,-1.0,1.0,-1.0,1.0,1.0,True,False,True,3.0,11,9,40,True,True,True,True,A1_GRID_RECOMMENDED,"A1 Section 3.3 recommends control radius about 3B, inner free-surface panels greater than 10, outer/free-surface proxy panels greater than 8, and roughly 60 stations at Fn=0.2 or 40 at Fn=0.3."
0,st41_bp8_fs24_cp10_r3p0_h2_fsm_clipfs_onezonefs_noend_pr1p0_pl1p0_pf1p0_pm1p0_dt1p0_fv0p0_hr1p0_hqtrapezoid_hp1p0_hc1p0_cim1p0_cp1p0_cnm1p0_cd1p0_pg1p0,A33,OK,diagnostic_matched_wigley_sensitivity_not_hard_gate,wigley_iii,Fn0.4,0.4,2.1696064159197173,1.0,1.808005346599764,1.0,79.95,38,39,0,2.925,0.07500000000000018,0.03749999999999987,-0.8631093749999998,0.8631093749999998,0.07378124999999991,0.07378125000000002,heave,heave_force,-1.4249999999999998,8.353572820465113,772.9452486030812,0.31325898076744063,28.98544682261544,0.0011986313754202636,0.0011986313754202636,0.0,1.614483262600588,1.614483262600588,0.0,0.0,1.614483262600588,0.6771865908817252,0.3948461090358292,0.005611707454091403,0.002547092737668627,0.02078947712007098,0.011664022091919935,29.446033862252765,65495.485961363214,35350.52251750043,1254.9659013838216,731.7309731264148,65483.46159070617,35350.40275093548,0.37652762009102164,0.26564947927934307,0.0,0.0,initialize_eq21_22,0.0,0.0,0.0,0.0,,,418.23117884841605,1.351989908607372e-15,a1_station_hull_matched_sweep_free_surface_marching_not_benchmark_validated,41,8,24,10,3.0,2,16,15.0,False,none,0.0,1.0,0.0,1.0,trapezoid,1.0,1.0,-1.0,1.0,-1.0,1.0,1.0,True,False,True,3.0,11,9,40,True,True,True,True,A1_GRID_RECOMMENDED,"A1 Section 3.3 recommends control radius about 3B, inner free-surface panels greater than 10, outer/free-surface proxy panels greater than 8, and roughly 60 stations at Fn=0.2 or 40 at Fn=0.3."
0,st41_bp8_fs24_cp10_r3p0_h2_fsm_clipfs_onezonefs_noend_pr1p0_pl1p0_pf1p0_pm1p0_dt1p0_fv0p0_hr1p0_hqtrapezoid_hp1p0_hc1p0_cim1p0_cp1p0_cn1p0_cd1p0_pg1p0,A33,OK,diagnostic_matched_wigley_sensitivity_not_hard_gate,wigley_iii,Fn0.4,0.4,2.1696064159197173,1.0,1.808005346599764,1.0,79.95,0,1,38,0.075,2.925,0.0375,-0.8631093749999998,0.8631093749999998,0.07378124999999991,0.07378125000000002,heave,heave_force,1.425,8.343092820832405,-771.4127442527774,0.3128659807812152,-28.927977909479154,0.0011971276288624615,0.0011971276288624615,0.0,0.0,0.0,0.0,0.0,0.0,0.6762918131102905,0.39431701248530693,0.0007580949175084779,0.00040521863291197543,0.004287107803820422,0.0019331856923045878,29.38764776416618,65365.63630696828,35318.08770051781,1253.3076943141798,730.7504484993979,65353.619866371766,35317.96824853765,0.37615812174296515,0.2653015328299036,0.0001437545707690763,6.237004084922468e-05,advance_eq19_20,0.0,0.0,0.0,0.0,,,113.95001957184003,1.2016457111131952e-15,a1_station_hull_matched_sweep_free_surface_marching_not_benchmark_validated,41,8,24,10,3.0,2,16,15.0,False,none,0.0,1.0,0.0,1.0,trapezoid,1.0,1.0,-1.0,1.0,1.0,1.0,1.0,True,False,True,3.0,11,9,40,True,True,True,True,A1_GRID_RECOMMENDED,"A1 Section 3.3 recommends control radius about 3B, inner free-surface panels greater than 10, outer/free-surface proxy panels greater than 8, and roughly 60 stations at Fn=0.2 or 40 at Fn=0.3."
0,st41_bp8_fs24_cp10_r3p0_h2_fsm_clipfs_onezonefs_noend_pr1p0_pl1p0_pf1p0_pm1p0_dt1p0_fv0p0_hr1p0_hqtrapezoid_hp1p0_hc1p0_cim1p0_cp1p0_cn1p0_cd1p0_pg1p0,A33,OK,diagnostic_matched_wigley_sensitivity_not_hard_gate,wigley_iii,Fn0.4,0.4,2.1696064159197173,1.0,1.808005346599764,1.0,79.95,1,2,37,0.15,2.85,0.07499999999999998,-0.8636874999999999,0.8636874999999999,0.07262499999999991,0.07262500000000005,heave,heave_force,1.35,-19.01904291140061,361.2164496397067,-1.4264282183550454,27.091233722977996,-0.005457981166626117,-0.005457981166626117,0.0,-0.0015318629544505975,-0.0015318629544505975,0.0,0.0,-0.0015318629544505975,0.598601418869809,0.4219595242391817,0.0048217918119517365,0.0025233660353875956,0.037450651932070596,0.014906869975421424,8.509441396613726,18956.17945503628,13257.172460474938,1109.3314299437898,781.9777027699615,18923.692116235627,13234.08978808689,0.2931646258734738,0.13956548144023673,0.0024487680825582858,0.0010304178926740708,advance_eq19_20,0.0,0.0,0.0,0.0,,,94.99248929002052,5.616214491641936e-16,a1_station_hull_matched_sweep_free_surface_marching_not_benchmark_validated,41,8,24,10,3.0,2,16,15.0,False,none,0.0,1.0,0.0,1.0,trapezoid,1.0,1.0,-1.0,1.0,1.0,1.0,1.0,True,False,True,3.0,11,9,40,True,True,True,True,A1_GRID_RECOMMENDED,"A1 Section 3.3 recommends control radius about 3B, inner free-surface panels greater than 10, outer/free-surface proxy panels greater than 8, and roughly 60 stations at Fn=0.2 or 40 at Fn=0.3."
0,st41_bp8_fs24_cp10_r3p0_h2_fsm_clipfs_onezonefs_noend_pr1p0_pl1p0_pf1p0_pm1p0_dt1p0_fv0p0_hr1p0_hqtrapezoid_hp1p0_hc1p0_cim1p0_cp1p0_cn1p0_cd1p0_pg1p0,A33,OK,diagnostic_matched_wigley_sensitivity_not_hard_gate,wigley_iii,Fn0.4,0.4,2.1696064159197173,1.0,1.808005346599764,1.0,79.95,2,3,36,0.22499999999999998,2.775,0.075,-0.8642343749999999,0.8642343749999999,0.07153124999999994,0.07153125000000006,heave,heave_force,1.275,89.23566888287219,675.6912728982454,6.692675166215414,50.6768454673684,0.025608365385308102,0.025608365385308102,0.0,0.008543329154890393,0.008543329154890393,0.0,0.0,0.008543329154890393,1.4638149750447116,0.8430822913424428,0.00516059939232589,0.0026145985215754513,0.0413080847064594,0.01577176461847964,9.499608893914543,21299.13284311465,13449.667845851784,2712.7499338464795,1562.4047226299845,21125.672715089124,13358.609832106142,1.5188853711169163,1.0719048572970857,0.0014617305264234088,0.0006232881909232667,advance_eq19_20,0.0,0.0,0.0,0.0,,,96.31469922371299,1.0392924092381088e-15,a1_station_hull_matched_sweep_free_surface_marching_not_benchmark_validated,41,8,24,10,3.0,2,16,15.0,False,none,0.0,1.0,0.0,1.0,trapezoid,1.0,1.0,-1.0,1.0,1.0,1.0,1.0,True,False,True,3.0,11,9,40,True,True,True,True,A1_GRID_RECOMMENDED,"A1 Section 3.3 recommends control radius about 3B, inner free-surface panels greater than 10, outer/free-surface proxy panels greater than 8, and roughly 60 stations at Fn=0.2 or 40 at Fn=0.3."
0,st41_bp8_fs24_cp10_r3p0_h2_fsm_clipfs_onezonefs_noend_pr1p0_pl1p0_pf1p0_pm1p0_dt1p0_fv0p0_hr1p0_hqtrapezoid_hp1p0_hc1p0_cim1p0_cp1p0_cn1p0_cd1p0_pg1p0,A33,OK,diagnostic_matched_wigley_sensitivity_not_hard_gate,wigley_iii,Fn0.4,0.4,2.1696064159197173,1.0,1.808005346599764,1.0,79.95,3,4,35,0.3,2.7,0.07500000000000001,-0.8647499999999999,0.8647499999999999,0.0704999999999999,0.07050000000000001,heave,heave_force,1.2,73.79641274854869,-366.5696334400813,5.534730956141153,-27.492722508006104,0.02117769189661525,0.02117769189661525,0.0,0.03193635779585207,0.03193635779585207,0.0,0.0,0.03193635779585207,0.9373036864964609,0.47908801031414094,0.0021157685523403263,0.0009534858062418031,0.018675778066121154,0.006599856276768083,4.190594339185525,9479.738335781067,6266.831535832025,1737.016328487602,887.848526243305,9319.238873934106,6203.6201119142015,1.4751527560565922,1.0326220610782448,0.0014563022817972986,0.0006257803642644132,advance_eq19_20,0.0,0.0,0.0,0.0,,,97.66111149943426,4.107760918198371e-16,a1_station_hull_matched_sweep_free_surface_marching_not_benchmark_validated,41,8,24,10,3.0,2,16,15.0,False,none,0.0,1.0,0.0,1.0,trapezoid,1.0,1.0,-1.0,1.0,1.0,1.0,1.0,True,False,True,3.0,11,9,40,True,True,True,True,A1_GRID_RECOMMENDED,"A1 Section 3.3 recommends control radius about 3B, inner free-surface panels greater than 10, outer/free-surface proxy panels greater than 8, and roughly 60 stations at Fn=0.2 or 40 at Fn=0.3."
0,st41_bp8_fs24_cp10_r3p0_h2_fsm_clipfs_onezonefs_noend_pr1p0_pl1p0_pf1p0_pm1p0_dt1p0_fv0p0_hr1p0_hqtrapezoid_hp1p0_hc1p0_cim1p0_cp1p0_cn1p0_cd1p0_pg1p0,A33,OK,diagnostic_matched_wigley_sensitivity_not_hard_gate,wigley_iii,Fn0.4,0.4,2.1696064159197173,1.0,1.808005346599764,1.0,79.95,4,5,34,0.375,2.625,0.07499999999999998,-0.8652343749999999,0.8652343749999999,0.06953124999999993,0.06953125000000009,heave,heave_force,1.125,83.22114937897717,-47.33520243755606,6.241586203423287,-3.550140182816704,0.023882351393358647,0.023882351393358647,0.0,0.05446637944083903,0.05446637944083903,0.0,0.0,0.05446637944083903,0.8786820483278075,0.4246437953163626,0.0018235182728534522,0.0006884964835552291,0.016782237069454302,0.005556585442822738,0.6422785559058323,2166.0424308228035,1258.786931086359,1628.378387371356,786.9522086407094,1428.328967593468,982.4717599958398,1.6739866526242995,1.1665511497808982,0.0016469430192537324,0.0007101898625983109,advance_eq19_20,0.0,0.0,0.0,0.0,,,98.98004886155589,5.542227404197604e-16,a1_station_hull_matched_sweep_free_surface_marching_not_benchmark_validated,41,8,24,10,3.0,2,16,15.0,False,none,0.0,1.0,0.0,1.0,trapezoid,1.0,1.0,-1.0,1.0,1.0,1.0,1.0,True,False,True,3.0,11,9,40,True,True,True,True,A1_GRID_RECOMMENDED,"A1 Section 3.3 recommends control radius about 3B, inner free-surface panels greater than 10, outer/free-surface proxy panels greater than 8, and roughly 60 stations at Fn=0.2 or 40 at Fn=0.3."
0,st41_bp8_fs24_cp10_r3p0_h2_fsm_clipfs_onezonefs_noend_pr1p0_pl1p0_pf1p0_pm1p0_dt1p0_fv0p0_hr1p0_hqtrapezoid_hp1p0_hc1p0_cim1p0_cp1p0_cn1p0_cd1p0_pg1p0,A33,OK,diagnostic_matched_wigley_sensitivity_not_hard_gate,wigley_iii,Fn0.4,0.4,2.1696064159197173,1.0,1.808005346599764,1.0,79.95,5,6,33,0.44999999999999996,2.55,0.07500000000000001,-0.8656874999999999,0.8656874999999999,0.06862499999999994,0.06862500000000005,heave,heave_force,1.05,96.42522781029498,14.429430051425367,7.231892085772125,1.0822072538569028,0.02767158577999475,0.02767158577999475,0.0,0.0802433480275157,0.0802433480275157,0.0,0.0,0.0802433480275157,0.880735499902502,0.41281960602368173,0.0019813735071389383,0.0006786650952207748,0.018371376423647726,0.00609869664756545,0.30794470492271186,1770.029661914549,781.9418644626315,1632.1838550830382,765.0395562438254,684.8217777375402,290.5021364818861,1.8926488280860658,1.3152923079323333,0.0019190323297229056,0.0008286385094595102,advance_eq19_20,0.0,0.0,0.0,0.0,,,100.2548122089833,3.926458671595385e-16,a1_station_hull_matched_sweep_free_surface_marching_not_benchmark_validated,41,8,24,10,3.0,2,16,15.0,False,none,0.0,1.0,0.0,1.0,trapezoid,1.0,1.0,-1.0,1.0,1.0,1.0,1.0,True,False,True,3.0,11,9,40,True,True,True,True,A1_GRID_RECOMMENDED,"A1 Section 3.3 recommends control radius about 3B, inner free-surface panels greater than 10, outer/free-surface proxy panels greater than 8, and roughly 60 stations at Fn=0.2 or 40 at Fn=0.3."
0,st41_bp8_fs24_cp10_r3p0_h2_fsm_clipfs_onezonefs_noend_pr1p0_pl1p0_pf1p0_pm1p0_dt1p0_fv0p0_hr1p0_hqtrapezoid_hp1p0_hc1p0_cim1p0_cp1p0_cn1p0_cd1p0_pg1p0,A33,OK,diagnostic_matched_wigley_sensitivity_not_hard_gate,wigley_iii,Fn0.4,0.4,2.1696064159197173,1.0,1.808005346599764,1.0,79.95,6,7,32,0.525,2.475,0.07500000000000001,-0.866109375,0.866109375,0.0677812499999999,0.06778125000000006,heave,heave_force,0.975,110.74166216321707,38.962968495632,8.305624662241282,2.9222226371724003,0.03178003799998786,0.03178003799998786,0.0,0.10996915991750704,0.10996915991750704,0.0,0.0,0.10996915991750704,0.8993576303226508,0.41373687865933795,0.002291729869481451,0.0007886910039794915,0.021300472938922878,0.007156421201312659,0.3320122039677322,1822.9159834373856,772.9891327823804,1666.694489231863,766.7394509191204,738.3442030893384,319.66804150343927,2.1066206773943734,1.4612044229562617,0.002230612005359678,0.0009635416297681886,advance_eq19_20,0.0,0.0,0.0,0.0,,,101.47605820213124,5.684298448636982e-16,a1_station_hull_matched_sweep_free_surface_marching_not_benchmark_validated,41,8,24,10,3.0,2,16,15.0,False,none,0.0,1.0,0.0,1.0,trapezoid,1.0,1.0,-1.0,1.0,1.0,1.0,1.0,True,False,True,3.0,11,9,40,True,True,True,True,A1_GRID_RECOMMENDED,"A1 Section 3.3 recommends control radius about 3B, inner free-surface panels greater than 10, outer/free-surface proxy panels greater than 8, and roughly 60 stations at Fn=0.2 or 40 at Fn=0.3."
0,st41_bp8_fs24_cp10_r3p0_h2_fsm_clipfs_onezonefs_noend_pr1p0_pl1p0_pf1p0_pm1p0_dt1p0_fv0p0_hr1p0_hqtrapezoid_hp1p0_hc1p0_cim1p0_cp1p0_cn1p0_cd1p0_pg1p0,A33,OK,diagnostic_matched_wigley_sensitivity_not_hard_gate,wigley_iii,Fn0.4,0.4,2.1696064159197173,1.0,1.808005346599764,1.0,79.95,7,8,31,0.6,2.4,0.07499999999999996,-0.8664999999999999,0.8664999999999998,0.06699999999999995,0.06700000000000006,heave,heave_force,0.9,125.27041325659675,50.66478032670115,9.39528099424475,3.799858524502584,0.0359494197197552,0.0359494197197552,0.0,0.14383388877737854,0.14383388877737854,0.0,0.0,0.14383388877737854,0.9231488209810466,0.4194362456028202,0.002668300852976926,0.0009189074573380199,0.0248783750118703,0.008386810068872276,0.3462835341950467,1876.1153725661222,801.6933466842349,1710.7844541420254,777.3015489728215,770.0814519548513,314.17239773496044,2.309400720249957,1.5996166873466826,0.0025592123874052363,0.0011054439299953102,advance_eq19_20,0.0,0.0,0.0,0.0,,,102.63663006147286,3.3853322032534637e-16,a1_station_hull_matched_sweep_free_surface_marching_not_benchmark_validated,41,8,24,10,3.0,2,16,15.0,False,none,0.0,1.0,0.0,1.0,trapezoid,1.0,1.0,-1.0,1.0,1.0,1.0,1.0,True,False,True,3.0,11,9,40,True,True,True,True,A1_GRID_RECOMMENDED,"A1 Section 3.3 recommends control radius about 3B, inner free-surface panels greater than 10, outer/free-surface proxy panels greater than 8, and roughly 60 stations at Fn=0.2 or 40 at Fn=0.3."
0,st41_bp8_fs24_cp10_r3p0_h2_fsm_clipfs_onezonefs_noend_pr1p0_pl1p0_pf1p0_pm1p0_dt1p0_fv0p0_hr1p0_hqtrapezoid_hp1p0_hc1p0_cim1p0_cp1p0_cn1p0_cd1p0_pg1p0,A33,OK,diagnostic_matched_wigley_sensitivity_not_hard_gate,wigley_iii,Fn0.4,0.4,2.1696064159197173,1.0,1.808005346599764,1.0,79.95,8,9,30,0.6749999999999999,2.325,0.07500000000000001,-0.866859375,0.866859375,0.06628124999999993,0.06628125000000007,heave,heave_force,0.8250000000000001,139.54735754731186,56.09358065272092,10.466051816048392,4.2070185489540695,0.04004653929715435,0.04004653929715435,0.0,0.1818318682858333,0.1818318682858333,0.0,0.0,0.1818318682858333,0.9480126393580194,0.42697415712711045,0.0030744385662794,0.001058409977767223,0.02876784375882724,0.009695964447048589,0.3389876659535018,1911.7700093849905,824.4234468645176,1756.8622186185391,791.270847919387,753.8565603446266,303.38080393966624,2.498517815046018,1.7287635446979555,0.002890056659258082,0.0012481039843108886,advance_eq19_20,0.0,0.0,0.0,0.0,,,103.73019523740942,2.7903351531902134e-16,a1_station_hull_matched_sweep_free_surface_marching_not_benchmark_validated,41,8,24,10,3.0,2,16,15.0,False,none,0.0,1.0,0.0,1.0,trapezoid,1.0,1.0,-1.0,1.0,1.0,1.0,1.0,True,False,True,3.0,11,9,40,True,True,True,True,A1_GRID_RECOMMENDED,"A1 Section 3.3 recommends control radius about 3B, inner free-surface panels greater than 10, outer/free-surface proxy panels greater than 8, and roughly 60 stations at Fn=0.2 or 40 at Fn=0.3."
0,st41_bp8_fs24_cp10_r3p0_h2_fsm_clipfs_onezonefs_noend_pr1p0_pl1p0_pf1p0_pm1p0_dt1p0_fv0p0_hr1p0_hqtrapezoid_hp1p0_hc1p0_cim1p0_cp1p0_cn1p0_cd1p0_pg1p0,A33,OK,diagnostic_matched_wigley_sensitivity_not_hard_gate,wigley_iii,Fn0.4,0.4,2.1696064159197173,1.0,1.808005346599764,1.0,79.95,9,10,29,0.75,2.25,0.07500000000000001,-0.8671874999999999,0.8671874999999999,0.06562499999999982,0.0656250000000001,heave,heave_force,0.75,153.27041437223943,57.77447842994913,11.495281077917959,4.333085882246185,0.043984707271637294,0.043984707271637294,0.0,0.22384749157022915,0.22384749157022915,0.0,0.0,0.22384749157022915,0.9721883549373446,0.43504703349350465,0.0034889696916913186,0.0012003032729452877,0.03275993178533839,0.011023873912467029,0.3195956429937743,1936.7848412912201,840.5424820677302,1801.6647872194667,806.2315466430886,710.7316764777621,283.69548683333215,2.672784919463842,1.8478010952667805,0.0032122496892834198,0.001386905930616623,advance_eq19_20,0.0,0.0,0.0,0.0,,,104.75084920458065,4.2780111711093456e-16,a1_station_hull_matched_sweep_free_surface_marching_not_benchmark_validated,41,8,24,10,3.0,2,16,15.0,False,none,0.0,1.0,0.0,1.0,trapezoid,1.0,1.0,-1.0,1.0,1.0,1.0,1.0,True,False,True,3.0,11,9,40,True,True,True,True,A1_GRID_RECOMMENDED,"A1 Section 3.3 recommends control radius about 3B, inner free-surface panels greater than 10, outer/free-surface proxy panels greater than 8, and roughly 60 stations at Fn=0.2 or 40 at Fn=0.3."
0,st41_bp8_fs24_cp10_r3p0_h2_fsm_clipfs_onezonefs_noend_pr1p0_pl1p0_pf1p0_pm1p0_dt1p0_fv0p0_hr1p0_hqtrapezoid_hp1p0_hc1p0_cim1p0_cp1p0_cn1p0_cd1p0_pg1p0,A33,OK,diagnostic_matched_wigley_sensitivity_not_hard_gate,wigley_iii,Fn0.4,0.4,2.1696064159197173,1.0,1.808005346599764,1.0,79.95,10,11,28,0.825,2.175,0.07499999999999996,-0.8674843749999999,0.8674843749999999,0.06503124999999987,0.0650312500000001,heave,heave_force,0.675,166.2160352833683,56.9169250421092,12.466202646252617,4.268769378158187,0.047699770929276346,0.047699770929276346,0.0,0.269689730670686,0.269689730670686,0.0,0.0,0.269689730670686,0.9948310082979493,0.443007339071834,0.0038970281046316513,0.0013396174567366589,0.036705905073807915,0.012326807441492994,0.2937606222553073,1955.9475240023214,852.3764162465335,1843.6262765150746,820.9836285654306,653.2785540594253,259.5125520641127,2.8315235690178593,1.9562484108157008,0.003517235178192499,0.0015182163424720392,advance_eq19_20,0.0,0.0,0.0,0.0,,,105.69301673551143,3.564785133107342e-16,a1_station_hull_matched_sweep_free_surface_marching_not_benchmark_validated,41,8,24,10,3.0,2,16,15.0,False,none,0.0,1.0,0.0,1.0,trapezoid,1.0,1.0,-1.0,1.0,1.0,1.0,1.0,True,False,True,3.0,11,9,40,True,True,True,True,A1_GRID_RECOMMENDED,"A1 Section 3.3 recommends control radius about 3B, inner free-surface panels greater than 10, outer/free-surface proxy panels greater than 8, and roughly 60 stations at Fn=0.2 or 40 at Fn=0.3."
0,st41_bp8_fs24_cp10_r3p0_h2_fsm_clipfs_onezonefs_noend_pr1p0_pl1p0_pf1p0_pm1p0_dt1p0_fv0p0_hr1p0_hqtrapezoid_hp1p0_hc1p0_cim1p0_cp1p0_cn1p0_cd1p0_pg1p0,A33,OK,diagnostic_matched_wigley_sensitivity_not_hard_gate,wigley_iii,Fn0.4,0.4,2.1696064159197173,1.0,1.808005346599764,1.0,79.95,11,12,27,0.8999999999999999,2.1,0.07500000000000001,-0.8677499999999999,0.8677499999999999,0.06449999999999989,0.0645,heave,heave_force,0.6000000000000001,178.20693774587312,54.1981703473717,13.365520330940486,4.064862776052878,0.05114085469548269,0.05114085469548269,0.0,0.3191100434830655,0.3191100434830655,0.0,0.0,0.3191100434830655,1.0155047361753182,0.450506556007966,0.004287077147335663,0.0014724968886422301,0.04049122598605933,0.013570501939524318,0.2644343210451431,1971.6770387562299,861.5183471698815,1881.938942314917,834.8812184891648,588.0613595171396,232.95741066926158,2.9742942843926348,2.0537947068853457,0.003798069086510132,0.0016390812857655698,advance_eq19_20,0.0,0.0,0.0,0.0,,,106.55145429053391,4.22931075291866e-16,a1_station_hull_matched_sweep_free_surface_marching_not_benchmark_validated,41,8,24,10,3.0,2,16,15.0,False,none,0.0,1.0,0.0,1.0,trapezoid,1.0,1.0,-1.0,1.0,1.0,1.0,1.0,True,False,True,3.0,11,9,40,True,True,True,True,A1_GRID_RECOMMENDED,"A1 Section 3.3 recommends control radius about 3B, inner free-surface panels greater than 10, outer/free-surface proxy panels greater than 8, and roughly 60 stations at Fn=0.2 or 40 at Fn=0.3."
0,st41_bp8_fs24_cp10_r3p0_h2_fsm_clipfs_onezonefs_noend_pr1p0_pl1p0_pf1p0_pm1p0_dt1p0_fv0p0_hr1p0_hqtrapezoid_hp1p0_hc1p0_cim1p0_cp1p0_cn1p0_cd1p0_pg1p0,A33,OK,diagnostic_matched_wigley_sensitivity_not_hard_gate,wigley_iii,Fn0.4,0.4,2.1696064159197173,1.0,1.808005346599764,1.0,79.95,12,13,26,0.975,2.025,0.07500000000000007,-0.8679843749999999,0.8679843749999999,0.06403124999999998,0.0640312500000001,heave,heave_force,0.525,189.09747854248246,50.04704482220677,14.182310890686198,3.753528361665511,0.054266162674394595,0.054266162674394595,0.0,0.37181355216800416,0.37181355216800416,0.0,0.0,0.37181355216800416,1.033973388353461,0.45734552533411726,0.004649741973548011,0.0015958296185454475,0.04402383031211088,0.014727065158312288,0.23317564893786977,1985.0893521452654,868.8601392465574,1916.1651497445548,847.5552339237508,518.546868571142,205.0934419758488,3.100788131271308,2.140222425291694,0.00404903983580567,0.0017470679266243083,advance_eq19_20,0.0,0.0,0.0,0.0,,,107.32128791426383,3.3580092852123614e-16,a1_station_hull_matched_sweep_free_surface_marching_not_benchmark_validated,41,8,24,10,3.0,2,16,15.0,False,none,0.0,1.0,0.0,1.0,trapezoid,1.0,1.0,-1.0,1.0,1.0,1.0,1.0,True,False,True,3.0,11,9,40,True,True,True,True,A1_GRID_RECOMMENDED,"A1 Section 3.3 recommends control radius about 3B, inner free-surface panels greater than 10, outer/free-surface proxy panels greater than 8, and roughly 60 stations at Fn=0.2 or 40 at Fn=0.3."
0,st41_bp8_fs24_cp10_r3p0_h2_fsm_clipfs_onezonefs_noend_pr1p0_pl1p0_pf1p0_pm1p0_dt1p0_fv0p0_hr1p0_hqtrapezoid_hp1p0_hc1p0_cim1p0_cp1p0_cn1p0_cd1p0_pg1p0,A33,OK,diagnostic_matched_wigley_sensitivity_not_hard_gate,wigley_iii,Fn0.4,0.4,2.1696064159197173,1.0,1.808005346599764,1.0,79.95,13,14,25,1.05,1.95,0.07500000000000001,-0.8681874999999999,0.8681874999999999,0.06362499999999982,0.0636250000000001,heave,heave_force,0.44999999999999996,198.7662433324939,44.76423508756562,14.907468249937045,3.3573176315674225,0.057040852040955,0.057040852040955,0.0,0.427467059525679,0.427467059525679,0.0,0.0,0.427467059525679,1.0501046200914539,0.4634050034778622,0.0049772683350294295,0.0017070581718390484,0.047228190579189186,0.015773399701547647,0.2008306912932781,1996.6508302197315,874.8747401819215,1946.0596368048243,858.7846920272834,446.61664525207544,176.48603245257775,3.2107773813461895,2.2153723668129683,0.004265454916619662,0.0018401755209397344,advance_eq19_20,0.0,0.0,0.0,0.0,,,107.99806268512654,3.567210203420904e-16,a1_station_hull_matched_sweep_free_surface_marching_not_benchmark_validated,41,8,24,10,3.0,2,16,15.0,False,none,0.0,1.0,0.0,1.0,trapezoid,1.0,1.0,-1.0,1.0,1.0,1.0,1.0,True,False,True,3.0,11,9,40,True,True,True,True,A1_GRID_RECOMMENDED,"A1 Section 3.3 recommends control radius about 3B, inner free-surface panels greater than 10, outer/free-surface proxy panels greater than 8, and roughly 60 stations at Fn=0.2 or 40 at Fn=0.3."
0,st41_bp8_fs24_cp10_r3p0_h2_fsm_clipfs_onezonefs_noend_pr1p0_pl1p0_pf1p0_pm1p0_dt1p0_fv0p0_hr1p0_hqtrapezoid_hp1p0_hc1p0_cim1p0_cp1p0_cn1p0_cd1p0_pg1p0,A33,OK,diagnostic_matched_wigley_sensitivity_not_hard_gate,wigley_iii,Fn0.4,0.4,2.1696064159197173,1.0,1.808005346599764,1.0,79.95,14,15,24,1.125,1.875,0.07499999999999996,-0.8683593749999999,0.8683593749999999,0.06328124999999996,0.06328125000000007,heave,heave_force,0.375,207.11198805404882,38.57943847498525,15.533399104053652,2.893457885623892,0.05943586832668043,0.05943586832668043,0.0,0.48570541970949666,0.48570541970949666,0.0,0.0,0.48570541970949666,1.06382255531396,0.4686109353390432,0.005263237097630396,0.0018040751501512253,0.050042052730180565,0.01669033575704318,0.16787005889695106,2006.5159406076923,879.8056164672084,1971.4817895370893,868.432353482309,373.31725574423695,147.44884870926273,3.304090278560776,2.279125726342545,0.004443514904753348,0.001916782853900235,advance_eq19_20,0.0,0.0,0.0,0.0,,,108.57779417676022,3.060036637868835e-16,a1_station_hull_matched_sweep_free_surface_marching_not_benchmark_validated,41,8,24,10,3.0,2,16,15.0,False,none,0.0,1.0,0.0,1.0,trapezoid,1.0,1.0,-1.0,1.0,1.0,1.0,1.0,True,False,True,3.0,11,9,40,True,True,True,True,A1_GRID_RECOMMENDED,"A1 Section 3.3 recommends control radius about 3B, inner free-surface panels greater than 10, outer/free-surface proxy panels greater than 8, and roughly 60 stations at Fn=0.2 or 40 at Fn=0.3."
0,st41_bp8_fs24_cp10_r3p0_h2_fsm_clipfs_onezonefs_noend_pr1p0_pl1p0_pf1p0_pm1p0_dt1p0_fv0p0_hr1p0_hqtrapezoid_hp1p0_hc1p0_cim1p0_cp1p0_cn1p0_cd1p0_pg1p0,A33,OK,diagnostic_matched_wigley_sensitivity_not_hard_gate,wigley_iii,Fn0.4,0.4,2.1696064159197173,1.0,1.808005346599764,1.0,79.95,15,16,23,1.2,1.8,0.07499999999999996,-0.8684999999999999,0.8684999999999998,0.06299999999999994,0.06300000000000008,heave,heave_force,0.30000000000000004,214.05129096282013,31.680956461459502,16.0538468222115,2.3760717346094613,0.061427271614533804,0.061427271614533804,0.0,0.5461369896801038,0.5461369896801038,0.0,0.0,0.5461369896801038,1.0750830884612532,0.47291607072117586,0.005502399684921093,0.001885162467481079,0.05241453732607647,0.01746212730958848,0.13456034681540338,2014.6968816028655,883.7737884380441,1992.3498712763562,876.410653965759,299.24156657355843,118.16118982948164,3.380596640518103,2.3313936260270087,0.00458023664475986,0.00197561618449911,advance_eq19_20,0.0,0.0,0.0,0.0,,,109.05701762428855,2.9447793280369205e-16,a1_station_hull_matched_sweep_free_surface_marching_not_benchmark_validated,41,8,24,10,3.0,2,16,15.0,False,none,0.0,1.0,0.0,1.0,trapezoid,1.0,1.0,-1.0,1.0,1.0,1.0,1.0,True,False,True,3.0,11,9,40,True,True,True,True,A1_GRID_RECOMMENDED,"A1 Section 3.3 recommends control radius about 3B, inner free-surface panels greater than 10, outer/free-surface proxy panels greater than 8, and roughly 60 stations at Fn=0.2 or 40 at Fn=0.3."
0,st41_bp8_fs24_cp10_r3p0_h2_fsm_clipfs_onezonefs_noend_pr1p0_pl1p0_pf1p0_pm1p0_dt1p0_fv0p0_hr1p0_hqtrapezoid_hp1p0_hc1p0_cim1p0_cp1p0_cn1p0_cd1p0_pg1p0,A33,OK,diagnostic_matched_wigley_sensitivity_not_hard_gate,wigley_iii,Fn0.4,0.4,2.1696064159197173,1.0,1.808005346599764,1.0,79.95,16,17,22,1.275,1.725,0.07499999999999996,-0.8686093749999999,0.8686093749999999,0.0627812499999999,0.06278125000000001,heave,heave_force,0.2250000000000001,219.51714164749336,24.232082512890734,16.463785623561993,1.817406188466804,0.06299583162228553,0.06299583162228553,0.0,0.6083485412985135,0.6083485412985135,0.0,0.0,0.6083485412985135,1.0838604504067135,0.47628979786037,0.0056905778679526295,0.001948954702264359,0.054304991474826744,0.018076148613004422,0.10105437484267252,2021.1486977639595,886.8361109117333,2008.6161265359506,882.6628635890315,224.72942551580383,88.72778608995011,3.4401988725719077,2.3721103839300364,0.00467340568003299,0.002015729387885104,advance_eq19_20,0.0,0.0,0.0,0.0,,,109.43283246067818,3.075670637240744e-16,a1_station_hull_matched_sweep_free_surface_marching_not_benchmark_validated,41,8,24,10,3.0,2,16,15.0,False,none,0.0,1.0,0.0,1.0,trapezoid,1.0,1.0,-1.0,1.0,1.0,1.0,1.0,True,False,True,3.0,11,9,40,True,True,True,True,A1_GRID_RECOMMENDED,"A1 Section 3.3 recommends control radius about 3B, inner free-surface panels greater than 10, outer/free-surface proxy panels greater than 8, and roughly 60 stations at Fn=0.2 or 40 at Fn=0.3."
0,st41_bp8_fs24_cp10_r3p0_h2_fsm_clipfs_onezonefs_noend_pr1p0_pl1p0_pf1p0_pm1p0_dt1p0_fv0p0_hr1p0_hqtrapezoid_hp1p0_hc1p0_cim1p0_cp1p0_cn1p0_cd1p0_pg1p0,A33,OK,diagnostic_matched_wigley_sensitivity_not_hard_gate,wigley_iii,Fn0.4,0.4,2.1696064159197173,1.0,1.808005346599764,1.0,79.95,17,18,21,1.3499999999999999,1.6500000000000001,0.07500000000000007,-0.8686874999999998,0.8686875,0.0626249999999999,0.06262500000000004,heave,heave_force,0.15000000000000013,223.45807300051186,16.380716270417356,16.759355475038404,1.2285537202813028,0.06412677860021415,0.06412677860021415,0.0,0.6719098464097633,0.6719098464097633,0.0,0.0,0.6719098464097633,1.0901396822362224,0.47871234137661256,0.005824601006937813,0.0019944165541190065,0.055682278820061805,0.018522707338969716,0.06744042599692061,2025.812098743594,889.0168453946723,2020.2528333742493,887.1523345095121,149.97716045865982,59.210977137160064,3.4828260312488517,2.401228922933189,0.004721547040190524,0.0020364917546065427,advance_eq19_20,0.0,0.0,0.0,0.0,,,109.70294068380586,3.424652139803998e-16,a1_station_hull_matched_sweep_free_surface_marching_not_benchmark_validated,41,8,24,10,3.0,2,16,15.0,False,none,0.0,1.0,0.0,1.0,trapezoid,1.0,1.0,-1.0,1.0,1.0,1.0,1.0,True,False,True,3.0,11,9,40,True,True,True,True,A1_GRID_RECOMMENDED,"A1 Section 3.3 recommends control radius about 3B, inner free-surface panels greater than 10, outer/free-surface proxy panels greater than 8, and roughly 60 stations at Fn=0.2 or 40 at Fn=0.3."
0,st41_bp8_fs24_cp10_r3p0_h2_fsm_clipfs_onezonefs_noend_pr1p0_pl1p0_pf1p0_pm1p0_dt1p0_fv0p0_hr1p0_hqtrapezoid_hp1p0_hc1p0_cim1p0_cp1p0_cn1p0_cd1p0_pg1p0,A33,OK,diagnostic_matched_wigley_sensitivity_not_hard_gate,wigley_iii,Fn0.4,0.4,2.1696064159197173,1.0,1.808005346599764,1.0,79.95,18,19,20,1.425,1.575,0.07500000000000007,-0.8687343749999998,0.868734375,0.06253124999999993,0.06253125000000004,heave,heave_force,0.07499999999999996,225.83762454839092,8.265342271863506,16.937821841129335,0.6199006703897635,0.06480964932056753,0.06480964932056753,0.0,0.7363780603701541,0.7363780603701541,0.0,0.0,0.7363780603701541,1.093912358162498,0.48017140040343026,0.005902266716959161,0.002020828984221121,0.05652433879735295,0.01879492916115597,0.03377020895487307,2028.6349447040125,890.324752095975,2027.2443770760863,889.8562706940404,75.09976356582817,29.64894293299291,3.5084298382582646,2.418717600295716,0.004723908319502366,0.002037580917197552,advance_eq19_20,0.0,0.0,0.0,0.0,,,109.86567790060892,3.3834339755042845e-16,a1_station_hull_matched_sweep_free_surface_marching_not_benchmark_validated,41,8,24,10,3.0,2,16,15.0,False,none,0.0,1.0,0.0,1.0,trapezoid,1.0,1.0,-1.0,1.0,1.0,1.0,1.0,True,False,True,3.0,11,9,40,True,True,True,True,A1_GRID_RECOMMENDED,"A1 Section 3.3 recommends control radius about 3B, inner free-surface panels greater than 10, outer/free-surface proxy panels greater than 8, and roughly 60 stations at Fn=0.2 or 40 at Fn=0.3."
0,st41_bp8_fs24_cp10_r3p0_h2_fsm_clipfs_onezonefs_noend_pr1p0_pl1p0_pf1p0_pm1p0_dt1p0_fv0p0_hr1p0_hqtrapezoid_hp1p0_hc1p0_cim1p0_cp1p0_cn1p0_cd1p0_pg1p0,A33,OK,diagnostic_matched_wigley_sensitivity_not_hard_gate,wigley_iii,Fn0.4,0.4,2.1696064159197173,1.0,1.808005346599764,1.0,79.95,19,20,19,1.5,1.5,0.07499999999999996,-0.8687499999999999,0.8687499999999999,0.062499999999999944,0.06250000000000003,heave,heave_force,0.0,226.6340202618419,0.01902234422216893,16.997551519638133,0.0014266758166626688,0.06503819461727064,0.06503819461727064,0.0,0.8013019823390732,0.8013019823390732,0.0,0.0,0.8013019823390732,1.0951741921259466,0.4806602325876326,0.005922317242792909,0.0020277810217175607,0.05681792103927579,0.01888868853526213,7.649904911244882e-05,2029.5828218222578,890.7621806002368,2029.582814692333,890.762177176734,0.17012214846027968,0.07809643747090111,3.516982100513064,2.424558110480703,0.004680451774503839,0.002018979539495508,advance_eq19_20,0.0,0.0,0.0,0.0,,,109.92003615667433,4.482763751301368e-16,a1_station_hull_matched_sweep_free_surface_marching_not_benchmark_validated,41,8,24,10,3.0,2,16,15.0,False,none,0.0,1.0,0.0,1.0,trapezoid,1.0,1.0,-1.0,1.0,1.0,1.0,1.0,True,False,True,3.0,11,9,40,True,True,True,True,A1_GRID_RECOMMENDED,"A1 Section 3.3 recommends control radius about 3B, inner free-surface panels greater than 10, outer/free-surface proxy panels greater than 8, and roughly 60 stations at Fn=0.2 or 40 at Fn=0.3."
0,st41_bp8_fs24_cp10_r3p0_h2_fsm_clipfs_onezonefs_noend_pr1p0_pl1p0_pf1p0_pm1p0_dt1p0_fv0p0_hr1p0_hqtrapezoid_hp1p0_hc1p0_cim1p0_cp1p0_cn1p0_cd1p0_pg1p0,A33,OK,diagnostic_matched_wigley_sensitivity_not_hard_gate,wigley_iii,Fn0.4,0.4,2.1696064159197173,1.0,1.808005346599764,1.0,79.95,20,21,18,1.575,1.425,0.07499999999999996,-0.8687343749999998,0.868734375,0.06253124999999993,0.06253125000000004,heave,heave_force,-0.07499999999999996,225.8399967519119,-8.227661503447377,16.937999756393385,-0.6170746127585529,0.06481033008259111,0.06481033008259111,0.0,0.8662262446890039,0.8662262446890039,0.0,0.0,0.8662262446890039,1.0939238238702733,0.48017666806251486,0.005884427307890411,0.002015165579522572,0.056558442669867266,0.018802571675711657,0.03362003983926323,2028.6438431377421,890.3294905548119,2027.2656253885702,889.8660327487241,74.76581049221056,29.516500060985617,3.5084732550620505,2.4187442848427607,0.0045918539753615015,0.0019809751564165037,advance_eq19_20,0.0,0.0,0.0,0.0,,,109.86567790060924,4.455453127881528e-16,a1_station_hull_matched_sweep_free_surface_marching_not_benchmark_validated,41,8,24,10,3.0,2,16,15.0,False,none,0.0,1.0,0.0,1.0,trapezoid,1.0,1.0,-1.0,1.0,1.0,1.0,1.0,True,False,True,3.0,11,9,40,True,True,True,True,A1_GRID_RECOMMENDED,"A1 Section 3.3 recommends control radius about 3B, inner free-surface panels greater than 10, outer/free-surface proxy panels greater than 8, and roughly 60 stations at Fn=0.2 or 40 at Fn=0.3."
0,st41_bp8_fs24_cp10_r3p0_h2_fsm_clipfs_onezonefs_noend_pr1p0_pl1p0_pf1p0_pm1p0_dt1p0_fv0p0_hr1p0_hqtrapezoid_hp1p0_hc1p0_cim1p0_cp1p0_cn1p0_cd1p0_pg1p0,A33,OK,diagnostic_matched_wigley_sensitivity_not_hard_gate,wigley_iii,Fn0.4,0.4,2.1696064159197173,1.0,1.808005346599764,1.0,79.95,21,22,17,1.65,1.35,0.07499999999999996,-0.8686874999999998,0.8686875,0.0626249999999999,0.06262500000000004,heave,heave_force,-0.1499999999999999,223.46274979138582,-16.34411917096314,16.759706234353928,-1.2258089378222348,0.06412812072014244,0.06412812072014244,0.0,0.9306954700903708,0.9306954700903708,0.0,0.0,0.9306954700903708,1.0901624476937595,0.4787228053983949,0.005789201377995437,0.0019831784725881456,0.05574994192093065,0.018537864628652246,0.06729360118242624,2025.830025728762,889.0263728923173,2020.2950224449178,887.1717264920247,149.65064459762797,59.08146473165726,3.4829119011044725,2.4012817022157646,0.0044595129355907565,0.0019241631299613178,advance_eq19_20,0.0,0.0,0.0,0.0,,,109.70294068380586,4.6872090147072e-16,a1_station_hull_matched_sweep_free_surface_marching_not_benchmark_validated,41,8,24,10,3.0,2,16,15.0,False,none,0.0,1.0,0.0,1.0,trapezoid,1.0,1.0,-1.0,1.0,1.0,1.0,1.0,True,False,True,3.0,11,9,40,True,True,True,True,A1_GRID_RECOMMENDED,"A1 Section 3.3 recommends control radius about 3B, inner free-surface panels greater than 10, outer/free-surface proxy panels greater than 8, and roughly 60 stations at Fn=0.2 or 40 at Fn=0.3."
0,st41_bp8_fs24_cp10_r3p0_h2_fsm_clipfs_onezonefs_noend_pr1p0_pl1p0_pf1p0_pm1p0_dt1p0_fv0p0_hr1p0_hqtrapezoid_hp1p0_hc1p0_cim1p0_cp1p0_cn1p0_cd1p0_pg1p0,A33,OK,diagnostic_matched_wigley_sensitivity_not_hard_gate,wigley_iii,Fn0.4,0.4,2.1696064159197173,1.0,1.808005346599764,1.0,79.95,22,23,16,1.7249999999999999,1.2750000000000001,0.07499999999999996,-0.8686093749999999,0.8686093749999999,0.0627812499999999,0.06278125000000001,heave,heave_force,-0.22499999999999987,219.5239894040882,-24.19726518129474,16.464299205306606,-1.8147948885971044,0.06299779675411168,0.06299779675411168,0.0,0.9942584288274978,0.9942584288274978,0.0,0.0,0.9942584288274978,1.083894183911762,0.47630531573160545,0.0056381798872008684,0.0019323204500141012,0.05440511959576057,0.018098564193533295,0.10091312290139623,2021.1759234644999,886.8505323154899,2008.6786416523748,882.6916213930471,224.41530286979832,88.60315619078732,3.440325276957441,2.372188084158,0.004285564013078127,0.001849453255428239,advance_eq19_20,0.0,0.0,0.0,0.0,,,109.43283246067818,2.891984259633311e-16,a1_station_hull_matched_sweep_free_surface_marching_not_benchmark_validated,41,8,24,10,3.0,2,16,15.0,False,none,0.0,1.0,0.0,1.0,trapezoid,1.0,1.0,-1.0,1.0,1.0,1.0,1.0,True,False,True,3.0,11,9,40,True,True,True,True,A1_GRID_RECOMMENDED,"A1 Section 3.3 recommends control radius about 3B, inner free-surface panels greater than 10, outer/free-surface proxy panels greater than 8, and roughly 60 stations at Fn=0.2 or 40 at Fn=0.3."
0,st41_bp8_fs24_cp10_r3p0_h2_fsm_clipfs_onezonefs_noend_pr1p0_pl1p0_pf1p0_pm1p0_dt1p0_fv0p0_hr1p0_hqtrapezoid_hp1p0_hc1p0_cim1p0_cp1p0_cn1p0_cd1p0_pg1p0,A33,OK,diagnostic_matched_wigley_sensitivity_not_hard_gate,wigley_iii,Fn0.4,0.4,2.1696064159197173,1.0,1.808005346599764,1.0,79.95,23,24,15,1.7999999999999998,1.2000000000000002,0.07500000000000007,-0.8684999999999999,0.8684999999999998,0.06299999999999994,0.06300000000000008,heave,heave_force,-0.2999999999999998,214.06011320145626,-31.648577770713246,16.054508490109235,-2.3736433328034954,0.06142980337244348,0.06142980337244348,0.0,1.0564722288907753,1.0564722288907753,0.0,0.0,1.0564722288907753,1.0751272926169035,0.4729364287047042,0.005433855463895482,0.0018634026188662366,0.052545475665628893,0.017491413673671394,0.13442690458091774,2014.733838690644,883.793271258052,1992.4317906598578,876.4483814924009,298.94481151726137,118.04340078450814,3.380760722892615,2.331494500376723,0.004072907606869083,0.0017580812701445203,advance_eq19_20,0.0,0.0,0.0,0.0,,,109.05701762428855,3.3877758554803483e-16,a1_station_hull_matched_sweep_free_surface_marching_not_benchmark_validated,41,8,24,10,3.0,2,16,15.0,False,none,0.0,1.0,0.0,1.0,trapezoid,1.0,1.0,-1.0,1.0,1.0,1.0,1.0,True,False,True,3.0,11,9,40,True,True,True,True,A1_GRID_RECOMMENDED,"A1 Section 3.3 recommends control radius about 3B, inner free-surface panels greater than 10, outer/free-surface proxy panels greater than 8, and roughly 60 stations at Fn=0.2 or 40 at Fn=0.3."
0,st41_bp8_fs24_cp10_r3p0_h2_fsm_clipfs_onezonefs_noend_pr1p0_pl1p0_pf1p0_pm1p0_dt1p0_fv0p0_hr1p0_hqtrapezoid_hp1p0_hc1p0_cim1p0_cp1p0_cn1p0_cd1p0_pg1p0,A33,OK,diagnostic_matched_wigley_sensitivity_not_hard_gate,wigley_iii,Fn0.4,0.4,2.1696064159197173,1.0,1.808005346599764,1.0,79.95,24,25,14,1.875,1.125,0.07500000000000007,-0.8683593749999999,0.8683593749999999,0.06328124999999996,0.06328125000000007,heave,heave_force,-0.375,207.1225299386979,-38.550110234014916,15.534189745402356,-2.8912582675511214,0.059438893579220484,0.059438893579220484,0.0,1.1169065773666074,1.1169065773666074,0.0,0.0,1.1169065773666074,1.0638765660348677,0.4686358479914671,0.00517970196090121,0.0017775563113929809,0.05020156603402215,0.01672597021350044,0.1677466975452547,2006.5632655963939,879.8304060973898,1971.5818825010685,868.478521746309,373.04291902461705,147.33988819034957,3.3042882661598565,2.2792474693829394,0.003825254303651733,0.0016516276071645549,advance_eq19_20,0.0,0.0,0.0,0.0,,,108.57779417676022,3.631035261865698e-16,a1_station_hull_matched_sweep_free_surface_marching_not_benchmark_validated,41,8,24,10,3.0,2,16,15.0,False,none,0.0,1.0,0.0,1.0,trapezoid,1.0,1.0,-1.0,1.0,1.0,1.0,1.0,True,False,True,3.0,11,9,40,True,True,True,True,A1_GRID_RECOMMENDED,"A1 Section 3.3 recommends control radius about 3B, inner free-surface panels greater than 10, outer/free-surface proxy panels greater than 8, and roughly 60 stations at Fn=0.2 or 40 at Fn=0.3."
0,st41_bp8_fs24_cp10_r3p0_h2_fsm_clipfs_onezonefs_noend_pr1p0_pl1p0_pf1p0_pm1p0_dt1p0_fv0p0_hr1p0_hqtrapezoid_hp1p0_hc1p0_cim1p0_cp1p0_cn1p0_cd1p0_pg1p0,A33,OK,diagnostic_matched_wigley_sensitivity_not_hard_gate,wigley_iii,Fn0.4,0.4,2.1696064159197173,1.0,1.808005346599764,1.0,79.95,25,26,13,1.95,1.05,0.07499999999999996,-0.8681874999999999,0.8681874999999999,0.0636249999999999,0.06362500000000004,heave,heave_force,-0.44999999999999996,198.77819726971106,-44.73851858232376,14.908364795228321,-3.3553888936742804,0.057044282516636735,0.057044282516636735,0.0,1.175148165414536,1.175148165414536,0.0,0.0,1.175148165414536,1.0501676028761633,0.4634341119375987,0.004880221658661715,0.0016762494335688196,0.0474134293529073,0.015814717193676924,0.20071977473659103,1996.7094366553483,874.905186424452,1946.1763568466097,858.8386359843893,446.36998384722995,176.38796980119207,3.2110046070496754,2.2155121294019966,0.003547197616697343,0.0015320475964546057,advance_eq19_20,0.0,0.0,0.0,0.0,,,107.99806268512636,3.2091314146424767e-16,a1_station_hull_matched_sweep_free_surface_marching_not_benchmark_validated,41,8,24,10,3.0,2,16,15.0,False,none,0.0,1.0,0.0,1.0,trapezoid,1.0,1.0,-1.0,1.0,1.0,1.0,1.0,True,False,True,3.0,11,9,40,True,True,True,True,A1_GRID_RECOMMENDED,"A1 Section 3.3 recommends control radius about 3B, inner free-surface panels greater than 10, outer/free-surface proxy panels greater than 8, and roughly 60 stations at Fn=0.2 or 40 at Fn=0.3."
0,st41_bp8_fs24_cp10_r3p0_h2_fsm_clipfs_onezonefs_noend_pr1p0_pl1p0_pf1p0_pm1p0_dt1p0_fv0p0_hr1p0_hqtrapezoid_hp1p0_hc1p0_cim1p0_cp1p0_cn1p0_cd1p0_pg1p0,A33,OK,diagnostic_matched_wigley_sensitivity_not_hard_gate,wigley_iii,Fn0.4,0.4,2.1696064159197173,1.0,1.808005346599764,1.0,79.95,26,27,12,2.025,0.9750000000000001,0.07500000000000007,-0.8679843749999999,0.8679843749999999,0.06403124999999998,0.0640312500000001,heave,heave_force,-0.5249999999999999,189.11049040917206,-50.02545820788138,14.183286780687917,-3.7519093655911067,0.05426989674890429,0.05426989674890429,0.0,1.2308052550473065,1.2308052550473065,0.0,0.0,1.2308052550473065,1.0340443286457757,0.4573783929449023,0.004541020301898576,0.0015613129805113403,0.0442312738724469,0.01477324600504256,0.2330797530633263,1985.160561581068,868.8967423204759,1916.296616683044,847.6161443601809,518.3336108588554,205.00853628923846,3.101039046762131,2.140376824560441,0.0032443327727332593,0.0014017207575845723,advance_eq19_20,0.0,0.0,0.0,0.0,,,107.32128791426383,2.868019573314593e-16,a1_station_hull_matched_sweep_free_surface_marching_not_benchmark_validated,41,8,24,10,3.0,2,16,15.0,False,none,0.0,1.0,0.0,1.0,trapezoid,1.0,1.0,-1.0,1.0,1.0,1.0,1.0,True,False,True,3.0,11,9,40,True,True,True,True,A1_GRID_RECOMMENDED,"A1 Section 3.3 recommends control radius about 3B, inner free-surface panels greater than 10, outer/free-surface proxy panels greater than 8, and roughly 60 stations at Fn=0.2 or 40 at Fn=0.3."
0,st41_bp8_fs24_cp10_r3p0_h2_fsm_clipfs_onezonefs_noend_pr1p0_pl1p0_pf1p0_pm1p0_dt1p0_fv0p0_hr1p0_hqtrapezoid_hp1p0_hc1p0_cim1p0_cp1p0_cn1p0_cd1p0_pg1p0,A33,OK,diagnostic_matched_wigley_sensitivity_not_hard_gate,wigley_iii,Fn0.4,0.4,2.1696064159197173,1.0,1.808005346599764,1.0,79.95,27,28,11,2.1,0.8999999999999999,0.07499999999999996,-0.8677499999999999,0.8677499999999999,0.06449999999999989,0.06450000000000003,heave,heave_force,-0.6000000000000001,178.22061301210098,-54.18121545128388,13.366545975907567,-4.063591158846289,0.05114477914877235,0.05114477914877235,0.0,1.2835125929961448,1.2835125929961448,0.0,0.0,1.2835125929961448,1.0155824177221924,0.450542658486472,0.004168927564207721,0.0014349843845054306,0.04071658547395891,0.013620550732048244,0.2643564720456754,1971.7628224202422,861.561838112964,1882.0829021833,834.9481238001832,587.8882352862037,232.88832936272885,2.9745624488960893,2.0539598215647197,0.0029234558202943196,0.001263533328166345,advance_eq19_20,0.0,0.0,0.0,0.0,,,106.55145429053415,3.678190927839823e-16,a1_station_hull_matched_sweep_free_surface_marching_not_benchmark_validated,41,8,24,10,3.0,2,16,15.0,False,none,0.0,1.0,0.0,1.0,trapezoid,1.0,1.0,-1.0,1.0,1.0,1.0,1.0,True,False,True,3.0,11,9,40,True,True,True,True,A1_GRID_RECOMMENDED,"A1 Section 3.3 recommends control radius about 3B, inner free-surface panels greater than 10, outer/free-surface proxy panels greater than 8, and roughly 60 stations at Fn=0.2 or 40 at Fn=0.3."
0,st41_bp8_fs24_cp10_r3p0_h2_fsm_clipfs_onezonefs_noend_pr1p0_pl1p0_pf1p0_pm1p0_dt1p0_fv0p0_hr1p0_hqtrapezoid_hp1p0_hc1p0_cim1p0_cp1p0_cn1p0_cd1p0_pg1p0,A33,OK,diagnostic_matched_wigley_sensitivity_not_hard_gate,wigley_iii,Fn0.4,0.4,2.1696064159197173,1.0,1.808005346599764,1.0,79.95,28,29,10,2.175,0.8250000000000002,0.07499999999999996,-0.8674843749999999,0.8674843749999999,0.06503124999999987,0.0650312500000001,heave,heave_force,-0.6749999999999998,166.22994373495425,-56.9051574937665,12.46724578012156,-4.2678868120324855,0.047703762300827825,0.047703762300827825,0.0,1.3329368637209447,1.3329368637209447,0.0,0.0,1.3329368637209447,0.9949139671413642,0.44304604346126536,0.0037721970844628826,0.0012999802432925958,0.03694395417624056,0.012379515830402742,0.29370480917355124,1956.0509869592452,852.4279045820359,1843.7800162983274,821.0553557520351,653.1544343286483,259.46284716472155,2.8318015838669646,1.9564197432592962,0.0025929112704469,0.0011210220598699577,advance_eq19_20,0.0,0.0,0.0,0.0,,,105.69301673551156,2.8479861601759977e-16,a1_station_hull_matched_sweep_free_surface_marching_not_benchmark_validated,41,8,24,10,3.0,2,16,15.0,False,none,0.0,1.0,0.0,1.0,trapezoid,1.0,1.0,-1.0,1.0,1.0,1.0,1.0,True,False,True,3.0,11,9,40,True,True,True,True,A1_GRID_RECOMMENDED,"A1 Section 3.3 recommends control radius about 3B, inner free-surface panels greater than 10, outer/free-surface proxy panels greater than 8, and roughly 60 stations at Fn=0.2 or 40 at Fn=0.3."
0,st41_bp8_fs24_cp10_r3p0_h2_fsm_clipfs_onezonefs_noend_pr1p0_pl1p0_pf1p0_pm1p0_dt1p0_fv0p0_hr1p0_hqtrapezoid_hp1p0_hc1p0_cim1p0_cp1p0_cn1p0_cd1p0_pg1p0,A33,OK,diagnostic_matched_wigley_sensitivity_not_hard_gate,wigley_iii,Fn0.4,0.4,2.1696064159197173,1.0,1.808005346599764,1.0,79.95,29,30,9,2.25,0.75,0.07499999999999996,-0.8671874999999999,0.8671874999999999,0.06562499999999982,0.0656250000000001,heave,heave_force,-0.75,153.2840902589994,-57.76868631926336,11.49630676942495,-4.3326514739447495,0.04398863190300386,0.04398863190300386,0.0,1.3787830608228608,1.3787830608228608,0.0,0.0,1.3787830608228608,0.9722747779099933,0.4350875511568972,0.003360865095991852,0.0011596254655647507,0.03300418732622623,0.011077749888361686,0.3195680245293102,1936.9112920462255,840.6037345899459,1801.8249467460003,806.3066341989352,710.6702572501205,283.6707388750141,2.673064234387393,1.8479734535455137,0.0022632810921724912,0.0009786604514626413,advance_eq19_20,0.0,0.0,0.0,0.0,,,104.75084920458065,3.592794816991905e-16,a1_station_hull_matched_sweep_free_surface_marching_not_benchmark_validated,41,8,24,10,3.0,2,16,15.0,False,none,0.0,1.0,0.0,1.0,trapezoid,1.0,1.0,-1.0,1.0,1.0,1.0,1.0,True,False,True,3.0,11,9,40,True,True,True,True,A1_GRID_RECOMMENDED,"A1 Section 3.3 recommends control radius about 3B, inner free-surface panels greater than 10, outer/free-surface proxy panels greater than 8, and roughly 60 stations at Fn=0.2 or 40 at Fn=0.3."
0,st41_bp8_fs24_cp10_r3p0_h2_fsm_clipfs_onezonefs_noend_pr1p0_pl1p0_pf1p0_pm1p0_dt1p0_fv0p0_hr1p0_hqtrapezoid_hp1p0_hc1p0_cim1p0_cp1p0_cn1p0_cd1p0_pg1p0,A33,OK,diagnostic_matched_wigley_sensitivity_not_hard_gate,wigley_iii,Fn0.4,0.4,2.1696064159197173,1.0,1.808005346599764,1.0,79.95,30,31,8,2.3249999999999997,0.6750000000000003,0.07499999999999996,-0.866859375,0.866859375,0.06628124999999996,0.06628125000000007,heave,heave_force,-0.8249999999999997,139.56028716848678,-56.09499413731595,10.467021537636503,-4.207124560298694,0.04005024976929496,0.04005024976929496,0.0,1.42080250165901,1.42080250165901,0.0,0.0,1.42080250165901,0.9481001241356883,0.4270154307701168,0.0029474630493744364,0.0010180997061051487,0.029009901009574318,0.009749084155319308,0.3389982328406853,1911.9282664695704,824.4968913280559,1757.0243458879552,791.3473364607968,753.8800594805119,303.3903735717591,2.4987882171202074,1.7289307253033879,0.0019489058642198757,0.0008424937435673576,advance_eq19_20,0.0,0.0,0.0,0.0,,,103.73019523740956,5.31463429596714e-16,a1_station_hull_matched_sweep_free_surface_marching_not_benchmark_validated,41,8,24,10,3.0,2,16,15.0,False,none,0.0,1.0,0.0,1.0,trapezoid,1.0,1.0,-1.0,1.0,1.0,1.0,1.0,True,False,True,3.0,11,9,40,True,True,True,True,A1_GRID_RECOMMENDED,"A1 Section 3.3 recommends control radius about 3B, inner free-surface panels greater than 10, outer/free-surface proxy panels greater than 8, and roughly 60 stations at Fn=0.2 or 40 at Fn=0.3."
0,st41_bp8_fs24_cp10_r3p0_h2_fsm_clipfs_onezonefs_noend_pr1p0_pl1p0_pf1p0_pm1p0_dt1p0_fv0p0_hr1p0_hqtrapezoid_hp1p0_hc1p0_cim1p0_cp1p0_cn1p0_cd1p0_pg1p0,A33,OK,diagnostic_matched_wigley_sensitivity_not_hard_gate,wigley_iii,Fn0.4,0.4,2.1696064159197173,1.0,1.808005346599764,1.0,79.95,31,32,7,2.4,0.6000000000000001,0.07500000000000018,-0.8664999999999999,0.8664999999999998,0.06699999999999995,0.06700000000000006,heave,heave_force,-0.8999999999999999,125.28201823987737,-50.67526372330243,9.396151367990825,-3.800644779247691,0.03595275005454028,0.03595275005454028,0.0,1.4588040015709278,1.4588040015709278,0.0,0.0,1.4588040015709278,0.9232339753486274,0.41947675570145343,0.00254832155615865,0.0008808565388924073,0.025106995973055518,0.008436590896472905,0.3463474975876789,1876.3176621331784,801.7801050412136,1710.9422626826947,777.3766225096145,770.223696726566,314.22302797473736,2.3096496325124973,1.5997710286686737,0.001669236425346888,0.0007206072936605393,advance_eq19_20,0.0,0.0,0.0,0.0,,,102.63663006147284,5.167954798531158e-16,a1_station_hull_matched_sweep_free_surface_marching_not_benchmark_validated,41,8,24,10,3.0,2,16,15.0,False,none,0.0,1.0,0.0,1.0,trapezoid,1.0,1.0,-1.0,1.0,1.0,1.0,1.0,True,False,True,3.0,11,9,40,True,True,True,True,A1_GRID_RECOMMENDED,"A1 Section 3.3 recommends control radius about 3B, inner free-surface panels greater than 10, outer/free-surface proxy panels greater than 8, and roughly 60 stations at Fn=0.2 or 40 at Fn=0.3."
0,st41_bp8_fs24_cp10_r3p0_h2_fsm_clipfs_onezonefs_noend_pr1p0_pl1p0_pf1p0_pm1p0_dt1p0_fv0p0_hr1p0_hqtrapezoid_hp1p0_hc1p0_cim1p0_cp1p0_cn1p0_cd1p0_pg1p0,A33,OK,diagnostic_matched_wigley_sensitivity_not_hard_gate,wigley_iii,Fn0.4,0.4,2.1696064159197173,1.0,1.808005346599764,1.0,79.95,32,33,6,2.475,0.5249999999999999,0.07499999999999996,-0.866109375,0.866109375,0.06778124999999988,0.06778125000000013,heave,heave_force,-0.9750000000000001,110.75128058177427,-39.00013609030826,8.306346043633065,-2.9250102067731176,0.03178279824126719,0.03178279824126719,0.0,1.4926717757188315,1.4926717757188315,0.0,0.0,1.4926717757188315,0.8994353962963075,0.41377430354960715,0.0021867106966019195,0.0007554881159964247,0.021500542120628068,0.007199270195261448,0.33222770115937,1823.2418946058972,773.0904637653555,1666.8386055604217,766.8088069308656,738.8234357811683,319.837982764565,2.1068323058701726,1.461336234129501,0.0014502965404057312,0.0006233940637144499,advance_eq19_20,0.0,0.0,0.0,0.0,,,101.4760582021312,2.527298615458326e-16,a1_station_hull_matched_sweep_free_surface_marching_not_benchmark_validated,41,8,24,10,3.0,2,16,15.0,False,none,0.0,1.0,0.0,1.0,trapezoid,1.0,1.0,-1.0,1.0,1.0,1.0,1.0,True,False,True,3.0,11,9,40,True,True,True,True,A1_GRID_RECOMMENDED,"A1 Section 3.3 recommends control radius about 3B, inner free-surface panels greater than 10, outer/free-surface proxy panels greater than 8, and roughly 60 stations at Fn=0.2 or 40 at Fn=0.3."
0,st41_bp8_fs24_cp10_r3p0_h2_fsm_clipfs_onezonefs_noend_pr1p0_pl1p0_pf1p0_pm1p0_dt1p0_fv0p0_hr1p0_hqtrapezoid_hp1p0_hc1p0_cim1p0_cp1p0_cn1p0_cd1p0_pg1p0,A33,OK,diagnostic_matched_wigley_sensitivity_not_hard_gate,wigley_iii,Fn0.4,0.4,2.1696064159197173,1.0,1.808005346599764,1.0,79.95,33,34,5,2.55,0.4500000000000002,0.07499999999999996,-0.8656874999999999,0.8656874999999999,0.06862499999999994,0.06862500000000005,heave,heave_force,-1.0499999999999998,96.43044809001097,-14.59342911044651,7.232283606750818,-1.0945071832834876,0.027673083867385727,0.027673083867385727,0.0,1.522399716773158,1.522399716773158,0.0,0.0,1.522399716773158,0.8807829718517762,0.41284284383501774,0.0019211619261542778,0.0006597987218009208,0.018486967813415668,0.006121919392914538,0.30845252919040544,1770.5480058851638,781.7028537947824,1632.2718303595918,765.0826206831425,685.9511009966217,291.27239734635594,1.8927662695443477,1.3153659849839763,0.0014672449423825961,0.0006257937005027717,advance_eq19_20,0.0,0.0,0.0,0.0,,,100.2548122089833,3.855259296589527e-16,a1_station_hull_matched_sweep_free_surface_marching_not_benchmark_validated,41,8,24,10,3.0,2,16,15.0,False,none,0.0,1.0,0.0,1.0,trapezoid,1.0,1.0,-1.0,1.0,1.0,1.0,1.0,True,False,True,3.0,11,9,40,True,True,True,True,A1_GRID_RECOMMENDED,"A1 Section 3.3 recommends control radius about 3B, inner free-surface panels greater than 10, outer/free-surface proxy panels greater than 8, and roughly 60 stations at Fn=0.2 or 40 at Fn=0.3."
0,st41_bp8_fs24_cp10_r3p0_h2_fsm_clipfs_onezonefs_noend_pr1p0_pl1p0_pf1p0_pm1p0_dt1p0_fv0p0_hr1p0_hqtrapezoid_hp1p0_hc1p0_cim1p0_cp1p0_cn1p0_cd1p0_pg1p0,A33,OK,diagnostic_matched_wigley_sensitivity_not_hard_gate,wigley_iii,Fn0.4,0.4,2.1696064159197173,1.0,1.808005346599764,1.0,79.95,34,35,4,2.625,0.375,0.07499999999999996,-0.8652343749999999,0.8652343749999999,0.06953124999999993,0.06953125000000009,heave,heave_force,-1.125,83.21082271582767,47.43775572869748,6.240811703687072,3.557831679652309,0.023879387903910372,0.023879387903910372,0.0,1.548175952658806,1.548175952658806,0.0,0.0,1.548175952658806,0.8785734349263771,0.424589141967335,0.0019433096866827222,0.0007309997735408662,0.016569026429597004,0.00551253080578267,0.6428827158432585,2166.7773805076476,1259.5685020903031,1628.1771044205948,786.8509247547765,1429.6725266018616,983.5539810658912,1.6737526827816962,1.1664022544862045,0.0025179356551944046,0.001060455547228274,advance_eq19_20,0.0,0.0,0.0,0.0,,,98.98004886155589,6.33161067423497e-16,a1_station_hull_matched_sweep_free_surface_marching_not_benchmark_validated,41,8,24,10,3.0,2,16,15.0,False,none,0.0,1.0,0.0,1.0,trapezoid,1.0,1.0,-1.0,1.0,1.0,1.0,1.0,True,False,True,3.0,11,9,40,True,True,True,True,A1_GRID_RECOMMENDED,"A1 Section 3.3 recommends control radius about 3B, inner free-surface panels greater than 10, outer/free-surface proxy panels greater than 8, and roughly 60 stations at Fn=0.2 or 40 at Fn=0.3."
0,st41_bp8_fs24_cp10_r3p0_h2_fsm_clipfs_onezonefs_noend_pr1p0_pl1p0_pf1p0_pm1p0_dt1p0_fv0p0_hr1p0_hqtrapezoid_hp1p0_hc1p0_cim1p0_cp1p0_cn1p0_cd1p0_pg1p0,A33,OK,diagnostic_matched_wigley_sensitivity_not_hard_gate,wigley_iii,Fn0.4,0.4,2.1696064159197173,1.0,1.808005346599764,1.0,79.95,35,36,3,2.6999999999999997,0.30000000000000027,0.07499999999999996,-0.8647499999999999,0.8647499999999999,0.0704999999999999,0.07050000000000001,heave,heave_force,-1.1999999999999997,73.81077755956449,367.22116496160413,5.5358083169673336,27.541587372120294,0.021181814231706,0.021181814231706,0.0,1.570706553726614,1.570706553726614,0.0,0.0,1.570706553726614,0.9374857563241167,0.4791842446901841,0.0019639687523830473,0.0008967896016431906,0.01896761414031435,0.006657620063104909,4.197255061625219,9494.362099143334,6275.671642386808,1737.3537412900046,888.026868316378,9334.051298727421,6212.524675541027,1.4754670142255673,1.0328271397212498,0.0002583744709660742,0.0001182227659859643,advance_eq19_20,0.0,0.0,0.0,0.0,,,97.66111149943443,5.318950711795521e-16,a1_station_hull_matched_sweep_free_surface_marching_not_benchmark_validated,41,8,24,10,3.0,2,16,15.0,False,none,0.0,1.0,0.0,1.0,trapezoid,1.0,1.0,-1.0,1.0,1.0,1.0,1.0,True,False,True,3.0,11,9,40,True,True,True,True,A1_GRID_RECOMMENDED,"A1 Section 3.3 recommends control radius about 3B, inner free-surface panels greater than 10, outer/free-surface proxy panels greater than 8, and roughly 60 stations at Fn=0.2 or 40 at Fn=0.3."
0,st41_bp8_fs24_cp10_r3p0_h2_fsm_clipfs_onezonefs_noend_pr1p0_pl1p0_pf1p0_pm1p0_dt1p0_fv0p0_hr1p0_hqtrapezoid_hp1p0_hc1p0_cim1p0_cp1p0_cn1p0_cd1p0_pg1p0,A33,OK,diagnostic_matched_wigley_sensitivity_not_hard_gate,wigley_iii,Fn0.4,0.4,2.1696064159197173,1.0,1.808005346599764,1.0,79.95,36,37,2,2.775,0.2250000000000001,0.07500000000000018,-0.8642343749999999,0.8642343749999999,0.07153124999999994,0.07153125000000005,heave,heave_force,-1.275,89.29240294114574,-675.9532769592349,6.696930220585946,-50.696495771942736,0.025624646615809918,0.025624646615809918,0.0,1.594109784150372,1.594109784150372,0.0,0.0,1.594109784150372,1.4647473457176856,0.8436282570101457,0.0048249645887390785,0.0024677367151816052,0.042053411440219714,0.015929045780585672,9.503522315767235,21307.984895080834,13455.870500076777,2714.477808287273,1563.4165091974078,21134.375564877922,13364.736425893534,1.5198628100176887,1.0725905534631701,0.0016506422011735161,0.0006838676228453427,advance_eq19_20,0.0,0.0,0.0,0.0,,,96.3146992237131,1.5978330465293974e-15,a1_station_hull_matched_sweep_free_surface_marching_not_benchmark_validated,41,8,24,10,3.0,2,16,15.0,False,none,0.0,1.0,0.0,1.0,trapezoid,1.0,1.0,-1.0,1.0,1.0,1.0,1.0,True,False,True,3.0,11,9,40,True,True,True,True,A1_GRID_RECOMMENDED,"A1 Section 3.3 recommends control radius about 3B, inner free-surface panels greater than 10, outer/free-surface proxy panels greater than 8, and roughly 60 stations at Fn=0.2 or 40 at Fn=0.3."
0,st41_bp8_fs24_cp10_r3p0_h2_fsm_clipfs_onezonefs_noend_pr1p0_pl1p0_pf1p0_pm1p0_dt1p0_fv0p0_hr1p0_hqtrapezoid_hp1p0_hc1p0_cim1p0_cp1p0_cn1p0_cd1p0_pg1p0,A33,OK,diagnostic_matched_wigley_sensitivity_not_hard_gate,wigley_iii,Fn0.4,0.4,2.1696064159197173,1.0,1.808005346599764,1.0,79.95,37,38,1,2.85,0.1499999999999999,0.07499999999999996,-0.8636874999999999,0.8636874999999999,0.07262499999999994,0.07262500000000005,heave,heave_force,-1.35,-19.034114398216314,-361.52169500916284,-1.4275585798662227,-27.114127125687197,-0.005462306299682303,-0.005462306299682303,0.0,1.6041909543084356,1.6041909543084356,0.0,0.0,1.6041909543084356,0.5990501165040266,0.42227653287994626,0.005072539951094156,0.002650102337239974,0.03689537820426544,0.01479485765860579,8.515014625336688,18968.600881703165,13265.339351348794,1110.162958858504,782.5651849203177,18936.08612185022,13242.236209862496,0.2937043192932127,0.1396610487302192,0.00016381246603789802,6.647817052656572e-05,advance_eq19_20,0.0,0.0,0.0,0.0,,,94.99248929002074,4.924847700773764e-16,a1_station_hull_matched_sweep_free_surface_marching_not_benchmark_validated,41,8,24,10,3.0,2,16,15.0,False,none,0.0,1.0,0.0,1.0,trapezoid,1.0,1.0,-1.0,1.0,1.0,1.0,1.0,True,False,True,3.0,11,9,40,True,True,True,True,A1_GRID_RECOMMENDED,"A1 Section 3.3 recommends control radius about 3B, inner free-surface panels greater than 10, outer/free-surface proxy panels greater than 8, and roughly 60 stations at Fn=0.2 or 40 at Fn=0.3."
0,st41_bp8_fs24_cp10_r3p0_h2_fsm_clipfs_onezonefs_noend_pr1p0_pl1p0_pf1p0_pm1p0_dt1p0_fv0p0_hr1p0_hqtrapezoid_hp1p0_hc1p0_cim1p0_cp1p0_cn1p0_cd1p0_pg1p0,A33,OK,diagnostic_matched_wigley_sensitivity_not_hard_gate,wigley_iii,Fn0.4,0.4,2.1696064159197173,1.0,1.808005346599764,1.0,79.95,38,39,0,2.925,0.07500000000000018,0.03749999999999987,-0.8631093749999998,0.8631093749999998,0.07378124999999991,0.07378125000000002,heave,heave_force,-1.4249999999999998,8.343608438097608,771.8377054421456,0.3128853164286592,28.943913954080358,0.001197201613377235,0.001197201613377235,0.0,1.6026570027719718,1.6026570027719718,0.0,0.0,1.6026570027719718,0.6763344002425491,0.39434198639227735,0.0007683134075273497,0.00041197932529842186,0.00425837838856683,0.0019267493693927095,29.403858688357463,65401.68180400932,35344.824960732694,1253.3866170210702,730.7967302806591,65389.6704746335,35344.70558217927,0.3761856039722915,0.2653196197511831,0.0,0.0,initialize_eq21_22,0.0,0.0,0.0,0.0,,,113.95001957184003,1.0977799932066088e-15,a1_station_hull_matched_sweep_free_surface_marching_not_benchmark_validated,41,8,24,10,3.0,2,16,15.0,False,none,0.0,1.0,0.0,1.0,trapezoid,1.0,1.0,-1.0,1.0,1.0,1.0,1.0,True,False,True,3.0,11,9,40,True,True,True,True,A1_GRID_RECOMMENDED,"A1 Section 3.3 recommends control radius about 3B, inner free-surface panels greater than 10, outer/free-surface proxy panels greater than 8, and roughly 60 stations at Fn=0.2 or 40 at Fn=0.3."
0,st41_bp8_fs24_cp10_r3p0_h2_fsm_clipfs_onezonefs_noend_pr1p0_pl1p0_pf1p0_pm1p0_dt1p0_fv0p0_hr1p0_hqtrapezoid_hp1p0_hc1p0_ci1p0_cp1p0_cnm1p0_cd1p0_pg1p0,A33,OK,diagnostic_matched_wigley_sensitivity_not_hard_gate,wigley_iii,Fn0.4,0.4,2.1696064159197173,1.0,1.808005346599764,1.0,79.95,0,1,38,0.075,2.925,0.0375,-0.8631093749999998,0.8631093749999998,0.07378124999999991,0.07378125000000002,heave,heave_force,1.425,-80.77531422162797,4958.793728717432,-3.0290742833110484,185.9547648269037,-0.01159022948220178,-0.01159022948220178,0.0,0.0,0.0,0.0,0.0,0.0,6.665303796321741,3.9074656336216225,8.472065596377861,5.373750631118763,51.72938561231038,36.546581002644594,192.12453971594158,427434.01650086994,200839.16537790117,12352.177522972946,7241.336726173796,427255.4998739126,200708.57827235514,81.97825100367093,39.50598141373944,3.0099741618995353,1.5896239517136894,advance_eq19_20,0.0,0.0,0.0,0.0,,,690.6987294891596,4.980879993804217e-15,a1_station_hull_matched_sweep_free_surface_marching_not_benchmark_validated,41,8,24,10,3.0,2,16,15.0,False,none,0.0,1.0,0.0,1.0,trapezoid,1.0,1.0,1.0,1.0,-1.0,1.0,1.0,True,False,True,3.0,11,9,40,True,True,True,True,A1_GRID_RECOMMENDED,"A1 Section 3.3 recommends control radius about 3B, inner free-surface panels greater than 10, outer/free-surface proxy panels greater than 8, and roughly 60 stations at Fn=0.2 or 40 at Fn=0.3."
0,st41_bp8_fs24_cp10_r3p0_h2_fsm_clipfs_onezonefs_noend_pr1p0_pl1p0_pf1p0_pm1p0_dt1p0_fv0p0_hr1p0_hqtrapezoid_hp1p0_hc1p0_ci1p0_cp1p0_cnm1p0_cd1p0_pg1p0,A33,OK,diagnostic_matched_wigley_sensitivity_not_hard_gate,wigley_iii,Fn0.4,0.4,2.1696064159197173,1.0,1.808005346599764,1.0,79.95,1,2,37,0.15,2.85,0.07499999999999998,-0.8636874999999999,0.8636874999999999,0.07262499999999991,0.07262500000000005,heave,heave_force,1.35,154.74199777132662,411.3092165993622,11.605649832849494,30.848191244952154,0.04440701424653363,0.04440701424653363,0.0,0.010613277641065037,0.010613277641065037,0.0,0.0,0.010613277641065037,4.608810346240572,3.248562971597807,8.052426807410095,4.8747763626162275,46.34201069617573,32.7507903685961,39.69294681336147,88683.27676017932,46090.04519116201,8541.072591153945,6020.2547019502235,88271.02387485487,46087.6380637909,75.61505766456364,35.76118602045209,2.6644800349085394,1.422278005169825,advance_eq19_20,0.0,0.0,0.0,0.0,,,467.1647912208976,7.023109797081848e-15,a1_station_hull_matched_sweep_free_surface_marching_not_benchmark_validated,41,8,24,10,3.0,2,16,15.0,False,none,0.0,1.0,0.0,1.0,trapezoid,1.0,1.0,1.0,1.0,-1.0,1.0,1.0,True,False,True,3.0,11,9,40,True,True,True,True,A1_GRID_RECOMMENDED,"A1 Section 3.3 recommends control radius about 3B, inner free-surface panels greater than 10, outer/free-surface proxy panels greater than 8, and roughly 60 stations at Fn=0.2 or 40 at Fn=0.3."
0,st41_bp8_fs24_cp10_r3p0_h2_fsm_clipfs_onezonefs_noend_pr1p0_pl1p0_pf1p0_pm1p0_dt1p0_fv0p0_hr1p0_hqtrapezoid_hp1p0_hc1p0_ci1p0_cp1p0_cnm1p0_cd1p0_pg1p0,A33,OK,diagnostic_matched_wigley_sensitivity_not_hard_gate,wigley_iii,Fn0.4,0.4,2.1696064159197173,1.0,1.808005346599764,1.0,79.95,2,3,36,0.22499999999999998,2.775,0.075,-0.8642343749999999,0.8642343749999999,0.07153124999999994,0.07153125000000006,heave,heave_force,1.275,-156.05810147670297,-2353.696667463739,-11.704357610752723,-176.5272500597804,-0.04478470250722762,-0.04478470250722762,0.0,0.01042443351071805,0.01042443351071805,0.0,0.0,0.01042443351071805,2.5666945671273407,1.5074703677189805,6.702790328267335,4.356444640949229,42.36781095224015,29.912420057896252,37.24956243863112,82973.76455513814,57606.12118736356,4756.612437966169,2793.6523467935444,82837.31189848259,57538.34117193919,67.01599806079597,32.056378545682826,2.425219809534023,1.2923108761233295,advance_eq19_20,0.0,0.0,0.0,0.0,,,461.5326042201192,5.9842013232739095e-15,a1_station_hull_matched_sweep_free_surface_marching_not_benchmark_validated,41,8,24,10,3.0,2,16,15.0,False,none,0.0,1.0,0.0,1.0,trapezoid,1.0,1.0,1.0,1.0,-1.0,1.0,1.0,True,False,True,3.0,11,9,40,True,True,True,True,A1_GRID_RECOMMENDED,"A1 Section 3.3 recommends control radius about 3B, inner free-surface panels greater than 10, outer/free-surface proxy panels greater than 8, and roughly 60 stations at Fn=0.2 or 40 at Fn=0.3."
0,st41_bp8_fs24_cp10_r3p0_h2_fsm_clipfs_onezonefs_noend_pr1p0_pl1p0_pf1p0_pm1p0_dt1p0_fv0p0_hr1p0_hqtrapezoid_hp1p0_hc1p0_ci1p0_cp1p0_cnm1p0_cd1p0_pg1p0,A33,OK,diagnostic_matched_wigley_sensitivity_not_hard_gate,wigley_iii,Fn0.4,0.4,2.1696064159197173,1.0,1.808005346599764,1.0,79.95,3,4,35,0.3,2.7,0.07500000000000001,-0.8647499999999999,0.8647499999999999,0.0704999999999999,0.07050000000000001,heave,heave_force,1.2,-93.2925320960224,1168.658834682255,-6.996939907201681,87.64941260116915,-0.026772581855931836,-0.026772581855931836,0.0,-0.02535420867086168,-0.02535420867086168,0.0,0.0,-0.02535420867086168,1.183021203258074,0.6324382034391177,6.126345762671131,3.9586425785368715,38.380109318760894,27.103707861859316,12.595937360401159,28097.097155509495,17111.660571165106,2192.381377147271,1172.0379445421709,28011.432174440448,17071.47487943909,61.43366761185507,29.107779607094177,2.19859523528299,1.1712611895662326,advance_eq19_20,0.0,0.0,0.0,0.0,,,463.56398367166815,7.110660894325938e-15,a1_station_hull_matched_sweep_free_surface_marching_not_benchmark_validated,41,8,24,10,3.0,2,16,15.0,False,none,0.0,1.0,0.0,1.0,trapezoid,1.0,1.0,1.0,1.0,-1.0,1.0,1.0,True,False,True,3.0,11,9,40,True,True,True,True,A1_GRID_RECOMMENDED,"A1 Section 3.3 recommends control radius about 3B, inner free-surface panels greater than 10, outer/free-surface proxy panels greater than 8, and roughly 60 stations at Fn=0.2 or 40 at Fn=0.3."
0,st41_bp8_fs24_cp10_r3p0_h2_fsm_clipfs_onezonefs_noend_pr1p0_pl1p0_pf1p0_pm1p0_dt1p0_fv0p0_hr1p0_hqtrapezoid_hp1p0_hc1p0_ci1p0_cp1p0_cnm1p0_cd1p0_pg1p0,A33,OK,diagnostic_matched_wigley_sensitivity_not_hard_gate,wigley_iii,Fn0.4,0.4,2.1696064159197173,1.0,1.808005346599764,1.0,79.95,4,5,34,0.375,2.625,0.07499999999999998,-0.8652343749999999,0.8652343749999999,0.06953124999999993,0.06953125000000009,heave,heave_force,1.125,-65.62728175804116,600.2316268127713,-4.922046131853087,45.017372010957835,-0.018833359255819478,-0.018833359255819478,0.0,-0.048157179226737346,-0.048157179226737346,0.0,0.0,-0.048157179226737346,0.6899786310204084,0.3559875005168925,5.558911557552288,3.5886381299797447,34.77532078141566,24.558697599050426,5.265534822486113,11779.348479006263,6404.656842395487,1278.672180272596,659.7179868636586,11709.741587467423,6370.588783358403,56.07588210292087,26.378163617399537,1.9912875059985957,1.060757650482035,advance_eq19_20,0.0,0.0,0.0,0.0,,,465.55753958209425,4.787289206306426e-15,a1_station_hull_matched_sweep_free_surface_marching_not_benchmark_validated,41,8,24,10,3.0,2,16,15.0,False,none,0.0,1.0,0.0,1.0,trapezoid,1.0,1.0,1.0,1.0,-1.0,1.0,1.0,True,False,True,3.0,11,9,40,True,True,True,True,A1_GRID_RECOMMENDED,"A1 Section 3.3 recommends control radius about 3B, inner free-surface panels greater than 10, outer/free-surface proxy panels greater than 8, and roughly 60 stations at Fn=0.2 or 40 at Fn=0.3."
0,st41_bp8_fs24_cp10_r3p0_h2_fsm_clipfs_onezonefs_noend_pr1p0_pl1p0_pf1p0_pm1p0_dt1p0_fv0p0_hr1p0_hqtrapezoid_hp1p0_hc1p0_ci1p0_cp1p0_cnm1p0_cd1p0_pg1p0,A33,OK,diagnostic_matched_wigley_sensitivity_not_hard_gate,wigley_iii,Fn0.4,0.4,2.1696064159197173,1.0,1.808005346599764,1.0,79.95,5,6,33,0.44999999999999996,2.55,0.07500000000000001,-0.8656874999999999,0.8656874999999999,0.06862499999999994,0.06862500000000005,heave,heave_force,1.05,-43.35058247650098,446.6001193013881,-3.2512936857375743,33.49500894760411,-0.012440513637896321,-0.012440513637896321,0.0,-0.06379411567359523,-0.06379411567359523,0.0,0.0,-0.06379411567359523,0.3937079255257468,0.20273755426661821,5.037040588661886,3.250997648191219,31.497491105437742,22.24377009172824,3.3821237118070333,7556.630603939332,3832.3412712936,729.6216852079831,375.71434662237067,7521.3242371850165,3813.879697814599,51.12107354365568,23.88994338258522,1.8025037038593101,0.9601079126394667,advance_eq19_20,0.0,0.0,0.0,0.0,,,467.4627559098952,3.5992463791902525e-15,a1_station_hull_matched_sweep_free_surface_marching_not_benchmark_validated,41,8,24,10,3.0,2,16,15.0,False,none,0.0,1.0,0.0,1.0,trapezoid,1.0,1.0,1.0,1.0,-1.0,1.0,1.0,True,False,True,3.0,11,9,40,True,True,True,True,A1_GRID_RECOMMENDED,"A1 Section 3.3 recommends control radius about 3B, inner free-surface panels greater than 10, outer/free-surface proxy panels greater than 8, and roughly 60 stations at Fn=0.2 or 40 at Fn=0.3."
0,st41_bp8_fs24_cp10_r3p0_h2_fsm_clipfs_onezonefs_noend_pr1p0_pl1p0_pf1p0_pm1p0_dt1p0_fv0p0_hr1p0_hqtrapezoid_hp1p0_hc1p0_ci1p0_cp1p0_cnm1p0_cd1p0_pg1p0,A33,OK,diagnostic_matched_wigley_sensitivity_not_hard_gate,wigley_iii,Fn0.4,0.4,2.1696064159197173,1.0,1.808005346599764,1.0,79.95,6,7,32,0.525,2.475,0.07500000000000001,-0.866109375,0.866109375,0.0677812499999999,0.06778125000000006,heave,heave_force,0.975,-22.623922408591348,370.392025027105,-1.6967941806443514,27.77940187703288,-0.006492489816471462,-0.006492489816471462,0.0,-0.07326061740077913,-0.07326061740077913,0.0,0.0,-0.07326061740077913,0.18303202091660864,0.09873865935832012,4.561661527932052,2.943492986567949,28.512150721922193,20.135287039442286,2.496376629817363,5561.911273620799,2702.7181959380905,339.195944226593,182.983024636834,5551.558621418886,2696.516801236292,46.560627136078125,21.625013771319324,1.6306311637339208,0.8684004708105078,advance_eq19_20,0.0,0.0,0.0,0.0,,,469.26868604625724,3.824139158924731e-15,a1_station_hull_matched_sweep_free_surface_marching_not_benchmark_validated,41,8,24,10,3.0,2,16,15.0,False,none,0.0,1.0,0.0,1.0,trapezoid,1.0,1.0,1.0,1.0,-1.0,1.0,1.0,True,False,True,3.0,11,9,40,True,True,True,True,A1_GRID_RECOMMENDED,"A1 Section 3.3 recommends control radius about 3B, inner free-surface panels greater than 10, outer/free-surface proxy panels greater than 8, and roughly 60 stations at Fn=0.2 or 40 at Fn=0.3."
0,st41_bp8_fs24_cp10_r3p0_h2_fsm_clipfs_onezonefs_noend_pr1p0_pl1p0_pf1p0_pm1p0_dt1p0_fv0p0_hr1p0_hqtrapezoid_hp1p0_hc1p0_ci1p0_cp1p0_cnm1p0_cd1p0_pg1p0,A33,OK,diagnostic_matched_wigley_sensitivity_not_hard_gate,wigley_iii,Fn0.4,0.4,2.1696064159197173,1.0,1.808005346599764,1.0,79.95,7,8,31,0.6,2.4,0.07499999999999996,-0.8664999999999999,0.8664999999999998,0.06699999999999995,0.06700000000000006,heave,heave_force,0.9,-2.654189785136042,321.6126294825306,-0.19906423388520303,24.120947211189783,-0.0007616849032524271,-0.0007616849032524271,0.0,-0.07688770476064108,-0.07688770476064108,0.0,0.0,-0.07688770476064108,0.03077029709988332,0.020855618483446733,4.129306093029005,2.6633056599452347,25.789447378395085,18.212321116120542,1.9692447945662057,4379.669536751306,2069.1456131536406,57.02368321487857,38.64974646783447,4379.298294327528,2068.7846107149307,42.365158903063424,19.562087432925807,1.4740211697648813,0.7847557212849584,advance_eq19_20,0.0,0.0,0.0,0.0,,,470.9710640470017,2.757248869786163e-15,a1_station_hull_matched_sweep_free_surface_marching_not_benchmark_validated,41,8,24,10,3.0,2,16,15.0,False,none,0.0,1.0,0.0,1.0,trapezoid,1.0,1.0,1.0,1.0,-1.0,1.0,1.0,True,False,True,3.0,11,9,40,True,True,True,True,A1_GRID_RECOMMENDED,"A1 Section 3.3 recommends control radius about 3B, inner free-surface panels greater than 10, outer/free-surface proxy panels greater than 8, and roughly 60 stations at Fn=0.2 or 40 at Fn=0.3."
0,st41_bp8_fs24_cp10_r3p0_h2_fsm_clipfs_onezonefs_noend_pr1p0_pl1p0_pf1p0_pm1p0_dt1p0_fv0p0_hr1p0_hqtrapezoid_hp1p0_hc1p0_ci1p0_cp1p0_cnm1p0_cd1p0_pg1p0,A33,OK,diagnostic_matched_wigley_sensitivity_not_hard_gate,wigley_iii,Fn0.4,0.4,2.1696064159197173,1.0,1.808005346599764,1.0,79.95,8,9,30,0.6749999999999999,2.325,0.07500000000000001,-0.866859375,0.866859375,0.06628124999999993,0.06628125000000007,heave,heave_force,0.8250000000000001,16.67081672563686,285.62565288261635,1.2503112544227648,21.42192396619623,0.004784100027781106,0.004784100027781106,0.0,-0.07487649719837675,-0.07487649719837675,0.0,0.0,-0.07487649719837675,0.11737094869960446,0.049299471419131644,3.735903108584382,2.407738444194534,23.303024744285686,16.45628939182133,1.6138086320833236,3595.4482179237843,1664.836852860224,217.51248535398076,91.36205060809057,3588.862801290466,1663.1187902845543,38.50339955111345,17.68105371059462,1.3311513549043996,0.7083752977833738,advance_eq19_20,0.0,0.0,0.0,0.0,,,472.56584172229344,1.6538963794786998e-15,a1_station_hull_matched_sweep_free_surface_marching_not_benchmark_validated,41,8,24,10,3.0,2,16,15.0,False,none,0.0,1.0,0.0,1.0,trapezoid,1.0,1.0,1.0,1.0,-1.0,1.0,1.0,True,False,True,3.0,11,9,40,True,True,True,True,A1_GRID_RECOMMENDED,"A1 Section 3.3 recommends control radius about 3B, inner free-surface panels greater than 10, outer/free-surface proxy panels greater than 8, and roughly 60 stations at Fn=0.2 or 40 at Fn=0.3."
0,st41_bp8_fs24_cp10_r3p0_h2_fsm_clipfs_onezonefs_noend_pr1p0_pl1p0_pf1p0_pm1p0_dt1p0_fv0p0_hr1p0_hqtrapezoid_hp1p0_hc1p0_ci1p0_cp1p0_cnm1p0_cd1p0_pg1p0,A33,OK,diagnostic_matched_wigley_sensitivity_not_hard_gate,wigley_iii,Fn0.4,0.4,2.1696064159197173,1.0,1.808005346599764,1.0,79.95,9,10,29,0.75,2.25,0.07500000000000001,-0.8671874999999999,0.8671874999999999,0.06562499999999982,0.0656250000000001,heave,heave_force,0.75,35.275737374461315,256.6516645441212,2.645680303084599,19.248874840809094,0.010123238646948309,0.010123238646948309,0.0,-0.06742282786101203,-0.06742282786101203,0.0,0.0,-0.06742282786101203,0.2261757542438169,0.09244132411513195,3.3775716153967132,2.174349820517311,21.029637229630364,14.850768468397666,1.3549045176212065,3042.1139174094865,1387.1324220784577,419.15014726765656,171.31276845309327,3013.0997727493186,1376.7694593317833,34.94612676176848,15.96378138669433,1.200658390103978,0.6385486573597648,advance_eq19_20,0.0,0.0,0.0,0.0,,,474.0481182363453,1.7544236846567027e-15,a1_station_hull_matched_sweep_free_surface_marching_not_benchmark_validated,41,8,24,10,3.0,2,16,15.0,False,none,0.0,1.0,0.0,1.0,trapezoid,1.0,1.0,1.0,1.0,-1.0,1.0,1.0,True,False,True,3.0,11,9,40,True,True,True,True,A1_GRID_RECOMMENDED,"A1 Section 3.3 recommends control radius about 3B, inner free-surface panels greater than 10, outer/free-surface proxy panels greater than 8, and roughly 60 stations at Fn=0.2 or 40 at Fn=0.3."
0,st41_bp8_fs24_cp10_r3p0_h2_fsm_clipfs_onezonefs_noend_pr1p0_pl1p0_pf1p0_pm1p0_dt1p0_fv0p0_hr1p0_hqtrapezoid_hp1p0_hc1p0_ci1p0_cp1p0_cnm1p0_cd1p0_pg1p0,A33,OK,diagnostic_matched_wigley_sensitivity_not_hard_gate,wigley_iii,Fn0.4,0.4,2.1696064159197173,1.0,1.808005346599764,1.0,79.95,10,11,28,0.825,2.175,0.07499999999999996,-0.8674843749999999,0.8674843749999999,0.06503124999999987,0.0650312500000001,heave,heave_force,0.675,53.035966132720546,231.97456068681493,3.9776974599540385,17.39809205151111,0.015219972196008468,0.015219972196008468,0.0,-0.05475122243953365,-0.05475122243953365,0.0,0.0,-0.05475122243953365,0.3191626636077349,0.13366636174830165,3.0508054870856376,1.960968707702273,18.948816380128964,13.381284101786047,1.156145221043759,2638.2462313479773,1188.2757488619006,591.4739972937517,247.71123411900425,2571.0895915442456,1162.1696949346729,31.66704807573777,14.394173198466072,1.0813354153766224,0.5746481908763545,advance_eq19_20,0.0,0.0,0.0,0.0,,,475.4122985160682,1.7919246278158466e-15,a1_station_hull_matched_sweep_free_surface_marching_not_benchmark_validated,41,8,24,10,3.0,2,16,15.0,False,none,0.0,1.0,0.0,1.0,trapezoid,1.0,1.0,1.0,1.0,-1.0,1.0,1.0,True,False,True,3.0,11,9,40,True,True,True,True,A1_GRID_RECOMMENDED,"A1 Section 3.3 recommends control radius about 3B, inner free-surface panels greater than 10, outer/free-surface proxy panels greater than 8, and roughly 60 stations at Fn=0.2 or 40 at Fn=0.3."
0,st41_bp8_fs24_cp10_r3p0_h2_fsm_clipfs_onezonefs_noend_pr1p0_pl1p0_pf1p0_pm1p0_dt1p0_fv0p0_hr1p0_hqtrapezoid_hp1p0_hc1p0_ci1p0_cp1p0_cnm1p0_cd1p0_pg1p0,A33,OK,diagnostic_matched_wigley_sensitivity_not_hard_gate,wigley_iii,Fn0.4,0.4,2.1696064159197173,1.0,1.808005346599764,1.0,79.95,11,12,27,0.8999999999999999,2.1,0.07500000000000001,-0.8677499999999999,0.8677499999999999,0.06449999999999989,0.0645,heave,heave_force,0.6000000000000001,69.82237273921662,210.16179546469596,5.236677955441247,15.7621346598522,0.02003724357713902,0.02003724357713902,0.0,-0.03712261455295991,-0.03712261455295991,0.0,0.0,-0.03712261455295991,0.3992067718347002,0.16971205704595513,2.752495948921837,1.7656776689816505,17.042553996136057,12.035096270875405,0.9976193904619775,2338.652839109484,1042.852485291245,739.8121773228693,314.5113141845693,2218.5524659470293,994.2957001455966,28.642853877970342,12.958023570279305,0.972119182649504,0.5161212535532744,advance_eq19_20,0.0,0.0,0.0,0.0,,,476.65246731613325,1.1983965666219104e-15,a1_station_hull_matched_sweep_free_surface_marching_not_benchmark_validated,41,8,24,10,3.0,2,16,15.0,False,none,0.0,1.0,0.0,1.0,trapezoid,1.0,1.0,1.0,1.0,-1.0,1.0,1.0,True,False,True,3.0,11,9,40,True,True,True,True,A1_GRID_RECOMMENDED,"A1 Section 3.3 recommends control radius about 3B, inner free-surface panels greater than 10, outer/free-surface proxy panels greater than 8, and roughly 60 stations at Fn=0.2 or 40 at Fn=0.3."
0,st41_bp8_fs24_cp10_r3p0_h2_fsm_clipfs_onezonefs_noend_pr1p0_pl1p0_pf1p0_pm1p0_dt1p0_fv0p0_hr1p0_hqtrapezoid_hp1p0_hc1p0_ci1p0_cp1p0_cnm1p0_cd1p0_pg1p0,A33,OK,diagnostic_matched_wigley_sensitivity_not_hard_gate,wigley_iii,Fn0.4,0.4,2.1696064159197173,1.0,1.808005346599764,1.0,79.95,12,13,26,0.975,2.025,0.07500000000000007,-0.8679843749999999,0.8679843749999999,0.06403124999999998,0.0640312500000001,heave,heave_force,0.525,85.51625507965915,190.39175694401246,6.4137191309744415,14.279381770800947,0.024540988305220814,0.024540988305220814,0.0,-0.014833498611779985,-0.014833498611779985,0.0,0.0,-0.014833498611779985,0.468655424113369,0.20073229903467463,2.479905998258377,1.586787994171994,15.295009749304368,10.800996175232944,0.867431939690135,2115.536837004108,935.8027909873234,868.5148003226999,371.99819663720325,1929.0355492685371,858.6874899044082,25.85301802977752,11.642827727693565,0.8720747831479839,0.46248177043416716,advance_eq19_20,0.0,0.0,0.0,0.0,,,477.76272938128045,1.4632947675090114e-15,a1_station_hull_matched_sweep_free_surface_marching_not_benchmark_validated,41,8,24,10,3.0,2,16,15.0,False,none,0.0,1.0,0.0,1.0,trapezoid,1.0,1.0,1.0,1.0,-1.0,1.0,1.0,True,False,True,3.0,11,9,40,True,True,True,True,A1_GRID_RECOMMENDED,"A1 Section 3.3 recommends control radius about 3B, inner free-surface panels greater than 10, outer/free-surface proxy panels greater than 8, and roughly 60 stations at Fn=0.2 or 40 at Fn=0.3."
0,st41_bp8_fs24_cp10_r3p0_h2_fsm_clipfs_onezonefs_noend_pr1p0_pl1p0_pf1p0_pm1p0_dt1p0_fv0p0_hr1p0_hqtrapezoid_hp1p0_hc1p0_ci1p0_cp1p0_cnm1p0_cd1p0_pg1p0,A33,OK,diagnostic_matched_wigley_sensitivity_not_hard_gate,wigley_iii,Fn0.4,0.4,2.1696064159197173,1.0,1.808005346599764,1.0,79.95,13,14,25,1.05,1.95,0.07500000000000001,-0.8681874999999999,0.8681874999999999,0.06362499999999982,0.0636250000000001,heave,heave_force,0.44999999999999996,100.01374676361672,172.16142007199997,7.501031007271255,12.912106505399999,0.02870139937022386,0.02870139937022386,0.0,0.011787695225942365,0.011787695225942365,0.0,0.0,0.011787695225942365,0.5292550825410824,0.22763112612981976,2.2306315239080083,1.4228139239047557,13.692247216784827,9.669121273873545,0.7579878063334761,1950.23484076247,857.3305149866937,980.8184194231108,421.84725042262033,1685.648588005272,746.3648633464899,23.27952698685629,10.437588401969125,0.7803806297779061,0.4133022921445615,advance_eq19_20,0.0,0.0,0.0,0.0,,,478.7374711729425,1.09382978678315e-15,a1_station_hull_matched_sweep_free_surface_marching_not_benchmark_validated,41,8,24,10,3.0,2,16,15.0,False,none,0.0,1.0,0.0,1.0,trapezoid,1.0,1.0,1.0,1.0,-1.0,1.0,1.0,True,False,True,3.0,11,9,40,True,True,True,True,A1_GRID_RECOMMENDED,"A1 Section 3.3 recommends control radius about 3B, inner free-surface panels greater than 10, outer/free-surface proxy panels greater than 8, and roughly 60 stations at Fn=0.2 or 40 at Fn=0.3."
0,st41_bp8_fs24_cp10_r3p0_h2_fsm_clipfs_onezonefs_noend_pr1p0_pl1p0_pf1p0_pm1p0_dt1p0_fv0p0_hr1p0_hqtrapezoid_hp1p0_hc1p0_ci1p0_cp1p0_cnm1p0_cd1p0_pg1p0,A33,OK,diagnostic_matched_wigley_sensitivity_not_hard_gate,wigley_iii,Fn0.4,0.4,2.1696064159197173,1.0,1.808005346599764,1.0,79.95,14,15,24,1.125,1.875,0.07499999999999996,-0.8683593749999999,0.8683593749999999,0.06328124999999996,0.06328125000000007,heave,heave_force,0.375,113.22631949856549,155.14598510459194,8.491973962392407,11.635948882844389,0.03249307140577095,0.03249307140577095,0.0,0.042384930613939754,0.042384930613939754,0.0,0.0,0.042384930613939754,0.5823214109698218,0.2510751287488316,2.002560947561352,1.2724484808583567,12.221999074438344,8.630790079808316,0.6641759779482718,1829.2602912740824,800.5312728749537,1079.1612300847803,465.2938045555144,1477.0254746327312,651.4230532404027,20.906601635908185,9.332635772708619,0.6963146350560279,0.3682067915885979,advance_eq19_20,0.0,0.0,0.0,0.0,,,479.5715522185469,1.3179002271423775e-15,a1_station_hull_matched_sweep_free_surface_marching_not_benchmark_validated,41,8,24,10,3.0,2,16,15.0,False,none,0.0,1.0,0.0,1.0,trapezoid,1.0,1.0,1.0,1.0,-1.0,1.0,1.0,True,False,True,3.0,11,9,40,True,True,True,True,A1_GRID_RECOMMENDED,"A1 Section 3.3 recommends control radius about 3B, inner free-surface panels greater than 10, outer/free-surface proxy panels greater than 8, and roughly 60 stations at Fn=0.2 or 40 at Fn=0.3."
0,st41_bp8_fs24_cp10_r3p0_h2_fsm_clipfs_onezonefs_noend_pr1p0_pl1p0_pf1p0_pm1p0_dt1p0_fv0p0_hr1p0_hqtrapezoid_hp1p0_hc1p0_ci1p0_cp1p0_cnm1p0_cd1p0_pg1p0,A33,OK,diagnostic_matched_wigley_sensitivity_not_hard_gate,wigley_iii,Fn0.4,0.4,2.1696064159197173,1.0,1.808005346599764,1.0,79.95,15,16,23,1.2,1.8,0.07499999999999996,-0.8684999999999999,0.8684999999999998,0.06299999999999994,0.06300000000000008,heave,heave_force,0.30000000000000004,125.07989809742114,139.12629002153892,9.38099235730658,10.434471751615414,0.03589474671882759,0.03589474671882759,0.0,0.07657883967623902,0.07657883967623902,0.0,0.0,0.07657883967623902,0.6288644310127985,0.27157006464591804,1.7938372005732777,1.1345414968503693,10.873458348474744,7.678354995670444,0.582406627371598,1742.3234797607035,760.231749174736,1165.415009896497,503.2751320776699,1295.1829843050725,569.7950981585245,18.72043252650446,8.319464075238205,0.6192417557712493,0.32686420898950175,advance_eq19_20,0.0,0.0,0.0,0.0,,,480.2604432484979,7.601173837516332e-16,a1_station_hull_matched_sweep_free_surface_marching_not_benchmark_validated,41,8,24,10,3.0,2,16,15.0,False,none,0.0,1.0,0.0,1.0,trapezoid,1.0,1.0,1.0,1.0,-1.0,1.0,1.0,True,False,True,3.0,11,9,40,True,True,True,True,A1_GRID_RECOMMENDED,"A1 Section 3.3 recommends control radius about 3B, inner free-surface panels greater than 10, outer/free-surface proxy panels greater than 8, and roughly 60 stations at Fn=0.2 or 40 at Fn=0.3."
0,st41_bp8_fs24_cp10_r3p0_h2_fsm_clipfs_onezonefs_noend_pr1p0_pl1p0_pf1p0_pm1p0_dt1p0_fv0p0_hr1p0_hqtrapezoid_hp1p0_hc1p0_ci1p0_cp1p0_cnm1p0_cd1p0_pg1p0,A33,OK,diagnostic_matched_wigley_sensitivity_not_hard_gate,wigley_iii,Fn0.4,0.4,2.1696064159197173,1.0,1.808005346599764,1.0,79.95,16,17,22,1.275,1.725,0.07499999999999996,-0.8686093749999999,0.8686093749999999,0.0627812499999999,0.06278125000000001,heave,heave_force,0.2250000000000001,135.51357664189342,123.94925467281725,10.163518248142001,9.296194100461289,0.03888894686126615,0.03888894686126615,0.0,0.1139706864662859,0.1139706864662859,0.0,0.0,0.1139706864662859,0.6696721990454891,0.28950820485847056,1.6028235908904718,1.0080801573499294,9.637095328751712,6.805073115400461,0.5100670672242595,1681.321495663971,732.4098731248557,1241.0401892520524,536.51819182533,1134.3109011390848,498.57040835898573,16.70893965669493,7.390586904852506,0.5486030201967628,0.28898277320627486,advance_eq19_20,0.0,0.0,0.0,0.0,,,480.80032593830697,8.622661648328121e-16,a1_station_hull_matched_sweep_free_surface_marching_not_benchmark_validated,41,8,24,10,3.0,2,16,15.0,False,none,0.0,1.0,0.0,1.0,trapezoid,1.0,1.0,1.0,1.0,-1.0,1.0,1.0,True,False,True,3.0,11,9,40,True,True,True,True,A1_GRID_RECOMMENDED,"A1 Section 3.3 recommends control radius about 3B, inner free-surface panels greater than 10, outer/free-surface proxy panels greater than 8, and roughly 60 stations at Fn=0.2 or 40 at Fn=0.3."
0,st41_bp8_fs24_cp10_r3p0_h2_fsm_clipfs_onezonefs_noend_pr1p0_pl1p0_pf1p0_pm1p0_dt1p0_fv0p0_hr1p0_hqtrapezoid_hp1p0_hc1p0_ci1p0_cp1p0_cnm1p0_cd1p0_pg1p0,A33,OK,diagnostic_matched_wigley_sensitivity_not_hard_gate,wigley_iii,Fn0.4,0.4,2.1696064159197173,1.0,1.808005346599764,1.0,79.95,17,18,21,1.3499999999999999,1.6500000000000001,0.07500000000000007,-0.8686874999999998,0.8686875,0.0626249999999999,0.06262500000000004,heave,heave_force,0.15000000000000013,144.4783675425645,109.50524915256742,10.835877565692348,8.212893686442564,0.04146161364195232,0.04146161364195232,0.0,0.15414596671789507,0.15414596671789507,0.0,0.0,0.15414596671789507,0.7053672588768062,0.3051989858360117,1.4280730035942466,0.8921714624988281,8.50449287198198,6.004989950601612,0.4451970797038222,1639.8005761821096,713.893795664333,1307.1904697498273,565.5964331225431,990.0500014859878,435.59732130384504,14.861550577459056,6.539406701844752,0.4839056704901623,0.25430489180796645,advance_eq19_20,0.0,0.0,0.0,0.0,,,481.18816478284884,8.784455327008886e-16,a1_station_hull_matched_sweep_free_surface_marching_not_benchmark_validated,41,8,24,10,3.0,2,16,15.0,False,none,0.0,1.0,0.0,1.0,trapezoid,1.0,1.0,1.0,1.0,-1.0,1.0,1.0,True,False,True,3.0,11,9,40,True,True,True,True,A1_GRID_RECOMMENDED,"A1 Section 3.3 recommends control radius about 3B, inner free-surface panels greater than 10, outer/free-surface proxy panels greater than 8, and roughly 60 stations at Fn=0.2 or 40 at Fn=0.3."
0,st41_bp8_fs24_cp10_r3p0_h2_fsm_clipfs_onezonefs_noend_pr1p0_pl1p0_pf1p0_pm1p0_dt1p0_fv0p0_hr1p0_hqtrapezoid_hp1p0_hc1p0_ci1p0_cp1p0_cnm1p0_cd1p0_pg1p0,A33,OK,diagnostic_matched_wigley_sensitivity_not_hard_gate,wigley_iii,Fn0.4,0.4,2.1696064159197173,1.0,1.808005346599764,1.0,79.95,18,19,20,1.425,1.575,0.07500000000000007,-0.8687343749999998,0.868734375,0.06253124999999993,0.06253125000000004,heave,heave_force,0.07499999999999996,151.93609558320736,95.71522776204267,11.395207168740562,7.178642082153207,0.043601791745617506,0.043601791745617506,0.0,0.19667766941168008,0.19667766941168008,0.0,0.0,0.19667766941168008,0.7364454075725685,0.3188895474795822,1.2683015283182908,0.7860272580268837,7.468205903754513,5.272840227953811,0.3862886685976228,1612.6371173169573,702.1878075119337,1364.7846652292974,590.9678569883105,859.04673313115,379.2422827495112,13.16900932764316,5.760103194091387,0.4247147728920079,0.22260279259447757,advance_eq19_20,0.0,0.0,0.0,0.0,,,481.4217579468673,5.260008192214446e-16,a1_station_hull_matched_sweep_free_surface_marching_not_benchmark_validated,41,8,24,10,3.0,2,16,15.0,False,none,0.0,1.0,0.0,1.0,trapezoid,1.0,1.0,1.0,1.0,-1.0,1.0,1.0,True,False,True,3.0,11,9,40,True,True,True,True,A1_GRID_RECOMMENDED,"A1 Section 3.3 recommends control radius about 3B, inner free-surface panels greater than 10, outer/free-surface proxy panels greater than 8, and roughly 60 stations at Fn=0.2 or 40 at Fn=0.3."
0,st41_bp8_fs24_cp10_r3p0_h2_fsm_clipfs_onezonefs_noend_pr1p0_pl1p0_pf1p0_pm1p0_dt1p0_fv0p0_hr1p0_hqtrapezoid_hp1p0_hc1p0_ci1p0_cp1p0_cnm1p0_cd1p0_pg1p0,A33,OK,diagnostic_matched_wigley_sensitivity_not_hard_gate,wigley_iii,Fn0.4,0.4,2.1696064159197173,1.0,1.808005346599764,1.0,79.95,19,20,19,1.5,1.5,0.07499999999999996,-0.8687499999999999,0.8687499999999999,0.062499999999999944,0.06250000000000003,heave,heave_force,0.0,157.8585899440032,82.52258839922293,11.839394245800232,6.189194129941716,0.04530139686409038,0.04530139686409038,0.0,0.24112926371653398,0.24112926371653398,0.0,0.0,0.24112926371653398,0.7633033542442772,0.33077914186755786,1.122363576610486,0.6889498975753494,6.521626070352921,4.603952322295611,0.33215542453574914,1595.8060062817076,695.3485181953067,1414.5579591899661,613.0017184662321,738.6627036591813,328.23536511755765,11.623185471124309,5.047526587809724,0.3706451986795477,0.19367433387111993,advance_eq19_20,0.0,0.0,0.0,0.0,,,481.49977128544,6.813051455404256e-16,a1_station_hull_matched_sweep_free_surface_marching_not_benchmark_validated,41,8,24,10,3.0,2,16,15.0,False,none,0.0,1.0,0.0,1.0,trapezoid,1.0,1.0,1.0,1.0,-1.0,1.0,1.0,True,False,True,3.0,11,9,40,True,True,True,True,A1_GRID_RECOMMENDED,"A1 Section 3.3 recommends control radius about 3B, inner free-surface panels greater than 10, outer/free-surface proxy panels greater than 8, and roughly 60 stations at Fn=0.2 or 40 at Fn=0.3."
0,st41_bp8_fs24_cp10_r3p0_h2_fsm_clipfs_onezonefs_noend_pr1p0_pl1p0_pf1p0_pm1p0_dt1p0_fv0p0_hr1p0_hqtrapezoid_hp1p0_hc1p0_ci1p0_cp1p0_cnm1p0_cd1p0_pg1p0,A33,OK,diagnostic_matched_wigley_sensitivity_not_hard_gate,wigley_iii,Fn0.4,0.4,2.1696064159197173,1.0,1.808005346599764,1.0,79.95,20,21,18,1.575,1.425,0.07499999999999996,-0.8687343749999998,0.868734375,0.06253124999999993,0.06253125000000004,heave,heave_force,-0.07499999999999996,162.2270035292642,69.88972963856156,12.167025264694809,5.2417297228921145,0.046555020360680544,0.046555020360680544,0.0,0.2870574723289195,0.2870574723289195,0.0,0.0,0.2870574723289195,0.7862581868942724,0.34102925140158485,0.9892331099335311,0.6003215812564114,5.658881146061549,3.9941772443763215,0.28185313093994185,1586.1936859605698,691.8852589430621,1457.097980855498,631.997277628005,626.798120265217,281.57530540425364,10.216930793475905,4.3971178726669224,0.32135568587568114,0.16733988944573056,advance_eq19_20,0.0,0.0,0.0,0.0,,,481.4217579468676,6.462257313425537e-16,a1_station_hull_matched_sweep_free_surface_marching_not_benchmark_validated,41,8,24,10,3.0,2,16,15.0,False,none,0.0,1.0,0.0,1.0,trapezoid,1.0,1.0,1.0,1.0,-1.0,1.0,1.0,True,False,True,3.0,11,9,40,True,True,True,True,A1_GRID_RECOMMENDED,"A1 Section 3.3 recommends control radius about 3B, inner free-surface panels greater than 10, outer/free-surface proxy panels greater than 8, and roughly 60 stations at Fn=0.2 or 40 at Fn=0.3."
0,st41_bp8_fs24_cp10_r3p0_h2_fsm_clipfs_onezonefs_noend_pr1p0_pl1p0_pf1p0_pm1p0_dt1p0_fv0p0_hr1p0_hqtrapezoid_hp1p0_hc1p0_ci1p0_cp1p0_cnm1p0_cd1p0_pg1p0,A33,OK,diagnostic_matched_wigley_sensitivity_not_hard_gate,wigley_iii,Fn0.4,0.4,2.1696064159197173,1.0,1.808005346599764,1.0,79.95,21,22,17,1.65,1.35,0.07499999999999996,-0.8686874999999998,0.8686875,0.0626249999999999,0.06262500000000004,heave,heave_force,-0.1499999999999999,165.03161916298203,57.79408013366252,12.377371437223644,4.334556010024686,0.04735987365323404,0.04735987365323404,0.0,0.3340149193358768,0.3340149193358768,0.0,0.0,0.3340149193358768,0.8055628392170165,0.3497715922732749,0.8679811350407466,0.5195908191242622,4.8747054749622505,3.4397971522933948,0.23462176160437662,1581.4258165498031,690.6691417936331,1492.8734683346133,648.1986316417637,521.7628012735229,238.45837658530732,8.943875427502705,3.8048081904391413,0.2765412996082822,0.14343835495293183,advance_eq19_20,0.0,0.0,0.0,0.0,,,481.18816478284884,4.923451529342146e-16,a1_station_hull_matched_sweep_free_surface_marching_not_benchmark_validated,41,8,24,10,3.0,2,16,15.0,False,none,0.0,1.0,0.0,1.0,trapezoid,1.0,1.0,1.0,1.0,-1.0,1.0,1.0,True,False,True,3.0,11,9,40,True,True,True,True,A1_GRID_RECOMMENDED,"A1 Section 3.3 recommends control radius about 3B, inner free-surface panels greater than 10, outer/free-surface proxy panels greater than 8, and roughly 60 stations at Fn=0.2 or 40 at Fn=0.3."
0,st41_bp8_fs24_cp10_r3p0_h2_fsm_clipfs_onezonefs_noend_pr1p0_pl1p0_pf1p0_pm1p0_dt1p0_fv0p0_hr1p0_hqtrapezoid_hp1p0_hc1p0_ci1p0_cp1p0_cnm1p0_cd1p0_pg1p0,A33,OK,diagnostic_matched_wigley_sensitivity_not_hard_gate,wigley_iii,Fn0.4,0.4,2.1696064159197173,1.0,1.808005346599764,1.0,79.95,22,23,16,1.7249999999999999,1.2750000000000001,0.07499999999999996,-0.8686093749999999,0.8686093749999999,0.0627812499999999,0.06278125000000001,heave,heave_force,-0.22499999999999987,166.27144576407545,46.23089711358812,12.470358432305652,3.467317283519107,0.04771567232670954,0.04771567232670954,0.0,0.3815526923258486,0.3815526923258486,0.0,0.0,0.3815526923258486,0.8214158189471397,0.3571134349368638,0.7577676788138716,0.44626805929732816,4.164398611277608,2.937496170900409,0.1898783922161751,1579.7328610874324,690.8611932252559,1522.2522972490035,661.8045747011681,422.26041244665237,198.252095094176,7.798345424536947,3.26698562228716,0.2359310706507506,0.12182586521341252,advance_eq19_20,0.0,0.0,0.0,0.0,,,480.80032593830697,5.020174501342439e-16,a1_station_hull_matched_sweep_free_surface_marching_not_benchmark_validated,41,8,24,10,3.0,2,16,15.0,False,none,0.0,1.0,0.0,1.0,trapezoid,1.0,1.0,1.0,1.0,-1.0,1.0,1.0,True,False,True,3.0,11,9,40,True,True,True,True,A1_GRID_RECOMMENDED,"A1 Section 3.3 recommends control radius about 3B, inner free-surface panels greater than 10, outer/free-surface proxy panels greater than 8, and roughly 60 stations at Fn=0.2 or 40 at Fn=0.3."
0,st41_bp8_fs24_cp10_r3p0_h2_fsm_clipfs_onezonefs_noend_pr1p0_pl1p0_pf1p0_pm1p0_dt1p0_fv0p0_hr1p0_hqtrapezoid_hp1p0_hc1p0_ci1p0_cp1p0_cnm1p0_cd1p0_pg1p0,A33,OK,diagnostic_matched_wigley_sensitivity_not_hard_gate,wigley_iii,Fn0.4,0.4,2.1696064159197173,1.0,1.808005346599764,1.0,79.95,23,24,15,1.7999999999999998,1.2000000000000002,0.07500000000000007,-0.8684999999999999,0.8684999999999998,0.06299999999999994,0.06300000000000008,heave,heave_force,-0.2999999999999998,165.95494839088147,35.20733144349245,12.44662112931612,2.6405498582619362,0.047624845637363224,0.047624845637363224,0.0,0.4292229513078849,0.4292229513078849,0.0,0.0,0.4292229513078849,0.8339728941423212,0.36314383412701184,0.6578129092812205,0.37990665089917813,3.5236404861758954,2.484229672598317,0.14721542468239035,1579.8172021657097,691.8421525524165,1545.5231378168107,672.9801435285347,327.38451816109153,160.44715785788804,6.775017585910004,2.780354535226013,0.19927742308426363,0.10237011868349774,advance_eq19_20,0.0,0.0,0.0,0.0,,,480.2604432484979,3.440504806608471e-16,a1_station_hull_matched_sweep_free_surface_marching_not_benchmark_validated,41,8,24,10,3.0,2,16,15.0,False,none,0.0,1.0,0.0,1.0,trapezoid,1.0,1.0,1.0,1.0,-1.0,1.0,1.0,True,False,True,3.0,11,9,40,True,True,True,True,A1_GRID_RECOMMENDED,"A1 Section 3.3 recommends control radius about 3B, inner free-surface panels greater than 10, outer/free-surface proxy panels greater than 8, and roughly 60 stations at Fn=0.2 or 40 at Fn=0.3."
0,st41_bp8_fs24_cp10_r3p0_h2_fsm_clipfs_onezonefs_noend_pr1p0_pl1p0_pf1p0_pm1p0_dt1p0_fv0p0_hr1p0_hqtrapezoid_hp1p0_hc1p0_ci1p0_cp1p0_cnm1p0_cd1p0_pg1p0,A33,OK,diagnostic_matched_wigley_sensitivity_not_hard_gate,wigley_iii,Fn0.4,0.4,2.1696064159197173,1.0,1.808005346599764,1.0,79.95,24,25,14,1.875,1.125,0.07500000000000007,-0.8683593749999999,0.8683593749999999,0.06328124999999996,0.06328125000000007,heave,heave_force,-0.375,164.09935673204376,24.75723316181829,12.307451754903292,1.8567924871363735,0.047092338067236554,0.047092338067236554,0.0,0.47658154316018486,0.47658154316018486,0.0,0.0,0.47658154316018486,0.8433489925796493,0.36793570745106446,0.5674153008151616,0.320114655901286,2.9486054337923076,2.0773048071260702,0.10660623737437337,1580.7777185467544,693.1706483085088,1562.898974824369,681.8604694334034,237.0759159991133,124.7070483192394,5.868985754088095,2.3420214443581573,0.1663630238299744,0.08495387777742713,advance_eq19_20,0.0,0.0,0.0,0.0,,,479.5715522185469,5.040874113222639e-16,a1_station_hull_matched_sweep_free_surface_marching_not_benchmark_validated,41,8,24,10,3.0,2,16,15.0,False,none,0.0,1.0,0.0,1.0,trapezoid,1.0,1.0,1.0,1.0,-1.0,1.0,1.0,True,False,True,3.0,11,9,40,True,True,True,True,A1_GRID_RECOMMENDED,"A1 Section 3.3 recommends control radius about 3B, inner free-surface panels greater than 10, outer/free-surface proxy panels greater than 8, and roughly 60 stations at Fn=0.2 or 40 at Fn=0.3."
0,st41_bp8_fs24_cp10_r3p0_h2_fsm_clipfs_onezonefs_noend_pr1p0_pl1p0_pf1p0_pm1p0_dt1p0_fv0p0_hr1p0_hqtrapezoid_hp1p0_hc1p0_ci1p0_cp1p0_cnm1p0_cd1p0_pg1p0,A33,OK,diagnostic_matched_wigley_sensitivity_not_hard_gate,wigley_iii,Fn0.4,0.4,2.1696064159197173,1.0,1.808005346599764,1.0,79.95,25,26,13,1.95,1.05,0.07499999999999996,-0.8681874999999999,0.8681874999999999,0.0636249999999999,0.06362500000000004,heave,heave_force,-0.44999999999999996,160.7335186242321,14.920509735041833,12.0550138968174,1.1190382301281367,0.04612642821110295,0.04612642821110295,0.0,0.5231909262993546,0.5231909262993546,0.0,0.0,0.5231909262993546,0.8496358671266737,0.3715554113675874,0.48588769478929916,0.2665090788862309,2.435516499003559,1.7140643679930232,0.0690176031129246,1582.012871395554,694.5274905543126,1574.5498451886515,688.5685245684396,153.48456038833191,90.78448165470287,5.074892864909225,1.9491584316894768,0.1369753559522049,0.06946128501199295,advance_eq19_20,0.0,0.0,0.0,0.0,,,478.73747117294215,4.53958706737562e-16,a1_station_hull_matched_sweep_free_surface_marching_not_benchmark_validated,41,8,24,10,3.0,2,16,15.0,False,none,0.0,1.0,0.0,1.0,trapezoid,1.0,1.0,1.0,1.0,-1.0,1.0,1.0,True,False,True,3.0,11,9,40,True,True,True,True,A1_GRID_RECOMMENDED,"A1 Section 3.3 recommends control radius about 3B, inner free-surface panels greater than 10, outer/free-surface proxy panels greater than 8, and roughly 60 stations at Fn=0.2 or 40 at Fn=0.3."
0,st41_bp8_fs24_cp10_r3p0_h2_fsm_clipfs_onezonefs_noend_pr1p0_pl1p0_pf1p0_pm1p0_dt1p0_fv0p0_hr1p0_hqtrapezoid_hp1p0_hc1p0_ci1p0_cp1p0_cnm1p0_cd1p0_pg1p0,A33,OK,diagnostic_matched_wigley_sensitivity_not_hard_gate,wigley_iii,Fn0.4,0.4,2.1696064159197173,1.0,1.808005346599764,1.0,79.95,26,27,12,2.025,0.9750000000000001,0.07500000000000007,-0.8679843749999999,0.8679843749999999,0.06403124999999998,0.0640312500000001,heave,heave_force,-0.5249999999999999,155.89496238955832,5.796426830281362,11.692122179216884,0.43473201227110253,0.04473788574208737,0.04473788574208737,0.0,0.5686230832759498,0.5686230832759498,0.0,0.0,0.5686230832759498,0.8528886043088271,0.3740591839503979,0.41265983220347713,0.2187828414532537,1.981292216872873,1.3923440050041722,0.040837356677719476,1583.1847153749748,695.6960769449504,1580.577835560479,693.2085296402406,90.81601583361164,58.77895805992114,4.387555400977438,1.7395784769539784,0.11094494558402138,0.055797762485740074,advance_eq19_20,0.0,0.0,0.0,0.0,,,477.76272938128045,3.98554268512797e-16,a1_station_hull_matched_sweep_free_surface_marching_not_benchmark_validated,41,8,24,10,3.0,2,16,15.0,False,none,0.0,1.0,0.0,1.0,trapezoid,1.0,1.0,1.0,1.0,-1.0,1.0,1.0,True,False,True,3.0,11,9,40,True,True,True,True,A1_GRID_RECOMMENDED,"A1 Section 3.3 recommends control radius about 3B, inner free-surface panels greater than 10, outer/free-surface proxy panels greater than 8, and roughly 60 stations at Fn=0.2 or 40 at Fn=0.3."
0,st41_bp8_fs24_cp10_r3p0_h2_fsm_clipfs_onezonefs_noend_pr1p0_pl1p0_pf1p0_pm1p0_dt1p0_fv0p0_hr1p0_hqtrapezoid_hp1p0_hc1p0_ci1p0_cp1p0_cnm1p0_cd1p0_pg1p0,A33,OK,diagnostic_matched_wigley_sensitivity_not_hard_gate,wigley_iii,Fn0.4,0.4,2.1696064159197173,1.0,1.808005346599764,1.0,79.95,27,28,11,2.1,0.8999999999999999,0.07499999999999996,-0.8677499999999999,0.8677499999999999,0.06449999999999989,0.06450000000000003,heave,heave_force,-0.6000000000000001,149.63922016073008,-2.5352795858294686,11.22294151205475,-0.19014596893721003,0.042942646968650106,0.042942646968650106,0.0,0.6124633496313187,0.6124633496313187,0.0,0.0,0.6124633496313187,0.8531766217070441,0.37552009301553957,0.3470772599479796,0.1765549648865952,1.5820948429432609,1.1094386847237563,0.044332774624398566,1584.1823477914638,696.5136488696608,1581.1115909812665,695.9158943259297,98.58928906713342,45.38489706427215,3.7995223551346484,1.7040011501202352,0.0880619920655098,0.04384528688049144,advance_eq19_20,0.0,0.0,0.0,0.0,,,476.6524673161357,4.2766215112457653e-16,a1_station_hull_matched_sweep_free_surface_marching_not_benchmark_validated,41,8,24,10,3.0,2,16,15.0,False,none,0.0,1.0,0.0,1.0,trapezoid,1.0,1.0,1.0,1.0,-1.0,1.0,1.0,True,False,True,3.0,11,9,40,True,True,True,True,A1_GRID_RECOMMENDED,"A1 Section 3.3 recommends control radius about 3B, inner free-surface panels greater than 10, outer/free-surface proxy panels greater than 8, and roughly 60 stations at Fn=0.2 or 40 at Fn=0.3."
0,st41_bp8_fs24_cp10_r3p0_h2_fsm_clipfs_onezonefs_noend_pr1p0_pl1p0_pf1p0_pm1p0_dt1p0_fv0p0_hr1p0_hqtrapezoid_hp1p0_hc1p0_ci1p0_cp1p0_cnm1p0_cd1p0_pg1p0,A33,OK,diagnostic_matched_wigley_sensitivity_not_hard_gate,wigley_iii,Fn0.4,0.4,2.1696064159197173,1.0,1.808005346599764,1.0,79.95,28,29,10,2.175,0.8250000000000002,0.07499999999999996,-0.8674843749999999,0.8674843749999999,0.06503124999999987,0.0650312500000001,heave,heave_force,-0.6749999999999998,142.02761840313022,-9.823033759590157,10.65207138023476,-0.7367275319692613,0.04075831102522913,0.04075831102522913,0.0,0.654313828628258,0.654313828628258,0.0,0.0,0.654313828628258,0.8505181211283678,0.37600514657540746,0.28879575067649027,0.13963972269488895,1.2359265653483469,0.8639425170434913,0.07485340912790144,1584.950605809243,696.8184841459143,1576.1848431395765,696.8147982412987,166.46249761479243,80.22350509449053,3.303888139827108,1.6548550231070749,0.068229732685024,0.03354249903419716,advance_eq19_20,0.0,0.0,0.0,0.0,,,475.4122985160682,4.510174866655763e-16,a1_station_hull_matched_sweep_free_surface_marching_not_benchmark_validated,41,8,24,10,3.0,2,16,15.0,False,none,0.0,1.0,0.0,1.0,trapezoid,1.0,1.0,1.0,1.0,-1.0,1.0,1.0,True,False,True,3.0,11,9,40,True,True,True,True,A1_GRID_RECOMMENDED,"A1 Section 3.3 recommends control radius about 3B, inner free-surface panels greater than 10, outer/free-surface proxy panels greater than 8, and roughly 60 stations at Fn=0.2 or 40 at Fn=0.3."
0,st41_bp8_fs24_cp10_r3p0_h2_fsm_clipfs_onezonefs_noend_pr1p0_pl1p0_pf1p0_pm1p0_dt1p0_fv0p0_hr1p0_hqtrapezoid_hp1p0_hc1p0_ci1p0_cp1p0_cnm1p0_cd1p0_pg1p0,A33,OK,diagnostic_matched_wigley_sensitivity_not_hard_gate,wigley_iii,Fn0.4,0.4,2.1696064159197173,1.0,1.808005346599764,1.0,79.95,29,30,9,2.25,0.75,0.07499999999999996,-0.8671874999999999,0.8671874999999999,0.06562499999999982,0.0656250000000001,heave,heave_force,-0.75,133.15862825119265,-15.941416229482815,9.986897118839442,-1.1956062172112105,0.03821313662072472,0.03821313662072472,0.0,0.6937995524512351,0.6937995524512351,0.0,0.0,0.6937995524512351,0.845068252004807,0.3756729667018635,0.2370812192059035,0.10750632914664324,0.9374381826575944,0.6520303378780617,0.11222198029996026,1585.8452046146672,696.4788035118421,1566.085115813068,696.1992006792134,249.56446667766014,116.16287994068539,2.8877058357316407,1.592035341719274,0.05116267673365214,0.024723554537476027,advance_eq19_20,0.0,0.0,0.0,0.0,,,474.0481182363453,3.417372863919865e-16,a1_station_hull_matched_sweep_free_surface_marching_not_benchmark_validated,41,8,24,10,3.0,2,16,15.0,False,none,0.0,1.0,0.0,1.0,trapezoid,1.0,1.0,1.0,1.0,-1.0,1.0,1.0,True,False,True,3.0,11,9,40,True,True,True,True,A1_GRID_RECOMMENDED,"A1 Section 3.3 recommends control radius about 3B, inner free-surface panels greater than 10, outer/free-surface proxy panels greater than 8, and roughly 60 stations at Fn=0.2 or 40 at Fn=0.3."
0,st41_bp8_fs24_cp10_r3p0_h2_fsm_clipfs_onezonefs_noend_pr1p0_pl1p0_pf1p0_pm1p0_dt1p0_fv0p0_hr1p0_hqtrapezoid_hp1p0_hc1p0_ci1p0_cp1p0_cnm1p0_cd1p0_pg1p0,A33,OK,diagnostic_matched_wigley_sensitivity_not_hard_gate,wigley_iii,Fn0.4,0.4,2.1696064159197173,1.0,1.808005346599764,1.0,79.95,30,31,8,2.3249999999999997,0.6750000000000003,0.07499999999999996,-0.866859375,0.866859375,0.06628124999999996,0.06628125000000007,heave,heave_force,-0.8249999999999997,123.12091053356693,-20.148871731006587,9.234068290017515,-1.5111653798254931,0.03533256715600838,0.03533256715600838,0.0,0.7305724043396016,0.7305724043396016,0.0,0.0,0.7305724043396016,0.8368510014328752,0.37467413271234357,0.19222271198477583,0.08029887373065032,0.6877128878866146,0.47442406201268184,0.1497510083775966,1586.2097916184377,695.0516349532131,1550.856862020455,694.3481560559603,333.02326728064287,152.0581444563029,2.542039414926133,1.5149218641361917,0.0369725396990396,0.017422235681231316,advance_eq19_20,0.0,0.0,0.0,0.0,,,472.56584172230123,2.447602127379889e-16,a1_station_hull_matched_sweep_free_surface_marching_not_benchmark_validated,41,8,24,10,3.0,2,16,15.0,False,none,0.0,1.0,0.0,1.0,trapezoid,1.0,1.0,1.0,1.0,-1.0,1.0,1.0,True,False,True,3.0,11,9,40,True,True,True,True,A1_GRID_RECOMMENDED,"A1 Section 3.3 recommends control radius about 3B, inner free-surface panels greater than 10, outer/free-surface proxy panels greater than 8, and roughly 60 stations at Fn=0.2 or 40 at Fn=0.3."
0,st41_bp8_fs24_cp10_r3p0_h2_fsm_clipfs_onezonefs_noend_pr1p0_pl1p0_pf1p0_pm1p0_dt1p0_fv0p0_hr1p0_hqtrapezoid_hp1p0_hc1p0_ci1p0_cp1p0_cnm1p0_cd1p0_pg1p0,A33,OK,diagnostic_matched_wigley_sensitivity_not_hard_gate,wigley_iii,Fn0.4,0.4,2.1696064159197173,1.0,1.808005346599764,1.0,79.95,31,32,7,2.4,0.6000000000000001,0.07500000000000018,-0.8664999999999999,0.8664999999999998,0.06699999999999995,0.06700000000000006,heave,heave_force,-0.8999999999999999,112.10706324246172,-22.295025992170928,8.408029743184649,-1.6721269494128235,0.03217187335206766,0.03217187335206766,0.0,0.7643246245936397,0.7643246245936397,0.0,0.0,0.7643246245936397,0.8265516232633494,0.3735642143067892,0.1530745239080075,0.05684335716693325,0.4754690978637929,0.32273645365802367,0.18806094281628072,1587.8369545161413,692.808285202796,1531.7699979533709,692.2912491841403,418.2186838210666,189.6233714445775,2.245398117290282,1.4237371108650523,0.02503018875670444,0.011275664053501187,advance_eq19_20,0.0,0.0,0.0,0.0,,,470.9710640469985,5.565321982821836e-16,a1_station_hull_matched_sweep_free_surface_marching_not_benchmark_validated,41,8,24,10,3.0,2,16,15.0,False,none,0.0,1.0,0.0,1.0,trapezoid,1.0,1.0,1.0,1.0,-1.0,1.0,1.0,True,False,True,3.0,11,9,40,True,True,True,True,A1_GRID_RECOMMENDED,"A1 Section 3.3 recommends control radius about 3B, inner free-surface panels greater than 10, outer/free-surface proxy panels greater than 8, and roughly 60 stations at Fn=0.2 or 40 at Fn=0.3."
0,st41_bp8_fs24_cp10_r3p0_h2_fsm_clipfs_onezonefs_noend_pr1p0_pl1p0_pf1p0_pm1p0_dt1p0_fv0p0_hr1p0_hqtrapezoid_hp1p0_hc1p0_ci1p0_cp1p0_cnm1p0_cd1p0_pg1p0,A33,OK,diagnostic_matched_wigley_sensitivity_not_hard_gate,wigley_iii,Fn0.4,0.4,2.1696064159197173,1.0,1.808005346599764,1.0,79.95,32,33,6,2.475,0.5249999999999999,0.07499999999999996,-0.866109375,0.866109375,0.06778124999999988,0.06778125000000013,heave,heave_force,-0.9750000000000001,100.22899982978439,-18.937169682771994,7.517174987233824,-1.4202877262078988,0.028763171520729762,0.028763171520729762,0.0,0.7947921470300384,0.7947921470300384,0.0,0.0,0.7947921470300384,0.8143606273667856,0.37286909064336776,0.1220638723023475,0.0401011400542535,0.3130107376964502,0.2052698378056099,0.2181832171953558,1585.2576521066171,691.6133413687837,1509.1775775479737,691.0030422016259,485.2060005698753,219.17089841124678,1.990970947048547,1.3167567337805839,0.016268165999090808,0.0066661797117660085,advance_eq19_20,0.0,0.0,0.0,0.0,,,469.2686860462597,4.379512777439799e-16,a1_station_hull_matched_sweep_free_surface_marching_not_benchmark_validated,41,8,24,10,3.0,2,16,15.0,False,none,0.0,1.0,0.0,1.0,trapezoid,1.0,1.0,1.0,1.0,-1.0,1.0,1.0,True,False,True,3.0,11,9,40,True,True,True,True,A1_GRID_RECOMMENDED,"A1 Section 3.3 recommends control radius about 3B, inner free-surface panels greater than 10, outer/free-surface proxy panels greater than 8, and roughly 60 stations at Fn=0.2 or 40 at Fn=0.3."
0,st41_bp8_fs24_cp10_r3p0_h2_fsm_clipfs_onezonefs_noend_pr1p0_pl1p0_pf1p0_pm1p0_dt1p0_fv0p0_hr1p0_hqtrapezoid_hp1p0_hc1p0_ci1p0_cp1p0_cnm1p0_cd1p0_pg1p0,A33,OK,diagnostic_matched_wigley_sensitivity_not_hard_gate,wigley_iii,Fn0.4,0.4,2.1696064159197173,1.0,1.808005346599764,1.0,79.95,33,34,5,2.55,0.4500000000000002,0.07499999999999996,-0.8656874999999999,0.8656874999999999,0.06862499999999994,0.06862500000000005,heave,heave_force,-1.0499999999999998,88.04689752475636,-10.313195629211753,6.603517314356723,-0.773489672190881,0.025267218266904378,0.025267218266904378,0.0,0.8218073419238554,0.8218073419238554,0.0,0.0,0.8218073419238554,0.804551221205895,0.3755235492111963,0.09618332580501843,0.033198260025111594,0.1720983426843534,0.09772042260746336,0.2717220749761818,1608.7937358954132,716.3236507927678,1490.998732292468,695.9222993666615,604.2682061457259,250.7437355648535,1.7515706807404248,1.1970104184626504,0.008377657227247728,0.002710141710384819,advance_eq19_20,0.0,0.0,0.0,0.0,,,467.4627559098952,4.0177390558340943e-16,a1_station_hull_matched_sweep_free_surface_marching_not_benchmark_validated,41,8,24,10,3.0,2,16,15.0,False,none,0.0,1.0,0.0,1.0,trapezoid,1.0,1.0,1.0,1.0,-1.0,1.0,1.0,True,False,True,3.0,11,9,40,True,True,True,True,A1_GRID_RECOMMENDED,"A1 Section 3.3 recommends control radius about 3B, inner free-surface panels greater than 10, outer/free-surface proxy panels greater than 8, and roughly 60 stations at Fn=0.2 or 40 at Fn=0.3."
0,st41_bp8_fs24_cp10_r3p0_h2_fsm_clipfs_onezonefs_noend_pr1p0_pl1p0_pf1p0_pm1p0_dt1p0_fv0p0_hr1p0_hqtrapezoid_hp1p0_hc1p0_ci1p0_cp1p0_cnm1p0_cd1p0_pg1p0,A33,OK,diagnostic_matched_wigley_sensitivity_not_hard_gate,wigley_iii,Fn0.4,0.4,2.1696064159197173,1.0,1.808005346599764,1.0,79.95,34,35,4,2.625,0.375,0.07499999999999996,-0.8652343749999999,0.8652343749999999,0.06953124999999993,0.06953125000000009,heave,heave_force,-1.125,75.60505524449692,43.747492921333894,5.670379143337266,3.28106196910004,0.021696726252130982,0.021696726252130982,0.0,0.8452893141833732,0.8452893141833732,0.0,0.0,0.8452893141833732,0.7985881762571507,0.3843181834198475,0.08697729556572875,0.032950559703640386,0.11029888747560629,0.043734250083847584,0.5893158246760838,1976.8110792181776,1149.3416125700717,1479.9479847143905,712.2205636790579,1310.547979075757,902.0687396522827,1.5244925003478258,1.0568576363088675,0.006766763436345399,0.002658616976140976,advance_eq19_20,0.0,0.0,0.0,0.0,,,465.55753958209425,4.3857414576683526e-16,a1_station_hull_matched_sweep_free_surface_marching_not_benchmark_validated,41,8,24,10,3.0,2,16,15.0,False,none,0.0,1.0,0.0,1.0,trapezoid,1.0,1.0,1.0,1.0,-1.0,1.0,1.0,True,False,True,3.0,11,9,40,True,True,True,True,A1_GRID_RECOMMENDED,"A1 Section 3.3 recommends control radius about 3B, inner free-surface panels greater than 10, outer/free-surface proxy panels greater than 8, and roughly 60 stations at Fn=0.2 or 40 at Fn=0.3."
0,st41_bp8_fs24_cp10_r3p0_h2_fsm_clipfs_onezonefs_noend_pr1p0_pl1p0_pf1p0_pm1p0_dt1p0_fv0p0_hr1p0_hqtrapezoid_hp1p0_hc1p0_ci1p0_cp1p0_cnm1p0_cd1p0_pg1p0,A33,OK,diagnostic_matched_wigley_sensitivity_not_hard_gate,wigley_iii,Fn0.4,0.4,2.1696064159197173,1.0,1.808005346599764,1.0,79.95,35,36,3,2.6999999999999997,0.30000000000000027,0.07499999999999996,-0.8647499999999999,0.8647499999999999,0.0704999999999999,0.07050000000000001,heave,heave_force,-1.1999999999999997,67.42888205168484,211.86384803463915,5.05716615387636,15.889788602597926,0.019350372678540173,0.019350372678540173,0.0,0.8658128636487087,0.8658128636487087,0.0,0.0,0.8658128636487087,0.8566101138859012,0.43636871379619674,0.06994804811648285,0.03130963971139687,0.10258489766184382,0.047809670486048415,2.5790586768691877,5951.0706626500605,4032.8246155257903,1587.4745575035708,808.6808918231956,5735.430808678027,3950.9125015356617,1.341781592080947,0.9421367209474598,0.012537520099893762,0.0039833535970166855,advance_eq19_20,0.0,0.0,0.0,0.0,,,463.5639836716682,7.372537424959484e-16,a1_station_hull_matched_sweep_free_surface_marching_not_benchmark_validated,41,8,24,10,3.0,2,16,15.0,False,none,0.0,1.0,0.0,1.0,trapezoid,1.0,1.0,1.0,1.0,-1.0,1.0,1.0,True,False,True,3.0,11,9,40,True,True,True,True,A1_GRID_RECOMMENDED,"A1 Section 3.3 recommends control radius about 3B, inner free-surface panels greater than 10, outer/free-surface proxy panels greater than 8, and roughly 60 stations at Fn=0.2 or 40 at Fn=0.3."
0,st41_bp8_fs24_cp10_r3p0_h2_fsm_clipfs_onezonefs_noend_pr1p0_pl1p0_pf1p0_pm1p0_dt1p0_fv0p0_hr1p0_hqtrapezoid_hp1p0_hc1p0_ci1p0_cp1p0_cnm1p0_cd1p0_pg1p0,A33,OK,diagnostic_matched_wigley_sensitivity_not_hard_gate,wigley_iii,Fn0.4,0.4,2.1696064159197173,1.0,1.808005346599764,1.0,79.95,36,37,2,2.775,0.2250000000000001,0.07500000000000018,-0.8642343749999999,0.8642343749999999,0.07153124999999994,0.07153125000000005,heave,heave_force,-1.275,69.2724572569862,-826.5260652945644,5.195434294273977,-61.98945489709248,0.01987943183239293,0.01987943183239293,0.0,0.8854277659041753,0.8854277659041753,0.0,0.0,0.8854277659041753,1.1357409849978388,0.6508099826030678,0.14435233653921392,0.06774339303441053,0.18448448729507536,0.078623027580394,12.087379260958471,26962.75326495875,17934.68556036144,2104.7614175592894,1206.084626371017,26880.476986136193,17894.085783382972,1.1954784611684084,0.831542730110112,0.017980012643215085,0.006192471044733313,advance_eq19_20,0.0,0.0,0.0,0.0,,,461.53260422011545,7.904929224241728e-16,a1_station_hull_matched_sweep_free_surface_marching_not_benchmark_validated,41,8,24,10,3.0,2,16,15.0,False,none,0.0,1.0,0.0,1.0,trapezoid,1.0,1.0,1.0,1.0,-1.0,1.0,1.0,True,False,True,3.0,11,9,40,True,True,True,True,A1_GRID_RECOMMENDED,"A1 Section 3.3 recommends control radius about 3B, inner free-surface panels greater than 10, outer/free-surface proxy panels greater than 8, and roughly 60 stations at Fn=0.2 or 40 at Fn=0.3."
0,st41_bp8_fs24_cp10_r3p0_h2_fsm_clipfs_onezonefs_noend_pr1p0_pl1p0_pf1p0_pm1p0_dt1p0_fv0p0_hr1p0_hqtrapezoid_hp1p0_hc1p0_ci1p0_cp1p0_cnm1p0_cd1p0_pg1p0,A33,OK,diagnostic_matched_wigley_sensitivity_not_hard_gate,wigley_iii,Fn0.4,0.4,2.1696064159197173,1.0,1.808005346599764,1.0,79.95,37,38,1,2.85,0.1499999999999999,0.07499999999999996,-0.8636874999999999,0.8636874999999999,0.07262499999999994,0.07262500000000005,heave,heave_force,-1.35,-35.625777490914075,-238.54463170844002,-2.671933311818554,-17.890847378132992,-0.010223691249745554,-0.010223691249745554,0.0,0.890255636195499,0.890255636195499,0.0,0.0,0.890255636195499,1.092572247384246,0.7705998316471946,0.374278687307584,0.17425738329496346,0.4188220906183875,0.20467792462134138,6.6854735414603725,15004.707423729977,10560.687818981161,2024.7608764376678,1428.0798310996809,14867.467446239283,10463.685546019786,1.0240496408504005,0.2888554817794517,0.0008799618787591093,0.00034684381768991057,advance_eq19_20,0.0,0.0,0.0,0.0,,,467.16479122089714,2.434886171505382e-15,a1_station_hull_matched_sweep_free_surface_marching_not_benchmark_validated,41,8,24,10,3.0,2,16,15.0,False,none,0.0,1.0,0.0,1.0,trapezoid,1.0,1.0,1.0,1.0,-1.0,1.0,1.0,True,False,True,3.0,11,9,40,True,True,True,True,A1_GRID_RECOMMENDED,"A1 Section 3.3 recommends control radius about 3B, inner free-surface panels greater than 10, outer/free-surface proxy panels greater than 8, and roughly 60 stations at Fn=0.2 or 40 at Fn=0.3."
0,st41_bp8_fs24_cp10_r3p0_h2_fsm_clipfs_onezonefs_noend_pr1p0_pl1p0_pf1p0_pm1p0_dt1p0_fv0p0_hr1p0_hqtrapezoid_hp1p0_hc1p0_ci1p0_cp1p0_cnm1p0_cd1p0_pg1p0,A33,OK,diagnostic_matched_wigley_sensitivity_not_hard_gate,wigley_iii,Fn0.4,0.4,2.1696064159197173,1.0,1.808005346599764,1.0,79.95,38,39,0,2.925,0.07500000000000018,0.03749999999999987,-0.8631093749999998,0.8631093749999998,0.07378124999999991,0.07378125000000002,heave,heave_force,-1.4249999999999998,9.129747836262178,1009.7361973362368,0.3423655438598304,37.86510740010875,0.001310002611027674,0.001310002611027674,0.0,0.8864537931816538,0.8864537931816538,0.0,0.0,0.8864537931816538,0.7413405685264072,0.4324733758407617,0.028989922051719172,0.014649299625110412,0.039345548482727276,0.020001658647482174,39.04387831459259,86838.4635692057,52902.30409448629,1373.8564043357292,801.4620301767,86827.59511607201,52902.20600100243,0.41951335212540375,0.2928849985220154,0.0,0.0,initialize_eq21_22,0.0,0.0,0.0,0.0,,,690.6987294891596,1.7447639126794795e-15,a1_station_hull_matched_sweep_free_surface_marching_not_benchmark_validated,41,8,24,10,3.0,2,16,15.0,False,none,0.0,1.0,0.0,1.0,trapezoid,1.0,1.0,1.0,1.0,-1.0,1.0,1.0,True,False,True,3.0,11,9,40,True,True,True,True,A1_GRID_RECOMMENDED,"A1 Section 3.3 recommends control radius about 3B, inner free-surface panels greater than 10, outer/free-surface proxy panels greater than 8, and roughly 60 stations at Fn=0.2 or 40 at Fn=0.3."
0,st41_bp8_fs24_cp10_r3p0_h2_fsm_clipfs_onezonefs_noend_pr1p0_pl1p0_pf1p0_pm1p0_dt1p0_fv0p0_hr1p0_hqtrapezoid_hp1p0_hc1p0_ci1p0_cp1p0_cn1p0_cd1p0_pg1p0,A33,OK,diagnostic_matched_wigley_sensitivity_not_hard_gate,wigley_iii,Fn0.4,0.4,2.1696064159197173,1.0,1.808005346599764,1.0,79.95,0,1,38,0.075,2.925,0.0375,-0.8631093749999998,0.8631093749999998,0.07378124999999991,0.07378125000000002,heave,heave_force,1.425,8.386947134573756,-777.054711018407,0.3145105175465158,-29.13955166319026,0.0012034201647064216,0.0012034201647064216,0.0,0.0,0.0,0.0,0.0,0.0,0.6799150965379613,0.39644194391904075,0.0021483913493628233,0.0010270376524269137,0.0024310836918787814,0.0012711822926688473,29.603657819591138,65846.05001359417,35794.097228914965,1260.0223830188918,734.6883830775802,65833.99308857876,35793.97793580503,0.37852244296741994,0.26684021102602135,5.400780972217839e-05,3.1025362016550724e-05,advance_eq19_20,0.0,0.0,0.0,0.0,,,113.94877021527233,4.729644729091849e-16,a1_station_hull_matched_sweep_free_surface_marching_not_benchmark_validated,41,8,24,10,3.0,2,16,15.0,False,none,0.0,1.0,0.0,1.0,trapezoid,1.0,1.0,1.0,1.0,1.0,1.0,1.0,True,False,True,3.0,11,9,40,True,True,True,True,A1_GRID_RECOMMENDED,"A1 Section 3.3 recommends control radius about 3B, inner free-surface panels greater than 10, outer/free-surface proxy panels greater than 8, and roughly 60 stations at Fn=0.2 or 40 at Fn=0.3."
0,st41_bp8_fs24_cp10_r3p0_h2_fsm_clipfs_onezonefs_noend_pr1p0_pl1p0_pf1p0_pm1p0_dt1p0_fv0p0_hr1p0_hqtrapezoid_hp1p0_hc1p0_ci1p0_cp1p0_cn1p0_cd1p0_pg1p0,A33,OK,diagnostic_matched_wigley_sensitivity_not_hard_gate,wigley_iii,Fn0.4,0.4,2.1696064159197173,1.0,1.808005346599764,1.0,79.95,1,2,37,0.15,2.85,0.07499999999999998,-0.8636874999999999,0.8636874999999999,0.07262499999999991,0.07262500000000005,heave,heave_force,1.35,-19.647147629409936,349.16583876271307,-1.473536072205745,26.187437907203474,-0.005638231231654834,-0.005638231231654834,0.0,-0.0016156954511209957,-0.0016156954511209957,0.0,0.0,-0.0016156954511209957,0.6172865911931443,0.4351602877870043,0.0183019595333852,0.008233021825768926,0.019791249436742986,0.009143910286538881,8.307666520820337,18510.358475611647,12970.129074393137,1143.9588936930866,806.4414301204656,18474.97574951557,12945.03381325068,0.317319013671888,0.14351319863616424,0.0007090364122730983,0.00036472121689610674,advance_eq19_20,0.0,0.0,0.0,0.0,,,77.78531556101733,4.674858683653122e-16,a1_station_hull_matched_sweep_free_surface_marching_not_benchmark_validated,41,8,24,10,3.0,2,16,15.0,False,none,0.0,1.0,0.0,1.0,trapezoid,1.0,1.0,1.0,1.0,1.0,1.0,1.0,True,False,True,3.0,11,9,40,True,True,True,True,A1_GRID_RECOMMENDED,"A1 Section 3.3 recommends control radius about 3B, inner free-surface panels greater than 10, outer/free-surface proxy panels greater than 8, and roughly 60 stations at Fn=0.2 or 40 at Fn=0.3."
0,st41_bp8_fs24_cp10_r3p0_h2_fsm_clipfs_onezonefs_noend_pr1p0_pl1p0_pf1p0_pm1p0_dt1p0_fv0p0_hr1p0_hqtrapezoid_hp1p0_hc1p0_ci1p0_cp1p0_cn1p0_cd1p0_pg1p0,A33,OK,diagnostic_matched_wigley_sensitivity_not_hard_gate,wigley_iii,Fn0.4,0.4,2.1696064159197173,1.0,1.808005346599764,1.0,79.95,2,3,36,0.22499999999999998,2.775,0.075,-0.8642343749999999,0.8642343749999999,0.07153124999999994,0.07153125000000006,heave,heave_force,1.275,87.17917509106216,679.0547613255026,6.538438131829662,50.92910709941269,0.02501820401718508,0.02501820401718508,0.0,0.008074290941644125,0.008074290941644125,0.0,0.0,0.008074290941644125,1.4300175046566366,0.8232855539298968,0.01926227318063184,0.008410590015510568,0.020562624287920734,0.008871964798443615,9.563601268454917,21432.456042162812,13578.908758607493,2650.1162765042136,1525.7173003656917,21267.98193812118,13492.922211068739,1.4841288779264896,1.0470840012409006,0.0004896561973341604,0.00025752554303303356,advance_eq19_20,0.0,0.0,0.0,0.0,,,77.91010290862684,8.590277748497819e-16,a1_station_hull_matched_sweep_free_surface_marching_not_benchmark_validated,41,8,24,10,3.0,2,16,15.0,False,none,0.0,1.0,0.0,1.0,trapezoid,1.0,1.0,1.0,1.0,1.0,1.0,1.0,True,False,True,3.0,11,9,40,True,True,True,True,A1_GRID_RECOMMENDED,"A1 Section 3.3 recommends control radius about 3B, inner free-surface panels greater than 10, outer/free-surface proxy panels greater than 8, and roughly 60 stations at Fn=0.2 or 40 at Fn=0.3."
0,st41_bp8_fs24_cp10_r3p0_h2_fsm_clipfs_onezonefs_noend_pr1p0_pl1p0_pf1p0_pm1p0_dt1p0_fv0p0_hr1p0_hqtrapezoid_hp1p0_hc1p0_ci1p0_cp1p0_cn1p0_cd1p0_pg1p0,A33,OK,diagnostic_matched_wigley_sensitivity_not_hard_gate,wigley_iii,Fn0.4,0.4,2.1696064159197173,1.0,1.808005346599764,1.0,79.95,3,4,35,0.3,2.7,0.07500000000000001,-0.8647499999999999,0.8647499999999999,0.0704999999999999,0.07050000000000001,heave,heave_force,1.2,73.17867393158059,-348.95327127900293,5.488400544868545,-26.171495345925223,0.021000416581310886,0.021000416581310886,0.0,0.03108360124089211,0.03108360124089211,0.0,0.0,0.03108360124089211,0.9294744090510039,0.4749467102468202,0.008683939201153668,0.003623455692285565,0.009454844170322501,0.003530631194168352,4.00663838349059,9075.119102490895,6016.563350832705,1722.5070686191677,880.1738462631254,8910.149051668674,5951.834049680622,1.4618363071683909,1.0238220558374789,0.0005242419411373917,0.0002784379182273235,advance_eq19_20,0.0,0.0,0.0,0.0,,,78.9850404442889,5.913600918530423e-16,a1_station_hull_matched_sweep_free_surface_marching_not_benchmark_validated,41,8,24,10,3.0,2,16,15.0,False,none,0.0,1.0,0.0,1.0,trapezoid,1.0,1.0,1.0,1.0,1.0,1.0,1.0,True,False,True,3.0,11,9,40,True,True,True,True,A1_GRID_RECOMMENDED,"A1 Section 3.3 recommends control radius about 3B, inner free-surface panels greater than 10, outer/free-surface proxy panels greater than 8, and roughly 60 stations at Fn=0.2 or 40 at Fn=0.3."
0,st41_bp8_fs24_cp10_r3p0_h2_fsm_clipfs_onezonefs_noend_pr1p0_pl1p0_pf1p0_pm1p0_dt1p0_fv0p0_hr1p0_hqtrapezoid_hp1p0_hc1p0_ci1p0_cp1p0_cn1p0_cd1p0_pg1p0,A33,OK,diagnostic_matched_wigley_sensitivity_not_hard_gate,wigley_iii,Fn0.4,0.4,2.1696064159197173,1.0,1.808005346599764,1.0,79.95,4,5,34,0.375,2.625,0.07499999999999998,-0.8652343749999999,0.8652343749999999,0.06953124999999993,0.06953125000000009,heave,heave_force,1.125,82.68999504174046,-45.48897377292934,6.201749628130533,-3.4116730329697,0.023729923619641807,0.023729923619641807,0.0,0.05344877134136846,0.05344877134136846,0.0,0.0,0.05344877134136846,0.8730960299664737,0.42183020311591735,0.007678093640976251,0.003081087140931767,0.008682366873005994,0.0028479505228410002,0.6295917617262732,2139.703864851807,1238.374124689941,1618.0263475312724,781.738044155614,1400.1154837928084,960.4457834887572,1.6621104619451892,1.1589123528659562,0.000611378023390696,0.00032597618914528045,advance_eq19_20,0.0,0.0,0.0,0.0,,,80.04292683338196,5.162663687120091e-16,a1_station_hull_matched_sweep_free_surface_marching_not_benchmark_validated,41,8,24,10,3.0,2,16,15.0,False,none,0.0,1.0,0.0,1.0,trapezoid,1.0,1.0,1.0,1.0,1.0,1.0,1.0,True,False,True,3.0,11,9,40,True,True,True,True,A1_GRID_RECOMMENDED,"A1 Section 3.3 recommends control radius about 3B, inner free-surface panels greater than 10, outer/free-surface proxy panels greater than 8, and roughly 60 stations at Fn=0.2 or 40 at Fn=0.3."
0,st41_bp8_fs24_cp10_r3p0_h2_fsm_clipfs_onezonefs_noend_pr1p0_pl1p0_pf1p0_pm1p0_dt1p0_fv0p0_hr1p0_hqtrapezoid_hp1p0_hc1p0_ci1p0_cp1p0_cn1p0_cd1p0_pg1p0,A33,OK,diagnostic_matched_wigley_sensitivity_not_hard_gate,wigley_iii,Fn0.4,0.4,2.1696064159197173,1.0,1.808005346599764,1.0,79.95,5,6,33,0.44999999999999996,2.55,0.07500000000000001,-0.8656874999999999,0.8656874999999999,0.06862499999999994,0.06862500000000005,heave,heave_force,1.05,95.82940867759855,14.219312065532595,7.187205650819893,1.0664484049149447,0.027500600856088655,0.027500600856088655,0.0,0.07906403357923368,0.07906403357923368,0.0,0.0,0.07906403357923368,0.8753180637591059,0.4101639734080846,0.008312387786056264,0.003263653667363751,0.009657822566958447,0.0032977531011939933,0.3056966361658616,1758.8378070295728,777.1300244929803,1622.144232733112,760.1181233270308,679.822417729292,288.17878724789267,1.879457836017871,1.3069120615281393,0.0007203499396950073,0.0003845908889157428,advance_eq19_20,0.0,0.0,0.0,0.0,,,81.06571677861561,3.859736398013374e-16,a1_station_hull_matched_sweep_free_surface_marching_not_benchmark_validated,41,8,24,10,3.0,2,16,15.0,False,none,0.0,1.0,0.0,1.0,trapezoid,1.0,1.0,1.0,1.0,1.0,1.0,1.0,True,False,True,3.0,11,9,40,True,True,True,True,A1_GRID_RECOMMENDED,"A1 Section 3.3 recommends control radius about 3B, inner free-surface panels greater than 10, outer/free-surface proxy panels greater than 8, and roughly 60 stations at Fn=0.2 or 40 at Fn=0.3."
0,st41_bp8_fs24_cp10_r3p0_h2_fsm_clipfs_onezonefs_noend_pr1p0_pl1p0_pf1p0_pm1p0_dt1p0_fv0p0_hr1p0_hqtrapezoid_hp1p0_hc1p0_ci1p0_cp1p0_cn1p0_cd1p0_pg1p0,A33,OK,diagnostic_matched_wigley_sensitivity_not_hard_gate,wigley_iii,Fn0.4,0.4,2.1696064159197173,1.0,1.808005346599764,1.0,79.95,6,7,32,0.525,2.475,0.07500000000000001,-0.866109375,0.866109375,0.0677812499999999,0.06778125000000006,heave,heave_force,0.975,110.01937110670892,37.89808793875935,8.25145283300317,2.842356595406952,0.03157275885341835,0.03157275885341835,0.0,0.10860071343398721,0.10860071343398721,0.0,0.0,0.10860071343398721,0.8935187759163272,0.41092246124601345,0.009578305990700597,0.0037263815188143643,0.011276333026859894,0.0039172044119833655,0.32539416660395226,1807.084379003097,767.0028411127071,1655.873892247596,761.5237571449948,723.6267033559537,314.19412667003917,2.090996481700748,1.4513434888539323,0.0008394121255691996,0.00044828715080150465,advance_eq19_20,0.0,0.0,0.0,0.0,,,82.0454186369934,3.4673231875476185e-16,a1_station_hull_matched_sweep_free_surface_marching_not_benchmark_validated,41,8,24,10,3.0,2,16,15.0,False,none,0.0,1.0,0.0,1.0,trapezoid,1.0,1.0,1.0,1.0,1.0,1.0,1.0,True,False,True,3.0,11,9,40,True,True,True,True,A1_GRID_RECOMMENDED,"A1 Section 3.3 recommends control radius about 3B, inner free-surface panels greater than 10, outer/free-surface proxy panels greater than 8, and roughly 60 stations at Fn=0.2 or 40 at Fn=0.3."
0,st41_bp8_fs24_cp10_r3p0_h2_fsm_clipfs_onezonefs_noend_pr1p0_pl1p0_pf1p0_pm1p0_dt1p0_fv0p0_hr1p0_hqtrapezoid_hp1p0_hc1p0_ci1p0_cp1p0_cn1p0_cd1p0_pg1p0,A33,OK,diagnostic_matched_wigley_sensitivity_not_hard_gate,wigley_iii,Fn0.4,0.4,2.1696064159197173,1.0,1.808005346599764,1.0,79.95,7,8,31,0.6,2.4,0.07499999999999996,-0.8664999999999999,0.8664999999999998,0.06699999999999995,0.06700000000000006,heave,heave_force,0.9,124.3839046231233,49.09976390102838,9.328792846734242,3.6824822925771263,0.03569501430892093,0.03569501430892093,0.0,0.14223460001515684,0.14223460001515684,0.0,0.0,0.14223460001515684,0.9166449753671762,0.4163366982121788,0.011148913481895454,0.004325675751680088,0.013191944081672867,0.004603515710092765,0.3371011424188273,1856.7931032269453,793.8823953438741,1698.731491807605,771.5574507621444,749.661221440898,307.28110407950516,2.2907270484260107,1.5878755263499256,0.0009619979319299195,0.0005136858212137219,advance_eq19_20,0.0,0.0,0.0,0.0,,,82.97650322796618,3.659000585586605e-16,a1_station_hull_matched_sweep_free_surface_marching_not_benchmark_validated,41,8,24,10,3.0,2,16,15.0,False,none,0.0,1.0,0.0,1.0,trapezoid,1.0,1.0,1.0,1.0,1.0,1.0,1.0,True,False,True,3.0,11,9,40,True,True,True,True,A1_GRID_RECOMMENDED,"A1 Section 3.3 recommends control radius about 3B, inner free-surface panels greater than 10, outer/free-surface proxy panels greater than 8, and roughly 60 stations at Fn=0.2 or 40 at Fn=0.3."
0,st41_bp8_fs24_cp10_r3p0_h2_fsm_clipfs_onezonefs_noend_pr1p0_pl1p0_pf1p0_pm1p0_dt1p0_fv0p0_hr1p0_hqtrapezoid_hp1p0_hc1p0_ci1p0_cp1p0_cn1p0_cd1p0_pg1p0,A33,OK,diagnostic_matched_wigley_sensitivity_not_hard_gate,wigley_iii,Fn0.4,0.4,2.1696064159197173,1.0,1.808005346599764,1.0,79.95,8,9,30,0.6749999999999999,2.325,0.07500000000000001,-0.866859375,0.866859375,0.06628124999999993,0.06628125000000007,heave,heave_force,0.8250000000000001,138.47097099861324,54.20529711308914,10.385322824895994,4.065397283481686,0.03973764375818455,0.03973764375818455,0.0,0.17995092904870955,0.17995092904870955,0.0,0.0,0.17995092904870955,0.9407308661192065,0.42353201809378677,0.012865261915221015,0.0049921984083778105,0.015241307894962326,0.0053163565823943345,0.3286071482315059,1890.3328065579226,815.392073012749,1743.367596546326,784.8918569989983,730.7718815481605,293.9307560478575,2.4764336260282698,1.7149089118977667,0.0010836372236492874,0.0005784713347344191,advance_eq19_20,0.0,0.0,0.0,0.0,,,83.85411691935546,5.674334761668759e-16,a1_station_hull_matched_sweep_free_surface_marching_not_benchmark_validated,41,8,24,10,3.0,2,16,15.0,False,none,0.0,1.0,0.0,1.0,trapezoid,1.0,1.0,1.0,1.0,1.0,1.0,1.0,True,False,True,3.0,11,9,40,True,True,True,True,A1_GRID_RECOMMENDED,"A1 Section 3.3 recommends control radius about 3B, inner free-surface panels greater than 10, outer/free-surface proxy panels greater than 8, and roughly 60 stations at Fn=0.2 or 40 at Fn=0.3."
0,st41_bp8_fs24_cp10_r3p0_h2_fsm_clipfs_onezonefs_noend_pr1p0_pl1p0_pf1p0_pm1p0_dt1p0_fv0p0_hr1p0_hqtrapezoid_hp1p0_hc1p0_ci1p0_cp1p0_cn1p0_cd1p0_pg1p0,A33,OK,diagnostic_matched_wigley_sensitivity_not_hard_gate,wigley_iii,Fn0.4,0.4,2.1696064159197173,1.0,1.808005346599764,1.0,79.95,9,10,29,0.75,2.25,0.07500000000000001,-0.8671874999999999,0.8671874999999999,0.06562499999999982,0.0656250000000001,heave,heave_force,0.75,151.9874010747019,55.68481765468317,11.399055080602643,4.176361324101238,0.04361651511564331,0.04361651511564331,0.0,0.2216280084856235,0.2216280084856235,0.0,0.0,0.2216280084856235,0.9640819946547594,0.4312384188293678,0.014629837270946565,0.005683862418557473,0.01732437227754336,0.006028972394472561,0.3087861061305149,1914.0629398389165,830.7270722491319,1786.6420359187794,799.1734010752934,686.6929249328225,273.97641848577945,2.647102479924673,1.8317102630769897,0.0012009529189826466,0.0006408857724667742,advance_eq19_20,0.0,0.0,0.0,0.0,,,84.67363722110893,3.421244819636106e-16,a1_station_hull_matched_sweep_free_surface_marching_not_benchmark_validated,41,8,24,10,3.0,2,16,15.0,False,none,0.0,1.0,0.0,1.0,trapezoid,1.0,1.0,1.0,1.0,1.0,1.0,1.0,True,False,True,3.0,11,9,40,True,True,True,True,A1_GRID_RECOMMENDED,"A1 Section 3.3 recommends control radius about 3B, inner free-surface panels greater than 10, outer/free-surface proxy panels greater than 8, and roughly 60 stations at Fn=0.2 or 40 at Fn=0.3."
0,st41_bp8_fs24_cp10_r3p0_h2_fsm_clipfs_onezonefs_noend_pr1p0_pl1p0_pf1p0_pm1p0_dt1p0_fv0p0_hr1p0_hqtrapezoid_hp1p0_hc1p0_ci1p0_cp1p0_cn1p0_cd1p0_pg1p0,A33,OK,diagnostic_matched_wigley_sensitivity_not_hard_gate,wigley_iii,Fn0.4,0.4,2.1696064159197173,1.0,1.808005346599764,1.0,79.95,10,11,28,0.825,2.175,0.07499999999999996,-0.8674843749999999,0.8674843749999999,0.06503124999999987,0.0650312500000001,heave,heave_force,0.675,164.71753813434114,54.72637473426482,12.353815360075577,4.104478105069859,0.0472697403932639,0.0472697403932639,0.0,0.26707113624007706,0.26707113624007706,0.0,0.0,0.26707113624007706,0.9858946456442654,0.4388285130488166,0.01637411323416747,0.006371430134524618,0.019369859539960118,0.0067213509062584754,0.28302172661352365,1932.4358425587204,842.0477801298136,1827.0653602716343,813.2394052785019,629.3968977530116,249.92016258351234,2.8021925470876647,1.937885521875434,0.0013112504449781647,0.0006995215688798872,advance_eq19_20,0.0,0.0,0.0,0.0,,,85.43060038090825,3.259882062058645e-16,a1_station_hull_matched_sweep_free_surface_marching_not_benchmark_validated,41,8,24,10,3.0,2,16,15.0,False,none,0.0,1.0,0.0,1.0,trapezoid,1.0,1.0,1.0,1.0,1.0,1.0,1.0,True,False,True,3.0,11,9,40,True,True,True,True,A1_GRID_RECOMMENDED,"A1 Section 3.3 recommends control radius about 3B, inner free-surface panels greater than 10, outer/free-surface proxy panels greater than 8, and roughly 60 stations at Fn=0.2 or 40 at Fn=0.3."
0,st41_bp8_fs24_cp10_r3p0_h2_fsm_clipfs_onezonefs_noend_pr1p0_pl1p0_pf1p0_pm1p0_dt1p0_fv0p0_hr1p0_hqtrapezoid_hp1p0_hc1p0_ci1p0_cp1p0_cn1p0_cd1p0_pg1p0,A33,OK,diagnostic_matched_wigley_sensitivity_not_hard_gate,wigley_iii,Fn0.4,0.4,2.1696064159197173,1.0,1.808005346599764,1.0,79.95,11,12,27,0.8999999999999999,2.1,0.07500000000000001,-0.8677499999999999,0.8677499999999999,0.06449999999999989,0.0645,heave,heave_force,0.6000000000000001,176.49155909955357,51.99661359063284,13.23686693246652,3.8997460192974636,0.0506485846906849,0.0506485846906849,0.0,0.3160302987820514,0.3160302987820514,0.0,0.0,0.3160302987820514,1.0057623868796484,0.4459677319059489,0.01804602611852882,0.007032913369440379,0.02132269403015415,0.007377548805008829,0.2541305894006027,1947.679790056875,850.8466228136281,1863.8843672095281,826.4698447893489,565.1474411761319,223.78865152054402,2.941381678293758,2.033197963987497,0.001412321500841685,0.000753222288086648,advance_eq19_20,0.0,0.0,0.0,0.0,,,86.12073569235693,3.3604739325331457e-16,a1_station_hull_matched_sweep_free_surface_marching_not_benchmark_validated,41,8,24,10,3.0,2,16,15.0,False,none,0.0,1.0,0.0,1.0,trapezoid,1.0,1.0,1.0,1.0,1.0,1.0,1.0,True,False,True,3.0,11,9,40,True,True,True,True,A1_GRID_RECOMMENDED,"A1 Section 3.3 recommends control radius about 3B, inner free-surface panels greater than 10, outer/free-surface proxy panels greater than 8, and roughly 60 stations at Fn=0.2 or 40 at Fn=0.3."
0,st41_bp8_fs24_cp10_r3p0_h2_fsm_clipfs_onezonefs_noend_pr1p0_pl1p0_pf1p0_pm1p0_dt1p0_fv0p0_hr1p0_hqtrapezoid_hp1p0_hc1p0_ci1p0_cp1p0_cn1p0_cd1p0_pg1p0,A33,OK,diagnostic_matched_wigley_sensitivity_not_hard_gate,wigley_iii,Fn0.4,0.4,2.1696064159197173,1.0,1.808005346599764,1.0,79.95,12,13,26,0.975,2.025,0.07500000000000007,-0.8679843749999999,0.8679843749999999,0.06403124999999998,0.0640312500000001,heave,heave_force,0.525,187.17095710799032,47.917073348565104,14.037821783099286,3.593780501142386,0.05371330006424417,0.05371330006424417,0.0,0.368211241159516,0.368211241159516,0.0,0.0,0.368211241159516,1.0234719211563803,0.45246749937329794,0.019604265577079477,0.0076510085629864265,0.02313851370736512,0.007984458089469635,0.22359283795093077,1960.798054147619,857.9555624160995,1896.7037731841044,838.5152494802867,497.2361671663379,196.58613468850956,3.064464200608343,2.1174952913668914,0.0015023393978313003,0.0008010296326536235,advance_eq19_20,0.0,0.0,0.0,0.0,,,86.74002633334426,3.994482012699989e-16,a1_station_hull_matched_sweep_free_surface_marching_not_benchmark_validated,41,8,24,10,3.0,2,16,15.0,False,none,0.0,1.0,0.0,1.0,trapezoid,1.0,1.0,1.0,1.0,1.0,1.0,1.0,True,False,True,3.0,11,9,40,True,True,True,True,A1_GRID_RECOMMENDED,"A1 Section 3.3 recommends control radius about 3B, inner free-surface panels greater than 10, outer/free-surface proxy panels greater than 8, and roughly 60 stations at Fn=0.2 or 40 at Fn=0.3."
0,st41_bp8_fs24_cp10_r3p0_h2_fsm_clipfs_onezonefs_noend_pr1p0_pl1p0_pf1p0_pm1p0_dt1p0_fv0p0_hr1p0_hqtrapezoid_hp1p0_hc1p0_ci1p0_cp1p0_cn1p0_cd1p0_pg1p0,A33,OK,diagnostic_matched_wigley_sensitivity_not_hard_gate,wigley_iii,Fn0.4,0.4,2.1696064159197173,1.0,1.808005346599764,1.0,79.95,13,14,25,1.05,1.95,0.07500000000000001,-0.8681874999999999,0.8681874999999999,0.06362499999999982,0.0636250000000001,heave,heave_force,0.44999999999999996,196.64106994107405,42.78159723081909,14.748080245580557,3.208619792311432,0.056430981376052534,0.056430981376052534,0.0,0.42328338187966436,0.42328338187966436,0.0,0.0,0.42328338187966436,1.0389094825766192,0.45821703156144983,0.021015341883202285,0.008211776771990838,0.024780918788332995,0.008531166178856218,0.1922012694431658,1972.1871800498418,863.8107826903196,1925.3127466100148,849.1703140403284,427.426135015102,168.83661724272037,3.171303812215388,2.1906762024043784,0.001579798696570249,0.0008421528393175563,advance_eq19_20,0.0,0.0,0.0,0.0,,,87.28477208365122,3.8495448767690167e-16,a1_station_hull_matched_sweep_free_surface_marching_not_benchmark_validated,41,8,24,10,3.0,2,16,15.0,False,none,0.0,1.0,0.0,1.0,trapezoid,1.0,1.0,1.0,1.0,1.0,1.0,1.0,True,False,True,3.0,11,9,40,True,True,True,True,A1_GRID_RECOMMENDED,"A1 Section 3.3 recommends control radius about 3B, inner free-surface panels greater than 10, outer/free-surface proxy panels greater than 8, and roughly 60 stations at Fn=0.2 or 40 at Fn=0.3."
0,st41_bp8_fs24_cp10_r3p0_h2_fsm_clipfs_onezonefs_noend_pr1p0_pl1p0_pf1p0_pm1p0_dt1p0_fv0p0_hr1p0_hqtrapezoid_hp1p0_hc1p0_ci1p0_cp1p0_cn1p0_cd1p0_pg1p0,A33,OK,diagnostic_matched_wigley_sensitivity_not_hard_gate,wigley_iii,Fn0.4,0.4,2.1696064159197173,1.0,1.808005346599764,1.0,79.95,14,15,24,1.125,1.875,0.07499999999999996,-0.8683593749999999,0.8683593749999999,0.06328124999999996,0.06328125000000007,heave,heave_force,0.375,204.80689700439547,36.8123149040419,15.36051727532965,2.7609236178031407,0.05877436587385064,0.05877436587385064,0.0,0.48088605550461594,0.48088605550461594,0.0,0.0,0.48088605550461594,1.0520145792211604,0.46314919532530996,0.02225194439394158,0.008703904942625445,0.02621994632563183,0.009008594929888699,0.16038531802396566,1981.9566430213956,868.632373347147,1949.5991835310783,858.3106269570773,356.67234037922316,140.8206889064521,3.2618089844659024,2.252672796975279,0.0016434783839446975,0.000875949982182943,advance_eq19_20,0.0,0.0,0.0,0.0,,,87.75164677623461,2.367598176613966e-16,a1_station_hull_matched_sweep_free_surface_marching_not_benchmark_validated,41,8,24,10,3.0,2,16,15.0,False,none,0.0,1.0,0.0,1.0,trapezoid,1.0,1.0,1.0,1.0,1.0,1.0,1.0,True,False,True,3.0,11,9,40,True,True,True,True,A1_GRID_RECOMMENDED,"A1 Section 3.3 recommends control radius about 3B, inner free-surface panels greater than 10, outer/free-surface proxy panels greater than 8, and roughly 60 stations at Fn=0.2 or 40 at Fn=0.3."
0,st41_bp8_fs24_cp10_r3p0_h2_fsm_clipfs_onezonefs_noend_pr1p0_pl1p0_pf1p0_pm1p0_dt1p0_fv0p0_hr1p0_hqtrapezoid_hp1p0_hc1p0_ci1p0_cp1p0_cn1p0_cd1p0_pg1p0,A33,OK,diagnostic_matched_wigley_sensitivity_not_hard_gate,wigley_iii,Fn0.4,0.4,2.1696064159197173,1.0,1.808005346599764,1.0,79.95,15,16,23,1.2,1.8,0.07499999999999996,-0.8684999999999999,0.8684999999999998,0.06299999999999994,0.06300000000000008,heave,heave_force,0.30000000000000004,211.59060799532716,30.188789402629904,15.869295599649528,2.2641592051972417,0.06072111824203346,0.06072111824203346,0.0,0.540633797562558,0.540633797562558,0.0,0.0,0.540633797562558,1.0627558143870004,0.46722241130147996,0.023291964443296603,0.00911826684167801,0.02743116211509346,0.009409284221464082,0.12837627969053328,1990.0888431396702,872.5260625711973,1969.5048994052254,865.8591331264175,285.4891500701972,112.6884757989195,3.335918495679143,2.303440023210629,0.001692418533144862,0.0009019161029671268,advance_eq19_20,0.0,0.0,0.0,0.0,,,88.13774872231025,3.8474090513822603e-16,a1_station_hull_matched_sweep_free_surface_marching_not_benchmark_validated,41,8,24,10,3.0,2,16,15.0,False,none,0.0,1.0,0.0,1.0,trapezoid,1.0,1.0,1.0,1.0,1.0,1.0,1.0,True,False,True,3.0,11,9,40,True,True,True,True,A1_GRID_RECOMMENDED,"A1 Section 3.3 recommends control radius about 3B, inner free-surface panels greater than 10, outer/free-surface proxy panels greater than 8, and roughly 60 stations at Fn=0.2 or 40 at Fn=0.3."
0,st41_bp8_fs24_cp10_r3p0_h2_fsm_clipfs_onezonefs_noend_pr1p0_pl1p0_pf1p0_pm1p0_dt1p0_fv0p0_hr1p0_hqtrapezoid_hp1p0_hc1p0_ci1p0_cp1p0_cn1p0_cd1p0_pg1p0,A33,OK,diagnostic_matched_wigley_sensitivity_not_hard_gate,wigley_iii,Fn0.4,0.4,2.1696064159197173,1.0,1.808005346599764,1.0,79.95,16,17,22,1.275,1.725,0.07499999999999996,-0.8686093749999999,0.8686093749999999,0.0627812499999999,0.06278125000000001,heave,heave_force,0.2250000000000001,216.92999116559395,23.064313351629885,16.269749337419537,1.7298235013722403,0.06225338529250885,0.06225338529250885,0.0,0.602121049329829,0.602121049329829,0.0,0.0,0.602121049329829,1.0711177002514016,0.470410628987083,0.02411788827019012,0.00944765088809237,0.028395093249145312,0.009727256448601687,0.09629449770921285,1996.5188369758278,875.5385443960249,1985.0011921144821,871.7675556136542,214.14418904886656,84.51729961588768,3.3935920861013735,2.3429486796276633,0.0017259052187771292,0.000919675526425933,advance_eq19_20,0.0,0.0,0.0,0.0,,,88.44064379627237,2.719542788244109e-16,a1_station_hull_matched_sweep_free_surface_marching_not_benchmark_validated,41,8,24,10,3.0,2,16,15.0,False,none,0.0,1.0,0.0,1.0,trapezoid,1.0,1.0,1.0,1.0,1.0,1.0,1.0,True,False,True,3.0,11,9,40,True,True,True,True,A1_GRID_RECOMMENDED,"A1 Section 3.3 recommends control radius about 3B, inner free-surface panels greater than 10, outer/free-surface proxy panels greater than 8, and roughly 60 stations at Fn=0.2 or 40 at Fn=0.3."
0,st41_bp8_fs24_cp10_r3p0_h2_fsm_clipfs_onezonefs_noend_pr1p0_pl1p0_pf1p0_pm1p0_dt1p0_fv0p0_hr1p0_hqtrapezoid_hp1p0_hc1p0_ci1p0_cp1p0_cn1p0_cd1p0_pg1p0,A33,OK,diagnostic_matched_wigley_sensitivity_not_hard_gate,wigley_iii,Fn0.4,0.4,2.1696064159197173,1.0,1.808005346599764,1.0,79.95,17,18,21,1.3499999999999999,1.6500000000000001,0.07500000000000007,-0.8686874999999998,0.8686875,0.0626249999999999,0.06262500000000004,heave,heave_force,0.15000000000000013,220.77745916536716,15.575624415489699,16.558309437402553,1.1681718311617284,0.06335751066726013,0.06335751066726013,0.0,0.6649264973097135,0.6649264973097135,0.0,0.0,0.6649264973097135,1.0770932440470957,0.47269759322438154,0.024716410065579085,0.009686587142556762,0.029096863220742123,0.009957929357819582,0.0641970730890432,2001.1740306597726,877.687360036117,1996.0751026242242,876.0057702713852,142.7644411986865,56.34280910864894,3.434804077276589,2.3711805123910987,0.001743460844017754,0.0009289769246602663,advance_eq19_20,0.0,0.0,0.0,0.0,,,88.65840109908919,3.6307253552299026e-16,a1_station_hull_matched_sweep_free_surface_marching_not_benchmark_validated,41,8,24,10,3.0,2,16,15.0,False,none,0.0,1.0,0.0,1.0,trapezoid,1.0,1.0,1.0,1.0,1.0,1.0,1.0,True,False,True,3.0,11,9,40,True,True,True,True,A1_GRID_RECOMMENDED,"A1 Section 3.3 recommends control radius about 3B, inner free-surface panels greater than 10, outer/free-surface proxy panels greater than 8, and roughly 60 stations at Fn=0.2 or 40 at Fn=0.3."
0,st41_bp8_fs24_cp10_r3p0_h2_fsm_clipfs_onezonefs_noend_pr1p0_pl1p0_pf1p0_pm1p0_dt1p0_fv0p0_hr1p0_hqtrapezoid_hp1p0_hc1p0_ci1p0_cp1p0_cn1p0_cd1p0_pg1p0,A33,OK,diagnostic_matched_wigley_sensitivity_not_hard_gate,wigley_iii,Fn0.4,0.4,2.1696064159197173,1.0,1.808005346599764,1.0,79.95,18,19,20,1.425,1.575,0.07500000000000007,-0.8687343749999998,0.868734375,0.06253124999999993,0.06253125000000004,heave,heave_force,0.07499999999999996,223.09940822279256,7.849097945481251,16.73245561670946,0.5886823459110944,0.06402385093918286,0.06402385093918286,0.0,0.7286171781129351,0.7286171781129351,0.0,0.0,0.7286171781129351,1.0806797165797253,0.4740735138305162,0.02507818437051055,0.009831236910454776,0.029525955995853528,0.010098059684435808,0.03210507364307154,2003.9938115509,878.9770056420269,2002.7215731765123,878.5556338790832,71.3967581035726,28.176721546345917,3.4595389673435566,2.388124758063789,0.0017448383075699201,0.0009296903365347685,advance_eq19_20,0.0,0.0,0.0,0.0,,,88.78962105356729,3.7292927226471746e-16,a1_station_hull_matched_sweep_free_surface_marching_not_benchmark_validated,41,8,24,10,3.0,2,16,15.0,False,none,0.0,1.0,0.0,1.0,trapezoid,1.0,1.0,1.0,1.0,1.0,1.0,1.0,True,False,True,3.0,11,9,40,True,True,True,True,A1_GRID_RECOMMENDED,"A1 Section 3.3 recommends control radius about 3B, inner free-surface panels greater than 10, outer/free-surface proxy panels greater than 8, and roughly 60 stations at Fn=0.2 or 40 at Fn=0.3."
0,st41_bp8_fs24_cp10_r3p0_h2_fsm_clipfs_onezonefs_noend_pr1p0_pl1p0_pf1p0_pm1p0_dt1p0_fv0p0_hr1p0_hqtrapezoid_hp1p0_hc1p0_ci1p0_cp1p0_cn1p0_cd1p0_pg1p0,A33,OK,diagnostic_matched_wigley_sensitivity_not_hard_gate,wigley_iii,Fn0.4,0.4,2.1696064159197173,1.0,1.808005346599764,1.0,79.95,19,20,19,1.5,1.5,0.07499999999999996,-0.8687499999999999,0.8687499999999999,0.062499999999999944,0.06250000000000003,heave,heave_force,0.0,223.87581848195893,0.0050209776268844725,16.79068638614691,0.0003765733220163352,0.06424666091925621,0.06424666091925621,0.0,0.7927524340421546,0.7927524340421546,0.0,0.0,0.7927524340421546,1.08187627352403,0.4745331628028323,0.02519767294751772,0.00987932462774242,0.029676068383715764,0.010145707894740978,2.019473345296792e-05,2004.9390395661312,879.4074581112969,2004.9390390631468,879.4074578735775,0.04490998884903144,0.02044760613485147,3.467788518706464,2.393775821907632,0.0017300181675972903,0.0009218057170330128,advance_eq19_20,0.0,0.0,0.0,0.0,,,88.83345571237246,2.974261180138924e-16,a1_station_hull_matched_sweep_free_surface_marching_not_benchmark_validated,41,8,24,10,3.0,2,16,15.0,False,none,0.0,1.0,0.0,1.0,trapezoid,1.0,1.0,1.0,1.0,1.0,1.0,1.0,True,False,True,3.0,11,9,40,True,True,True,True,A1_GRID_RECOMMENDED,"A1 Section 3.3 recommends control radius about 3B, inner free-surface panels greater than 10, outer/free-surface proxy panels greater than 8, and roughly 60 stations at Fn=0.2 or 40 at Fn=0.3."
0,st41_bp8_fs24_cp10_r3p0_h2_fsm_clipfs_onezonefs_noend_pr1p0_pl1p0_pf1p0_pm1p0_dt1p0_fv0p0_hr1p0_hqtrapezoid_hp1p0_hc1p0_ci1p0_cp1p0_cn1p0_cd1p0_pg1p0,A33,OK,diagnostic_matched_wigley_sensitivity_not_hard_gate,wigley_iii,Fn0.4,0.4,2.1696064159197173,1.0,1.808005346599764,1.0,79.95,20,21,18,1.575,1.425,0.07499999999999996,-0.8687343749999998,0.868734375,0.06253124999999993,0.06253125000000004,heave,heave_force,-0.07499999999999996,223.10003436700757,-7.839144228586594,16.73250257752556,-0.5879358171439942,0.06402403062663334,0.06402403062663334,0.0,0.8568877798150994,0.8568877798150994,0.0,0.0,0.8568877798150994,1.0806827441817402,0.47407489303578704,0.02507306134451455,0.009830100787143017,0.029545028258464577,0.010100218717067332,0.032065389887254436,2003.9962765827436,878.9783026555559,2002.7271839451582,878.5581898298495,71.30850751906328,28.14168899649392,3.459550090739423,2.388131935399638,0.0016992084231174528,0.0009054328251511642,advance_eq19_20,0.0,0.0,0.0,0.0,,,88.78962105356736,2.802960785887344e-16,a1_station_hull_matched_sweep_free_surface_marching_not_benchmark_validated,41,8,24,10,3.0,2,16,15.0,False,none,0.0,1.0,0.0,1.0,trapezoid,1.0,1.0,1.0,1.0,1.0,1.0,1.0,True,False,True,3.0,11,9,40,True,True,True,True,A1_GRID_RECOMMENDED,"A1 Section 3.3 recommends control radius about 3B, inner free-surface panels greater than 10, outer/free-surface proxy panels greater than 8, and roughly 60 stations at Fn=0.2 or 40 at Fn=0.3."
0,st41_bp8_fs24_cp10_r3p0_h2_fsm_clipfs_onezonefs_noend_pr1p0_pl1p0_pf1p0_pm1p0_dt1p0_fv0p0_hr1p0_hqtrapezoid_hp1p0_hc1p0_ci1p0_cp1p0_cn1p0_cd1p0_pg1p0,A33,OK,diagnostic_matched_wigley_sensitivity_not_hard_gate,wigley_iii,Fn0.4,0.4,2.1696064159197173,1.0,1.808005346599764,1.0,79.95,21,22,17,1.65,1.35,0.07499999999999996,-0.8686874999999998,0.8686875,0.0626249999999999,0.06262500000000004,heave,heave_force,-0.1499999999999999,220.77869456664826,-15.565933465515739,16.55840209249861,-1.1674450099136797,0.06335786519597932,0.06335786519597932,0.0,0.9205787277264056,0.9205787277264056,0.0,0.0,0.9205787277264056,1.0770992601291927,0.4727003353426841,0.02470623269503685,0.009684330242045607,0.02913476725051367,0.009962214799282701,0.06415818045008324,2001.1789828664366,877.6899624009142,1996.0862516605362,876.010851980051,142.67794993669148,56.308467245204476,3.434826096861202,2.3711947169483545,0.0016528468825872196,0.0008808024348567051,advance_eq19_20,0.0,0.0,0.0,0.0,,,88.65840109908919,3.85399995566307e-16,a1_station_hull_matched_sweep_free_surface_marching_not_benchmark_validated,41,8,24,10,3.0,2,16,15.0,False,none,0.0,1.0,0.0,1.0,trapezoid,1.0,1.0,1.0,1.0,1.0,1.0,1.0,True,False,True,3.0,11,9,40,True,True,True,True,A1_GRID_RECOMMENDED,"A1 Section 3.3 recommends control radius about 3B, inner free-surface panels greater than 10, outer/free-surface proxy panels greater than 8, and roughly 60 stations at Fn=0.2 or 40 at Fn=0.3."
0,st41_bp8_fs24_cp10_r3p0_h2_fsm_clipfs_onezonefs_noend_pr1p0_pl1p0_pf1p0_pm1p0_dt1p0_fv0p0_hr1p0_hqtrapezoid_hp1p0_hc1p0_ci1p0_cp1p0_cn1p0_cd1p0_pg1p0,A33,OK,diagnostic_matched_wigley_sensitivity_not_hard_gate,wigley_iii,Fn0.4,0.4,2.1696064159197173,1.0,1.808005346599764,1.0,79.95,22,23,16,1.7249999999999999,1.2750000000000001,0.07499999999999996,-0.8686093749999999,0.8686093749999999,0.0627812499999999,0.06278125000000001,heave,heave_force,-0.22499999999999987,216.93180243375133,-23.055053965015233,16.26988518253134,-1.7291290473761414,0.062253905080362354,0.062253905080362354,0.0,0.9833846128645765,0.9833846128645765,0.0,0.0,0.9833846128645765,1.0711266266448758,0.47041470145693265,0.024102795000214124,0.009444304169593274,0.02845134423361614,0.009733602666174927,0.09625692286269139,1996.5263231705108,875.5424698019548,1985.0177345557872,871.7751027370977,214.0606283550742,84.48410814394892,3.3936245493837816,2.342969612737117,0.001591606429509486,0.0008482690248794421,advance_eq19_20,0.0,0.0,0.0,0.0,,,88.44064379627237,3.3924635666687685e-16,a1_station_hull_matched_sweep_free_surface_marching_not_benchmark_validated,41,8,24,10,3.0,2,16,15.0,False,none,0.0,1.0,0.0,1.0,trapezoid,1.0,1.0,1.0,1.0,1.0,1.0,1.0,True,False,True,3.0,11,9,40,True,True,True,True,A1_GRID_RECOMMENDED,"A1 Section 3.3 recommends control radius about 3B, inner free-surface panels greater than 10, outer/free-surface proxy panels greater than 8, and roughly 60 stations at Fn=0.2 or 40 at Fn=0.3."
0,st41_bp8_fs24_cp10_r3p0_h2_fsm_clipfs_onezonefs_noend_pr1p0_pl1p0_pf1p0_pm1p0_dt1p0_fv0p0_hr1p0_hqtrapezoid_hp1p0_hc1p0_ci1p0_cp1p0_cn1p0_cd1p0_pg1p0,A33,OK,diagnostic_matched_wigley_sensitivity_not_hard_gate,wigley_iii,Fn0.4,0.4,2.1696064159197173,1.0,1.808005346599764,1.0,79.95,23,24,15,1.7999999999999998,1.2000000000000002,0.07500000000000007,-0.8684999999999999,0.8684999999999998,0.06299999999999994,0.06300000000000008,heave,heave_force,-0.2999999999999998,211.59294599090222,-30.180121218874724,15.86947094931768,-2.263509091415606,0.06072178918724755,0.06072178918724755,0.0,1.0448724599983814,1.0448724599983814,0.0,0.0,1.0448724599983814,1.0627675339609657,0.46722776531129195,0.023272165788089508,0.009113877440919911,0.027505022592607398,0.009417591739151018,0.12834054996458763,1990.0989403516369,872.5313402734163,1969.5266181839238,865.8690552067425,285.4096926414802,112.65689484728978,3.335960728470231,2.3034672406238745,0.0015164039257494382,0.0008083153202811997,advance_eq19_20,0.0,0.0,0.0,0.0,,,88.13774872231025,2.924896774852472e-16,a1_station_hull_matched_sweep_free_surface_marching_not_benchmark_validated,41,8,24,10,3.0,2,16,15.0,False,none,0.0,1.0,0.0,1.0,trapezoid,1.0,1.0,1.0,1.0,1.0,1.0,1.0,True,False,True,3.0,11,9,40,True,True,True,True,A1_GRID_RECOMMENDED,"A1 Section 3.3 recommends control radius about 3B, inner free-surface panels greater than 10, outer/free-surface proxy panels greater than 8, and roughly 60 stations at Fn=0.2 or 40 at Fn=0.3."
0,st41_bp8_fs24_cp10_r3p0_h2_fsm_clipfs_onezonefs_noend_pr1p0_pl1p0_pf1p0_pm1p0_dt1p0_fv0p0_hr1p0_hqtrapezoid_hp1p0_hc1p0_ci1p0_cp1p0_cn1p0_cd1p0_pg1p0,A33,OK,diagnostic_matched_wigley_sensitivity_not_hard_gate,wigley_iii,Fn0.4,0.4,2.1696064159197173,1.0,1.808005346599764,1.0,79.95,24,25,14,1.875,1.125,0.07500000000000007,-0.8683593749999999,0.8683593749999999,0.06328124999999996,0.06328125000000007,heave,heave_force,-0.375,204.80969793109202,-36.80438566729427,15.360727344831915,-2.7603289250470726,0.05877516966851223,0.05877516966851223,0.0,1.1046209394262614,1.1046209394262614,0.0,0.0,1.1046209394262614,1.0520289358220576,0.46315576576488526,0.022227726791361077,0.008698537099605006,0.026310411747425027,0.009018728997862248,0.16035196583047392,1981.9694682714821,868.6390480228715,1949.625789262539,858.322803331706,356.59817021791383,140.79118290411344,3.2618600955439194,2.2527057129307924,0.001428414150653306,0.0007615593905427856,advance_eq19_20,0.0,0.0,0.0,0.0,,,87.75164677623461,2.3611816877121667e-16,a1_station_hull_matched_sweep_free_surface_marching_not_benchmark_validated,41,8,24,10,3.0,2,16,15.0,False,none,0.0,1.0,0.0,1.0,trapezoid,1.0,1.0,1.0,1.0,1.0,1.0,1.0,True,False,True,3.0,11,9,40,True,True,True,True,A1_GRID_RECOMMENDED,"A1 Section 3.3 recommends control radius about 3B, inner free-surface panels greater than 10, outer/free-surface proxy panels greater than 8, and roughly 60 stations at Fn=0.2 or 40 at Fn=0.3."
0,st41_bp8_fs24_cp10_r3p0_h2_fsm_clipfs_onezonefs_noend_pr1p0_pl1p0_pf1p0_pm1p0_dt1p0_fv0p0_hr1p0_hqtrapezoid_hp1p0_hc1p0_ci1p0_cp1p0_cn1p0_cd1p0_pg1p0,A33,OK,diagnostic_matched_wigley_sensitivity_not_hard_gate,wigley_iii,Fn0.4,0.4,2.1696064159197173,1.0,1.808005346599764,1.0,79.95,25,26,13,1.95,1.05,0.07499999999999996,-0.8681874999999999,0.8681874999999999,0.0636249999999999,0.06362500000000004,heave,heave_force,-0.44999999999999996,196.64425672362174,-42.774541246674325,14.748319254271621,-3.2080905935005726,0.05643189590152091,0.05643189590152091,0.0,1.162224472211278,1.162224472211278,0.0,0.0,1.162224472211278,1.0389262805189499,0.4582247367781827,0.020987073720668745,0.008205513252454326,0.024886693932489816,0.00854295446914108,0.19217084278750354,1972.2029068821655,863.8189208331431,1925.3438766487993,849.1845933902044,427.3584708010786,168.8096642567245,3.1713626980099594,2.1907140941792025,0.0013290913326582147,0.0007087655938882428,advance_eq19_20,0.0,0.0,0.0,0.0,,,87.28477208365148,3.2111267755223306e-16,a1_station_hull_matched_sweep_free_surface_marching_not_benchmark_validated,41,8,24,10,3.0,2,16,15.0,False,none,0.0,1.0,0.0,1.0,trapezoid,1.0,1.0,1.0,1.0,1.0,1.0,1.0,True,False,True,3.0,11,9,40,True,True,True,True,A1_GRID_RECOMMENDED,"A1 Section 3.3 recommends control radius about 3B, inner free-surface panels greater than 10, outer/free-surface proxy panels greater than 8, and roughly 60 stations at Fn=0.2 or 40 at Fn=0.3."
0,st41_bp8_fs24_cp10_r3p0_h2_fsm_clipfs_onezonefs_noend_pr1p0_pl1p0_pf1p0_pm1p0_dt1p0_fv0p0_hr1p0_hqtrapezoid_hp1p0_hc1p0_ci1p0_cp1p0_cn1p0_cd1p0_pg1p0,A33,OK,diagnostic_matched_wigley_sensitivity_not_hard_gate,wigley_iii,Fn0.4,0.4,2.1696064159197173,1.0,1.808005346599764,1.0,79.95,26,27,12,2.025,0.9750000000000001,0.07500000000000007,-0.8679843749999999,0.8679843749999999,0.06403124999999998,0.0640312500000001,heave,heave_force,-0.5249999999999999,187.17444096805215,-47.91101188468335,14.038083072603923,-3.5933258913512542,0.05371429984339675,0.05371429984339675,0.0,1.217297570083737,1.217297570083737,0.0,0.0,1.217297570083737,1.023490923680236,0.4524762404824117,0.019572406539544316,0.007643952812813324,0.023257974340155117,0.00799768700936494,0.22356592205716685,1960.8169407352602,857.9652628537837,1896.7389887654529,838.5314485516,497.1763103481425,196.56224586319527,3.064529548031946,2.1175373032225004,0.0012202029870222654,0.0006508617462866687,advance_eq19_20,0.0,0.0,0.0,0.0,,,86.74002633334426,3.6584086356860946e-16,a1_station_hull_matched_sweep_free_surface_marching_not_benchmark_validated,41,8,24,10,3.0,2,16,15.0,False,none,0.0,1.0,0.0,1.0,trapezoid,1.0,1.0,1.0,1.0,1.0,1.0,1.0,True,False,True,3.0,11,9,40,True,True,True,True,A1_GRID_RECOMMENDED,"A1 Section 3.3 recommends control radius about 3B, inner free-surface panels greater than 10, outer/free-surface proxy panels greater than 8, and roughly 60 stations at Fn=0.2 or 40 at Fn=0.3."
0,st41_bp8_fs24_cp10_r3p0_h2_fsm_clipfs_onezonefs_noend_pr1p0_pl1p0_pf1p0_pm1p0_dt1p0_fv0p0_hr1p0_hqtrapezoid_hp1p0_hc1p0_ci1p0_cp1p0_cn1p0_cd1p0_pg1p0,A33,OK,diagnostic_matched_wigley_sensitivity_not_hard_gate,wigley_iii,Fn0.4,0.4,2.1696064159197173,1.0,1.808005346599764,1.0,79.95,27,28,11,2.1,0.8999999999999999,0.07499999999999996,-0.8677499999999999,0.8677499999999999,0.06449999999999989,0.06450000000000003,heave,heave_force,-0.6000000000000001,176.49524120024608,-51.991658496236155,13.23714309001845,-3.8993743872177093,0.05064964135985202,0.05064964135985202,0.0,1.2694795406853614,1.2694795406853614,0.0,0.0,1.2694795406853614,1.0057833125196602,0.4459773911942003,0.01801114185780413,0.007025192812071253,0.021453823945779393,0.00739195754549539,0.25410784899611155,1947.7022281061302,850.8580340315349,1863.923146720276,826.4877454352719,565.0968700054603,223.76840957014906,2.941451962680349,2.033243108709841,0.0011038836987369957,0.0005889663689567339,advance_eq19_20,0.0,0.0,0.0,0.0,,,86.12073569235677,2.5104305230420613e-16,a1_station_hull_matched_sweep_free_surface_marching_not_benchmark_validated,41,8,24,10,3.0,2,16,15.0,False,none,0.0,1.0,0.0,1.0,trapezoid,1.0,1.0,1.0,1.0,1.0,1.0,1.0,True,False,True,3.0,11,9,40,True,True,True,True,A1_GRID_RECOMMENDED,"A1 Section 3.3 recommends control radius about 3B, inner free-surface panels greater than 10, outer/free-surface proxy panels greater than 8, and roughly 60 stations at Fn=0.2 or 40 at Fn=0.3."
0,st41_bp8_fs24_cp10_r3p0_h2_fsm_clipfs_onezonefs_noend_pr1p0_pl1p0_pf1p0_pm1p0_dt1p0_fv0p0_hr1p0_hqtrapezoid_hp1p0_hc1p0_ci1p0_cp1p0_cn1p0_cd1p0_pg1p0,A33,OK,diagnostic_matched_wigley_sensitivity_not_hard_gate,wigley_iii,Fn0.4,0.4,2.1696064159197173,1.0,1.808005346599764,1.0,79.95,28,29,10,2.175,0.8250000000000002,0.07499999999999996,-0.8674843749999999,0.8674843749999999,0.06503124999999987,0.0650312500000001,heave,heave_force,-0.6749999999999998,164.72131108508736,-54.72264282273565,12.354098331381545,-4.104198211705171,0.047270823134083796,0.047270823134083796,0.0,1.318439772932329,1.318439772932329,0.0,0.0,1.318439772932329,0.985917160471072,0.43883895056274397,0.01633689900245123,0.006363201353263005,0.019510144986342005,0.006736621599589816,0.28300401285950955,1932.462462453658,842.0611350801017,1827.1070848720594,813.2587481365124,629.3575050817935,249.90431998423583,2.802266019955207,1.9379326767208707,0.0009827235012884123,0.0005244333935306787,advance_eq19_20,0.0,0.0,0.0,0.0,,,85.43060038090854,3.899837252120592e-16,a1_station_hull_matched_sweep_free_surface_marching_not_benchmark_validated,41,8,24,10,3.0,2,16,15.0,False,none,0.0,1.0,0.0,1.0,trapezoid,1.0,1.0,1.0,1.0,1.0,1.0,1.0,True,False,True,3.0,11,9,40,True,True,True,True,A1_GRID_RECOMMENDED,"A1 Section 3.3 recommends control radius about 3B, inner free-surface panels greater than 10, outer/free-surface proxy panels greater than 8, and roughly 60 stations at Fn=0.2 or 40 at Fn=0.3."
0,st41_bp8_fs24_cp10_r3p0_h2_fsm_clipfs_onezonefs_noend_pr1p0_pl1p0_pf1p0_pm1p0_dt1p0_fv0p0_hr1p0_hqtrapezoid_hp1p0_hc1p0_ci1p0_cp1p0_cn1p0_cd1p0_pg1p0,A33,OK,diagnostic_matched_wigley_sensitivity_not_hard_gate,wigley_iii,Fn0.4,0.4,2.1696064159197173,1.0,1.808005346599764,1.0,79.95,29,30,9,2.25,0.75,0.07499999999999996,-0.8671874999999999,0.8671874999999999,0.06562499999999982,0.0656250000000001,heave,heave_force,-0.75,151.99114934310796,-55.68247385766906,11.39933620073309,-4.176185539325177,0.04361759077325986,0.04361759077325986,0.0,1.363883979886001,1.363883979886001,0.0,0.0,1.363883979886001,0.9641056924840632,0.4312494635009581,0.014591163355905405,0.005675321082744667,0.01747059929702988,0.006044710718129573,0.30877474174777586,1914.0948667369425,830.7427638586813,1786.6859528659156,799.1938691212123,686.6676522891764,273.9661631481595,2.6471771251069645,1.8317581466337693,0.0008599689913407463,0.00045895367608113585,advance_eq19_20,0.0,0.0,0.0,0.0,,,84.67363722110893,4.995996979680211e-16,a1_station_hull_matched_sweep_free_surface_marching_not_benchmark_validated,41,8,24,10,3.0,2,16,15.0,False,none,0.0,1.0,0.0,1.0,trapezoid,1.0,1.0,1.0,1.0,1.0,1.0,1.0,True,False,True,3.0,11,9,40,True,True,True,True,A1_GRID_RECOMMENDED,"A1 Section 3.3 recommends control radius about 3B, inner free-surface panels greater than 10, outer/free-surface proxy panels greater than 8, and roughly 60 stations at Fn=0.2 or 40 at Fn=0.3."
0,st41_bp8_fs24_cp10_r3p0_h2_fsm_clipfs_onezonefs_noend_pr1p0_pl1p0_pf1p0_pm1p0_dt1p0_fv0p0_hr1p0_hqtrapezoid_hp1p0_hc1p0_ci1p0_cp1p0_cn1p0_cd1p0_pg1p0,A33,OK,diagnostic_matched_wigley_sensitivity_not_hard_gate,wigley_iii,Fn0.4,0.4,2.1696064159197173,1.0,1.808005346599764,1.0,79.95,30,31,8,2.3249999999999997,0.6750000000000003,0.07499999999999996,-0.866859375,0.866859375,0.06628124999999996,0.06628125000000007,heave,heave_force,-0.8249999999999997,138.4745681009931,-54.20451645138557,10.385592607574477,-4.065338733853915,0.03973867603499967,0.03973867603499967,0.0,1.4055621132901306,1.4055621132901306,0.0,0.0,1.4055621132901306,0.9407552162612647,0.4235434437407891,0.012826271379997544,0.004983600854509399,0.015389138472124402,0.0053320491647231676,0.3286038557515685,1890.3715936377166,815.4105483675772,1743.4127223630335,784.9130310706387,730.7645595779243,293.92768684731584,2.476507034261393,1.7149560101107866,0.0007399878732869088,0.0003947892697876798,advance_eq19_20,0.0,0.0,0.0,0.0,,,83.85411691935549,3.671079724004641e-16,a1_station_hull_matched_sweep_free_surface_marching_not_benchmark_validated,41,8,24,10,3.0,2,16,15.0,False,none,0.0,1.0,0.0,1.0,trapezoid,1.0,1.0,1.0,1.0,1.0,1.0,1.0,True,False,True,3.0,11,9,40,True,True,True,True,A1_GRID_RECOMMENDED,"A1 Section 3.3 recommends control radius about 3B, inner free-surface panels greater than 10, outer/free-surface proxy panels greater than 8, and roughly 60 stations at Fn=0.2 or 40 at Fn=0.3."
0,st41_bp8_fs24_cp10_r3p0_h2_fsm_clipfs_onezonefs_noend_pr1p0_pl1p0_pf1p0_pm1p0_dt1p0_fv0p0_hr1p0_hqtrapezoid_hp1p0_hc1p0_ci1p0_cp1p0_cn1p0_cd1p0_pg1p0,A33,OK,diagnostic_matched_wigley_sensitivity_not_hard_gate,wigley_iii,Fn0.4,0.4,2.1696064159197173,1.0,1.808005346599764,1.0,79.95,31,32,7,2.4,0.6000000000000001,0.07500000000000018,-0.8664999999999999,0.8664999999999998,0.06699999999999995,0.06700000000000006,heave,heave_force,-0.8999999999999999,124.38721939640797,-49.10054455585774,9.32904145473062,-3.682540841689339,0.03569596556447283,0.03569596556447283,0.0,1.443279434089867,1.443279434089867,0.0,0.0,1.443279434089867,0.9166693092849962,0.41634821756767754,0.01111105397894556,0.004317341977311437,0.013335659166155497,0.0046185100472192,0.33710703977917245,1856.8396551367923,793.9035555206085,1698.7765875574655,771.5787984948838,749.6743362655106,307.28701189730714,2.2907964529952443,1.587920122405987,0.0006277852481178913,0.00033452932077381546,advance_eq19_20,0.0,0.0,0.0,0.0,,,82.97650322796612,3.4574809383466863e-16,a1_station_hull_matched_sweep_free_surface_marching_not_benchmark_validated,41,8,24,10,3.0,2,16,15.0,False,none,0.0,1.0,0.0,1.0,trapezoid,1.0,1.0,1.0,1.0,1.0,1.0,1.0,True,False,True,3.0,11,9,40,True,True,True,True,A1_GRID_RECOMMENDED,"A1 Section 3.3 recommends control radius about 3B, inner free-surface panels greater than 10, outer/free-surface proxy panels greater than 8, and roughly 60 stations at Fn=0.2 or 40 at Fn=0.3."
0,st41_bp8_fs24_cp10_r3p0_h2_fsm_clipfs_onezonefs_noend_pr1p0_pl1p0_pf1p0_pm1p0_dt1p0_fv0p0_hr1p0_hqtrapezoid_hp1p0_hc1p0_ci1p0_cp1p0_cn1p0_cd1p0_pg1p0,A33,OK,diagnostic_matched_wigley_sensitivity_not_hard_gate,wigley_iii,Fn0.4,0.4,2.1696064159197173,1.0,1.808005346599764,1.0,79.95,32,33,6,2.475,0.5249999999999999,0.07499999999999996,-0.866109375,0.866109375,0.06778124999999988,0.06778125000000013,heave,heave_force,-0.9750000000000001,110.02228871270114,-37.904913162143615,8.251671653452581,-2.8428684871607692,0.03157359613206749,0.03157359613206749,0.0,1.4769142149381371,1.4769142149381371,0.0,0.0,1.4769142149381371,0.8935423750314486,0.4109337686628468,0.00954320667713336,0.0037186550949736873,0.011409025611116431,0.003930729940568905,0.3254347167002138,1807.160565124189,767.0290253374308,1655.9176262570686,761.5447121118381,723.7168805486942,314.2269777308269,2.0910591028102026,1.4513838910396637,0.0005278786480994673,0.00028051631312099167,advance_eq19_20,0.0,0.0,0.0,0.0,,,82.0454186369934,3.984417434693436e-16,a1_station_hull_matched_sweep_free_surface_marching_not_benchmark_validated,41,8,24,10,3.0,2,16,15.0,False,none,0.0,1.0,0.0,1.0,trapezoid,1.0,1.0,1.0,1.0,1.0,1.0,1.0,True,False,True,3.0,11,9,40,True,True,True,True,A1_GRID_RECOMMENDED,"A1 Section 3.3 recommends control radius about 3B, inner free-surface panels greater than 10, outer/free-surface proxy panels greater than 8, and roughly 60 stations at Fn=0.2 or 40 at Fn=0.3."
0,st41_bp8_fs24_cp10_r3p0_h2_fsm_clipfs_onezonefs_noend_pr1p0_pl1p0_pf1p0_pm1p0_dt1p0_fv0p0_hr1p0_hqtrapezoid_hp1p0_hc1p0_ci1p0_cp1p0_cn1p0_cd1p0_pg1p0,A33,OK,diagnostic_matched_wigley_sensitivity_not_hard_gate,wigley_iii,Fn0.4,0.4,2.1696064159197173,1.0,1.808005346599764,1.0,79.95,33,34,5,2.55,0.4500000000000002,0.07499999999999996,-0.8656874999999999,0.8656874999999999,0.06862499999999994,0.06862500000000005,heave,heave_force,-1.0499999999999998,95.83132033354968,-14.253946528722981,7.187349025016222,-1.069045989654223,0.027501149452683477,0.027501149452683477,0.0,1.5064515877305125,1.5064515877305125,0.0,0.0,1.5064515877305125,0.8753354546373024,0.41017245260351287,0.008288197661634703,0.0032584522433269586,0.009749677903252112,0.003306107403414553,0.3058057109530045,1758.961299779346,777.086089631063,1622.1764616038924,760.1338370184668,680.0649833212423,288.3439883377238,1.8794996093378327,1.3069393046818552,0.0004985144500870231,0.0002621164526158356,advance_eq19_20,0.0,0.0,0.0,0.0,,,81.06571677861561,4.2957775267188553e-16,a1_station_hull_matched_sweep_free_surface_marching_not_benchmark_validated,41,8,24,10,3.0,2,16,15.0,False,none,0.0,1.0,0.0,1.0,trapezoid,1.0,1.0,1.0,1.0,1.0,1.0,1.0,True,False,True,3.0,11,9,40,True,True,True,True,A1_GRID_RECOMMENDED,"A1 Section 3.3 recommends control radius about 3B, inner free-surface panels greater than 10, outer/free-surface proxy panels greater than 8, and roughly 60 stations at Fn=0.2 or 40 at Fn=0.3."
0,st41_bp8_fs24_cp10_r3p0_h2_fsm_clipfs_onezonefs_noend_pr1p0_pl1p0_pf1p0_pm1p0_dt1p0_fv0p0_hr1p0_hqtrapezoid_hp1p0_hc1p0_ci1p0_cp1p0_cn1p0_cd1p0_pg1p0,A33,OK,diagnostic_matched_wigley_sensitivity_not_hard_gate,wigley_iii,Fn0.4,0.4,2.1696064159197173,1.0,1.808005346599764,1.0,79.95,34,35,4,2.625,0.375,0.07499999999999996,-0.8652343749999999,0.8652343749999999,0.06953124999999993,0.06953125000000009,heave,heave_force,-1.125,82.68849364512985,45.513254991004985,6.201637023384735,3.413494124325372,0.02372949275703412,0.02372949275703412,0.0,1.5320669088353713,1.5320669088353713,0.0,0.0,1.5320669088353713,0.873080235941027,0.42182227097327535,0.007696261005999421,0.0030860351756167473,0.00863593270251238,0.0028419553342106567,0.6297344391577867,2139.8893676546063,1238.5659552942445,1617.997077956759,781.7233442653996,1400.4327765103972,960.7050737060066,1.6620772585915784,1.1588905904961773,0.0007466811947305702,0.0003833689190802349,advance_eq19_20,0.0,0.0,0.0,0.0,,,80.04292683338196,3.4543250939330164e-16,a1_station_hull_matched_sweep_free_surface_marching_not_benchmark_validated,41,8,24,10,3.0,2,16,15.0,False,none,0.0,1.0,0.0,1.0,trapezoid,1.0,1.0,1.0,1.0,1.0,1.0,1.0,True,False,True,3.0,11,9,40,True,True,True,True,A1_GRID_RECOMMENDED,"A1 Section 3.3 recommends control radius about 3B, inner free-surface panels greater than 10, outer/free-surface proxy panels greater than 8, and roughly 60 stations at Fn=0.2 or 40 at Fn=0.3."
0,st41_bp8_fs24_cp10_r3p0_h2_fsm_clipfs_onezonefs_noend_pr1p0_pl1p0_pf1p0_pm1p0_dt1p0_fv0p0_hr1p0_hqtrapezoid_hp1p0_hc1p0_ci1p0_cp1p0_cn1p0_cd1p0_pg1p0,A33,OK,diagnostic_matched_wigley_sensitivity_not_hard_gate,wigley_iii,Fn0.4,0.4,2.1696064159197173,1.0,1.808005346599764,1.0,79.95,35,36,3,2.6999999999999997,0.30000000000000027,0.07499999999999996,-0.8647499999999999,0.8647499999999999,0.0704999999999999,0.07050000000000001,heave,heave_force,-1.1999999999999997,73.18255824639814,349.09543310410714,5.488691868479858,26.18215748280802,0.021001531280784354,0.021001531280784354,0.0,1.5544324208542804,1.5544324208542804,0.0,0.0,1.5544324208542804,0.9295236472960355,0.4749726787479409,0.008638560814359347,0.0036124834878187495,0.009581342366070023,0.0035351944607713718,4.00809023690124,9078.306444087984,6018.500367187542,1722.598317204699,880.2219712317165,8913.377750905263,5953.785010495217,1.461916431800797,1.0238778689209078,0.0001053134224436351,5.883961122083101e-05,advance_eq19_20,0.0,0.0,0.0,0.0,,,78.98504044428888,4.4055642305499255e-16,a1_station_hull_matched_sweep_free_surface_marching_not_benchmark_validated,41,8,24,10,3.0,2,16,15.0,False,none,0.0,1.0,0.0,1.0,trapezoid,1.0,1.0,1.0,1.0,1.0,1.0,1.0,True,False,True,3.0,11,9,40,True,True,True,True,A1_GRID_RECOMMENDED,"A1 Section 3.3 recommends control radius about 3B, inner free-surface panels greater than 10, outer/free-surface proxy panels greater than 8, and roughly 60 stations at Fn=0.2 or 40 at Fn=0.3."
0,st41_bp8_fs24_cp10_r3p0_h2_fsm_clipfs_onezonefs_noend_pr1p0_pl1p0_pf1p0_pm1p0_dt1p0_fv0p0_hr1p0_hqtrapezoid_hp1p0_hc1p0_ci1p0_cp1p0_cn1p0_cd1p0_pg1p0,A33,OK,diagnostic_matched_wigley_sensitivity_not_hard_gate,wigley_iii,Fn0.4,0.4,2.1696064159197173,1.0,1.808005346599764,1.0,79.95,36,37,2,2.775,0.2250000000000001,0.07500000000000018,-0.8642343749999999,0.8642343749999999,0.07153124999999994,0.07153125000000005,heave,heave_force,-1.275,87.19203869049588,-679.1189157429609,6.539402901787207,-50.933918680722186,0.025021895542766702,0.025021895542766702,0.0,1.5774441342660561,1.5774441342660561,0.0,0.0,1.5774441342660561,1.430228879574321,0.8234092154526221,0.01916902915291615,0.00838656540543923,0.02074500752188817,0.008883865564134816,9.56455506625764,21434.60930124502,13580.401736847987,2650.5079976600564,1525.9464705773044,21270.103038099263,13494.39878998381,1.4843209720931296,1.0472401426742501,0.000416847358696494,0.00020653508131569348,advance_eq19_20,0.0,0.0,0.0,0.0,,,77.91010290862681,7.945007518311891e-16,a1_station_hull_matched_sweep_free_surface_marching_not_benchmark_validated,41,8,24,10,3.0,2,16,15.0,False,none,0.0,1.0,0.0,1.0,trapezoid,1.0,1.0,1.0,1.0,1.0,1.0,1.0,True,False,True,3.0,11,9,40,True,True,True,True,A1_GRID_RECOMMENDED,"A1 Section 3.3 recommends control radius about 3B, inner free-surface panels greater than 10, outer/free-surface proxy panels greater than 8, and roughly 60 stations at Fn=0.2 or 40 at Fn=0.3."
0,st41_bp8_fs24_cp10_r3p0_h2_fsm_clipfs_onezonefs_noend_pr1p0_pl1p0_pf1p0_pm1p0_dt1p0_fv0p0_hr1p0_hqtrapezoid_hp1p0_hc1p0_ci1p0_cp1p0_cn1p0_cd1p0_pg1p0,A33,OK,diagnostic_matched_wigley_sensitivity_not_hard_gate,wigley_iii,Fn0.4,0.4,2.1696064159197173,1.0,1.808005346599764,1.0,79.95,37,38,1,2.85,0.1499999999999999,0.07499999999999996,-0.8636874999999999,0.8636874999999999,0.07262499999999994,0.07262500000000005,heave,heave_force,-1.35,-19.65063959991568,-349.2347819126128,-1.4737979699936752,-26.192608643445944,-0.005639233338298345,-0.005639233338298345,0.0,1.58713546536829,1.58713546536829,0.0,0.0,1.58713546536829,0.6173908288178394,0.4352339155618253,0.018380321653948043,0.008255064323806956,0.0197058717673669,0.00913689227563462,8.30892055862931,18513.153870849375,12971.9807369361,1144.152067430421,806.5778775162636,18477.764537203624,12946.880565099169,0.31756634223066255,0.14353593833458717,2.9578433914142543e-05,1.3477640613174163e-05,advance_eq19_20,0.0,0.0,0.0,0.0,,,77.78531556101758,5.070654785230977e-16,a1_station_hull_matched_sweep_free_surface_marching_not_benchmark_validated,41,8,24,10,3.0,2,16,15.0,False,none,0.0,1.0,0.0,1.0,trapezoid,1.0,1.0,1.0,1.0,1.0,1.0,1.0,True,False,True,3.0,11,9,40,True,True,True,True,A1_GRID_RECOMMENDED,"A1 Section 3.3 recommends control radius about 3B, inner free-surface panels greater than 10, outer/free-surface proxy panels greater than 8, and roughly 60 stations at Fn=0.2 or 40 at Fn=0.3."
0,st41_bp8_fs24_cp10_r3p0_h2_fsm_clipfs_onezonefs_noend_pr1p0_pl1p0_pf1p0_pm1p0_dt1p0_fv0p0_hr1p0_hqtrapezoid_hp1p0_hc1p0_ci1p0_cp1p0_cn1p0_cd1p0_pg1p0,A33,OK,diagnostic_matched_wigley_sensitivity_not_hard_gate,wigley_iii,Fn0.4,0.4,2.1696064159197173,1.0,1.808005346599764,1.0,79.95,38,39,0,2.925,0.07500000000000018,0.03749999999999987,-0.8631093749999998,0.8631093749999998,0.07378124999999991,0.07378125000000002,heave,heave_force,-1.4249999999999998,8.38708085842595,777.1527138087419,0.314515532190972,29.143226767827716,0.0012034393523771695,0.0012034393523771695,0.0,1.585519288051518,1.585519288051518,0.0,0.0,1.585519288051518,0.6799261259745584,0.3964484095076149,0.002152530445515223,0.0010281735308963103,0.002435381548069821,0.0012710079460324785,29.607407986389827,65854.38867338937,35800.25672060209,1260.0428228312378,734.700365141759,65842.33288417466,35800.13744369621,0.3785305219891743,0.2668448968785692,0.0,0.0,initialize_eq21_22,0.0,0.0,0.0,0.0,,,113.94877021527233,1.0956202933659661e-15,a1_station_hull_matched_sweep_free_surface_marching_not_benchmark_validated,41,8,24,10,3.0,2,16,15.0,False,none,0.0,1.0,0.0,1.0,trapezoid,1.0,1.0,1.0,1.0,1.0,1.0,1.0,True,False,True,3.0,11,9,40,True,True,True,True,A1_GRID_RECOMMENDED,"A1 Section 3.3 recommends control radius about 3B, inner free-surface panels greater than 10, outer/free-surface proxy panels greater than 8, and roughly 60 stations at Fn=0.2 or 40 at Fn=0.3."
0,st41_bp8_fs24_cp10_r3p0_h2_fsm_clipfs_onezonefs_noend_pr1p0_pl1p0_pf1p0_pm1p0_dt1p0_fv0p03_hr1p0_hqtrapezoid_hp1p0_hc1p0_cim1p0_cp1p0_cnm1p0_cd1p0_pg1p0,A33,OK,diagnostic_matched_wigley_sensitivity_not_hard_gate,wigley_iii,Fn0.4,0.4,2.1696064159197173,1.0,1.808005346599764,1.0,79.95,0,1,38,0.075,2.925,0.0375,-0.8631093749999998,0.8631093749999998,0.07378124999999991,0.07378125000000002,heave,heave_force,1.425,130.8510757459457,-5541.63216064488,4.906915340472964,-207.811206024183,0.01877546389639922,0.01877546389639922,0.0,0.0,0.0,0.0,0.0,0.0,10.335609351437066,5.6379318274242864,0.03415966638882553,0.017474937811773096,0.20564114856051124,0.10819486648701103,231.82408939062077,515896.90118100576,270602.23235376575,19154.00789195885,10448.24615994179,515541.2074993028,270400.4480525553,2.6960474169922612,1.7401151288374945,0.014322594337090962,0.006159012674164804,advance_eq19_20,0.5544738079342045,0.07503085862629259,0.5793410864297689,0.07376581966959787,1.0448484277160215,0.983139751032365,418.23117884841605,3.3179615825826404e-15,a1_station_hull_matched_sweep_free_surface_marching_not_benchmark_validated,41,8,24,10,3.0,2,16,15.0,False,none,0.0,1.0,0.03,1.0,trapezoid,1.0,1.0,-1.0,1.0,-1.0,1.0,1.0,True,False,True,3.0,11,9,40,True,True,True,True,A1_GRID_RECOMMENDED,"A1 Section 3.3 recommends control radius about 3B, inner free-surface panels greater than 10, outer/free-surface proxy panels greater than 8, and roughly 60 stations at Fn=0.2 or 40 at Fn=0.3."
0,st41_bp8_fs24_cp10_r3p0_h2_fsm_clipfs_onezonefs_noend_pr1p0_pl1p0_pf1p0_pm1p0_dt1p0_fv0p03_hr1p0_hqtrapezoid_hp1p0_hc1p0_cim1p0_cp1p0_cnm1p0_cd1p0_pg1p0,A33,OK,diagnostic_matched_wigley_sensitivity_not_hard_gate,wigley_iii,Fn0.4,0.4,2.1696064159197173,1.0,1.808005346599764,1.0,79.95,1,2,37,0.15,2.85,0.07499999999999998,-0.8636874999999999,0.8636874999999999,0.07262499999999991,0.07262500000000005,heave,heave_force,1.35,-81.59980206579274,-59.36766309227062,-6.119985154934454,-4.452574731920295,-0.023417065987508073,-0.023417065987508073,0.0,0.007066930902645182,0.007066930902645182,0.0,0.0,0.007066930902645182,3.385272036025275,2.2483806500344596,0.12171143295080758,0.06339352758021845,0.5882448256009978,0.3502375202064021,56.09728079012417,124909.39197032353,56345.49807461092,6273.604689349075,4166.7113423651,124751.74582585089,56191.22413567255,3.324435235492841,2.119264476048026,0.005442832567978621,0.0018869832107200491,advance_eq19_20,0.5152236429807124,0.07551849986393408,0.5398702509109036,0.07301536999144019,1.0478367176389725,0.9668540837410182,343.0542195004202,1.3628407296980725e-15,a1_station_hull_matched_sweep_free_surface_marching_not_benchmark_validated,41,8,24,10,3.0,2,16,15.0,False,none,0.0,1.0,0.03,1.0,trapezoid,1.0,1.0,-1.0,1.0,-1.0,1.0,1.0,True,False,True,3.0,11,9,40,True,True,True,True,A1_GRID_RECOMMENDED,"A1 Section 3.3 recommends control radius about 3B, inner free-surface panels greater than 10, outer/free-surface proxy panels greater than 8, and roughly 60 stations at Fn=0.2 or 40 at Fn=0.3."
0,st41_bp8_fs24_cp10_r3p0_h2_fsm_clipfs_onezonefs_noend_pr1p0_pl1p0_pf1p0_pm1p0_dt1p0_fv0p03_hr1p0_hqtrapezoid_hp1p0_hc1p0_cim1p0_cp1p0_cnm1p0_cd1p0_pg1p0,A33,OK,diagnostic_matched_wigley_sensitivity_not_hard_gate,wigley_iii,Fn0.4,0.4,2.1696064159197173,1.0,1.808005346599764,1.0,79.95,2,3,36,0.22499999999999998,2.775,0.075,-0.8642343749999999,0.8642343749999999,0.07153124999999994,0.07153125000000006,heave,heave_force,1.275,363.2335591726804,2444.4104588051946,27.242516937951027,183.33078441038958,0.10423878500545775,0.10423878500545775,0.0,0.04747779041162,0.04747779041162,0.0,0.0,0.04747779041162,5.986422491810189,3.2439136014078223,0.09964258421318514,0.0455386783851628,0.38874550843391564,0.217718587806861,36.54513453337657,82024.48928848139,55326.690837260525,11094.070969002853,6011.638463634365,81270.7723131196,54999.11746550448,2.306590485300816,1.188034797701259,0.0017265846078196234,0.0009644428445883032,advance_eq19_20,0.4766588714364859,0.07294949059665255,0.5014107952755417,0.07332238514720384,1.0519279621597348,1.005111681349676,342.8446096912935,1.2993194059478604e-15,a1_station_hull_matched_sweep_free_surface_marching_not_benchmark_validated,41,8,24,10,3.0,2,16,15.0,False,none,0.0,1.0,0.03,1.0,trapezoid,1.0,1.0,-1.0,1.0,-1.0,1.0,1.0,True,False,True,3.0,11,9,40,True,True,True,True,A1_GRID_RECOMMENDED,"A1 Section 3.3 recommends control radius about 3B, inner free-surface panels greater than 10, outer/free-surface proxy panels greater than 8, and roughly 60 stations at Fn=0.2 or 40 at Fn=0.3."
0,st41_bp8_fs24_cp10_r3p0_h2_fsm_clipfs_onezonefs_noend_pr1p0_pl1p0_pf1p0_pm1p0_dt1p0_fv0p03_hr1p0_hqtrapezoid_hp1p0_hc1p0_cim1p0_cp1p0_cnm1p0_cd1p0_pg1p0,A33,OK,diagnostic_matched_wigley_sensitivity_not_hard_gate,wigley_iii,Fn0.4,0.4,2.1696064159197173,1.0,1.808005346599764,1.0,79.95,3,4,35,0.3,2.7,0.07500000000000001,-0.8647499999999999,0.8647499999999999,0.0704999999999999,0.07050000000000001,heave,heave_force,1.2,245.46079069268166,-2195.448615042499,18.409559301951127,-164.65864612818746,0.07044099847646602,0.07044099847646602,0.0,0.13481768215258189,0.13481768215258189,0.0,0.0,0.13481768215258189,3.202202839669326,1.461348117984224,0.032511214631527556,0.015730764493550965,0.12853528582003046,0.05278640217916481,23.673319059628525,52979.2389291707,32060.10404489383,5934.339851394565,2708.1783408229544,52645.829540831684,31945.516765951917,1.288159481897609,0.7672242984307879,0.0017735570527831963,0.0009598675380924305,advance_eq19_20,0.43981289135629165,0.07118311349298898,0.4637718680371463,0.07092729219627342,1.0544753852188602,0.9964061519065086,342.76452809793557,9.828127091153321e-16,a1_station_hull_matched_sweep_free_surface_marching_not_benchmark_validated,41,8,24,10,3.0,2,16,15.0,False,none,0.0,1.0,0.03,1.0,trapezoid,1.0,1.0,-1.0,1.0,-1.0,1.0,1.0,True,False,True,3.0,11,9,40,True,True,True,True,A1_GRID_RECOMMENDED,"A1 Section 3.3 recommends control radius about 3B, inner free-surface panels greater than 10, outer/free-surface proxy panels greater than 8, and roughly 60 stations at Fn=0.2 or 40 at Fn=0.3."
0,st41_bp8_fs24_cp10_r3p0_h2_fsm_clipfs_onezonefs_noend_pr1p0_pl1p0_pf1p0_pm1p0_dt1p0_fv0p03_hr1p0_hqtrapezoid_hp1p0_hc1p0_cim1p0_cp1p0_cnm1p0_cd1p0_pg1p0,A33,OK,diagnostic_matched_wigley_sensitivity_not_hard_gate,wigley_iii,Fn0.4,0.4,2.1696064159197173,1.0,1.808005346599764,1.0,79.95,4,5,34,0.375,2.625,0.07499999999999998,-0.8652343749999999,0.8652343749999999,0.06953124999999993,0.06953125000000009,heave,heave_force,1.125,234.15033487629418,-749.4242371713128,17.56127511572206,-56.20681778784845,0.06719518557623876,0.06719518557623876,0.0,0.20363577417893428,0.20363577417893428,0.0,0.0,0.20363577417893428,2.5562117481990922,1.0891662524125547,0.02007531450011141,0.009717012085251598,0.08484800464277623,0.0346916573867208,6.612939669411096,15450.312778030757,8230.762892156274,4737.185620479715,2018.4488678903751,14706.163243215435,7979.431179890505,1.1049007156283037,0.6144396742029272,0.0009138275737322125,0.0005639476890062256,advance_eq19_20,0.4044552417814625,0.06942016678963892,0.4278522892193783,0.06923820949472337,1.0578482982068949,0.9973788986208154,342.70650863905854,9.18628172805126e-16,a1_station_hull_matched_sweep_free_surface_marching_not_benchmark_validated,41,8,24,10,3.0,2,16,15.0,False,none,0.0,1.0,0.03,1.0,trapezoid,1.0,1.0,-1.0,1.0,-1.0,1.0,1.0,True,False,True,3.0,11,9,40,True,True,True,True,A1_GRID_RECOMMENDED,"A1 Section 3.3 recommends control radius about 3B, inner free-surface panels greater than 10, outer/free-surface proxy panels greater than 8, and roughly 60 stations at Fn=0.2 or 40 at Fn=0.3."
0,st41_bp8_fs24_cp10_r3p0_h2_fsm_clipfs_onezonefs_noend_pr1p0_pl1p0_pf1p0_pm1p0_dt1p0_fv0p03_hr1p0_hqtrapezoid_hp1p0_hc1p0_cim1p0_cp1p0_cnm1p0_cd1p0_pg1p0,A33,OK,diagnostic_matched_wigley_sensitivity_not_hard_gate,wigley_iii,Fn0.4,0.4,2.1696064159197173,1.0,1.808005346599764,1.0,79.95,5,6,33,0.44999999999999996,2.55,0.07500000000000001,-0.8656874999999999,0.8656874999999999,0.06862499999999994,0.06862500000000005,heave,heave_force,1.05,236.42606474578304,-462.89594836350284,17.73195485593373,-34.71719612726272,0.06784826211777985,0.06784826211777985,0.0,0.2711574980259435,0.2711574980259435,0.0,0.0,0.2711574980259435,2.2344919050395924,0.9231299289554417,0.01491038535302966,0.00682756169863177,0.06462903575622608,0.02559708030760363,3.543124733602005,8901.239238408638,4245.440380889975,4140.972644026612,1710.7494433366412,7879.365808287417,3885.49872858229,0.9959198150653347,0.47004638981131,0.00046881607179335934,0.00017917869776959492,advance_eq19_20,0.3706253394640865,0.06755032423412136,0.39345881785258086,0.06754628860723454,1.0616079796959133,0.9999402574757031,342.6545414156471,1.0301747914774362e-15,a1_station_hull_matched_sweep_free_surface_marching_not_benchmark_validated,41,8,24,10,3.0,2,16,15.0,False,none,0.0,1.0,0.03,1.0,trapezoid,1.0,1.0,-1.0,1.0,-1.0,1.0,1.0,True,False,True,3.0,11,9,40,True,True,True,True,A1_GRID_RECOMMENDED,"A1 Section 3.3 recommends control radius about 3B, inner free-surface panels greater than 10, outer/free-surface proxy panels greater than 8, and roughly 60 stations at Fn=0.2 or 40 at Fn=0.3."
0,st41_bp8_fs24_cp10_r3p0_h2_fsm_clipfs_onezonefs_noend_pr1p0_pl1p0_pf1p0_pm1p0_dt1p0_fv0p03_hr1p0_hqtrapezoid_hp1p0_hc1p0_cim1p0_cp1p0_cnm1p0_cd1p0_pg1p0,A33,OK,diagnostic_matched_wigley_sensitivity_not_hard_gate,wigley_iii,Fn0.4,0.4,2.1696064159197173,1.0,1.808005346599764,1.0,79.95,6,7,32,0.525,2.475,0.07500000000000001,-0.866109375,0.866109375,0.0677812499999999,0.06778125000000006,heave,heave_force,0.975,242.04197131647436,-339.8647731894449,18.15314784873558,-25.48985798920837,0.06945988434499463,0.06945988434499463,0.0,0.33981157125733086,0.33981157125733086,0.0,0.0,0.33981157125733086,2.0307291873559956,0.8270866577615624,0.011940057813401721,0.004921186057386462,0.05259254176352156,0.01948532510939946,2.333126753468595,6409.64621327481,2817.8543358247307,3763.3584589417296,1532.7615268175898,5188.515942816389,2364.5179550669613,0.9370676342963035,0.34932969907234923,0.0014277369492327302,0.00046969857222873776,advance_eq19_20,0.33839608719548653,0.06554601585612854,0.3606321234829855,0.06575618143592835,1.065710086874183,1.0032063822194945,342.6062403202438,6.417188992337107e-16,a1_station_hull_matched_sweep_free_surface_marching_not_benchmark_validated,41,8,24,10,3.0,2,16,15.0,False,none,0.0,1.0,0.03,1.0,trapezoid,1.0,1.0,-1.0,1.0,-1.0,1.0,1.0,True,False,True,3.0,11,9,40,True,True,True,True,A1_GRID_RECOMMENDED,"A1 Section 3.3 recommends control radius about 3B, inner free-surface panels greater than 10, outer/free-surface proxy panels greater than 8, and roughly 60 stations at Fn=0.2 or 40 at Fn=0.3."
0,st41_bp8_fs24_cp10_r3p0_h2_fsm_clipfs_onezonefs_noend_pr1p0_pl1p0_pf1p0_pm1p0_dt1p0_fv0p03_hr1p0_hqtrapezoid_hp1p0_hc1p0_cim1p0_cp1p0_cnm1p0_cd1p0_pg1p0,A33,OK,diagnostic_matched_wigley_sensitivity_not_hard_gate,wigley_iii,Fn0.4,0.4,2.1696064159197173,1.0,1.808005346599764,1.0,79.95,7,8,31,0.6,2.4,0.07499999999999996,-0.8664999999999999,0.8664999999999998,0.06699999999999995,0.06700000000000006,heave,heave_force,0.9,248.34801222818618,-270.1839786132739,18.626100917113952,-20.26379839599553,0.07126955756001559,0.07126955756001559,0.0,0.41017629220983587,0.41017629220983587,0.0,0.0,0.41017629220983587,1.8858509265941084,0.7636415465116642,0.009926478717935136,0.004164706534050859,0.04646480388950409,0.02047090680073184,1.7012182019244568,5150.444517841754,2146.1108738776534,3494.8692721265734,1415.1846989532712,3783.248273919074,1613.3952246193262,0.936603027886359,0.35240433045452535,0.002430804352343787,0.0008322484540060728,advance_eq19_20,0.30784182932357845,0.06340509136751171,0.32943880877107773,0.06384573688529124,1.0701560911814822,1.0069496866619976,342.56168396636383,3.4376085477459516e-16,a1_station_hull_matched_sweep_free_surface_marching_not_benchmark_validated,41,8,24,10,3.0,2,16,15.0,False,none,0.0,1.0,0.03,1.0,trapezoid,1.0,1.0,-1.0,1.0,-1.0,1.0,1.0,True,False,True,3.0,11,9,40,True,True,True,True,A1_GRID_RECOMMENDED,"A1 Section 3.3 recommends control radius about 3B, inner free-surface panels greater than 10, outer/free-surface proxy panels greater than 8, and roughly 60 stations at Fn=0.2 or 40 at Fn=0.3."
0,st41_bp8_fs24_cp10_r3p0_h2_fsm_clipfs_onezonefs_noend_pr1p0_pl1p0_pf1p0_pm1p0_dt1p0_fv0p03_hr1p0_hqtrapezoid_hp1p0_hc1p0_cim1p0_cp1p0_cnm1p0_cd1p0_pg1p0,A33,OK,diagnostic_matched_wigley_sensitivity_not_hard_gate,wigley_iii,Fn0.4,0.4,2.1696064159197173,1.0,1.808005346599764,1.0,79.95,8,9,30,0.6749999999999999,2.325,0.07500000000000001,-0.866859375,0.866859375,0.06628124999999993,0.06628125000000007,heave,heave_force,0.8250000000000001,254.41201408854982,-224.45377789350917,19.08090105664124,-16.83403334201319,0.07300977172864823,0.07300977172864823,0.0,0.48231595685416784,0.48231595685416784,0.0,0.0,0.48231595685416784,1.7757152422936788,0.718262026480738,0.008478982239179032,0.003890527924319201,0.04535807596275493,0.021803692803965297,1.3180226463053735,4406.854497876227,1778.7700491152755,3290.765218408308,1331.0871237401745,2931.0801494954126,1179.927945530009,0.9973407401475131,0.4105118850530171,0.0033419581672112287,0.0012295517835820252,advance_eq19_20,0.27902612746511857,0.06113673925739572,0.29994220312625003,0.061814960270710345,1.0749609932630635,1.0110935097545717,342.5212065841895,4.2638086891107483e-16,a1_station_hull_matched_sweep_free_surface_marching_not_benchmark_validated,41,8,24,10,3.0,2,16,15.0,False,none,0.0,1.0,0.03,1.0,trapezoid,1.0,1.0,-1.0,1.0,-1.0,1.0,1.0,True,False,True,3.0,11,9,40,True,True,True,True,A1_GRID_RECOMMENDED,"A1 Section 3.3 recommends control radius about 3B, inner free-surface panels greater than 10, outer/free-surface proxy panels greater than 8, and roughly 60 stations at Fn=0.2 or 40 at Fn=0.3."
0,st41_bp8_fs24_cp10_r3p0_h2_fsm_clipfs_onezonefs_noend_pr1p0_pl1p0_pf1p0_pm1p0_dt1p0_fv0p03_hr1p0_hqtrapezoid_hp1p0_hc1p0_cim1p0_cp1p0_cnm1p0_cd1p0_pg1p0,A33,OK,diagnostic_matched_wigley_sensitivity_not_hard_gate,wigley_iii,Fn0.4,0.4,2.1696064159197173,1.0,1.808005346599764,1.0,79.95,9,10,29,0.75,2.25,0.07500000000000001,-0.8671874999999999,0.8671874999999999,0.06562499999999982,0.0656250000000001,heave,heave_force,0.75,259.84956140965323,-191.63612901889206,19.488717105723996,-14.372709676416907,0.07457020939154613,0.07457020939154613,0.0,0.556105947414265,0.556105947414265,0.0,0.0,0.556105947414265,1.6882927999201423,0.6840545850214684,0.007473489905349051,0.003648113339744865,0.047832800905335,0.02303090181656856,1.0632338874600442,3921.710355659647,1557.0486331216998,3128.7534691035403,1267.6937057620203,2364.469040452989,904.0758343620906,1.1106610795246363,0.44957530443466476,0.004142280980440038,0.001578004387711083,advance_eq19_20,0.251994208569522,0.05875610336574954,0.27219060399342687,0.059673372432585796,1.0801462681962113,1.0156114686694993,342.4849787194831,5.917398150479407e-16,a1_station_hull_matched_sweep_free_surface_marching_not_benchmark_validated,41,8,24,10,3.0,2,16,15.0,False,none,0.0,1.0,0.03,1.0,trapezoid,1.0,1.0,-1.0,1.0,-1.0,1.0,1.0,True,False,True,3.0,11,9,40,True,True,True,True,A1_GRID_RECOMMENDED,"A1 Section 3.3 recommends control radius about 3B, inner free-surface panels greater than 10, outer/free-surface proxy panels greater than 8, and roughly 60 stations at Fn=0.2 or 40 at Fn=0.3."
0,st41_bp8_fs24_cp10_r3p0_h2_fsm_clipfs_onezonefs_noend_pr1p0_pl1p0_pf1p0_pm1p0_dt1p0_fv0p03_hr1p0_hqtrapezoid_hp1p0_hc1p0_cim1p0_cp1p0_cnm1p0_cd1p0_pg1p0,A33,OK,diagnostic_matched_wigley_sensitivity_not_hard_gate,wigley_iii,Fn0.4,0.4,2.1696064159197173,1.0,1.808005346599764,1.0,79.95,10,11,28,0.825,2.175,0.07499999999999996,-0.8674843749999999,0.8674843749999999,0.06503124999999987,0.0650312500000001,heave,heave_force,0.675,264.48486487995285,-166.7173361139785,19.83636486599645,-12.503800208548379,0.07590042349119072,0.07590042349119072,0.0,0.6313412638556334,0.6313412638556334,0.0,0.0,0.6313412638556334,1.6167591317356753,0.6572814819600536,0.006876579825224299,0.003417220581411415,0.05223920139031888,0.024048618745072338,0.8831520384981252,3582.514588099188,1413.3255930669402,2996.1868832006453,1218.0776444449132,1963.994637182062,716.7817548749063,1.261729680691222,0.5730539714521787,0.0048283617078348495,0.0018771558117030664,advance_eq19_20,0.22676719730730163,0.05628132914204556,0.24620987357512586,0.05743503141341918,1.0857384864243687,1.0204988455134356,342.4529909421924,4.075762588528861e-16,a1_station_hull_matched_sweep_free_surface_marching_not_benchmark_validated,41,8,24,10,3.0,2,16,15.0,False,none,0.0,1.0,0.03,1.0,trapezoid,1.0,1.0,-1.0,1.0,-1.0,1.0,1.0,True,False,True,3.0,11,9,40,True,True,True,True,A1_GRID_RECOMMENDED,"A1 Section 3.3 recommends control radius about 3B, inner free-surface panels greater than 10, outer/free-surface proxy panels greater than 8, and roughly 60 stations at Fn=0.2 or 40 at Fn=0.3."
0,st41_bp8_fs24_cp10_r3p0_h2_fsm_clipfs_onezonefs_noend_pr1p0_pl1p0_pf1p0_pm1p0_dt1p0_fv0p03_hr1p0_hqtrapezoid_hp1p0_hc1p0_cim1p0_cp1p0_cnm1p0_cd1p0_pg1p0,A33,OK,diagnostic_matched_wigley_sensitivity_not_hard_gate,wigley_iii,Fn0.4,0.4,2.1696064159197173,1.0,1.808005346599764,1.0,79.95,11,12,27,0.8999999999999999,2.1,0.07500000000000001,-0.8677499999999999,0.8677499999999999,0.06449999999999989,0.0645,heave,heave_force,0.6000000000000001,268.2290666974443,-147.12371030915145,20.117180002308324,-11.034278273186361,0.07697491410037206,0.07697491410037206,0.0,0.7077789326514149,0.7077789326514149,0.0,0.0,0.7077789326514149,1.5568602828884337,0.6357071565719461,0.006662410357604686,0.003190576326396552,0.0573417273528836,0.024823991351278253,0.7504465194214457,3333.0809684714823,1314.9108571850154,2885.182008255387,1178.0959864026572,1668.8779229249237,620.7874800863354,1.435948140270277,0.7030875876553218,0.0054022093319613124,0.0021282066835884884,advance_eq19_20,0.20333785246084482,0.0537313182679046,0.22199822986884526,0.055115655816941854,1.0917703082931582,1.025764071935383,342.4251138934239,3.846000017591249e-16,a1_station_hull_matched_sweep_free_surface_marching_not_benchmark_validated,41,8,24,10,3.0,2,16,15.0,False,none,0.0,1.0,0.03,1.0,trapezoid,1.0,1.0,-1.0,1.0,-1.0,1.0,1.0,True,False,True,3.0,11,9,40,True,True,True,True,A1_GRID_RECOMMENDED,"A1 Section 3.3 recommends control radius about 3B, inner free-surface panels greater than 10, outer/free-surface proxy panels greater than 8, and roughly 60 stations at Fn=0.2 or 40 at Fn=0.3."
0,st41_bp8_fs24_cp10_r3p0_h2_fsm_clipfs_onezonefs_noend_pr1p0_pl1p0_pf1p0_pm1p0_dt1p0_fv0p03_hr1p0_hqtrapezoid_hp1p0_hc1p0_cim1p0_cp1p0_cnm1p0_cd1p0_pg1p0,A33,OK,diagnostic_matched_wigley_sensitivity_not_hard_gate,wigley_iii,Fn0.4,0.4,2.1696064159197173,1.0,1.808005346599764,1.0,79.95,12,13,26,0.975,2.025,0.07500000000000007,-0.8679843749999999,0.8679843749999999,0.06403124999999998,0.0640312500000001,heave,heave_force,0.525,271.0305076721364,-131.41340848439728,20.327288075410248,-9.856005636329805,0.07777885634659938,0.07777885634659938,0.0,0.7851558178749005,0.7851558178749005,0.0,0.0,0.7851558178749005,1.5057435926047442,0.6178888657537582,0.00677111720021157,0.0029665094275781404,0.06240275084306945,0.02535521067034128,0.6498480946802886,3142.4701193873448,1244.458340741096,2790.452277688657,1145.0750322094402,1445.1624604813467,560.8048944259738,1.6215988027897783,0.8382065070261067,0.005868149119829417,0.002333144665719795,advance_eq19_20,0.18166852226635696,0.05112364197515333,0.19952342849714405,0.052730372392354646,1.098282883617057,1.0314283246483535,342.4011560901492,4.861617185440502e-16,a1_station_hull_matched_sweep_free_surface_marching_not_benchmark_validated,41,8,24,10,3.0,2,16,15.0,False,none,0.0,1.0,0.03,1.0,trapezoid,1.0,1.0,-1.0,1.0,-1.0,1.0,1.0,True,False,True,3.0,11,9,40,True,True,True,True,A1_GRID_RECOMMENDED,"A1 Section 3.3 recommends control radius about 3B, inner free-surface panels greater than 10, outer/free-surface proxy panels greater than 8, and roughly 60 stations at Fn=0.2 or 40 at Fn=0.3."
0,st41_bp8_fs24_cp10_r3p0_h2_fsm_clipfs_onezonefs_noend_pr1p0_pl1p0_pf1p0_pm1p0_dt1p0_fv0p03_hr1p0_hqtrapezoid_hp1p0_hc1p0_cim1p0_cp1p0_cnm1p0_cd1p0_pg1p0,A33,OK,diagnostic_matched_wigley_sensitivity_not_hard_gate,wigley_iii,Fn0.4,0.4,2.1696064159197173,1.0,1.808005346599764,1.0,79.95,13,14,25,1.05,1.95,0.07500000000000001,-0.8681874999999999,0.8681874999999999,0.06362499999999982,0.0636250000000001,heave,heave_force,0.44999999999999996,272.85294592548314,-118.71922529934463,20.463970944411237,-8.90394189745085,0.07830184973330351,0.07830184973330351,0.0,0.863196170914852,0.863196170914852,0.0,0.0,0.863196170914852,1.4613800765025,0.6028371559217565,0.007110825856328982,0.002819730729253207,0.06702082172675569,0.02565318610163324,0.5722055969452796,2992.2901758733087,1192.0690021650128,2708.237566524165,1117.1811210614196,1272.4974577165915,510.3098350613613,1.809962866454905,0.9769323380011311,0.00623150450152198,0.002494313121220594,advance_eq19_20,0.16169238440669922,0.04847255386487792,0.178723260494012,0.050291704834427624,1.1053288696916956,1.0375295053489604,342.3809050598612,4.321026179387478e-16,a1_station_hull_matched_sweep_free_surface_marching_not_benchmark_validated,41,8,24,10,3.0,2,16,15.0,False,none,0.0,1.0,0.03,1.0,trapezoid,1.0,1.0,-1.0,1.0,-1.0,1.0,1.0,True,False,True,3.0,11,9,40,True,True,True,True,A1_GRID_RECOMMENDED,"A1 Section 3.3 recommends control radius about 3B, inner free-surface panels greater than 10, outer/free-surface proxy panels greater than 8, and roughly 60 stations at Fn=0.2 or 40 at Fn=0.3."
0,st41_bp8_fs24_cp10_r3p0_h2_fsm_clipfs_onezonefs_noend_pr1p0_pl1p0_pf1p0_pm1p0_dt1p0_fv0p03_hr1p0_hqtrapezoid_hp1p0_hc1p0_cim1p0_cp1p0_cnm1p0_cd1p0_pg1p0,A33,OK,diagnostic_matched_wigley_sensitivity_not_hard_gate,wigley_iii,Fn0.4,0.4,2.1696064159197173,1.0,1.808005346599764,1.0,79.95,14,15,24,1.125,1.875,0.07499999999999996,-0.8683593749999999,0.8683593749999999,0.06328124999999996,0.06328125000000007,heave,heave_force,0.375,273.6659836627607,-108.4828999109676,20.524948774707042,-8.136217493322565,0.07853517086720538,0.07853517086720538,0.0,0.9416146812151065,0.9416146812151065,0.0,0.0,0.9416146812151065,1.4222555301551267,0.5898391996245067,0.007585004523895716,0.0032466185440932853,0.07098553563724196,0.025732831652083513,0.5117226835553831,2870.907398629785,1151.7528795683634,2635.7317428203396,1093.0932372191144,1137.9927378487496,467.3271444774659,1.994769916741271,1.11754840075105,0.006497978441844503,0.002614193165119889,advance_eq19_20,0.14331876111665487,0.04578735813294147,0.15951019600893646,0.04780789259208509,1.1129749850342519,1.0441286534435354,342.3641533741088,5.203451812940922e-16,a1_station_hull_matched_sweep_free_surface_marching_not_benchmark_validated,41,8,24,10,3.0,2,16,15.0,False,none,0.0,1.0,0.03,1.0,trapezoid,1.0,1.0,-1.0,1.0,-1.0,1.0,1.0,True,False,True,3.0,11,9,40,True,True,True,True,A1_GRID_RECOMMENDED,"A1 Section 3.3 recommends control radius about 3B, inner free-surface panels greater than 10, outer/free-surface proxy panels greater than 8, and roughly 60 stations at Fn=0.2 or 40 at Fn=0.3."
0,st41_bp8_fs24_cp10_r3p0_h2_fsm_clipfs_onezonefs_noend_pr1p0_pl1p0_pf1p0_pm1p0_dt1p0_fv0p03_hr1p0_hqtrapezoid_hp1p0_hc1p0_cim1p0_cp1p0_cnm1p0_cd1p0_pg1p0,A33,OK,diagnostic_matched_wigley_sensitivity_not_hard_gate,wigley_iii,Fn0.4,0.4,2.1696064159197173,1.0,1.808005346599764,1.0,79.95,15,16,23,1.2,1.8,0.07499999999999996,-0.8684999999999999,0.8684999999999998,0.06299999999999994,0.06300000000000008,heave,heave_force,0.30000000000000004,273.44133315425444,-100.31689740701881,20.50809998656907,-7.523767305526406,0.07847070188996967,0.07847070188996967,0.0,1.020117617593694,1.020117617593694,0.0,0.0,1.020117617593694,1.3871951141285996,0.5783606494905524,0.008113789574481138,0.0038515021988198,0.07419137279149937,0.026798867099346972,0.46455655807235663,2770.5767221485776,1119.708571745288,2570.7575876996175,1071.8211252053766,1033.1025111751496,430.54225959467755,2.171640521013666,1.2579760055095,0.006673366220631419,0.002695298301159915,advance_eq19_20,0.12644238696418553,0.04307158014834715,0.14178020160796814,0.04528188669688166,1.1213027926159524,1.0513170527043996,342.35071396278477,4.5016282496887e-16,a1_station_hull_matched_sweep_free_surface_marching_not_benchmark_validated,41,8,24,10,3.0,2,16,15.0,False,none,0.0,1.0,0.03,1.0,trapezoid,1.0,1.0,-1.0,1.0,-1.0,1.0,1.0,True,False,True,3.0,11,9,40,True,True,True,True,A1_GRID_RECOMMENDED,"A1 Section 3.3 recommends control radius about 3B, inner free-surface panels greater than 10, outer/free-surface proxy panels greater than 8, and roughly 60 stations at Fn=0.2 or 40 at Fn=0.3."
0,st41_bp8_fs24_cp10_r3p0_h2_fsm_clipfs_onezonefs_noend_pr1p0_pl1p0_pf1p0_pm1p0_dt1p0_fv0p03_hr1p0_hqtrapezoid_hp1p0_hc1p0_cim1p0_cp1p0_cnm1p0_cd1p0_pg1p0,A33,OK,diagnostic_matched_wigley_sensitivity_not_hard_gate,wigley_iii,Fn0.4,0.4,2.1696064159197173,1.0,1.808005346599764,1.0,79.95,16,17,22,1.275,1.725,0.07499999999999996,-0.8686093749999999,0.8686093749999999,0.0627812499999999,0.06278125000000001,heave,heave_force,0.2250000000000001,272.15208371760434,-93.92739048250883,20.411406278820312,-7.044554286188158,0.07810072012079759,0.07810072012079759,0.0,1.0984033285990775,1.0984033285990775,0.0,0.0,1.0984033285990775,1.3552591222805956,0.5679882177239727,0.008639597594061268,0.004373386805378544,0.07659169875923548,0.028862475092034327,0.4280545485154169,2685.9203912046437,1093.428130465475,2511.5736325892058,1052.5988778118788,951.9276421932329,399.0297042107422,2.337575766745153,1.395738386232817,0.006763438957768657,0.0027401392787427766,advance_eq19_20,0.11095521430680873,0.04032338354516336,0.12542450046386788,0.0427114340775559,1.130406545086284,1.0592224739701679,342.34042855322906,3.930817180825583e-16,a1_station_hull_matched_sweep_free_surface_marching_not_benchmark_validated,41,8,24,10,3.0,2,16,15.0,False,none,0.0,1.0,0.03,1.0,trapezoid,1.0,1.0,-1.0,1.0,-1.0,1.0,1.0,True,False,True,3.0,11,9,40,True,True,True,True,A1_GRID_RECOMMENDED,"A1 Section 3.3 recommends control radius about 3B, inner free-surface panels greater than 10, outer/free-surface proxy panels greater than 8, and roughly 60 stations at Fn=0.2 or 40 at Fn=0.3."
0,st41_bp8_fs24_cp10_r3p0_h2_fsm_clipfs_onezonefs_noend_pr1p0_pl1p0_pf1p0_pm1p0_dt1p0_fv0p03_hr1p0_hqtrapezoid_hp1p0_hc1p0_cim1p0_cp1p0_cnm1p0_cd1p0_pg1p0,A33,OK,diagnostic_matched_wigley_sensitivity_not_hard_gate,wigley_iii,Fn0.4,0.4,2.1696064159197173,1.0,1.808005346599764,1.0,79.95,17,18,21,1.3499999999999999,1.6500000000000001,0.07500000000000007,-0.8686874999999998,0.8686875,0.0626249999999999,0.06262500000000004,heave,heave_force,0.15000000000000013,269.77358760458753,-89.0697216013819,20.23301907034408,-6.6802291201036486,0.07741815228338263,0.07741815228338263,0.0,1.1761627648011677,1.1761627648011677,0.0,0.0,1.1761627648011677,1.325678971955937,0.5583947102954743,0.0091239900652605,0.004813572943965319,0.07817461204375793,0.03045758817011865,0.40031290597528396,2613.0758125605576,1071.204275520057,2456.7555359004928,1034.8201372704248,890.2344854089287,372.09452377473013,2.490441231627745,1.5280002306463996,0.00677392260124095,0.0027512184472692517,advance_eq19_20,0.09675822111577426,0.03753743038941263,0.11034185812215261,0.04009049260602478,1.1403874197948007,1.0680137715908289,342.3331719804855,2.9606066188657994e-16,a1_station_hull_matched_sweep_free_surface_marching_not_benchmark_validated,41,8,24,10,3.0,2,16,15.0,False,none,0.0,1.0,0.03,1.0,trapezoid,1.0,1.0,-1.0,1.0,-1.0,1.0,1.0,True,False,True,3.0,11,9,40,True,True,True,True,A1_GRID_RECOMMENDED,"A1 Section 3.3 recommends control radius about 3B, inner free-surface panels greater than 10, outer/free-surface proxy panels greater than 8, and roughly 60 stations at Fn=0.2 or 40 at Fn=0.3."
0,st41_bp8_fs24_cp10_r3p0_h2_fsm_clipfs_onezonefs_noend_pr1p0_pl1p0_pf1p0_pm1p0_dt1p0_fv0p03_hr1p0_hqtrapezoid_hp1p0_hc1p0_cim1p0_cp1p0_cnm1p0_cd1p0_pg1p0,A33,OK,diagnostic_matched_wigley_sensitivity_not_hard_gate,wigley_iii,Fn0.4,0.4,2.1696064159197173,1.0,1.808005346599764,1.0,79.95,18,19,20,1.425,1.575,0.07500000000000007,-0.8687343749999998,0.868734375,0.06253124999999993,0.06253125000000004,heave,heave_force,0.07499999999999996,266.28514466337134,-85.5208217261308,19.971385849752867,-6.414061629459816,0.07641705796109184,0.07641705796109184,0.0,1.253080369923405,1.253080369923405,0.0,0.0,1.253080369923405,1.2978166486622895,0.549316933744075,0.009542100282804687,0.005173914781956251,0.0789497408668896,0.03160754515374548,0.37990149054107525,2549.1892309222308,1051.8431581487387,2405.120925679797,1017.9971520167528,844.8426290777651,349.17448909246303,2.6284519146110243,1.6516689700380927,0.006713088934194438,0.0027320713466223983,advance_eq19_20,0.08377034083873672,0.034707947087495104,0.09644847728028258,0.037411848736215655,1.1513439758583779,1.07790439584065,342.3288541718238,4.0603202717865913e-16,a1_station_hull_matched_sweep_free_surface_marching_not_benchmark_validated,41,8,24,10,3.0,2,16,15.0,False,none,0.0,1.0,0.03,1.0,trapezoid,1.0,1.0,-1.0,1.0,-1.0,1.0,1.0,True,False,True,3.0,11,9,40,True,True,True,True,A1_GRID_RECOMMENDED,"A1 Section 3.3 recommends control radius about 3B, inner free-surface panels greater than 10, outer/free-surface proxy panels greater than 8, and roughly 60 stations at Fn=0.2 or 40 at Fn=0.3."
0,st41_bp8_fs24_cp10_r3p0_h2_fsm_clipfs_onezonefs_noend_pr1p0_pl1p0_pf1p0_pm1p0_dt1p0_fv0p03_hr1p0_hqtrapezoid_hp1p0_hc1p0_cim1p0_cp1p0_cnm1p0_cd1p0_pg1p0,A33,OK,diagnostic_matched_wigley_sensitivity_not_hard_gate,wigley_iii,Fn0.4,0.4,2.1696064159197173,1.0,1.808005346599764,1.0,79.95,19,20,19,1.5,1.5,0.07499999999999996,-0.8687499999999999,0.8687499999999999,0.062499999999999944,0.06250000000000003,heave,heave_force,0.0,261.6722404014208,-82.42866114921151,19.62541803010655,-6.182149586190859,0.07509327186404881,0.07509327186404881,0.0,1.3288355348359753,1.3288355348359753,0.0,0.0,1.3288355348359753,1.2711394193715733,0.540541818537158,0.009878681428026425,0.0054568204015608334,0.07894150830156418,0.03233708547955102,0.36278592889799866,2490.006944928494,1034.021913401302,2355.682538159962,1001.7350604253396,806.7802459160545,326.86308382733915,2.7497394491366207,1.7635437777053473,0.006590212812977287,0.0026866162809725067,advance_eq19_20,0.07193235584324238,0.03183230944971972,0.08368312815028162,0.03467038470977883,1.163358646735371,1.0891570642884691,342.3274209292955,3.549107947179302e-16,a1_station_hull_matched_sweep_free_surface_marching_not_benchmark_validated,41,8,24,10,3.0,2,16,15.0,False,none,0.0,1.0,0.03,1.0,trapezoid,1.0,1.0,-1.0,1.0,-1.0,1.0,1.0,True,False,True,3.0,11,9,40,True,True,True,True,A1_GRID_RECOMMENDED,"A1 Section 3.3 recommends control radius about 3B, inner free-surface panels greater than 10, outer/free-surface proxy panels greater than 8, and roughly 60 stations at Fn=0.2 or 40 at Fn=0.3."
0,st41_bp8_fs24_cp10_r3p0_h2_fsm_clipfs_onezonefs_noend_pr1p0_pl1p0_pf1p0_pm1p0_dt1p0_fv0p03_hr1p0_hqtrapezoid_hp1p0_hc1p0_cim1p0_cp1p0_cnm1p0_cd1p0_pg1p0,A33,OK,diagnostic_matched_wigley_sensitivity_not_hard_gate,wigley_iii,Fn0.4,0.4,2.1696064159197173,1.0,1.808005346599764,1.0,79.95,20,21,18,1.575,1.425,0.07499999999999996,-0.8687343749999998,0.868734375,0.06253124999999993,0.06253125000000004,heave,heave_force,-0.07499999999999996,256.0078582450052,-79.3061333247623,19.20058936837538,-5.947959999357169,0.07346773837772613,0.07346773837772613,0.0,1.4031160399568627,1.4031160399568627,0.0,0.0,1.4031160399568627,1.2456097030706583,0.5320242555011837,0.010136107751326623,0.005671858593814406,0.07824737915967828,0.032702918019481546,0.34679561733536546,2433.794585865206,1017.1392223925252,2308.370728001502,985.9502659285715,771.2202462932393,303.5074933348393,2.848268674541653,1.8560095926697817,0.006409961986301298,0.0026168471614264185,advance_eq19_20,0.06138912664062679,0.029010864237988675,0.07222148852273766,0.031957487343339634,1.1764540803051937,1.1015696423649615,342.32885417182297,4.8371234311501075e-16,a1_station_hull_matched_sweep_free_surface_marching_not_benchmark_validated,41,8,24,10,3.0,2,16,15.0,False,none,0.0,1.0,0.03,1.0,trapezoid,1.0,1.0,-1.0,1.0,-1.0,1.0,1.0,True,False,True,3.0,11,9,40,True,True,True,True,A1_GRID_RECOMMENDED,"A1 Section 3.3 recommends control radius about 3B, inner free-surface panels greater than 10, outer/free-surface proxy panels greater than 8, and roughly 60 stations at Fn=0.2 or 40 at Fn=0.3."
0,st41_bp8_fs24_cp10_r3p0_h2_fsm_clipfs_onezonefs_noend_pr1p0_pl1p0_pf1p0_pm1p0_dt1p0_fv0p03_hr1p0_hqtrapezoid_hp1p0_hc1p0_cim1p0_cp1p0_cnm1p0_cd1p0_pg1p0,A33,OK,diagnostic_matched_wigley_sensitivity_not_hard_gate,wigley_iii,Fn0.4,0.4,2.1696064159197173,1.0,1.808005346599764,1.0,79.95,21,22,17,1.65,1.35,0.07499999999999996,-0.8686874999999998,0.8686875,0.0626249999999999,0.06262500000000004,heave,heave_force,-0.1499999999999999,249.32827430119963,-77.04489558443302,18.69962057258996,-5.778367168832474,0.07155086782140935,0.07155086782140935,0.0,1.4756253430564306,1.4756253430564306,0.0,0.0,1.4756253430564306,1.2210322509638203,0.5236826157224905,0.010315516413310842,0.005825081413683668,0.0769355683085799,0.03274322783495402,0.3361343749707343,2383.0954710636415,1001.5908347762298,2262.8236590661654,970.4914933763029,747.5112789613607,283.83081762298474,2.919262119659441,1.9246014342877247,0.006174448227761499,0.0025236924629703297,advance_eq19_20,0.05218670461752982,0.026336093794422654,0.06213916720940703,0.029359916893358148,1.1907087765900841,1.1148166893138824,342.3331719804855,2.282987794280124e-16,a1_station_hull_matched_sweep_free_surface_marching_not_benchmark_validated,41,8,24,10,3.0,2,16,15.0,False,none,0.0,1.0,0.03,1.0,trapezoid,1.0,1.0,-1.0,1.0,-1.0,1.0,1.0,True,False,True,3.0,11,9,40,True,True,True,True,A1_GRID_RECOMMENDED,"A1 Section 3.3 recommends control radius about 3B, inner free-surface panels greater than 10, outer/free-surface proxy panels greater than 8, and roughly 60 stations at Fn=0.2 or 40 at Fn=0.3."
0,st41_bp8_fs24_cp10_r3p0_h2_fsm_clipfs_onezonefs_noend_pr1p0_pl1p0_pf1p0_pm1p0_dt1p0_fv0p03_hr1p0_hqtrapezoid_hp1p0_hc1p0_cim1p0_cp1p0_cnm1p0_cd1p0_pg1p0,A33,OK,diagnostic_matched_wigley_sensitivity_not_hard_gate,wigley_iii,Fn0.4,0.4,2.1696064159197173,1.0,1.808005346599764,1.0,79.95,22,23,16,1.7249999999999999,1.2750000000000001,0.07499999999999996,-0.8686093749999999,0.8686093749999999,0.0627812499999999,0.06278125000000001,heave,heave_force,-0.22499999999999987,241.58790436724155,-76.07100250263285,18.119092827543106,-5.70532518769746,0.06932957868929755,0.06932957868929755,0.0,1.5460655663117842,1.5460655663117842,0.0,0.0,1.5460655663117842,1.196810847227979,0.5153200988611568,0.010408084569816848,0.005914879392616358,0.07500522398814696,0.03245932496868495,0.33298895427472136,2338.2913475068895,987.304443165898,2217.936420923199,954.9940313000727,740.5163459154536,270.4970265033536,2.9629423636944403,1.97074984958534,0.005886798919193802,0.002408498142702562,advance_eq19_20,0.04415340574232038,0.023802981227460916,0.05326348810878546,0.026874030771951794,1.206327965267993,1.1290195339459363,342.34042855322906,3.009405273015395e-16,a1_station_hull_matched_sweep_free_surface_marching_not_benchmark_validated,41,8,24,10,3.0,2,16,15.0,False,none,0.0,1.0,0.03,1.0,trapezoid,1.0,1.0,-1.0,1.0,-1.0,1.0,1.0,True,False,True,3.0,11,9,40,True,True,True,True,A1_GRID_RECOMMENDED,"A1 Section 3.3 recommends control radius about 3B, inner free-surface panels greater than 10, outer/free-surface proxy panels greater than 8, and roughly 60 stations at Fn=0.2 or 40 at Fn=0.3."
0,st41_bp8_fs24_cp10_r3p0_h2_fsm_clipfs_onezonefs_noend_pr1p0_pl1p0_pf1p0_pm1p0_dt1p0_fv0p03_hr1p0_hqtrapezoid_hp1p0_hc1p0_cim1p0_cp1p0_cnm1p0_cd1p0_pg1p0,A33,OK,diagnostic_matched_wigley_sensitivity_not_hard_gate,wigley_iii,Fn0.4,0.4,2.1696064159197173,1.0,1.808005346599764,1.0,79.95,23,24,15,1.7999999999999998,1.2000000000000002,0.07500000000000007,-0.8684999999999999,0.8684999999999998,0.06299999999999994,0.06300000000000008,heave,heave_force,-0.2999999999999998,232.76496646443982,-75.99680794141614,17.457372484833,-5.699760595606215,0.06679762010798873,0.06679762010798873,0.0,1.6141291657104273,1.6141291657104273,0.0,0.0,1.6141291657104273,1.1724686374411382,0.5067853797637442,0.010407546609219746,0.0059403191091839695,0.07246862032330002,0.03185664229089878,0.33593128894175467,2297.6657544262853,973.7798529502331,2172.8253043444706,939.1774430962273,747.0596467911165,268.459721427095,2.9798878611778687,1.995736483349542,0.005551253460096172,0.0022730683233776034,advance_eq19_20,0.03714202172241568,0.021405983979942655,0.045445958051985896,0.02449558303765209,1.2235725451788932,1.1443334284751583,342.35071396278477,3.9755770894632225e-16,a1_station_hull_matched_sweep_free_surface_marching_not_benchmark_validated,41,8,24,10,3.0,2,16,15.0,False,none,0.0,1.0,0.03,1.0,trapezoid,1.0,1.0,-1.0,1.0,-1.0,1.0,1.0,True,False,True,3.0,11,9,40,True,True,True,True,A1_GRID_RECOMMENDED,"A1 Section 3.3 recommends control radius about 3B, inner free-surface panels greater than 10, outer/free-surface proxy panels greater than 8, and roughly 60 stations at Fn=0.2 or 40 at Fn=0.3."
0,st41_bp8_fs24_cp10_r3p0_h2_fsm_clipfs_onezonefs_noend_pr1p0_pl1p0_pf1p0_pm1p0_dt1p0_fv0p03_hr1p0_hqtrapezoid_hp1p0_hc1p0_cim1p0_cp1p0_cnm1p0_cd1p0_pg1p0,A33,OK,diagnostic_matched_wigley_sensitivity_not_hard_gate,wigley_iii,Fn0.4,0.4,2.1696064159197173,1.0,1.808005346599764,1.0,79.95,24,25,14,1.875,1.125,0.07500000000000007,-0.8683593749999999,0.8683593749999999,0.06328124999999996,0.06328125000000007,heave,heave_force,-0.375,222.86098278256927,-76.46265717873797,16.71457370869271,-5.734699288405353,0.06395542890719916,0.06395542890719916,0.0,1.6795056902180214,1.6795056902180214,0.0,0.0,1.6795056902180214,1.1476275755816034,0.4979663923741127,0.010309475834499924,0.005900938062239679,0.06935096925007783,0.0309444421175379,0.3437350787544669,2259.9918945352047,960.6360489338737,2126.7897123707853,922.8340473353766,764.4140780484196,278.81288698777684,2.9708566356870154,2.000710426601062,0.005173276256402972,0.002119713189527853,advance_eq19_20,0.031026412404564007,0.019139448709178646,0.03855902488765742,0.022220131340226268,1.242780647174836,1.1609598415219884,342.3641533741088,4.2023182117294046e-16,a1_station_hull_matched_sweep_free_surface_marching_not_benchmark_validated,41,8,24,10,3.0,2,16,15.0,False,none,0.0,1.0,0.03,1.0,trapezoid,1.0,1.0,-1.0,1.0,-1.0,1.0,1.0,True,False,True,3.0,11,9,40,True,True,True,True,A1_GRID_RECOMMENDED,"A1 Section 3.3 recommends control radius about 3B, inner free-surface panels greater than 10, outer/free-surface proxy panels greater than 8, and roughly 60 stations at Fn=0.2 or 40 at Fn=0.3."
0,st41_bp8_fs24_cp10_r3p0_h2_fsm_clipfs_onezonefs_noend_pr1p0_pl1p0_pf1p0_pm1p0_dt1p0_fv0p03_hr1p0_hqtrapezoid_hp1p0_hc1p0_cim1p0_cp1p0_cnm1p0_cd1p0_pg1p0,A33,OK,diagnostic_matched_wigley_sensitivity_not_hard_gate,wigley_iii,Fn0.4,0.4,2.1696064159197173,1.0,1.808005346599764,1.0,79.95,25,26,13,1.95,1.05,0.07499999999999996,-0.8681874999999999,0.8681874999999999,0.0636249999999999,0.06362500000000004,heave,heave_force,-0.44999999999999996,211.90045532564733,-77.12561642975831,15.89253414942354,-5.78442123223187,0.06081003653835862,0.06081003653835862,0.0,1.7418884229408,1.7418884229408,0.0,0.0,1.7418884229408,1.1219948118607066,0.48878742317654755,0.010110550714167978,0.005796513169190047,0.0656899678975822,0.029735477345735267,0.35530415386916,2224.3557310015053,947.5451563596124,2079.286934168888,905.8235313152674,790.1419261333922,292.2465189846453,2.9366889837756043,1.9867058238992483,0.004759709924288545,0.0019513141351642509,advance_eq19_20,0.025698530397229764,0.016997929330105084,0.032493230326398344,0.020043356670802214,1.2644003304523994,1.179164607732741,342.3809050598591,4.037690502413808e-16,a1_station_hull_matched_sweep_free_surface_marching_not_benchmark_validated,41,8,24,10,3.0,2,16,15.0,False,none,0.0,1.0,0.03,1.0,trapezoid,1.0,1.0,-1.0,1.0,-1.0,1.0,1.0,True,False,True,3.0,11,9,40,True,True,True,True,A1_GRID_RECOMMENDED,"A1 Section 3.3 recommends control radius about 3B, inner free-surface panels greater than 10, outer/free-surface proxy panels greater than 8, and roughly 60 stations at Fn=0.2 or 40 at Fn=0.3."
0,st41_bp8_fs24_cp10_r3p0_h2_fsm_clipfs_onezonefs_noend_pr1p0_pl1p0_pf1p0_pm1p0_dt1p0_fv0p03_hr1p0_hqtrapezoid_hp1p0_hc1p0_cim1p0_cp1p0_cnm1p0_cd1p0_pg1p0,A33,OK,diagnostic_matched_wigley_sensitivity_not_hard_gate,wigley_iii,Fn0.4,0.4,2.1696064159197173,1.0,1.808005346599764,1.0,79.95,26,27,12,2.025,0.9750000000000001,0.07500000000000007,-0.8679843749999999,0.8679843749999999,0.06403124999999998,0.0640312500000001,heave,heave_force,-0.5249999999999999,199.930869053342,-77.64536713031181,14.994815179000664,-5.823402534773391,0.057375069976114496,0.057375069976114496,0.0,1.8009809761980367,1.8009809761980367,0.0,0.0,1.8009809761980367,1.0953562249246265,0.47921005846039566,0.009807735991996882,0.005626772298415385,0.061535068675968314,0.028245574898872517,0.36958971970685267,2190.003029333729,934.1659933764489,2029.920158872435,888.0747065368004,821.9108328123064,307.66409211443965,2.8782563579814253,1.9546602729061753,0.0043190079619762145,0.0017714230934165946,advance_eq19_20,0.021065840195584735,0.014976430942525916,0.027154729088772533,0.017961316136061153,1.289040875495865,1.1993055091022782,342.4011560901492,3.631954992491738e-16,a1_station_hull_matched_sweep_free_surface_marching_not_benchmark_validated,41,8,24,10,3.0,2,16,15.0,False,none,0.0,1.0,0.03,1.0,trapezoid,1.0,1.0,-1.0,1.0,-1.0,1.0,1.0,True,False,True,3.0,11,9,40,True,True,True,True,A1_GRID_RECOMMENDED,"A1 Section 3.3 recommends control radius about 3B, inner free-surface panels greater than 10, outer/free-surface proxy panels greater than 8, and roughly 60 stations at Fn=0.2 or 40 at Fn=0.3."
0,st41_bp8_fs24_cp10_r3p0_h2_fsm_clipfs_onezonefs_noend_pr1p0_pl1p0_pf1p0_pm1p0_dt1p0_fv0p03_hr1p0_hqtrapezoid_hp1p0_hc1p0_cim1p0_cp1p0_cnm1p0_cd1p0_pg1p0,A33,OK,diagnostic_matched_wigley_sensitivity_not_hard_gate,wigley_iii,Fn0.4,0.4,2.1696064159197173,1.0,1.808005346599764,1.0,79.95,27,28,11,2.1,0.8999999999999999,0.07499999999999996,-0.8677499999999999,0.8677499999999999,0.06449999999999989,0.06450000000000003,heave,heave_force,-0.6000000000000001,187.0232553648512,-77.6640294203491,14.02674415236383,-5.824802206526178,0.05367091342386021,0.05367091342386021,0.0,1.856503967898024,1.856503967898024,0.0,0.0,1.856503967898024,1.0675788927244143,0.4692395854492517,0.009397260048603782,0.005390996022918326,0.05694638971179333,0.026493078352043488,0.38547109148644715,2156.1720099624563,920.0574474048126,1978.4430546118667,869.5973713117165,857.2285670715862,324.28642433144734,2.7964388830190643,1.9054342548377803,0.003861617535363582,0.0015844264673534037,advance_eq19_20,0.017049091546618544,0.013070596507717573,0.02246314109203447,0.015970644750995338,1.317556482737623,1.2218757377725968,342.4251138934241,4.349505207745733e-16,a1_station_hull_matched_sweep_free_surface_marching_not_benchmark_validated,41,8,24,10,3.0,2,16,15.0,False,none,0.0,1.0,0.03,1.0,trapezoid,1.0,1.0,-1.0,1.0,-1.0,1.0,1.0,True,False,True,3.0,11,9,40,True,True,True,True,A1_GRID_RECOMMENDED,"A1 Section 3.3 recommends control radius about 3B, inner free-surface panels greater than 10, outer/free-surface proxy panels greater than 8, and roughly 60 stations at Fn=0.2 or 40 at Fn=0.3."
0,st41_bp8_fs24_cp10_r3p0_h2_fsm_clipfs_onezonefs_noend_pr1p0_pl1p0_pf1p0_pm1p0_dt1p0_fv0p03_hr1p0_hqtrapezoid_hp1p0_hc1p0_cim1p0_cp1p0_cnm1p0_cd1p0_pg1p0,A33,OK,diagnostic_matched_wigley_sensitivity_not_hard_gate,wigley_iii,Fn0.4,0.4,2.1696064159197173,1.0,1.808005346599764,1.0,79.95,28,29,10,2.175,0.8250000000000002,0.07499999999999996,-0.8674843749999999,0.8674843749999999,0.06503124999999987,0.0650312500000001,heave,heave_force,-0.6749999999999998,173.2737194580452,-76.77340654281639,12.995528959353383,-5.758005490711226,0.049725146626929936,0.049725146626929936,0.0,1.908201997923419,1.908201997923419,0.0,0.0,1.908201997923419,1.0386272121219575,0.4589404656304008,0.008873186549145408,0.0050874132420423756,0.05199314792160413,0.0244980313149848,0.4015564986505014,2121.853963808982,904.541749898364,1924.789641456519,850.5109860215186,893.0000447220447,341.16397976906904,2.6921231735548177,1.839832923771025,0.003400666123145817,0.0013958439964692625,advance_eq19_20,0.013580408218493028,0.01127684614117707,0.01834970253977344,0.01406871730511896,1.3511893195364966,1.2475755303379954,342.45299094219155,3.4181884428787595e-16,a1_station_hull_matched_sweep_free_surface_marching_not_benchmark_validated,41,8,24,10,3.0,2,16,15.0,False,none,0.0,1.0,0.03,1.0,trapezoid,1.0,1.0,-1.0,1.0,-1.0,1.0,1.0,True,False,True,3.0,11,9,40,True,True,True,True,A1_GRID_RECOMMENDED,"A1 Section 3.3 recommends control radius about 3B, inner free-surface panels greater than 10, outer/free-surface proxy panels greater than 8, and roughly 60 stations at Fn=0.2 or 40 at Fn=0.3."
0,st41_bp8_fs24_cp10_r3p0_h2_fsm_clipfs_onezonefs_noend_pr1p0_pl1p0_pf1p0_pm1p0_dt1p0_fv0p03_hr1p0_hqtrapezoid_hp1p0_hc1p0_cim1p0_cp1p0_cnm1p0_cd1p0_pg1p0,A33,OK,diagnostic_matched_wigley_sensitivity_not_hard_gate,wigley_iii,Fn0.4,0.4,2.1696064159197173,1.0,1.808005346599764,1.0,79.95,29,30,9,2.25,0.75,0.07499999999999996,-0.8671874999999999,0.8671874999999999,0.06562499999999982,0.0656250000000001,heave,heave_force,-0.75,158.80670626077926,-74.45532248870569,11.910502969558438,-5.584149186652923,0.045573482111746715,0.045573482111746715,0.0,1.9558513122927574,1.9558513122927574,0.0,0.0,1.9558513122927574,1.0086035629337873,0.448468840337613,0.008225205940043062,0.0047121985253397005,0.04675156385404559,0.022280852400090603,0.4158150254030857,2085.379298340057,886.4711280389696,1869.149650243455,831.1049126416451,924.7088206241137,356.91339160426617,2.5662195863601576,1.7586338843003766,0.002953254586392712,0.001212883103311916,advance_eq19_20,0.01060165863095663,0.009592468576657697,0.014755684308218988,0.01225377477736881,1.3918279037143004,1.277437051729013,342.4849787194831,3.6539444037464325e-16,a1_station_hull_matched_sweep_free_surface_marching_not_benchmark_validated,41,8,24,10,3.0,2,16,15.0,False,none,0.0,1.0,0.03,1.0,trapezoid,1.0,1.0,-1.0,1.0,-1.0,1.0,1.0,True,False,True,3.0,11,9,40,True,True,True,True,A1_GRID_RECOMMENDED,"A1 Section 3.3 recommends control radius about 3B, inner free-surface panels greater than 10, outer/free-surface proxy panels greater than 8, and roughly 60 stations at Fn=0.2 or 40 at Fn=0.3."
0,st41_bp8_fs24_cp10_r3p0_h2_fsm_clipfs_onezonefs_noend_pr1p0_pl1p0_pf1p0_pm1p0_dt1p0_fv0p03_hr1p0_hqtrapezoid_hp1p0_hc1p0_cim1p0_cp1p0_cnm1p0_cd1p0_pg1p0,A33,OK,diagnostic_matched_wigley_sensitivity_not_hard_gate,wigley_iii,Fn0.4,0.4,2.1696064159197173,1.0,1.808005346599764,1.0,79.95,30,31,8,2.3249999999999997,0.6750000000000003,0.07499999999999996,-0.866859375,0.866859375,0.06628124999999996,0.06628125000000007,heave,heave_force,-0.8249999999999997,143.78163003216537,-69.95907993549092,10.783622252412396,-5.246930995161816,0.04126166771262471,0.04126166771262471,0.0,1.9992688872049431,1.9992688872049431,0.0,0.0,1.9992688872049431,0.9778390330770564,0.43814029762544227,0.0074348934641750705,0.00425764245618933,0.04130334502056021,0.019859998907277587,0.4248437416750755,2043.6394738488584,863.8542775731804,1812.136654915193,811.9640006843018,944.7873003941223,369.13844790041964,2.419708121999406,1.6626301471924367,0.0025435621516363065,0.0010458704156443002,advance_eq19_20,0.008063085382717392,0.00801564519311008,0.011631052358983181,0.010525008949327145,1.4425064112446897,1.313058237454673,342.52120658418943,4.967102667778297e-16,a1_station_hull_matched_sweep_free_surface_marching_not_benchmark_validated,41,8,24,10,3.0,2,16,15.0,False,none,0.0,1.0,0.03,1.0,trapezoid,1.0,1.0,-1.0,1.0,-1.0,1.0,1.0,True,False,True,3.0,11,9,40,True,True,True,True,A1_GRID_RECOMMENDED,"A1 Section 3.3 recommends control radius about 3B, inner free-surface panels greater than 10, outer/free-surface proxy panels greater than 8, and roughly 60 stations at Fn=0.2 or 40 at Fn=0.3."
0,st41_bp8_fs24_cp10_r3p0_h2_fsm_clipfs_onezonefs_noend_pr1p0_pl1p0_pf1p0_pm1p0_dt1p0_fv0p03_hr1p0_hqtrapezoid_hp1p0_hc1p0_cim1p0_cp1p0_cnm1p0_cd1p0_pg1p0,A33,OK,diagnostic_matched_wigley_sensitivity_not_hard_gate,wigley_iii,Fn0.4,0.4,2.1696064159197173,1.0,1.808005346599764,1.0,79.95,31,32,7,2.4,0.6000000000000001,0.07500000000000018,-0.8664999999999999,0.8664999999999998,0.06699999999999995,0.06700000000000006,heave,heave_force,-0.8999999999999999,128.40676359302557,-62.017444082524634,9.63050726947694,-4.6513083061893585,0.036849472427344966,0.036849472427344966,0.0,2.038324457274928,2.038324457274928,0.0,0.0,2.038324457274928,0.9470991633588306,0.42857846892659873,0.006468901444086067,0.0037085782894458684,0.03573831626128107,0.017247189381933852,0.42240497501904006,1990.7345224077505,833.5860872602486,1755.1693598907523,794.2439673382521,939.3638575156601,374.52560865963585,2.253746347236467,1.5527138160432004,0.00220736028889499,0.0009100312881043349,advance_eq19_20,0.0059221911811625835,0.006545341143296937,0.008933357141515644,0.00888257705323323,1.508454703375844,1.357083895058678,342.56168396636383,3.063944127995544e-16,a1_station_hull_matched_sweep_free_surface_marching_not_benchmark_validated,41,8,24,10,3.0,2,16,15.0,False,none,0.0,1.0,0.03,1.0,trapezoid,1.0,1.0,-1.0,1.0,-1.0,1.0,1.0,True,False,True,3.0,11,9,40,True,True,True,True,A1_GRID_RECOMMENDED,"A1 Section 3.3 recommends control radius about 3B, inner free-surface panels greater than 10, outer/free-surface proxy panels greater than 8, and roughly 60 stations at Fn=0.2 or 40 at Fn=0.3."
0,st41_bp8_fs24_cp10_r3p0_h2_fsm_clipfs_onezonefs_noend_pr1p0_pl1p0_pf1p0_pm1p0_dt1p0_fv0p03_hr1p0_hqtrapezoid_hp1p0_hc1p0_cim1p0_cp1p0_cnm1p0_cd1p0_pg1p0,A33,OK,diagnostic_matched_wigley_sensitivity_not_hard_gate,wigley_iii,Fn0.4,0.4,2.1696064159197173,1.0,1.808005346599764,1.0,79.95,32,33,6,2.475,0.5249999999999999,0.07499999999999996,-0.866109375,0.866109375,0.06778124999999988,0.06778125000000013,heave,heave_force,-0.9750000000000001,112.97057450036317,-48.07614127155341,8.472793087527233,-3.605710595366504,0.0324196791015341,0.0324196791015341,0.0,2.0729590330393677,2.0729590330393677,0.0,0.0,2.0729590330393677,0.9180868262044646,0.4210708350635481,0.005265560920808703,0.003034078946228187,0.030196026472193535,0.014437742022646494,0.3974846394507653,1917.3243085024612,794.3813124350859,1701.4035376809925,780.3307791194254,883.9448545814637,373.22586660252244,2.069934375864913,1.4300708779892846,0.0020142494038059523,0.0008386175352653207,advance_eq19_20,0.0041429228466171196,0.005180880130513228,0.006626862914398145,0.007327463849193945,1.5995622317247042,1.4143280030816061,342.6062403202417,4.815279706852604e-16,a1_station_hull_matched_sweep_free_surface_marching_not_benchmark_validated,41,8,24,10,3.0,2,16,15.0,False,none,0.0,1.0,0.03,1.0,trapezoid,1.0,1.0,-1.0,1.0,-1.0,1.0,1.0,True,False,True,3.0,11,9,40,True,True,True,True,A1_GRID_RECOMMENDED,"A1 Section 3.3 recommends control radius about 3B, inner free-surface panels greater than 10, outer/free-surface proxy panels greater than 8, and roughly 60 stations at Fn=0.2 or 40 at Fn=0.3."
0,st41_bp8_fs24_cp10_r3p0_h2_fsm_clipfs_onezonefs_noend_pr1p0_pl1p0_pf1p0_pm1p0_dt1p0_fv0p03_hr1p0_hqtrapezoid_hp1p0_hc1p0_cim1p0_cp1p0_cnm1p0_cd1p0_pg1p0,A33,OK,diagnostic_matched_wigley_sensitivity_not_hard_gate,wigley_iii,Fn0.4,0.4,2.1696064159197173,1.0,1.808005346599764,1.0,79.95,33,34,5,2.55,0.4500000000000002,0.07499999999999996,-0.8656874999999999,0.8656874999999999,0.06862499999999994,0.06862500000000005,heave,heave_force,-1.0499999999999998,97.92290619698997,-21.753142295895334,7.344217964774243,-1.6314856721921491,0.028101381352060258,0.028101381352060258,0.0,2.103219563266165,2.103219563266165,0.0,0.0,2.103219563266165,0.8948464905086518,0.418545408616713,0.0036914941849780945,0.002154614315526602,0.024983449777243,0.011358342163597825,0.35181477740637485,1833.6288559108914,784.1538093435803,1658.3344202063195,775.650644988145,782.3820882331439,338.7030526077397,1.8710532202382912,1.2967186405209796,0.002166517946424506,0.0008943558281019762,advance_eq19_20,0.002695301597281373,0.003920647363433455,0.004681980461411184,0.0058609639878069945,1.7370896326161358,1.4948970015692338,342.6545414156471,6.711857472096817e-16,a1_station_hull_matched_sweep_free_surface_marching_not_benchmark_validated,41,8,24,10,3.0,2,16,15.0,False,none,0.0,1.0,0.03,1.0,trapezoid,1.0,1.0,-1.0,1.0,-1.0,1.0,1.0,True,False,True,3.0,11,9,40,True,True,True,True,A1_GRID_RECOMMENDED,"A1 Section 3.3 recommends control radius about 3B, inner free-surface panels greater than 10, outer/free-surface proxy panels greater than 8, and roughly 60 stations at Fn=0.2 or 40 at Fn=0.3."
0,st41_bp8_fs24_cp10_r3p0_h2_fsm_clipfs_onezonefs_noend_pr1p0_pl1p0_pf1p0_pm1p0_dt1p0_fv0p03_hr1p0_hqtrapezoid_hp1p0_hc1p0_cim1p0_cp1p0_cnm1p0_cd1p0_pg1p0,A33,OK,diagnostic_matched_wigley_sensitivity_not_hard_gate,wigley_iii,Fn0.4,0.4,2.1696064159197173,1.0,1.808005346599764,1.0,79.95,34,35,4,2.625,0.375,0.07499999999999996,-0.8652343749999999,0.8652343749999999,0.06953124999999993,0.06953125000000009,heave,heave_force,-1.125,84.12889295057909,43.07445077919442,6.309666971293428,3.2305838084395795,0.024142850690878983,0.024142850690878983,0.0,2.1293416792876347,2.1293416792876347,0.0,0.0,2.1293416792876347,0.8885200295252399,0.42883888130308534,0.0014991436251632453,0.0007723751200947766,0.021696001097017383,0.007643324287994869,0.6334839093534802,2167.016591195273,1242.1147033557443,1646.610188041179,794.7265649814858,1408.7710229680956,954.5986712777558,1.6633725486456254,1.1572039772673344,0.004059510275020657,0.0016408200092810443,advance_eq19_20,0.0015559543612688178,0.002758122236551303,0.0030751952445023352,0.004483094803740047,1.976404527697482,1.6254155614747563,342.70650863905854,6.185861225820946e-16,a1_station_hull_matched_sweep_free_surface_marching_not_benchmark_validated,41,8,24,10,3.0,2,16,15.0,False,none,0.0,1.0,0.03,1.0,trapezoid,1.0,1.0,-1.0,1.0,-1.0,1.0,1.0,True,False,True,3.0,11,9,40,True,True,True,True,A1_GRID_RECOMMENDED,"A1 Section 3.3 recommends control radius about 3B, inner free-surface panels greater than 10, outer/free-surface proxy panels greater than 8, and roughly 60 stations at Fn=0.2 or 40 at Fn=0.3."
0,st41_bp8_fs24_cp10_r3p0_h2_fsm_clipfs_onezonefs_noend_pr1p0_pl1p0_pf1p0_pm1p0_dt1p0_fv0p03_hr1p0_hqtrapezoid_hp1p0_hc1p0_cim1p0_cp1p0_cnm1p0_cd1p0_pg1p0,A33,OK,diagnostic_matched_wigley_sensitivity_not_hard_gate,wigley_iii,Fn0.4,0.4,2.1696064159197173,1.0,1.808005346599764,1.0,79.95,35,36,3,2.6999999999999997,0.30000000000000027,0.07499999999999996,-0.8647499999999999,0.8647499999999999,0.0704999999999999,0.07050000000000001,heave,heave_force,-1.1999999999999997,74.4205396647011,369.09151831739064,5.581540474852579,27.681863873804282,0.021356800433769977,0.021356800433769977,0.0,2.152091504849959,2.152091504849959,0.0,0.0,2.152091504849959,0.9453287863497885,0.48293375366556934,0.00404220629181949,0.0022184860248148017,0.029181235023819276,0.015035753200430452,4.223538017116242,9554.484812346438,6320.881249087353,1751.8884875154604,894.9754788978638,9392.500559311644,6257.200544751275,1.4754378330675106,1.0317938732108423,0.00019922037089209325,7.058086411984446e-05,advance_eq19_20,0.0007110359319447175,0.0016579101289654313,0.0017900554571601609,0.0031876496257187996,2.517531641845825,1.9226914475201113,342.76452809793597,4.0789741242611746e-16,a1_station_hull_matched_sweep_free_surface_marching_not_benchmark_validated,41,8,24,10,3.0,2,16,15.0,False,none,0.0,1.0,0.03,1.0,trapezoid,1.0,1.0,-1.0,1.0,-1.0,1.0,1.0,True,False,True,3.0,11,9,40,True,True,True,True,A1_GRID_RECOMMENDED,"A1 Section 3.3 recommends control radius about 3B, inner free-surface panels greater than 10, outer/free-surface proxy panels greater than 8, and roughly 60 stations at Fn=0.2 or 40 at Fn=0.3."
0,st41_bp8_fs24_cp10_r3p0_h2_fsm_clipfs_onezonefs_noend_pr1p0_pl1p0_pf1p0_pm1p0_dt1p0_fv0p03_hr1p0_hqtrapezoid_hp1p0_hc1p0_cim1p0_cp1p0_cnm1p0_cd1p0_pg1p0,A33,OK,diagnostic_matched_wigley_sensitivity_not_hard_gate,wigley_iii,Fn0.4,0.4,2.1696064159197173,1.0,1.808005346599764,1.0,79.95,36,37,2,2.775,0.2250000000000001,0.07500000000000018,-0.8642343749999999,0.8642343749999999,0.07153124999999994,0.07153125000000005,heave,heave_force,-1.275,90.06357511145977,-679.0920482831428,6.754768133359499,-50.93190362123583,0.025845953397723595,0.025845953397723595,0.0,2.1756928817657055,2.1756928817657055,0.0,0.0,2.1756928817657055,1.4774063576720564,0.8508914148311916,0.020659662179032843,0.010539980019385388,0.09573001063879141,0.05659569905771277,9.541895826308352,21395.61859177368,13494.37943603756,2737.9375586158503,1576.8766330753979,21219.712364916075,13401.930325434996,1.5316947635322815,1.0803416664804502,0.0030538524255992127,0.0012439062444310638,advance_eq19_20,0.00017244666882971365,0.0003901625086779671,0.0008210533267069656,0.0019329573480462905,4.761201432761413,4.9542365169732845,342.84460969129094,1.1347045794502604e-15,a1_station_hull_matched_sweep_free_surface_marching_not_benchmark_validated,41,8,24,10,3.0,2,16,15.0,False,none,0.0,1.0,0.03,1.0,trapezoid,1.0,1.0,-1.0,1.0,-1.0,1.0,1.0,True,False,True,3.0,11,9,40,True,True,True,True,A1_GRID_RECOMMENDED,"A1 Section 3.3 recommends control radius about 3B, inner free-surface panels greater than 10, outer/free-surface proxy panels greater than 8, and roughly 60 stations at Fn=0.2 or 40 at Fn=0.3."
0,st41_bp8_fs24_cp10_r3p0_h2_fsm_clipfs_onezonefs_noend_pr1p0_pl1p0_pf1p0_pm1p0_dt1p0_fv0p03_hr1p0_hqtrapezoid_hp1p0_hc1p0_cim1p0_cp1p0_cnm1p0_cd1p0_pg1p0,A33,OK,diagnostic_matched_wigley_sensitivity_not_hard_gate,wigley_iii,Fn0.4,0.4,2.1696064159197173,1.0,1.808005346599764,1.0,79.95,37,38,1,2.85,0.1499999999999999,0.07499999999999996,-0.8636874999999999,0.8636874999999999,0.07262499999999994,0.07262500000000005,heave,heave_force,-1.35,-18.978226261788677,-365.6218062632646,-1.42336696963415,-27.421635469744828,-0.00544626782721653,-0.00544626782721653,0.0,2.185892724550959,2.185892724550959,0.0,0.0,2.185892724550959,0.5972940688467092,0.42103577832612593,0.02632294920102171,0.012739751134622746,0.10798232529999215,0.06460481760750258,8.589816900657494,19134.478463456933,13373.950489384339,1106.9086417163571,780.2658117815145,19102.434905723167,13351.169872167326,0.28571739676585844,0.13805539926639399,0.0003512656913401101,0.00014111305368115802,advance_eq19_20,5.4112012214892244e-05,0.0001596219828786336,0.00019335025662534203,0.0004255235634764371,3.5731485249060806,2.6658205580617182,343.0542195004204,5.143294350022403e-16,a1_station_hull_matched_sweep_free_surface_marching_not_benchmark_validated,41,8,24,10,3.0,2,16,15.0,False,none,0.0,1.0,0.03,1.0,trapezoid,1.0,1.0,-1.0,1.0,-1.0,1.0,1.0,True,False,True,3.0,11,9,40,True,True,True,True,A1_GRID_RECOMMENDED,"A1 Section 3.3 recommends control radius about 3B, inner free-surface panels greater than 10, outer/free-surface proxy panels greater than 8, and roughly 60 stations at Fn=0.2 or 40 at Fn=0.3."
0,st41_bp8_fs24_cp10_r3p0_h2_fsm_clipfs_onezonefs_noend_pr1p0_pl1p0_pf1p0_pm1p0_dt1p0_fv0p03_hr1p0_hqtrapezoid_hp1p0_hc1p0_cim1p0_cp1p0_cnm1p0_cd1p0_pg1p0,A33,OK,diagnostic_matched_wigley_sensitivity_not_hard_gate,wigley_iii,Fn0.4,0.4,2.1696064159197173,1.0,1.808005346599764,1.0,79.95,38,39,0,2.925,0.07500000000000018,0.03749999999999987,-0.8631093749999998,0.8631093749999998,0.07378124999999991,0.07378125000000002,heave,heave_force,-1.4249999999999998,8.353572820465113,773.3424443647945,0.31325898076744063,29.000341663679688,0.0011986313754202636,0.0011986313754202636,0.0,2.184368222012771,2.184368222012771,0.0,0.0,2.184368222012771,0.6771865908817252,0.3948461090358292,0.005611707454091403,0.002547092737668627,0.02078947712007098,0.011664022091919935,29.46115341411066,65529.10335518701,35375.16830204239,1254.9659013838216,731.7309731264148,65517.08515434081,35375.048618918765,0.37652762009102164,0.26564947927934307,0.0,0.0,initialize_eq21_22,0.0,0.0,6.618649571912479e-05,0.00019523982299012222,,,418.23117884841605,1.351989908607372e-15,a1_station_hull_matched_sweep_free_surface_marching_not_benchmark_validated,41,8,24,10,3.0,2,16,15.0,False,none,0.0,1.0,0.03,1.0,trapezoid,1.0,1.0,-1.0,1.0,-1.0,1.0,1.0,True,False,True,3.0,11,9,40,True,True,True,True,A1_GRID_RECOMMENDED,"A1 Section 3.3 recommends control radius about 3B, inner free-surface panels greater than 10, outer/free-surface proxy panels greater than 8, and roughly 60 stations at Fn=0.2 or 40 at Fn=0.3."
0,st41_bp8_fs24_cp10_r3p0_h2_fsm_clipfs_onezonefs_noend_pr1p0_pl1p0_pf1p0_pm1p0_dt1p0_fv0p03_hr1p0_hqtrapezoid_hp1p0_hc1p0_cim1p0_cp1p0_cn1p0_cd1p0_pg1p0,A33,OK,diagnostic_matched_wigley_sensitivity_not_hard_gate,wigley_iii,Fn0.4,0.4,2.1696064159197173,1.0,1.808005346599764,1.0,79.95,0,1,38,0.075,2.925,0.0375,-0.8631093749999998,0.8631093749999998,0.07378124999999991,0.07378125000000002,heave,heave_force,1.425,130.2677844732474,-5536.728264646062,4.8850419177467765,-207.62730992422732,0.018691769022901233,0.018691769022901233,0.0,0.0,0.0,0.0,0.0,0.0,10.2909307319433,5.615423763395611,0.015988233101766506,0.0075728244764207515,0.12294316150188828,0.045303392702712865,231.28403535266057,514693.65920450486,269646.2032899203,19071.20922946234,10406.534092333697,514340.2101759584,269445.3172665172,2.6814302853692027,1.7206168710126797,0.008341094117877836,0.0034778158072977013,advance_eq19_20,0.5491779781311107,0.07443811688760202,0.5738612449920875,0.0732306520751963,1.044945842411554,0.9837789446738835,113.95001957184003,4.82176352011741e-15,a1_station_hull_matched_sweep_free_surface_marching_not_benchmark_validated,41,8,24,10,3.0,2,16,15.0,False,none,0.0,1.0,0.03,1.0,trapezoid,1.0,1.0,-1.0,1.0,1.0,1.0,1.0,True,False,True,3.0,11,9,40,True,True,True,True,A1_GRID_RECOMMENDED,"A1 Section 3.3 recommends control radius about 3B, inner free-surface panels greater than 10, outer/free-surface proxy panels greater than 8, and roughly 60 stations at Fn=0.2 or 40 at Fn=0.3."
0,st41_bp8_fs24_cp10_r3p0_h2_fsm_clipfs_onezonefs_noend_pr1p0_pl1p0_pf1p0_pm1p0_dt1p0_fv0p03_hr1p0_hqtrapezoid_hp1p0_hc1p0_cim1p0_cp1p0_cn1p0_cd1p0_pg1p0,A33,OK,diagnostic_matched_wigley_sensitivity_not_hard_gate,wigley_iii,Fn0.4,0.4,2.1696064159197173,1.0,1.808005346599764,1.0,79.95,1,2,37,0.15,2.85,0.07499999999999998,-0.8636874999999999,0.8636874999999999,0.07262499999999991,0.07262500000000005,heave,heave_force,1.35,-82.46577723893677,-60.34941569396972,-6.184933292920256,-4.526206177047728,-0.02366557881792777,-0.02366557881792777,0.0,0.006858979613937349,0.006858979613937349,0.0,0.0,0.006858979613937349,3.401426857157523,2.262749015263279,0.035230999354958374,0.017521092207844258,0.2877213238761808,0.1084961217044708,55.87905933967342,124426.22891357342,56102.22114279028,6303.542892404054,4193.3388755495935,124266.45480038688,55945.28689916022,3.310725107020776,2.090297274617531,0.0032047047804497435,0.0013606129537656894,advance_eq19_20,0.5102336846278598,0.0748223843968282,0.5346816096657392,0.07243163052046385,1.0479151529474393,0.9680476117456409,94.99248929002052,2.119778392470075e-15,a1_station_hull_matched_sweep_free_surface_marching_not_benchmark_validated,41,8,24,10,3.0,2,16,15.0,False,none,0.0,1.0,0.03,1.0,trapezoid,1.0,1.0,-1.0,1.0,1.0,1.0,1.0,True,False,True,3.0,11,9,40,True,True,True,True,A1_GRID_RECOMMENDED,"A1 Section 3.3 recommends control radius about 3B, inner free-surface panels greater than 10, outer/free-surface proxy panels greater than 8, and roughly 60 stations at Fn=0.2 or 40 at Fn=0.3."
0,st41_bp8_fs24_cp10_r3p0_h2_fsm_clipfs_onezonefs_noend_pr1p0_pl1p0_pf1p0_pm1p0_dt1p0_fv0p03_hr1p0_hqtrapezoid_hp1p0_hc1p0_cim1p0_cp1p0_cn1p0_cd1p0_pg1p0,A33,OK,diagnostic_matched_wigley_sensitivity_not_hard_gate,wigley_iii,Fn0.4,0.4,2.1696064159197173,1.0,1.808005346599764,1.0,79.95,2,3,36,0.22499999999999998,2.775,0.075,-0.8642343749999999,0.8642343749999999,0.07153124999999994,0.07153125000000006,heave,heave_force,1.275,361.38598801407227,2449.134323440921,27.10394910105542,183.68507425806908,0.10370857911472704,0.10370857911472704,0.0,0.04688047976233697,0.04688047976233697,0.0,0.0,0.04688047976233697,5.955749308752578,3.2284928568084226,0.012169599000769743,0.006810768702706868,0.0847444787036453,0.0363123606362262,36.63394618103465,82212.53156313104,55473.92136967026,11037.227258063323,5983.060655232994,81468.27579170116,55150.330346464485,2.2832741858677497,1.1896438614614742,0.0005748605625618121,0.00020349473515686895,advance_eq19_20,0.4720020131593382,0.07228048906767534,0.4965242336422987,0.07263583034647113,1.051953635364437,1.004916143808367,96.31469922371299,2.1994520954275187e-15,a1_station_hull_matched_sweep_free_surface_marching_not_benchmark_validated,41,8,24,10,3.0,2,16,15.0,False,none,0.0,1.0,0.03,1.0,trapezoid,1.0,1.0,-1.0,1.0,1.0,1.0,1.0,True,False,True,3.0,11,9,40,True,True,True,True,A1_GRID_RECOMMENDED,"A1 Section 3.3 recommends control radius about 3B, inner free-surface panels greater than 10, outer/free-surface proxy panels greater than 8, and roughly 60 stations at Fn=0.2 or 40 at Fn=0.3."
0,st41_bp8_fs24_cp10_r3p0_h2_fsm_clipfs_onezonefs_noend_pr1p0_pl1p0_pf1p0_pm1p0_dt1p0_fv0p03_hr1p0_hqtrapezoid_hp1p0_hc1p0_cim1p0_cp1p0_cn1p0_cd1p0_pg1p0,A33,OK,diagnostic_matched_wigley_sensitivity_not_hard_gate,wigley_iii,Fn0.4,0.4,2.1696064159197173,1.0,1.808005346599764,1.0,79.95,3,4,35,0.3,2.7,0.07500000000000001,-0.8647499999999999,0.8647499999999999,0.0704999999999999,0.07050000000000001,heave,heave_force,1.2,244.60345994210235,-2182.2978370864694,18.34525949565768,-163.67233778148523,0.0701949663752699,0.0701949663752699,0.0,0.13383225250733546,0.13383225250733546,0.0,0.0,0.13383225250733546,3.1903035433134574,1.45717916686317,0.0018995578977963625,0.0008282261330865767,0.010387748464057532,0.005297319980886465,23.534019862416848,52668.93986568732,31883.432919553143,5912.288010176576,2700.452417758461,52336.0494980287,31768.86607159701,1.2765677213915472,0.7584060492498298,0.00044279197773297753,0.00014756196196800319,advance_eq19_20,0.43547675935439445,0.07050697199809149,0.4592138412080142,0.07026832390856463,1.0545082632855323,0.9966152554454712,97.66111149943426,8.307278914903464e-16,a1_station_hull_matched_sweep_free_surface_marching_not_benchmark_validated,41,8,24,10,3.0,2,16,15.0,False,none,0.0,1.0,0.03,1.0,trapezoid,1.0,1.0,-1.0,1.0,1.0,1.0,1.0,True,False,True,3.0,11,9,40,True,True,True,True,A1_GRID_RECOMMENDED,"A1 Section 3.3 recommends control radius about 3B, inner free-surface panels greater than 10, outer/free-surface proxy panels greater than 8, and roughly 60 stations at Fn=0.2 or 40 at Fn=0.3."
0,st41_bp8_fs24_cp10_r3p0_h2_fsm_clipfs_onezonefs_noend_pr1p0_pl1p0_pf1p0_pm1p0_dt1p0_fv0p03_hr1p0_hqtrapezoid_hp1p0_hc1p0_cim1p0_cp1p0_cn1p0_cd1p0_pg1p0,A33,OK,diagnostic_matched_wigley_sensitivity_not_hard_gate,wigley_iii,Fn0.4,0.4,2.1696064159197173,1.0,1.808005346599764,1.0,79.95,4,5,34,0.375,2.625,0.07499999999999998,-0.8652343749999999,0.8652343749999999,0.06953124999999993,0.06953125000000009,heave,heave_force,1.125,233.2507073181446,-748.1916306274804,17.49380304886084,-56.11437229706102,0.0669370153679779,0.0669370153679779,0.0,0.2023982433789594,0.2023982433789594,0.0,0.0,0.2023982433789594,2.5457581985386235,1.085660720146333,0.0022038242273656576,0.0009950339347269725,0.012364728494018361,0.005289662349837208,6.601858148672954,15420.920170468085,8220.30618935761,4717.813044960715,2011.9523962833682,14681.519641261526,7970.287410243161,1.0968526440753457,0.6067123134563025,0.00023842745908136216,0.0001431350327061077,advance_eq19_20,0.40043712250391145,0.06873773719866258,0.4236099503716367,0.06857310784523186,1.0578688302493704,0.9976049640250025,98.98004886155589,1.0237568675848373e-15,a1_station_hull_matched_sweep_free_surface_marching_not_benchmark_validated,41,8,24,10,3.0,2,16,15.0,False,none,0.0,1.0,0.03,1.0,trapezoid,1.0,1.0,-1.0,1.0,1.0,1.0,1.0,True,False,True,3.0,11,9,40,True,True,True,True,A1_GRID_RECOMMENDED,"A1 Section 3.3 recommends control radius about 3B, inner free-surface panels greater than 10, outer/free-surface proxy panels greater than 8, and roughly 60 stations at Fn=0.2 or 40 at Fn=0.3."
0,st41_bp8_fs24_cp10_r3p0_h2_fsm_clipfs_onezonefs_noend_pr1p0_pl1p0_pf1p0_pm1p0_dt1p0_fv0p03_hr1p0_hqtrapezoid_hp1p0_hc1p0_cim1p0_cp1p0_cn1p0_cd1p0_pg1p0,A33,OK,diagnostic_matched_wigley_sensitivity_not_hard_gate,wigley_iii,Fn0.4,0.4,2.1696064159197173,1.0,1.808005346599764,1.0,79.95,5,6,33,0.44999999999999996,2.55,0.07500000000000001,-0.8656874999999999,0.8656874999999999,0.06862499999999994,0.06862500000000005,heave,heave_force,1.05,235.38989998310052,-462.97473359070216,17.654242498732543,-34.723105019302665,0.06755090920751049,0.06755090920751049,0.0,0.26964220566670355,0.26964220566670355,0.0,0.0,0.26964220566670355,2.2242097350768177,0.9195777314637558,0.0020032259169683914,0.0012064443541250141,0.0075825372743999,0.0034218903897791407,3.543146010285578,8892.432539255213,4246.081152279915,4121.917670302585,1704.1664914780663,7879.413124367336,3889.0900890915436,0.9904491673686667,0.46405829342703153,0.0009764338556920475,0.00046319446124224036,advance_eq19_20,0.3669213658825261,0.06686651499780825,0.3895286862630797,0.06687573111643097,1.0616135294443212,1.0001378286070841,100.2548122089833,5.780628686153917e-16,a1_station_hull_matched_sweep_free_surface_marching_not_benchmark_validated,41,8,24,10,3.0,2,16,15.0,False,none,0.0,1.0,0.03,1.0,trapezoid,1.0,1.0,-1.0,1.0,1.0,1.0,1.0,True,False,True,3.0,11,9,40,True,True,True,True,A1_GRID_RECOMMENDED,"A1 Section 3.3 recommends control radius about 3B, inner free-surface panels greater than 10, outer/free-surface proxy panels greater than 8, and roughly 60 stations at Fn=0.2 or 40 at Fn=0.3."
0,st41_bp8_fs24_cp10_r3p0_h2_fsm_clipfs_onezonefs_noend_pr1p0_pl1p0_pf1p0_pm1p0_dt1p0_fv0p03_hr1p0_hqtrapezoid_hp1p0_hc1p0_cim1p0_cp1p0_cn1p0_cd1p0_pg1p0,A33,OK,diagnostic_matched_wigley_sensitivity_not_hard_gate,wigley_iii,Fn0.4,0.4,2.1696064159197173,1.0,1.808005346599764,1.0,79.95,6,7,32,0.525,2.475,0.07500000000000001,-0.866109375,0.866109375,0.0677812499999999,0.06778125000000006,heave,heave_force,0.975,240.84233294986123,-340.3858657609816,18.063174971239594,-25.528939932073623,0.06911561867178288,0.06911561867178288,0.0,0.3379754696063503,0.3379754696063503,0.0,0.0,0.3379754696063503,2.0203063390269342,0.823338885728387,0.0019559909026114746,0.00135275797977611,0.008768857450423972,0.0056057252666309445,2.3359093665002155,6403.343382331063,2819.4276136657104,3744.0427792983446,1525.8161351469262,5194.7040472799745,2370.8768821737713,0.9327338538708467,0.34727078114816856,0.0017075156395497664,0.0007745569215488149,advance_eq19_20,0.33500009161950356,0.06486652873183635,0.35700961763333505,0.06508480888091137,1.0657000596848496,1.0033650659799818,101.47605820213124,1.29024288706725e-15,a1_station_hull_matched_sweep_free_surface_marching_not_benchmark_validated,41,8,24,10,3.0,2,16,15.0,False,none,0.0,1.0,0.03,1.0,trapezoid,1.0,1.0,-1.0,1.0,1.0,1.0,1.0,True,False,True,3.0,11,9,40,True,True,True,True,A1_GRID_RECOMMENDED,"A1 Section 3.3 recommends control radius about 3B, inner free-surface panels greater than 10, outer/free-surface proxy panels greater than 8, and roughly 60 stations at Fn=0.2 or 40 at Fn=0.3."
0,st41_bp8_fs24_cp10_r3p0_h2_fsm_clipfs_onezonefs_noend_pr1p0_pl1p0_pf1p0_pm1p0_dt1p0_fv0p03_hr1p0_hqtrapezoid_hp1p0_hc1p0_cim1p0_cp1p0_cn1p0_cd1p0_pg1p0,A33,OK,diagnostic_matched_wigley_sensitivity_not_hard_gate,wigley_iii,Fn0.4,0.4,2.1696064159197173,1.0,1.808005346599764,1.0,79.95,7,8,31,0.6,2.4,0.07499999999999996,-0.8664999999999999,0.8664999999999998,0.06699999999999995,0.06700000000000006,heave,heave_force,0.9,246.97602292947164,-270.9012702946135,18.52320171971036,-20.317595272096,0.07087583155665778,0.07087583155665778,0.0,0.4079711947205706,0.4079711947205706,0.0,0.0,0.4079711947205706,1.875183250935894,0.7596604349590087,0.0023076854473490426,0.0014644944362249305,0.016278612926678006,0.0077749186530655205,1.7047686049339212,5142.867941301078,2146.500396327611,3475.099877135084,1407.8068812063448,3791.14382549622,1620.3529666904847,0.9315715507722206,0.35003615615039696,0.0023810768795070243,0.0010606149691974748,advance_eq19_20,0.30474522569628604,0.06273554350055396,0.3261171555313699,0.06317894403255916,1.0701304828853446,1.0070677722270993,102.63663006147286,6.830873169809648e-16,a1_station_hull_matched_sweep_free_surface_marching_not_benchmark_validated,41,8,24,10,3.0,2,16,15.0,False,none,0.0,1.0,0.03,1.0,trapezoid,1.0,1.0,-1.0,1.0,1.0,1.0,1.0,True,False,True,3.0,11,9,40,True,True,True,True,A1_GRID_RECOMMENDED,"A1 Section 3.3 recommends control radius about 3B, inner free-surface panels greater than 10, outer/free-surface proxy panels greater than 8, and roughly 60 stations at Fn=0.2 or 40 at Fn=0.3."
0,st41_bp8_fs24_cp10_r3p0_h2_fsm_clipfs_onezonefs_noend_pr1p0_pl1p0_pf1p0_pm1p0_dt1p0_fv0p03_hr1p0_hqtrapezoid_hp1p0_hc1p0_cim1p0_cp1p0_cn1p0_cd1p0_pg1p0,A33,OK,diagnostic_matched_wigley_sensitivity_not_hard_gate,wigley_iii,Fn0.4,0.4,2.1696064159197173,1.0,1.808005346599764,1.0,79.95,8,9,30,0.6749999999999999,2.325,0.07500000000000001,-0.866859375,0.866859375,0.06628124999999993,0.06628125000000007,heave,heave_force,0.8250000000000001,252.86745524847157,-225.25167520956882,18.965059143635372,-16.893875640717663,0.072566522659851,0.072566522659851,0.0,0.47969237182882496,0.47969237182882496,0.0,0.0,0.47969237182882496,1.764771417138373,0.7140449499003028,0.0028992172079541703,0.001553449855588615,0.024399826172588613,0.009781182607487946,1.3216010641788274,4397.045641536422,1777.4724418521769,3270.4840616554366,1323.2720143106158,2939.0380018319274,1186.7432147209715,0.9899615200278719,0.4068733338742313,0.0029817202397808265,0.0013153523428567594,advance_eq19_20,0.2762180889958469,0.06048233018999023,0.2969123537206731,0.061158042644259725,1.0749200199018731,1.0111720638432236,103.73019523740942,3.286120594900419e-16,a1_station_hull_matched_sweep_free_surface_marching_not_benchmark_validated,41,8,24,10,3.0,2,16,15.0,False,none,0.0,1.0,0.03,1.0,trapezoid,1.0,1.0,-1.0,1.0,1.0,1.0,1.0,True,False,True,3.0,11,9,40,True,True,True,True,A1_GRID_RECOMMENDED,"A1 Section 3.3 recommends control radius about 3B, inner free-surface panels greater than 10, outer/free-surface proxy panels greater than 8, and roughly 60 stations at Fn=0.2 or 40 at Fn=0.3."
0,st41_bp8_fs24_cp10_r3p0_h2_fsm_clipfs_onezonefs_noend_pr1p0_pl1p0_pf1p0_pm1p0_dt1p0_fv0p03_hr1p0_hqtrapezoid_hp1p0_hc1p0_cim1p0_cp1p0_cn1p0_cd1p0_pg1p0,A33,OK,diagnostic_matched_wigley_sensitivity_not_hard_gate,wigley_iii,Fn0.4,0.4,2.1696064159197173,1.0,1.808005346599764,1.0,79.95,9,10,29,0.75,2.25,0.07500000000000001,-0.8671874999999999,0.8671874999999999,0.06562499999999982,0.0656250000000001,heave,heave_force,0.75,258.1380032403747,-192.44126623239057,19.360350243028105,-14.433094967429295,0.074079035766405,0.074079035766405,0.0,0.553015151041953,0.553015151041953,0.0,0.0,0.553015151041953,1.6770755712578915,0.6796137788165241,0.003551362604363306,0.0016251905137709974,0.031959878330605186,0.011571665603388737,1.066488916215245,3909.5329579119716,1554.0594037551298,3107.965639473274,1259.4639793662236,2371.707725006058,910.4126070517405,1.099961221731,0.4502295222634551,0.0035048989589600704,0.0015370116772126271,advance_eq19_20,0.24946196990959013,0.05812146793680082,0.26944143722814207,0.05903121203534217,1.0800902330956212,1.0156524625209153,104.75084920458065,5.123344620879828e-16,a1_station_hull_matched_sweep_free_surface_marching_not_benchmark_validated,41,8,24,10,3.0,2,16,15.0,False,none,0.0,1.0,0.03,1.0,trapezoid,1.0,1.0,-1.0,1.0,1.0,1.0,1.0,True,False,True,3.0,11,9,40,True,True,True,True,A1_GRID_RECOMMENDED,"A1 Section 3.3 recommends control radius about 3B, inner free-surface panels greater than 10, outer/free-surface proxy panels greater than 8, and roughly 60 stations at Fn=0.2 or 40 at Fn=0.3."
0,st41_bp8_fs24_cp10_r3p0_h2_fsm_clipfs_onezonefs_noend_pr1p0_pl1p0_pf1p0_pm1p0_dt1p0_fv0p03_hr1p0_hqtrapezoid_hp1p0_hc1p0_cim1p0_cp1p0_cn1p0_cd1p0_pg1p0,A33,OK,diagnostic_matched_wigley_sensitivity_not_hard_gate,wigley_iii,Fn0.4,0.4,2.1696064159197173,1.0,1.808005346599764,1.0,79.95,10,11,28,0.825,2.175,0.07499999999999996,-0.8674843749999999,0.8674843749999999,0.06503124999999987,0.0650312500000001,heave,heave_force,0.675,262.616447641623,-167.47456443176875,19.696233573121713,-12.56059233238265,0.0753642353062379,0.0753642353062379,0.0,0.6277367865782744,0.6277367865782744,0.0,0.0,0.6277367865782744,1.60529073412715,0.6526369856495126,0.004176327191301581,0.001682682529817316,0.03868923818904077,0.013130236659823859,0.8858906535603435,3568.1177589273316,1408.8141338964192,2974.933585902671,1209.470438429149,1970.0848969120284,722.4531281905558,1.247397956597176,0.570936918829014,0.0039507236314660025,0.0017257135668014337,advance_eq19_20,0.22449641860941605,0.05567047317539253,0.24372851698543077,0.05681196601453693,1.0856677291118624,1.0205044572829132,105.69301673551143,2.4555776217103026e-16,a1_station_hull_matched_sweep_free_surface_marching_not_benchmark_validated,41,8,24,10,3.0,2,16,15.0,False,none,0.0,1.0,0.03,1.0,trapezoid,1.0,1.0,-1.0,1.0,1.0,1.0,1.0,True,False,True,3.0,11,9,40,True,True,True,True,A1_GRID_RECOMMENDED,"A1 Section 3.3 recommends control radius about 3B, inner free-surface panels greater than 10, outer/free-surface proxy panels greater than 8, and roughly 60 stations at Fn=0.2 or 40 at Fn=0.3."
0,st41_bp8_fs24_cp10_r3p0_h2_fsm_clipfs_onezonefs_noend_pr1p0_pl1p0_pf1p0_pm1p0_dt1p0_fv0p03_hr1p0_hqtrapezoid_hp1p0_hc1p0_cim1p0_cp1p0_cn1p0_cd1p0_pg1p0,A33,OK,diagnostic_matched_wigley_sensitivity_not_hard_gate,wigley_iii,Fn0.4,0.4,2.1696064159197173,1.0,1.808005346599764,1.0,79.95,11,12,27,0.8999999999999999,2.1,0.07500000000000001,-0.8677499999999999,0.8677499999999999,0.06449999999999989,0.0645,heave,heave_force,0.6000000000000001,266.2177889654945,-147.7881562330865,19.96633417241209,-11.08411171748149,0.07639772859040846,0.07639772859040846,0.0,0.7036177685265975,0.7036177685265975,0.0,0.0,0.7036177685265975,1.5451757550895793,0.6308838122879782,0.004737528095622698,0.0017276289244257449,0.04451724156856726,0.014456363106458271,0.7525549245339251,3316.718121302884,1309.0991887722162,2863.5281773042434,1169.157338342404,1673.5666924158022,619.0789839932586,1.4180676091990796,0.6983016639010964,0.0043214218865929065,0.0018824357700697866,advance_eq19_20,0.2013130118835215,0.053147599978128915,0.21977043459206233,0.054515429412230594,1.0916851947911852,1.0257364290140019,106.55145429053391,2.8939011234141685e-16,a1_station_hull_matched_sweep_free_surface_marching_not_benchmark_validated,41,8,24,10,3.0,2,16,15.0,False,none,0.0,1.0,0.03,1.0,trapezoid,1.0,1.0,-1.0,1.0,1.0,1.0,1.0,True,False,True,3.0,11,9,40,True,True,True,True,A1_GRID_RECOMMENDED,"A1 Section 3.3 recommends control radius about 3B, inner free-surface panels greater than 10, outer/free-surface proxy panels greater than 8, and roughly 60 stations at Fn=0.2 or 40 at Fn=0.3."
0,st41_bp8_fs24_cp10_r3p0_h2_fsm_clipfs_onezonefs_noend_pr1p0_pl1p0_pf1p0_pm1p0_dt1p0_fv0p03_hr1p0_hqtrapezoid_hp1p0_hc1p0_cim1p0_cp1p0_cn1p0_cd1p0_pg1p0,A33,OK,diagnostic_matched_wigley_sensitivity_not_hard_gate,wigley_iii,Fn0.4,0.4,2.1696064159197173,1.0,1.808005346599764,1.0,79.95,12,13,26,0.975,2.025,0.07500000000000007,-0.8679843749999999,0.8679843749999999,0.06403124999999998,0.0640312500000001,heave,heave_force,0.525,268.8936734891789,-131.94766235228076,20.167025511688436,-9.896074676421065,0.07716563933136285,0.07716563933136285,0.0,0.7803994524874832,0.7803994524874832,0.0,0.0,0.7803994524874832,1.4938871292185059,0.6129147784328608,0.005220548657143265,0.0017610531003530254,0.04944095041782784,0.016009058792066926,0.6512585964449569,3124.4281168695447,1237.5717877690345,2768.479814764722,1135.8570263270376,1448.2992000015945,558.9516701411615,1.6004355672380741,0.8308922641990746,0.004620168832370415,0.002008537692065534,advance_eq19_20,0.1798733121369973,0.05056978312493191,0.19753396181465574,0.052156129495273415,1.0981838243141235,1.031369451722236,107.32128791426383,6.93230912566043e-16,a1_station_hull_matched_sweep_free_surface_marching_not_benchmark_validated,41,8,24,10,3.0,2,16,15.0,False,none,0.0,1.0,0.03,1.0,trapezoid,1.0,1.0,-1.0,1.0,1.0,1.0,1.0,True,False,True,3.0,11,9,40,True,True,True,True,A1_GRID_RECOMMENDED,"A1 Section 3.3 recommends control radius about 3B, inner free-surface panels greater than 10, outer/free-surface proxy panels greater than 8, and roughly 60 stations at Fn=0.2 or 40 at Fn=0.3."
0,st41_bp8_fs24_cp10_r3p0_h2_fsm_clipfs_onezonefs_noend_pr1p0_pl1p0_pf1p0_pm1p0_dt1p0_fv0p03_hr1p0_hqtrapezoid_hp1p0_hc1p0_cim1p0_cp1p0_cn1p0_cd1p0_pg1p0,A33,OK,diagnostic_matched_wigley_sensitivity_not_hard_gate,wigley_iii,Fn0.4,0.4,2.1696064159197173,1.0,1.808005346599764,1.0,79.95,13,14,25,1.05,1.95,0.07500000000000001,-0.8681874999999999,0.8681874999999999,0.06362499999999982,0.0636250000000001,heave,heave_force,0.44999999999999996,270.6106489252312,-119.09240311899057,20.295798669392344,-8.931930233924295,0.07765836757416598,0.07765836757416598,0.0,0.8578114559402477,0.8578114559402477,0.0,0.0,0.8578114559402477,1.449402683302366,0.5977427416136808,0.005620764165596325,0.0018647460182846414,0.05348511472675814,0.01730022888212206,0.5728798824314706,2972.8579680935054,1184.3162697488106,2686.0409958063906,1107.7401245469546,1273.996965186518,508.2806201498027,1.7858611981384898,0.9672631794560379,0.00485052025687482,0.002105529404102393,advance_eq19_20,0.1601100888345793,0.04795067196044867,0.17695628876178074,0.049746011780384264,1.1052163548832104,1.0374413902148534,107.99806268512654,3.1241651630914075e-16,a1_station_hull_matched_sweep_free_surface_marching_not_benchmark_validated,41,8,24,10,3.0,2,16,15.0,False,none,0.0,1.0,0.03,1.0,trapezoid,1.0,1.0,-1.0,1.0,1.0,1.0,1.0,True,False,True,3.0,11,9,40,True,True,True,True,A1_GRID_RECOMMENDED,"A1 Section 3.3 recommends control radius about 3B, inner free-surface panels greater than 10, outer/free-surface proxy panels greater than 8, and roughly 60 stations at Fn=0.2 or 40 at Fn=0.3."
0,st41_bp8_fs24_cp10_r3p0_h2_fsm_clipfs_onezonefs_noend_pr1p0_pl1p0_pf1p0_pm1p0_dt1p0_fv0p03_hr1p0_hqtrapezoid_hp1p0_hc1p0_cim1p0_cp1p0_cn1p0_cd1p0_pg1p0,A33,OK,diagnostic_matched_wigley_sensitivity_not_hard_gate,wigley_iii,Fn0.4,0.4,2.1696064159197173,1.0,1.808005346599764,1.0,79.95,14,15,24,1.125,1.875,0.07499999999999996,-0.8683593749999999,0.8683593749999999,0.06328124999999996,0.06328125000000007,heave,heave_force,0.375,271.34058431807193,-108.67042359855839,20.350543823855382,-8.150281769891874,0.07786784045066858,0.07786784045066858,0.0,0.9355745599526649,0.9355745599526649,0.0,0.0,0.9355745599526649,1.4102132875866438,0.5846564910936325,0.005938117505339564,0.0019833518293226166,0.05668633422706859,0.01831201432462167,0.511641686690807,2850.360585605046,1143.3189165524877,2613.41499289775,1083.4886133670834,1137.8126132487698,465.1011120958645,1.9681099169341625,1.1057269764752238,0.005016139134700314,0.0021749606615240717,advance_eq19_20,0.1419325946430166,0.04529901309482631,0.15794963462254002,0.04729277598195461,1.1128496242868586,1.0440133846394108,108.57779417676022,4.951336425234055e-16,a1_station_hull_matched_sweep_free_surface_marching_not_benchmark_validated,41,8,24,10,3.0,2,16,15.0,False,none,0.0,1.0,0.03,1.0,trapezoid,1.0,1.0,-1.0,1.0,1.0,1.0,1.0,True,False,True,3.0,11,9,40,True,True,True,True,A1_GRID_RECOMMENDED,"A1 Section 3.3 recommends control radius about 3B, inner free-surface panels greater than 10, outer/free-surface proxy panels greater than 8, and roughly 60 stations at Fn=0.2 or 40 at Fn=0.3."
0,st41_bp8_fs24_cp10_r3p0_h2_fsm_clipfs_onezonefs_noend_pr1p0_pl1p0_pf1p0_pm1p0_dt1p0_fv0p03_hr1p0_hqtrapezoid_hp1p0_hc1p0_cim1p0_cp1p0_cn1p0_cd1p0_pg1p0,A33,OK,diagnostic_matched_wigley_sensitivity_not_hard_gate,wigley_iii,Fn0.4,0.4,2.1696064159197173,1.0,1.808005346599764,1.0,79.95,15,16,23,1.2,1.8,0.07499999999999996,-0.8684999999999999,0.8684999999999998,0.06299999999999994,0.06300000000000008,heave,heave_force,0.30000000000000004,271.0569157617924,-100.30053405236399,20.32926868213442,-7.522540053927295,0.07778643479608596,0.07778643479608596,0.0,1.0134016975760423,1.0134016975760423,0.0,0.0,1.0134016975760423,1.37514774488157,0.5731227228498611,0.0061747674514512916,0.0020692164562451367,0.05908598262533877,0.019059860331830523,0.4637134874774984,2749.1694652388164,1110.7531500416912,2548.4313369882493,1062.1141708496227,1031.2276515191802,428.10611939759224,2.142822628414377,1.2442314611552239,0.005120675589183003,0.0022183729538744843,advance_eq19_20,0.1252357774155174,0.04261782909885604,0.14041001286570215,0.044798881319806784,1.1211653391972682,1.0511769901721553,109.05701762428855,4.801603277009825e-16,a1_station_hull_matched_sweep_free_surface_marching_not_benchmark_validated,41,8,24,10,3.0,2,16,15.0,False,none,0.0,1.0,0.03,1.0,trapezoid,1.0,1.0,-1.0,1.0,1.0,1.0,1.0,True,False,True,3.0,11,9,40,True,True,True,True,A1_GRID_RECOMMENDED,"A1 Section 3.3 recommends control radius about 3B, inner free-surface panels greater than 10, outer/free-surface proxy panels greater than 8, and roughly 60 stations at Fn=0.2 or 40 at Fn=0.3."
0,st41_bp8_fs24_cp10_r3p0_h2_fsm_clipfs_onezonefs_noend_pr1p0_pl1p0_pf1p0_pm1p0_dt1p0_fv0p03_hr1p0_hqtrapezoid_hp1p0_hc1p0_cim1p0_cp1p0_cn1p0_cd1p0_pg1p0,A33,OK,diagnostic_matched_wigley_sensitivity_not_hard_gate,wigley_iii,Fn0.4,0.4,2.1696064159197173,1.0,1.808005346599764,1.0,79.95,16,17,22,1.275,1.725,0.07499999999999996,-0.8686093749999999,0.8686093749999999,0.0627812499999999,0.06278125000000001,heave,heave_force,0.2250000000000001,269.7338928182138,-93.69535984370543,20.230041961366023,-7.027151988277903,0.07740676089016413,0.07740676089016413,0.0,1.0909982954191675,1.0909982954191675,0.0,0.0,1.0909982954191675,1.3432687219021626,0.5627286807049132,0.006333966021916094,0.0021245767234864855,0.0607269652099988,0.01956784024732957,0.4264500669778626,2663.8813648283717,1084.087010698083,2489.3529568973254,1042.8518749845025,948.3595214191778,396.3761489223952,2.307014758421162,1.380323816104879,0.005167696751360857,0.0022372706426156243,advance_eq19_20,0.10991201952455204,0.03990483709727074,0.12422892676213032,0.04226163337011883,1.1302578853478367,1.059060415836387,109.43283246067818,2.6763015505045337e-16,a1_station_hull_matched_sweep_free_surface_marching_not_benchmark_validated,41,8,24,10,3.0,2,16,15.0,False,none,0.0,1.0,0.03,1.0,trapezoid,1.0,1.0,-1.0,1.0,1.0,1.0,1.0,True,False,True,3.0,11,9,40,True,True,True,True,A1_GRID_RECOMMENDED,"A1 Section 3.3 recommends control radius about 3B, inner free-surface panels greater than 10, outer/free-surface proxy panels greater than 8, and roughly 60 stations at Fn=0.2 or 40 at Fn=0.3."
0,st41_bp8_fs24_cp10_r3p0_h2_fsm_clipfs_onezonefs_noend_pr1p0_pl1p0_pf1p0_pm1p0_dt1p0_fv0p03_hr1p0_hqtrapezoid_hp1p0_hc1p0_cim1p0_cp1p0_cn1p0_cd1p0_pg1p0,A33,OK,diagnostic_matched_wigley_sensitivity_not_hard_gate,wigley_iii,Fn0.4,0.4,2.1696064159197173,1.0,1.808005346599764,1.0,79.95,17,18,21,1.3499999999999999,1.6500000000000001,0.07500000000000007,-0.8686874999999998,0.8686875,0.0626249999999999,0.06262500000000004,heave,heave_force,0.15000000000000013,267.34744849437914,-88.61645128547703,20.05105863707845,-6.646233846410783,0.07672191211857418,0.07672191211857418,0.0,1.1680626319235365,1.1680626319235365,0.0,0.0,1.1680626319235365,1.3138088291800678,0.5531472229342997,0.0064195136113099575,0.0021516039233766505,0.0616523541877147,0.019879194765939075,0.39795110552638663,2590.605849356197,1061.5911726742142,2434.757722256727,1025.095464935076,884.9822035667025,369.2208437392958,2.4585624480696766,1.51118980431184,0.005160683365656356,0.00223312020994556,advance_eq19_20,0.09586287846337464,0.037154304031108,0.10930558710065039,0.03967459537198447,1.1402285102716967,1.067833092466658,109.70294068380586,3.704898826446026e-16,a1_station_hull_matched_sweep_free_surface_marching_not_benchmark_validated,41,8,24,10,3.0,2,16,15.0,False,none,0.0,1.0,0.03,1.0,trapezoid,1.0,1.0,-1.0,1.0,1.0,1.0,1.0,True,False,True,3.0,11,9,40,True,True,True,True,A1_GRID_RECOMMENDED,"A1 Section 3.3 recommends control radius about 3B, inner free-surface panels greater than 10, outer/free-surface proxy panels greater than 8, and roughly 60 stations at Fn=0.2 or 40 at Fn=0.3."
0,st41_bp8_fs24_cp10_r3p0_h2_fsm_clipfs_onezonefs_noend_pr1p0_pl1p0_pf1p0_pm1p0_dt1p0_fv0p03_hr1p0_hqtrapezoid_hp1p0_hc1p0_cim1p0_cp1p0_cn1p0_cd1p0_pg1p0,A33,OK,diagnostic_matched_wigley_sensitivity_not_hard_gate,wigley_iii,Fn0.4,0.4,2.1696064159197173,1.0,1.808005346599764,1.0,79.95,18,19,20,1.425,1.575,0.07500000000000007,-0.8687343749999998,0.868734375,0.06253124999999993,0.06253125000000004,heave,heave_force,0.07499999999999996,263.87691803287487,-84.84685181733131,19.790768852465632,-6.363513886299854,0.07572595822198047,0.07572595822198047,0.0,1.244286567093814,1.244286567093814,0.0,0.0,1.244286567093814,1.2861303209798285,0.544114841852817,0.006435770514812097,0.0021524803719583387,0.06190450323847392,0.020016510178066504,0.3767888072379362,2526.462003255514,1042.0526562852062,2383.4637591744904,1008.3566068150326,837.920498970918,346.082063785221,2.595687700934392,1.6337548024070065,0.005105035718817884,0.0022082130665421794,advance_eq19_20,0.0830079585698327,0.03436010172869349,0.09555674593763774,0.03703019721744672,1.151175713558213,1.0777091846187254,109.86567790060892,4.95228651734015e-16,a1_station_hull_matched_sweep_free_surface_marching_not_benchmark_validated,41,8,24,10,3.0,2,16,15.0,False,none,0.0,1.0,0.03,1.0,trapezoid,1.0,1.0,-1.0,1.0,1.0,1.0,1.0,True,False,True,3.0,11,9,40,True,True,True,True,A1_GRID_RECOMMENDED,"A1 Section 3.3 recommends control radius about 3B, inner free-surface panels greater than 10, outer/free-surface proxy panels greater than 8, and roughly 60 stations at Fn=0.2 or 40 at Fn=0.3."
0,st41_bp8_fs24_cp10_r3p0_h2_fsm_clipfs_onezonefs_noend_pr1p0_pl1p0_pf1p0_pm1p0_dt1p0_fv0p03_hr1p0_hqtrapezoid_hp1p0_hc1p0_cim1p0_cp1p0_cn1p0_cd1p0_pg1p0,A33,OK,diagnostic_matched_wigley_sensitivity_not_hard_gate,wigley_iii,Fn0.4,0.4,2.1696064159197173,1.0,1.808005346599764,1.0,79.95,19,20,19,1.5,1.5,0.07499999999999996,-0.8687499999999999,0.8687499999999999,0.062499999999999944,0.06250000000000003,heave,heave_force,0.0,259.30725055837047,-81.55815128348553,19.448043791877772,-6.116861346261411,0.07441457998229835,0.07441457998229835,0.0,1.3193568361959533,1.3193568361959533,0.0,0.0,1.3193568361959533,1.259699704090997,0.53541773435053,0.006387400528318821,0.0021339883253291554,0.06152552501864363,0.019941535970925118,0.3590008908835469,2467.2234143877577,1024.1501958639112,2334.4823951093294,992.2390795293426,798.3629020863837,323.59865776614606,2.7165238469541206,1.7448315206971798,0.0050070040260440565,0.002165212352671756,advance_eq19_20,0.07128876373719654,0.03151927901031872,0.0829217817628327,0.0343229906285484,1.1631816490537115,1.0889522763928643,109.92003615667433,3.340204010322364e-16,a1_station_hull_matched_sweep_free_surface_marching_not_benchmark_validated,41,8,24,10,3.0,2,16,15.0,False,none,0.0,1.0,0.03,1.0,trapezoid,1.0,1.0,-1.0,1.0,1.0,1.0,1.0,True,False,True,3.0,11,9,40,True,True,True,True,A1_GRID_RECOMMENDED,"A1 Section 3.3 recommends control radius about 3B, inner free-surface panels greater than 10, outer/free-surface proxy panels greater than 8, and roughly 60 stations at Fn=0.2 or 40 at Fn=0.3."
0,st41_bp8_fs24_cp10_r3p0_h2_fsm_clipfs_onezonefs_noend_pr1p0_pl1p0_pf1p0_pm1p0_dt1p0_fv0p03_hr1p0_hqtrapezoid_hp1p0_hc1p0_cim1p0_cp1p0_cn1p0_cd1p0_pg1p0,A33,OK,diagnostic_matched_wigley_sensitivity_not_hard_gate,wigley_iii,Fn0.4,0.4,2.1696064159197173,1.0,1.808005346599764,1.0,79.95,20,21,18,1.575,1.425,0.07499999999999996,-0.8687343749999998,0.868734375,0.06253124999999993,0.06253125000000004,heave,heave_force,-0.07499999999999996,253.70816891447657,-78.27646440585855,19.02811266858573,-5.870734830439387,0.07280778608077891,0.07280778608077891,0.0,1.3929680192274918,1.3929680192274918,0.0,0.0,1.3929680192274918,1.2344671222574823,0.5270050539781195,0.006282882509410514,0.0020991900958376238,0.060603655432422014,0.019712629218481693,0.34245199876401783,2411.1497593159847,1007.2740313051705,2287.7212361742313,976.6486541594757,761.5607050045176,300.1383041843343,2.815010131108598,1.8368185050357728,0.004869509288263246,0.0021053550829334593,advance_eq19_20,0.06085047504166031,0.028731576635489274,0.07157647809960323,0.031643735537117204,1.176268189370741,1.101357434664091,109.86567790060924,4.240123265485745e-16,a1_station_hull_matched_sweep_free_surface_marching_not_benchmark_validated,41,8,24,10,3.0,2,16,15.0,False,none,0.0,1.0,0.03,1.0,trapezoid,1.0,1.0,-1.0,1.0,1.0,1.0,1.0,True,False,True,3.0,11,9,40,True,True,True,True,A1_GRID_RECOMMENDED,"A1 Section 3.3 recommends control radius about 3B, inner free-surface panels greater than 10, outer/free-surface proxy panels greater than 8, and roughly 60 stations at Fn=0.2 or 40 at Fn=0.3."
0,st41_bp8_fs24_cp10_r3p0_h2_fsm_clipfs_onezonefs_noend_pr1p0_pl1p0_pf1p0_pm1p0_dt1p0_fv0p03_hr1p0_hqtrapezoid_hp1p0_hc1p0_cim1p0_cp1p0_cn1p0_cd1p0_pg1p0,A33,OK,diagnostic_matched_wigley_sensitivity_not_hard_gate,wigley_iii,Fn0.4,0.4,2.1696064159197173,1.0,1.808005346599764,1.0,79.95,21,22,17,1.65,1.35,0.07499999999999996,-0.8686874999999998,0.8686875,0.0626249999999999,0.06262500000000004,heave,heave_force,-0.1499999999999999,247.1134608288997,-75.86876887812915,18.533509562167467,-5.690157665859682,0.0709152727351731,0.0709152727351731,0.0,1.4648295486354679,1.4648295486354679,0.0,0.0,1.4648295486354679,1.21023019925987,0.518791667141897,0.0061280242588860785,0.002045793358508549,0.05920046076125513,0.019320913314297024,0.33123865234665745,2360.6757861640453,991.7790471551784,2242.8052376503015,961.4275606630537,736.6239429652064,280.3565064092811,2.8863491803297303,1.9052501718828767,0.004693588523778754,0.0020290681423321766,advance_eq19_20,0.05173982161905945,0.026088979950093377,0.0615969409276412,0.02907866995577401,1.1905132062718724,1.114595894948738,109.70294068380586,4.093473704902838e-16,a1_station_hull_matched_sweep_free_surface_marching_not_benchmark_validated,41,8,24,10,3.0,2,16,15.0,False,none,0.0,1.0,0.03,1.0,trapezoid,1.0,1.0,-1.0,1.0,1.0,1.0,1.0,True,False,True,3.0,11,9,40,True,True,True,True,A1_GRID_RECOMMENDED,"A1 Section 3.3 recommends control radius about 3B, inner free-surface panels greater than 10, outer/free-surface proxy panels greater than 8, and roughly 60 stations at Fn=0.2 or 40 at Fn=0.3."
0,st41_bp8_fs24_cp10_r3p0_h2_fsm_clipfs_onezonefs_noend_pr1p0_pl1p0_pf1p0_pm1p0_dt1p0_fv0p03_hr1p0_hqtrapezoid_hp1p0_hc1p0_cim1p0_cp1p0_cn1p0_cd1p0_pg1p0,A33,OK,diagnostic_matched_wigley_sensitivity_not_hard_gate,wigley_iii,Fn0.4,0.4,2.1696064159197173,1.0,1.808005346599764,1.0,79.95,22,23,16,1.7249999999999999,1.2750000000000001,0.07499999999999996,-0.8686093749999999,0.8686093749999999,0.0627812499999999,0.06278125000000001,heave,heave_force,-0.22499999999999987,239.47708998572932,-74.74895422589677,17.960781748929687,-5.606171566942254,0.06872382869471547,0.06872382869471547,0.0,1.534649099350412,1.534649099350412,0.0,0.0,1.534649099350412,1.186396684002822,0.5105821288641859,0.005923940849719892,0.0019810561901572035,0.05732467914616323,0.01876880693139186,0.3274918890223348,2316.120196132982,977.5693792086151,2198.6368365619664,946.2135993363562,728.2917161741386,266.880829414119,2.9307586537395247,1.9515415421567894,0.004480994683283385,0.0019370862243841378,advance_eq19_20,0.04378631075014627,0.023586324410513677,0.05281162672630499,0.026623986701252905,1.2061218636952318,1.1287891338162541,109.43283246067818,4.511057322291438e-16,a1_station_hull_matched_sweep_free_surface_marching_not_benchmark_validated,41,8,24,10,3.0,2,16,15.0,False,none,0.0,1.0,0.03,1.0,trapezoid,1.0,1.0,-1.0,1.0,1.0,1.0,1.0,True,False,True,3.0,11,9,40,True,True,True,True,A1_GRID_RECOMMENDED,"A1 Section 3.3 recommends control radius about 3B, inner free-surface panels greater than 10, outer/free-surface proxy panels greater than 8, and roughly 60 stations at Fn=0.2 or 40 at Fn=0.3."
0,st41_bp8_fs24_cp10_r3p0_h2_fsm_clipfs_onezonefs_noend_pr1p0_pl1p0_pf1p0_pm1p0_dt1p0_fv0p03_hr1p0_hqtrapezoid_hp1p0_hc1p0_cim1p0_cp1p0_cn1p0_cd1p0_pg1p0,A33,OK,diagnostic_matched_wigley_sensitivity_not_hard_gate,wigley_iii,Fn0.4,0.4,2.1696064159197173,1.0,1.808005346599764,1.0,79.95,23,24,15,1.7999999999999998,1.2000000000000002,0.07500000000000007,-0.8684999999999999,0.8684999999999998,0.06299999999999994,0.06300000000000008,heave,heave_force,-0.2999999999999998,230.7760590542956,-74.53912800379098,17.308204429072184,-5.590434600284328,0.06622685431092416,0.06622685431092416,0.0,1.602124440853232,1.602124440853232,0.0,0.0,1.602124440853232,1.16249127604955,0.5022254526715034,0.005672659536479135,0.0019046492445148073,0.05499340359995174,0.018061498651482613,0.3298160660923287,2275.7689302705876,964.1443508741945,2154.3352035349976,930.726961219279,733.4603293940007,263.8744726046986,2.94880084358637,1.9769545545379836,0.004234247991152026,0.0018304729935020615,advance_eq19_20,0.03684382151941512,0.02121793218155767,0.045073073763476815,0.0242752799959485,1.223355013261185,1.1440926376910676,109.05701762428855,5.112653812198624e-16,a1_station_hull_matched_sweep_free_surface_marching_not_benchmark_validated,41,8,24,10,3.0,2,16,15.0,False,none,0.0,1.0,0.03,1.0,trapezoid,1.0,1.0,-1.0,1.0,1.0,1.0,1.0,True,False,True,3.0,11,9,40,True,True,True,True,A1_GRID_RECOMMENDED,"A1 Section 3.3 recommends control radius about 3B, inner free-surface panels greater than 10, outer/free-surface proxy panels greater than 8, and roughly 60 stations at Fn=0.2 or 40 at Fn=0.3."
0,st41_bp8_fs24_cp10_r3p0_h2_fsm_clipfs_onezonefs_noend_pr1p0_pl1p0_pf1p0_pm1p0_dt1p0_fv0p03_hr1p0_hqtrapezoid_hp1p0_hc1p0_cim1p0_cp1p0_cn1p0_cd1p0_pg1p0,A33,OK,diagnostic_matched_wigley_sensitivity_not_hard_gate,wigley_iii,Fn0.4,0.4,2.1696064159197173,1.0,1.808005346599764,1.0,79.95,24,25,14,1.875,1.125,0.07500000000000007,-0.8683593749999999,0.8683593749999999,0.06328124999999996,0.06328125000000007,heave,heave_force,-0.375,221.00996369506004,-74.88841637070307,16.57574727712952,-5.616631227802735,0.06342423354864435,0.06342423354864435,0.0,1.6669499847830163,1.6669499847830163,0.0,0.0,1.6669499847830163,1.1381352901102388,0.49360897458182174,0.005377179164909306,0.0018121573913776313,0.05223268468319395,0.017207101089151612,0.3370158349659211,2238.398109792802,951.1238167827253,2109.1985569150147,914.7588568028997,749.471510753818,272.99130352456837,2.9412077218247648,1.9826144575673887,0.003956695991547948,0.0017106458150600483,advance_eq19_20,0.03078721882433636,0.018978029301953577,0.038254682297706545,0.02202795489962123,1.2425507648475016,1.1607082352514704,108.57779417676022,3.142402885939453e-16,a1_station_hull_matched_sweep_free_surface_marching_not_benchmark_validated,41,8,24,10,3.0,2,16,15.0,False,none,0.0,1.0,0.03,1.0,trapezoid,1.0,1.0,-1.0,1.0,1.0,1.0,1.0,True,False,True,3.0,11,9,40,True,True,True,True,A1_GRID_RECOMMENDED,"A1 Section 3.3 recommends control radius about 3B, inner free-surface panels greater than 10, outer/free-surface proxy panels greater than 8, and roughly 60 stations at Fn=0.2 or 40 at Fn=0.3."
0,st41_bp8_fs24_cp10_r3p0_h2_fsm_clipfs_onezonefs_noend_pr1p0_pl1p0_pf1p0_pm1p0_dt1p0_fv0p03_hr1p0_hqtrapezoid_hp1p0_hc1p0_cim1p0_cp1p0_cn1p0_cd1p0_pg1p0,A33,OK,diagnostic_matched_wigley_sensitivity_not_hard_gate,wigley_iii,Fn0.4,0.4,2.1696064159197173,1.0,1.808005346599764,1.0,79.95,25,26,13,1.95,1.05,0.07499999999999996,-0.8681874999999999,0.8681874999999999,0.0636249999999999,0.06362500000000004,heave,heave_force,-0.44999999999999996,210.20074378382532,-75.46148784997247,15.76505578378689,-5.659611588747932,0.06032226259372966,0.06032226259372966,0.0,1.7288232328542033,1.7288232328542033,0.0,0.0,1.7288232328542033,1.113033238711446,0.4846555174574119,0.0050415374012802265,0.0017049665341000242,0.04907818130239867,0.01621681531069893,0.348023808505649,2203.099383747544,938.182992807772,2062.6792976968845,898.1662609926279,773.9515550223379,285.8940427508521,2.9087847930890463,1.9695275694806536,0.003652595019617163,0.0015794093547339923,advance_eq19_20,0.025509395115448825,0.016861066326708023,0.03224788526603603,0.01987754997956452,1.264157190717011,1.1789023063196407,107.99806268512636,4.048484042432616e-16,a1_station_hull_matched_sweep_free_surface_marching_not_benchmark_validated,41,8,24,10,3.0,2,16,15.0,False,none,0.0,1.0,0.03,1.0,trapezoid,1.0,1.0,-1.0,1.0,1.0,1.0,1.0,True,False,True,3.0,11,9,40,True,True,True,True,A1_GRID_RECOMMENDED,"A1 Section 3.3 recommends control radius about 3B, inner free-surface panels greater than 10, outer/free-surface proxy panels greater than 8, and roughly 60 stations at Fn=0.2 or 40 at Fn=0.3."
0,st41_bp8_fs24_cp10_r3p0_h2_fsm_clipfs_onezonefs_noend_pr1p0_pl1p0_pf1p0_pm1p0_dt1p0_fv0p03_hr1p0_hqtrapezoid_hp1p0_hc1p0_cim1p0_cp1p0_cn1p0_cd1p0_pg1p0,A33,OK,diagnostic_matched_wigley_sensitivity_not_hard_gate,wigley_iii,Fn0.4,0.4,2.1696064159197173,1.0,1.808005346599764,1.0,79.95,26,27,12,2.025,0.9750000000000001,0.07500000000000007,-0.8679843749999999,0.8679843749999999,0.06403124999999998,0.0640312500000001,heave,heave_force,-0.5249999999999999,198.39278249885228,-75.92428001919825,14.879458687413935,-5.6943210014398735,0.0569336782885226,0.0569336782885226,0.0,1.7874512032953294,1.7874512032953294,0.0,0.0,1.7874512032953294,1.086966537646288,0.47532439887622646,0.0046708981866467655,0.0015848319663820558,0.04557598514735719,0.015105140573999202,0.361817699263332,2169.129003638811,924.9870297655942,2014.3723444305106,880.8737809009747,804.6270517579117,300.8452480753615,2.8523610049832815,1.9385999319482743,0.0033272333462804676,0.001439006452679372,advance_eq19_20,0.02091870278800872,0.014861965009036674,0.026959681566119744,0.017819993278206405,1.2887836229297118,1.199033456704489,107.32128791426383,4.421428017405823e-16,a1_station_hull_matched_sweep_free_surface_marching_not_benchmark_validated,41,8,24,10,3.0,2,16,15.0,False,none,0.0,1.0,0.03,1.0,trapezoid,1.0,1.0,-1.0,1.0,1.0,1.0,1.0,True,False,True,3.0,11,9,40,True,True,True,True,A1_GRID_RECOMMENDED,"A1 Section 3.3 recommends control radius about 3B, inner free-surface panels greater than 10, outer/free-surface proxy panels greater than 8, and roughly 60 stations at Fn=0.2 or 40 at Fn=0.3."
0,st41_bp8_fs24_cp10_r3p0_h2_fsm_clipfs_onezonefs_noend_pr1p0_pl1p0_pf1p0_pm1p0_dt1p0_fv0p03_hr1p0_hqtrapezoid_hp1p0_hc1p0_cim1p0_cp1p0_cn1p0_cd1p0_pg1p0,A33,OK,diagnostic_matched_wigley_sensitivity_not_hard_gate,wigley_iii,Fn0.4,0.4,2.1696064159197173,1.0,1.808005346599764,1.0,79.95,27,28,11,2.1,0.8999999999999999,0.07499999999999996,-0.8677499999999999,0.8677499999999999,0.06449999999999989,0.06450000000000003,heave,heave_force,-0.6000000000000001,185.6535825550226,-75.92370184607142,13.924018691626687,-5.694277638455353,0.0532778521938441,0.0532778521938441,0.0,1.8425569685365129,1.8425569685365129,0.0,0.0,1.8425569685365129,1.0597961239653717,0.4656178780804214,0.004271679061908839,0.0014539252774669201,0.04178380518608975,0.01389018025492817,0.377301634466189,2135.742909530038,911.1059783031715,1964.0199848959755,862.8856033678849,839.0609480467103,317.0835785626849,2.772767229938529,1.890657087317916,0.002987131440231092,0.0012922009111992075,advance_eq19_20,0.016936737598259168,0.01297630777752051,0.022310499244254354,0.01585180745825043,1.317284342088852,1.2215961373628397,106.55145429053415,2.403777127761783e-16,a1_station_hull_matched_sweep_free_surface_marching_not_benchmark_validated,41,8,24,10,3.0,2,16,15.0,False,none,0.0,1.0,0.03,1.0,trapezoid,1.0,1.0,-1.0,1.0,1.0,1.0,1.0,True,False,True,3.0,11,9,40,True,True,True,True,A1_GRID_RECOMMENDED,"A1 Section 3.3 recommends control radius about 3B, inner free-surface panels greater than 10, outer/free-surface proxy panels greater than 8, and roughly 60 stations at Fn=0.2 or 40 at Fn=0.3."
0,st41_bp8_fs24_cp10_r3p0_h2_fsm_clipfs_onezonefs_noend_pr1p0_pl1p0_pf1p0_pm1p0_dt1p0_fv0p03_hr1p0_hqtrapezoid_hp1p0_hc1p0_cim1p0_cp1p0_cn1p0_cd1p0_pg1p0,A33,OK,diagnostic_matched_wigley_sensitivity_not_hard_gate,wigley_iii,Fn0.4,0.4,2.1696064159197173,1.0,1.808005346599764,1.0,79.95,28,29,10,2.175,0.8250000000000002,0.07499999999999996,-0.8674843749999999,0.8674843749999999,0.06503124999999987,0.0650312500000001,heave,heave_force,-0.6749999999999998,172.07541934576173,-75.05482210632061,12.905656450932122,-5.629111657974042,0.04938126499864418,0.04938126499864418,0.0,1.8938865271327565,1.8938865271327565,0.0,0.0,1.8938865271327565,1.0314786851284636,0.45559665113649817,0.0038517540000826073,0.0013149092001483735,0.03777282664463524,0.012594128766499079,0.3931084522642174,2101.9611804162073,895.8810239962704,1911.5419520563557,844.3142106764295,874.2128856893338,333.6758658948584,2.6708350265313774,1.8264662995829983,0.002640388227105951,0.0011424205081969406,advance_eq19_20,0.013496434877615704,0.011200479802066092,0.018232355014407745,0.013970275105198698,1.3509015662089197,1.2472925581832375,105.69301673551156,2.9128477825501956e-16,a1_station_hull_matched_sweep_free_surface_marching_not_benchmark_validated,41,8,24,10,3.0,2,16,15.0,False,none,0.0,1.0,0.03,1.0,trapezoid,1.0,1.0,-1.0,1.0,1.0,1.0,1.0,True,False,True,3.0,11,9,40,True,True,True,True,A1_GRID_RECOMMENDED,"A1 Section 3.3 recommends control radius about 3B, inner free-surface panels greater than 10, outer/free-surface proxy panels greater than 8, and roughly 60 stations at Fn=0.2 or 40 at Fn=0.3."
0,st41_bp8_fs24_cp10_r3p0_h2_fsm_clipfs_onezonefs_noend_pr1p0_pl1p0_pf1p0_pm1p0_dt1p0_fv0p03_hr1p0_hqtrapezoid_hp1p0_hc1p0_cim1p0_cp1p0_cn1p0_cd1p0_pg1p0,A33,OK,diagnostic_matched_wigley_sensitivity_not_hard_gate,wigley_iii,Fn0.4,0.4,2.1696064159197173,1.0,1.808005346599764,1.0,79.95,29,30,9,2.25,0.75,0.07499999999999996,-0.8671874999999999,0.8671874999999999,0.06562499999999982,0.0656250000000001,heave,heave_force,-0.75,157.77874053233003,-72.80116862434681,11.833405539924746,-5.460087646826008,0.04527848211558761,0.04527848211558761,0.0,1.9412164006898727,1.9412164006898727,0.0,0.0,1.9412164006898727,1.0021073641322953,0.44541233295534044,0.0034208119315116644,0.001171067719125962,0.0336308232954358,0.011244095232659944,0.407234571263381,2066.1610249143105,878.1972081495119,1857.1108590236413,825.4405764103481,905.6272070622803,349.2539088411203,2.5474148106751477,1.7467648279307588,0.002297366448078324,0.0009940415212671395,advance_eq19_20,0.010540445576179856,0.009531763180849735,0.014667279029165198,0.01217356861555777,1.3915236242300317,1.2771581064892261,104.75084920458065,4.2996196438205703e-16,a1_station_hull_matched_sweep_free_surface_marching_not_benchmark_validated,41,8,24,10,3.0,2,16,15.0,False,none,0.0,1.0,0.03,1.0,trapezoid,1.0,1.0,-1.0,1.0,1.0,1.0,1.0,True,False,True,3.0,11,9,40,True,True,True,True,A1_GRID_RECOMMENDED,"A1 Section 3.3 recommends control radius about 3B, inner free-surface panels greater than 10, outer/free-surface proxy panels greater than 8, and roughly 60 stations at Fn=0.2 or 40 at Fn=0.3."
0,st41_bp8_fs24_cp10_r3p0_h2_fsm_clipfs_onezonefs_noend_pr1p0_pl1p0_pf1p0_pm1p0_dt1p0_fv0p03_hr1p0_hqtrapezoid_hp1p0_hc1p0_cim1p0_cp1p0_cn1p0_cd1p0_pg1p0,A33,OK,diagnostic_matched_wigley_sensitivity_not_hard_gate,wigley_iii,Fn0.4,0.4,2.1696064159197173,1.0,1.808005346599764,1.0,79.95,30,31,8,2.3249999999999997,0.6750000000000003,0.07499999999999996,-0.866859375,0.866859375,0.06628124999999996,0.06628125000000007,heave,heave_force,-0.8249999999999997,142.9189401978885,-68.41237170240166,10.718920514841631,-5.130927877680121,0.04101409769082827,0.04101409769082827,0.0,1.9843626905930805,1.9843626905930805,0.0,0.0,1.9843626905930805,0.9720024556849537,0.435375140366639,0.002991067657314896,0.0010265524079735376,0.02946772008564652,0.009873583656963645,0.41631543267354615,2025.3149063242436,856.1245883622795,1801.3202777061585,806.8395960984936,925.8216496192917,361.43660646515406,2.403422816653518,1.6523035349311275,0.001972207832252319,0.0008530210447881509,advance_eq19_20,0.008019769711786673,0.007968363470328811,0.011565980118340997,0.010460838317227886,1.442183570600843,1.312796329657917,103.73019523740956,2.8922046495983974e-16,a1_station_hull_matched_sweep_free_surface_marching_not_benchmark_validated,41,8,24,10,3.0,2,16,15.0,False,none,0.0,1.0,0.03,1.0,trapezoid,1.0,1.0,-1.0,1.0,1.0,1.0,1.0,True,False,True,3.0,11,9,40,True,True,True,True,A1_GRID_RECOMMENDED,"A1 Section 3.3 recommends control radius about 3B, inner free-surface panels greater than 10, outer/free-surface proxy panels greater than 8, and roughly 60 stations at Fn=0.2 or 40 at Fn=0.3."
0,st41_bp8_fs24_cp10_r3p0_h2_fsm_clipfs_onezonefs_noend_pr1p0_pl1p0_pf1p0_pm1p0_dt1p0_fv0p03_hr1p0_hqtrapezoid_hp1p0_hc1p0_cim1p0_cp1p0_cn1p0_cd1p0_pg1p0,A33,OK,diagnostic_matched_wigley_sensitivity_not_hard_gate,wigley_iii,Fn0.4,0.4,2.1696064159197173,1.0,1.808005346599764,1.0,79.95,31,32,7,2.4,0.6000000000000001,0.07500000000000018,-0.8664999999999999,0.8664999999999998,0.06699999999999995,0.06700000000000006,heave,heave_force,-0.8999999999999999,127.70037660307504,-60.61868769121364,9.577528245230651,-4.546401576841034,0.036646757343023424,0.036646757343023424,0.0,2.0231931181100062,2.0231931181100062,0.0,0.0,2.0231931181100062,0.9419168117097503,0.4261022014473007,0.0025785648853547077,0.0008868003557167149,0.025427016290443007,0.008525484522352496,0.41417910517140294,1973.6691586135667,826.6843808027658,1745.5653974140175,789.6549348750156,921.0707850177573,368.4576244825586,2.2399497415974867,1.5439311087160357,0.001684175266250933,0.0007273612091143616,advance_eq19_20,0.00589264534065011,0.006509303421284548,0.008886738900354133,0.00883223049115938,1.5081068665458996,1.3568626194746387,102.63663006147284,5.26769045980257e-16,a1_station_hull_matched_sweep_free_surface_marching_not_benchmark_validated,41,8,24,10,3.0,2,16,15.0,False,none,0.0,1.0,0.03,1.0,trapezoid,1.0,1.0,-1.0,1.0,1.0,1.0,1.0,True,False,True,3.0,11,9,40,True,True,True,True,A1_GRID_RECOMMENDED,"A1 Section 3.3 recommends control radius about 3B, inner free-surface panels greater than 10, outer/free-surface proxy panels greater than 8, and roughly 60 stations at Fn=0.2 or 40 at Fn=0.3."
0,st41_bp8_fs24_cp10_r3p0_h2_fsm_clipfs_onezonefs_noend_pr1p0_pl1p0_pf1p0_pm1p0_dt1p0_fv0p03_hr1p0_hqtrapezoid_hp1p0_hc1p0_cim1p0_cp1p0_cn1p0_cd1p0_pg1p0,A33,OK,diagnostic_matched_wigley_sensitivity_not_hard_gate,wigley_iii,Fn0.4,0.4,2.1696064159197173,1.0,1.808005346599764,1.0,79.95,32,33,6,2.475,0.5249999999999999,0.07499999999999996,-0.866109375,0.866109375,0.06778124999999988,0.06778125000000013,heave,heave_force,-0.9750000000000001,112.40804124136696,-46.860960000859706,8.430603093102517,-3.514572000064476,0.032258246376054435,0.032258246376054435,0.0,2.0576456199695454,2.0576456199695454,0.0,0.0,2.0576456199695454,0.9135396090205029,0.41887353060613564,0.002206324582835805,0.0007593963565796282,0.021711592955686036,0.007258725459000628,0.39002806416535796,1902.2322777142297,788.9177183226506,1692.9766098757204,776.2587224571384,867.3625751619553,367.37193688039935,2.0585311450109747,1.4227924367207283,0.0014591042350068735,0.0006273719302273662,advance_eq19_20,0.004123735392925779,0.005153995633911405,0.006594540193439595,0.007288753024750926,1.599166669314538,1.414194644790461,101.4760582021312,2.928701071949357e-16,a1_station_hull_matched_sweep_free_surface_marching_not_benchmark_validated,41,8,24,10,3.0,2,16,15.0,False,none,0.0,1.0,0.03,1.0,trapezoid,1.0,1.0,-1.0,1.0,1.0,1.0,1.0,True,False,True,3.0,11,9,40,True,True,True,True,A1_GRID_RECOMMENDED,"A1 Section 3.3 recommends control radius about 3B, inner free-surface panels greater than 10, outer/free-surface proxy panels greater than 8, and roughly 60 stations at Fn=0.2 or 40 at Fn=0.3."
0,st41_bp8_fs24_cp10_r3p0_h2_fsm_clipfs_onezonefs_noend_pr1p0_pl1p0_pf1p0_pm1p0_dt1p0_fv0p03_hr1p0_hqtrapezoid_hp1p0_hc1p0_cim1p0_cp1p0_cn1p0_cd1p0_pg1p0,A33,OK,diagnostic_matched_wigley_sensitivity_not_hard_gate,wigley_iii,Fn0.4,0.4,2.1696064159197173,1.0,1.808005346599764,1.0,79.95,33,34,5,2.55,0.4500000000000002,0.07499999999999996,-0.8656874999999999,0.8656874999999999,0.06862499999999994,0.06862500000000005,heave,heave_force,-1.0499999999999998,97.48884043128507,-20.622203441959556,7.311663032346376,-1.5466652581469658,0.02797681552688541,0.02797681552688541,0.0,2.0877631509210155,2.0877631509210155,0.0,0.0,2.0877631509210155,0.8908997032424537,0.4166077972351039,0.0019327206807376956,0.0006621444813835087,0.01861573528109095,0.006158092342904957,0.346450627282277,1821.940073306716,781.8724181002884,1651.020212415162,772.0598529571237,770.4530413448147,332.56742425418565,1.8618849192797435,1.2908668840906259,0.0014719975944168142,0.0006279250938173536,advance_eq19_20,0.002683763893044115,0.003900944934877816,0.0046605087166740975,0.005831756297842647,1.7365569038145972,1.4949599123283464,100.2548122089833,4.605736449166118e-16,a1_station_hull_matched_sweep_free_surface_marching_not_benchmark_validated,41,8,24,10,3.0,2,16,15.0,False,none,0.0,1.0,0.03,1.0,trapezoid,1.0,1.0,-1.0,1.0,1.0,1.0,1.0,True,False,True,3.0,11,9,40,True,True,True,True,A1_GRID_RECOMMENDED,"A1 Section 3.3 recommends control radius about 3B, inner free-surface panels greater than 10, outer/free-surface proxy panels greater than 8, and roughly 60 stations at Fn=0.2 or 40 at Fn=0.3."
0,st41_bp8_fs24_cp10_r3p0_h2_fsm_clipfs_onezonefs_noend_pr1p0_pl1p0_pf1p0_pm1p0_dt1p0_fv0p03_hr1p0_hqtrapezoid_hp1p0_hc1p0_cim1p0_cp1p0_cn1p0_cd1p0_pg1p0,A33,OK,diagnostic_matched_wigley_sensitivity_not_hard_gate,wigley_iii,Fn0.4,0.4,2.1696064159197173,1.0,1.808005346599764,1.0,79.95,34,35,4,2.625,0.375,0.07499999999999996,-0.8652343749999999,0.8652343749999999,0.06953124999999993,0.06953125000000009,heave,heave_force,-1.125,83.81962919123893,43.02884039381502,6.286472189342916,3.227163029536124,0.0240540998645697,0.0240540998645697,0.0,2.1137786086167427,2.1137786086167427,0.0,0.0,2.1137786086167427,0.885266691173479,0.4272025477617348,0.0019494647735795862,0.0007329127422476034,0.016640014364341926,0.0055342326671531765,0.6316717531030618,2159.815675673122,1238.2836038452626,1640.5810835785405,791.694102695114,1404.7410654948499,952.1379791342166,1.6565288631454766,1.1528696093763509,0.0025205947760099643,0.0010616173120351039,advance_eq19_20,0.0015500609518367269,0.002743461956052649,0.00306184332949282,0.004461345305985181,1.9753051167857136,1.6261735637130026,98.98004886155589,4.674605694173775e-16,a1_station_hull_matched_sweep_free_surface_marching_not_benchmark_validated,41,8,24,10,3.0,2,16,15.0,False,none,0.0,1.0,0.03,1.0,trapezoid,1.0,1.0,-1.0,1.0,1.0,1.0,1.0,True,False,True,3.0,11,9,40,True,True,True,True,A1_GRID_RECOMMENDED,"A1 Section 3.3 recommends control radius about 3B, inner free-surface panels greater than 10, outer/free-surface proxy panels greater than 8, and roughly 60 stations at Fn=0.2 or 40 at Fn=0.3."
0,st41_bp8_fs24_cp10_r3p0_h2_fsm_clipfs_onezonefs_noend_pr1p0_pl1p0_pf1p0_pm1p0_dt1p0_fv0p03_hr1p0_hqtrapezoid_hp1p0_hc1p0_cim1p0_cp1p0_cn1p0_cd1p0_pg1p0,A33,OK,diagnostic_matched_wigley_sensitivity_not_hard_gate,wigley_iii,Fn0.4,0.4,2.1696064159197173,1.0,1.808005346599764,1.0,79.95,35,36,3,2.6999999999999997,0.30000000000000027,0.07499999999999996,-0.8647499999999999,0.8647499999999999,0.0704999999999999,0.07050000000000001,heave,heave_force,-1.1999999999999997,74.10521839323602,364.3168142220186,5.557891379492697,27.32376106665138,0.021266311255680927,0.021266311255680927,0.0,2.136438814176868,2.136438814176868,0.0,0.0,2.136438814176868,0.9413309428719633,0.4808301668855395,0.0019671792008777262,0.0008984957715734613,0.01900471216879425,0.006671467956864003,4.17315961580333,9443.00121292187,6251.426691323217,1744.4796620731142,891.0771003489,9280.466724031567,6187.5938197511105,1.468260215864774,1.0272680385911241,0.0002587486050550467,0.00011839211963717315,advance_eq19_20,0.0007096598378483267,0.0016488499730051033,0.0017828186434121704,0.0031710778141181384,2.5122157804753864,1.9232057895107983,97.66111149943443,4.490477038273132e-16,a1_station_hull_matched_sweep_free_surface_marching_not_benchmark_validated,41,8,24,10,3.0,2,16,15.0,False,none,0.0,1.0,0.03,1.0,trapezoid,1.0,1.0,-1.0,1.0,1.0,1.0,1.0,True,False,True,3.0,11,9,40,True,True,True,True,A1_GRID_RECOMMENDED,"A1 Section 3.3 recommends control radius about 3B, inner free-surface panels greater than 10, outer/free-surface proxy panels greater than 8, and roughly 60 stations at Fn=0.2 or 40 at Fn=0.3."
0,st41_bp8_fs24_cp10_r3p0_h2_fsm_clipfs_onezonefs_noend_pr1p0_pl1p0_pf1p0_pm1p0_dt1p0_fv0p03_hr1p0_hqtrapezoid_hp1p0_hc1p0_cim1p0_cp1p0_cn1p0_cd1p0_pg1p0,A33,OK,diagnostic_matched_wigley_sensitivity_not_hard_gate,wigley_iii,Fn0.4,0.4,2.1696064159197173,1.0,1.808005346599764,1.0,79.95,36,37,2,2.775,0.2250000000000001,0.07500000000000018,-0.8642343749999999,0.8642343749999999,0.07153124999999994,0.07153125000000005,heave,heave_force,-1.275,89.39977484863618,-677.8367983792782,6.70498311364773,-50.837759878445986,0.025655459619999328,0.025655459619999328,0.0,2.1598996996147086,2.1598996996147086,0.0,0.0,2.1598996996147086,1.4665075384816342,0.8445600592225756,0.004828291451130239,0.002469729578436735,0.04207868694314388,0.015940022214096225,9.527810854441544,21361.97465864089,13483.037809090725,2717.739807163745,1565.1433301640056,21188.389548452546,13391.88690653461,1.5189582538486466,1.0719234517015677,0.0016513199388392122,0.0006841472953497676,advance_eq19_20,0.00017468300742622806,0.00039754732880968526,0.0008188533521060955,0.0019222148679853594,4.6876531619820705,4.835184967135238,96.3146992237131,1.2587979772681866e-15,a1_station_hull_matched_sweep_free_surface_marching_not_benchmark_validated,41,8,24,10,3.0,2,16,15.0,False,none,0.0,1.0,0.03,1.0,trapezoid,1.0,1.0,-1.0,1.0,1.0,1.0,1.0,True,False,True,3.0,11,9,40,True,True,True,True,A1_GRID_RECOMMENDED,"A1 Section 3.3 recommends control radius about 3B, inner free-surface panels greater than 10, outer/free-surface proxy panels greater than 8, and roughly 60 stations at Fn=0.2 or 40 at Fn=0.3."
0,st41_bp8_fs24_cp10_r3p0_h2_fsm_clipfs_onezonefs_noend_pr1p0_pl1p0_pf1p0_pm1p0_dt1p0_fv0p03_hr1p0_hqtrapezoid_hp1p0_hc1p0_cim1p0_cp1p0_cn1p0_cd1p0_pg1p0,A33,OK,diagnostic_matched_wigley_sensitivity_not_hard_gate,wigley_iii,Fn0.4,0.4,2.1696064159197173,1.0,1.808005346599764,1.0,79.95,37,38,1,2.85,0.1499999999999999,0.07499999999999996,-0.8636874999999999,0.8636874999999999,0.07262499999999994,0.07262500000000005,heave,heave_force,-1.35,-19.039774675960487,-362.1131885131937,-1.4279831006970356,-27.15848913848951,-0.005463930655306795,-0.005463930655306795,0.0,2.169995464097055,2.169995464097055,0.0,0.0,2.169995464097055,0.5993205595010874,0.42246192950825917,0.005074918195020906,0.0026513228087171148,0.03691228956015973,0.014801607761950162,8.524873810207989,18990.517962005553,13279.15013656056,1110.6641453027562,782.9087629679298,18958.011436371547,13256.05077759528,0.29339258021458475,0.13901043063207194,0.00016381246603789802,6.647817052656572e-05,advance_eq19_20,5.4074564968599015e-05,0.0001595115193519229,0.00019528886463270973,0.0004321731832598246,3.611473615111163,2.709354064306421,94.99248929002074,7.622900384240303e-16,a1_station_hull_matched_sweep_free_surface_marching_not_benchmark_validated,41,8,24,10,3.0,2,16,15.0,False,none,0.0,1.0,0.03,1.0,trapezoid,1.0,1.0,-1.0,1.0,1.0,1.0,1.0,True,False,True,3.0,11,9,40,True,True,True,True,A1_GRID_RECOMMENDED,"A1 Section 3.3 recommends control radius about 3B, inner free-surface panels greater than 10, outer/free-surface proxy panels greater than 8, and roughly 60 stations at Fn=0.2 or 40 at Fn=0.3."
0,st41_bp8_fs24_cp10_r3p0_h2_fsm_clipfs_onezonefs_noend_pr1p0_pl1p0_pf1p0_pm1p0_dt1p0_fv0p03_hr1p0_hqtrapezoid_hp1p0_hc1p0_cim1p0_cp1p0_cn1p0_cd1p0_pg1p0,A33,OK,diagnostic_matched_wigley_sensitivity_not_hard_gate,wigley_iii,Fn0.4,0.4,2.1696064159197173,1.0,1.808005346599764,1.0,79.95,38,39,0,2.925,0.07500000000000018,0.03749999999999987,-0.8631093749999998,0.8631093749999998,0.07378124999999991,0.07378125000000002,heave,heave_force,-1.4249999999999998,8.343608438097608,772.2380457296102,0.3128853164286592,28.95892671486028,0.001197201613377235,0.001197201613377235,0.0,2.168460700382779,2.168460700382779,0.0,0.0,2.168460700382779,0.6763344002425491,0.39434198639227735,0.0007683134075273497,0.00041197932529842186,0.00425837838856683,0.0019267493693927095,29.419108265044816,65435.58829791149,35369.63394225423,1253.3866170210702,730.7967302806591,65423.58319353996,35369.51464743564,0.3761856039722915,0.2653196197511831,0.0,0.0,initialize_eq21_22,0.0,0.0,6.612637569825426e-05,0.00019506247832025574,,,113.95001957184003,1.0977799932066088e-15,a1_station_hull_matched_sweep_free_surface_marching_not_benchmark_validated,41,8,24,10,3.0,2,16,15.0,False,none,0.0,1.0,0.03,1.0,trapezoid,1.0,1.0,-1.0,1.0,1.0,1.0,1.0,True,False,True,3.0,11,9,40,True,True,True,True,A1_GRID_RECOMMENDED,"A1 Section 3.3 recommends control radius about 3B, inner free-surface panels greater than 10, outer/free-surface proxy panels greater than 8, and roughly 60 stations at Fn=0.2 or 40 at Fn=0.3."
0,st41_bp8_fs24_cp10_r3p0_h2_fsm_clipfs_onezonefs_noend_pr1p0_pl1p0_pf1p0_pm1p0_dt1p0_fv0p03_hr1p0_hqtrapezoid_hp1p0_hc1p0_ci1p0_cp1p0_cnm1p0_cd1p0_pg1p0,A33,OK,diagnostic_matched_wigley_sensitivity_not_hard_gate,wigley_iii,Fn0.4,0.4,2.1696064159197173,1.0,1.808005346599764,1.0,79.95,0,1,38,0.075,2.925,0.0375,-0.8631093749999998,0.8631093749999998,0.07378124999999991,0.07378125000000002,heave,heave_force,1.425,-6034.941591790475,343995.46642394713,-226.31030969214282,12899.829990898017,-0.865937305655287,-0.865937305655287,0.0,0.0,0.0,0.0,0.0,0.0,495.7220384231851,289.46539681615405,558.5631466752691,356.2059505444807,3364.344420163507,2376.8505974488626,13464.757956433476,29957645.138847444,14566512.211192317,918674.7982938637,536438.8597267095,29943555.88236123,14556631.181306684,5211.3060483047375,2472.441375437406,151.1835182459769,79.80761971526536,advance_eq19_20,23.588844394459606,16.841645518829043,31.12943107608603,22.244905521881627,1.319667490086861,1.3208273204071248,690.6987294891596,6.0611923085743325e-15,a1_station_hull_matched_sweep_free_surface_marching_not_benchmark_validated,41,8,24,10,3.0,2,16,15.0,False,none,0.0,1.0,0.03,1.0,trapezoid,1.0,1.0,1.0,1.0,-1.0,1.0,1.0,True,False,True,3.0,11,9,40,True,True,True,True,A1_GRID_RECOMMENDED,"A1 Section 3.3 recommends control radius about 3B, inner free-surface panels greater than 10, outer/free-surface proxy panels greater than 8, and roughly 60 stations at Fn=0.2 or 40 at Fn=0.3."
0,st41_bp8_fs24_cp10_r3p0_h2_fsm_clipfs_onezonefs_noend_pr1p0_pl1p0_pf1p0_pm1p0_dt1p0_fv0p03_hr1p0_hqtrapezoid_hp1p0_hc1p0_ci1p0_cp1p0_cnm1p0_cd1p0_pg1p0,A33,OK,diagnostic_matched_wigley_sensitivity_not_hard_gate,wigley_iii,Fn0.4,0.4,2.1696064159197173,1.0,1.808005346599764,1.0,79.95,1,2,37,0.15,2.85,0.07499999999999998,-0.8636874999999999,0.8636874999999999,0.07262499999999991,0.07262500000000005,heave,heave_force,1.35,10244.137904169016,39655.56549893887,768.310342812676,2974.1674124204146,2.939806803619947,2.939806803619947,0.0,0.6039660961546867,0.6039660961546867,0.0,0.0,0.6039660961546867,308.3050448899861,217.37159845901593,450.6647032743983,270.897892183207,2517.9446218369544,1779.6380824533162,2949.836603234741,6584818.469516887,3519922.8649093397,571352.5987833944,402834.23751815874,6559984.030800242,3519807.8896875745,4044.2941102520235,1874.7996768772875,110.94868121338092,59.453697710723226,advance_eq19_20,18.013440389623895,12.778200445815074,23.764452450153225,16.96632928141354,1.319262280615869,1.3277557628993133,467.1647912208976,6.865567953531308e-15,a1_station_hull_matched_sweep_free_surface_marching_not_benchmark_validated,41,8,24,10,3.0,2,16,15.0,False,none,0.0,1.0,0.03,1.0,trapezoid,1.0,1.0,1.0,1.0,-1.0,1.0,1.0,True,False,True,3.0,11,9,40,True,True,True,True,A1_GRID_RECOMMENDED,"A1 Section 3.3 recommends control radius about 3B, inner free-surface panels greater than 10, outer/free-surface proxy panels greater than 8, and roughly 60 stations at Fn=0.2 or 40 at Fn=0.3."
0,st41_bp8_fs24_cp10_r3p0_h2_fsm_clipfs_onezonefs_noend_pr1p0_pl1p0_pf1p0_pm1p0_dt1p0_fv0p03_hr1p0_hqtrapezoid_hp1p0_hc1p0_ci1p0_cp1p0_cnm1p0_cd1p0_pg1p0,A33,OK,diagnostic_matched_wigley_sensitivity_not_hard_gate,wigley_iii,Fn0.4,0.4,2.1696064159197173,1.0,1.808005346599764,1.0,79.95,2,3,36,0.22499999999999998,2.775,0.075,-0.8642343749999999,0.8642343749999999,0.07153124999999994,0.07153125000000006,heave,heave_force,1.275,-10045.69099510545,-154458.8514209509,-753.4268246329087,-11584.413856571317,-2.8828575923851982,-2.8828575923851982,0.0,0.6324407017720612,0.6324407017720612,0.0,0.0,0.6324407017720612,164.99935210452634,95.85069330991986,308.4475253526169,201.90662058596791,1931.3549530836403,1363.1011095990566,2460.8271748860507,5481038.141150837,3812446.4073124356,305777.70356024266,177631.03012912007,5472502.087779926,3808306.031001811,2972.2393076273024,1401.1103483817499,84.69327911344935,45.27942226787854,advance_eq19_20,13.780741869558497,9.787335681123064,18.142792317823282,12.869020100369333,1.3165323383569432,1.3148644860715206,461.5326042201192,9.700438926104555e-15,a1_station_hull_matched_sweep_free_surface_marching_not_benchmark_validated,41,8,24,10,3.0,2,16,15.0,False,none,0.0,1.0,0.03,1.0,trapezoid,1.0,1.0,1.0,1.0,-1.0,1.0,1.0,True,False,True,3.0,11,9,40,True,True,True,True,A1_GRID_RECOMMENDED,"A1 Section 3.3 recommends control radius about 3B, inner free-surface panels greater than 10, outer/free-surface proxy panels greater than 8, and roughly 60 stations at Fn=0.2 or 40 at Fn=0.3."
0,st41_bp8_fs24_cp10_r3p0_h2_fsm_clipfs_onezonefs_noend_pr1p0_pl1p0_pf1p0_pm1p0_dt1p0_fv0p03_hr1p0_hqtrapezoid_hp1p0_hc1p0_ci1p0_cp1p0_cnm1p0_cd1p0_pg1p0,A33,OK,diagnostic_matched_wigley_sensitivity_not_hard_gate,wigley_iii,Fn0.4,0.4,2.1696064159197173,1.0,1.808005346599764,1.0,79.95,3,4,35,0.3,2.7,0.07500000000000001,-0.8647499999999999,0.8647499999999999,0.0704999999999999,0.07050000000000001,heave,heave_force,1.2,-5967.980194086982,74087.28480766925,-447.5985145565237,5556.546360575195,-1.712658394739679,-1.712658394739679,0.0,-1.6653172917903776,-1.6653172917903776,0.0,0.0,-1.6653172917903776,75.75170909419883,39.50129499218244,236.15920491516954,153.7176480776088,1464.7928666564383,1034.2204633326205,798.2130152582675,1780645.7202107443,1082579.7121388428,140383.48243279097,73204.01635706733,1775103.281154334,1080101.8494215321,2284.8557186895523,1065.6361140205788,64.31458230976409,34.37977171462192,advance_eq19_20,10.535984044752915,7.484727346924836,13.875903163016474,9.854079494352801,1.3170011556658432,1.3165582442226749,463.56398367166815,8.829025870970847e-15,a1_station_hull_matched_sweep_free_surface_marching_not_benchmark_validated,41,8,24,10,3.0,2,16,15.0,False,none,0.0,1.0,0.03,1.0,trapezoid,1.0,1.0,1.0,1.0,-1.0,1.0,1.0,True,False,True,3.0,11,9,40,True,True,True,True,A1_GRID_RECOMMENDED,"A1 Section 3.3 recommends control radius about 3B, inner free-surface panels greater than 10, outer/free-surface proxy panels greater than 8, and roughly 60 stations at Fn=0.2 or 40 at Fn=0.3."
0,st41_bp8_fs24_cp10_r3p0_h2_fsm_clipfs_onezonefs_noend_pr1p0_pl1p0_pf1p0_pm1p0_dt1p0_fv0p03_hr1p0_hqtrapezoid_hp1p0_hc1p0_ci1p0_cp1p0_cnm1p0_cd1p0_pg1p0,A33,OK,diagnostic_matched_wigley_sensitivity_not_hard_gate,wigley_iii,Fn0.4,0.4,2.1696064159197173,1.0,1.808005346599764,1.0,79.95,4,5,34,0.375,2.625,0.07499999999999998,-0.8652343749999999,0.8652343749999999,0.06953124999999993,0.06953125000000009,heave,heave_force,1.125,-4405.86600752467,34248.431021836834,-330.43995056435017,2568.632326637762,-1.264371388390593,-1.264371388390593,0.0,-3.153832183355514,-3.153832183355514,0.0,0.0,-3.153832183355514,46.44033871324426,22.99707150949063,179.42436667713508,116.72477300664318,1111.9215008538959,785.113509489832,300.6239458888581,674058.3843092894,368101.7231851105,86063.49020873586,42618.29895142857,668541.5328240576,365626.25617744465,1747.348177094881,808.6871913859044,48.80044469841554,26.093266854535887,advance_eq19_20,8.052547676883608,5.72147186785261,10.605651653512263,7.533482864395148,1.3170554312839193,1.316703645214745,465.55753958209425,1.2535661698868622e-14,a1_station_hull_matched_sweep_free_surface_marching_not_benchmark_validated,41,8,24,10,3.0,2,16,15.0,False,none,0.0,1.0,0.03,1.0,trapezoid,1.0,1.0,1.0,1.0,-1.0,1.0,1.0,True,False,True,3.0,11,9,40,True,True,True,True,A1_GRID_RECOMMENDED,"A1 Section 3.3 recommends control radius about 3B, inner free-surface panels greater than 10, outer/free-surface proxy panels greater than 8, and roughly 60 stations at Fn=0.2 or 40 at Fn=0.3."
0,st41_bp8_fs24_cp10_r3p0_h2_fsm_clipfs_onezonefs_noend_pr1p0_pl1p0_pf1p0_pm1p0_dt1p0_fv0p03_hr1p0_hqtrapezoid_hp1p0_hc1p0_ci1p0_cp1p0_cnm1p0_cd1p0_pg1p0,A33,OK,diagnostic_matched_wigley_sensitivity_not_hard_gate,wigley_iii,Fn0.4,0.4,2.1696064159197173,1.0,1.808005346599764,1.0,79.95,5,6,33,0.44999999999999996,2.55,0.07500000000000001,-0.8656874999999999,0.8656874999999999,0.06862499999999994,0.06862500000000005,heave,heave_force,1.05,-3383.180273478005,22266.224394222387,-253.7385205108504,1669.9668295666793,-0.9708866162174361,-0.9708866162174361,0.0,-4.271461185659528,-4.271461185659528,0.0,0.0,-4.271461185659528,30.836670638459232,14.839549433534955,136.13596275157872,88.60568305431501,844.2751622128814,596.1294012273316,168.63615250630744,379350.0257959477,194390.73189342456,57146.68702031201,27500.734334886765,375020.93039454304,192435.61587477315,1334.8596314545125,613.5571797245806,37.02737437966771,19.80525806700296,advance_eq19_20,6.15258372715953,4.372641308365882,8.103288411480012,5.756905733182991,1.3170545531480424,1.3165739714731892,467.4627559098952,8.579351601376256e-15,a1_station_hull_matched_sweep_free_surface_marching_not_benchmark_validated,41,8,24,10,3.0,2,16,15.0,False,none,0.0,1.0,0.03,1.0,trapezoid,1.0,1.0,1.0,1.0,-1.0,1.0,1.0,True,False,True,3.0,11,9,40,True,True,True,True,A1_GRID_RECOMMENDED,"A1 Section 3.3 recommends control radius about 3B, inner free-surface panels greater than 10, outer/free-surface proxy panels greater than 8, and roughly 60 stations at Fn=0.2 or 40 at Fn=0.3."
0,st41_bp8_fs24_cp10_r3p0_h2_fsm_clipfs_onezonefs_noend_pr1p0_pl1p0_pf1p0_pm1p0_dt1p0_fv0p03_hr1p0_hqtrapezoid_hp1p0_hc1p0_ci1p0_cp1p0_cnm1p0_cd1p0_pg1p0,A33,OK,diagnostic_matched_wigley_sensitivity_not_hard_gate,wigley_iii,Fn0.4,0.4,2.1696064159197173,1.0,1.808005346599764,1.0,79.95,6,7,32,0.525,2.475,0.07500000000000001,-0.866109375,0.866109375,0.0677812499999999,0.06778125000000006,heave,heave_force,0.975,-2614.487670772725,15890.108778248985,-196.0865753079544,1191.758158368674,-0.7502914070875745,-0.7502914070875745,0.0,-5.132050197312034,-5.132050197312034,0.0,0.0,-5.132050197312034,21.184606867580705,10.017155229019625,103.2724265890052,67.2649881961398,641.191447357199,452.7263524769548,107.0435271022744,241264.0350948493,118952.24634097713,39259.42954425499,18563.846967081947,238048.38126336492,117494.7679488209,1019.332099801035,465.5723655104111,28.100427495751195,15.035726094523751,advance_eq19_20,4.699331170734804,3.3412062751439464,6.189317627871435,4.3982539585667295,1.3170635145732135,1.3163670831359382,469.26868604625724,5.728702444974726e-15,a1_station_hull_matched_sweep_free_surface_marching_not_benchmark_validated,41,8,24,10,3.0,2,16,15.0,False,none,0.0,1.0,0.03,1.0,trapezoid,1.0,1.0,1.0,1.0,-1.0,1.0,1.0,True,False,True,3.0,11,9,40,True,True,True,True,A1_GRID_RECOMMENDED,"A1 Section 3.3 recommends control radius about 3B, inner free-surface panels greater than 10, outer/free-surface proxy panels greater than 8, and roughly 60 stations at Fn=0.2 or 40 at Fn=0.3."
0,st41_bp8_fs24_cp10_r3p0_h2_fsm_clipfs_onezonefs_noend_pr1p0_pl1p0_pf1p0_pm1p0_dt1p0_fv0p03_hr1p0_hqtrapezoid_hp1p0_hc1p0_ci1p0_cp1p0_cnm1p0_cd1p0_pg1p0,A33,OK,diagnostic_matched_wigley_sensitivity_not_hard_gate,wigley_iii,Fn0.4,0.4,2.1696064159197173,1.0,1.808005346599764,1.0,79.95,7,8,31,0.6,2.4,0.07499999999999996,-0.8664999999999999,0.8664999999999998,0.06699999999999995,0.06700000000000006,heave,heave_force,0.9,-2011.9160765576694,11764.026487513089,-150.8937057418251,882.3019865634811,-0.5773686986163593,-0.5773686986163593,0.0,-5.795880250164001,-5.795880250164001,0.0,0.0,-5.795880250164001,14.79094542991129,6.914445525734951,78.35574176995763,51.073726345483585,487.0585765178519,343.88941809761496,71.96931041311927,162378.9770122829,78078.99046724434,27410.661129008582,12813.888341284148,160048.70456216182,77020.3415855911,778.2209227462434,353.368091101744,21.332363162835147,11.417915836425877,advance_eq19_20,3.587972577525507,2.5526174851824432,4.7257330557878205,3.359607636065308,1.3171040061423727,1.316142216986023,470.9710640470017,5.87683426191049e-15,a1_station_hull_matched_sweep_free_surface_marching_not_benchmark_validated,41,8,24,10,3.0,2,16,15.0,False,none,0.0,1.0,0.03,1.0,trapezoid,1.0,1.0,1.0,1.0,-1.0,1.0,1.0,True,False,True,3.0,11,9,40,True,True,True,True,A1_GRID_RECOMMENDED,"A1 Section 3.3 recommends control radius about 3B, inner free-surface panels greater than 10, outer/free-surface proxy panels greater than 8, and roughly 60 stations at Fn=0.2 or 40 at Fn=0.3."
0,st41_bp8_fs24_cp10_r3p0_h2_fsm_clipfs_onezonefs_noend_pr1p0_pl1p0_pf1p0_pm1p0_dt1p0_fv0p03_hr1p0_hqtrapezoid_hp1p0_hc1p0_ci1p0_cp1p0_cnm1p0_cd1p0_pg1p0,A33,OK,diagnostic_matched_wigley_sensitivity_not_hard_gate,wigley_iii,Fn0.4,0.4,2.1696064159197173,1.0,1.808005346599764,1.0,79.95,8,9,30,0.6749999999999999,2.325,0.07500000000000001,-0.866859375,0.866859375,0.06628124999999993,0.06628125000000007,heave,heave_force,0.8250000000000001,-1533.6281827834414,8855.689336101814,-115.02211370875813,664.1767002076361,-0.44011224840454594,-0.44011224840454594,0.0,-6.304620723674453,-6.304620723674453,0.0,0.0,-6.304620723674453,10.392368432255122,4.822079561089141,59.46935576298534,38.78877680973771,370.0492497154578,261.26828074703724,49.981708292736776,112807.82795835836,53308.40895791582,19259.194131585664,8936.304268883076,111151.65086531318,52554.057232894425,594.0536277092027,268.2848926820013,16.200378960390104,8.673225682194989,advance_eq19_20,2.738250113641428,1.9497694088773152,3.606781056150065,2.5657458142543126,1.3171846640968934,1.3159226945363138,472.56584172229344,7.634712252518055e-15,a1_station_hull_matched_sweep_free_surface_marching_not_benchmark_validated,41,8,24,10,3.0,2,16,15.0,False,none,0.0,1.0,0.03,1.0,trapezoid,1.0,1.0,1.0,1.0,-1.0,1.0,1.0,True,False,True,3.0,11,9,40,True,True,True,True,A1_GRID_RECOMMENDED,"A1 Section 3.3 recommends control radius about 3B, inner free-surface panels greater than 10, outer/free-surface proxy panels greater than 8, and roughly 60 stations at Fn=0.2 or 40 at Fn=0.3."
0,st41_bp8_fs24_cp10_r3p0_h2_fsm_clipfs_onezonefs_noend_pr1p0_pl1p0_pf1p0_pm1p0_dt1p0_fv0p03_hr1p0_hqtrapezoid_hp1p0_hc1p0_ci1p0_cp1p0_cnm1p0_cd1p0_pg1p0,A33,OK,diagnostic_matched_wigley_sensitivity_not_hard_gate,wigley_iii,Fn0.4,0.4,2.1696064159197173,1.0,1.808005346599764,1.0,79.95,9,10,29,0.75,2.25,0.07500000000000001,-0.8671874999999999,0.8671874999999999,0.06562499999999982,0.0656250000000001,heave,heave_force,0.75,-1153.182470070417,6718.739508854409,-86.48868525528128,503.90546316408074,-0.3309340134857614,-0.3309340134857614,0.0,-6.690143854619606,-6.690143854619606,0.0,0.0,-6.690143854619606,7.294574054260042,3.369637772860577,45.15237867240721,29.466021629317012,281.20023341583754,198.5333172705163,35.427015706933375,79935.61977778342,37296.54592325834,13518.344613551824,6244.631187172356,78784.24758901753,36770.05465241944,453.41218556036796,203.75292136274274,12.308019306151452,6.590424551844092,advance_eq19_20,2.088731318403629,1.4889651163523772,2.7515023976163833,1.9590590425204444,1.31730796267243,1.3157185625138683,474.0481182363453,6.90923305707565e-15,a1_station_hull_matched_sweep_free_surface_marching_not_benchmark_validated,41,8,24,10,3.0,2,16,15.0,False,none,0.0,1.0,0.03,1.0,trapezoid,1.0,1.0,1.0,1.0,-1.0,1.0,1.0,True,False,True,3.0,11,9,40,True,True,True,True,A1_GRID_RECOMMENDED,"A1 Section 3.3 recommends control radius about 3B, inner free-surface panels greater than 10, outer/free-surface proxy panels greater than 8, and roughly 60 stations at Fn=0.2 or 40 at Fn=0.3."
0,st41_bp8_fs24_cp10_r3p0_h2_fsm_clipfs_onezonefs_noend_pr1p0_pl1p0_pf1p0_pm1p0_dt1p0_fv0p03_hr1p0_hqtrapezoid_hp1p0_hc1p0_ci1p0_cp1p0_cnm1p0_cd1p0_pg1p0,A33,OK,diagnostic_matched_wigley_sensitivity_not_hard_gate,wigley_iii,Fn0.4,0.4,2.1696064159197173,1.0,1.808005346599764,1.0,79.95,10,11,28,0.825,2.175,0.07499999999999996,-0.8674843749999999,0.8674843749999999,0.06503124999999987,0.0650312500000001,heave,heave_force,0.675,-851.1219297649662,5114.6340066225885,-63.83414473237243,383.5975504966939,-0.24425032767422056,-0.24425032767422056,0.0,-6.977736025199597,-6.977736025199597,0.0,0.0,-6.977736025199597,5.0785726359992704,2.3419137724061776,34.29655337464678,22.389548736698963,213.71774268251983,150.88656998166135,25.458506505238308,57392.76235137599,26520.644934014344,9411.638640956486,4340.0474373306415,56615.81252983637,26163.11518068482,346.0247748643031,154.7946655705827,9.354979727333983,5.009461222171955,advance_eq19_20,1.5923987909756612,1.1367816420766683,2.09794060763059,1.4954737587173554,1.3174718666705243,1.3155329954004444,475.4122985160682,7.353881879882026e-15,a1_station_hull_matched_sweep_free_surface_marching_not_benchmark_validated,41,8,24,10,3.0,2,16,15.0,False,none,0.0,1.0,0.03,1.0,trapezoid,1.0,1.0,1.0,1.0,-1.0,1.0,1.0,True,False,True,3.0,11,9,40,True,True,True,True,A1_GRID_RECOMMENDED,"A1 Section 3.3 recommends control radius about 3B, inner free-surface panels greater than 10, outer/free-surface proxy panels greater than 8, and roughly 60 stations at Fn=0.2 or 40 at Fn=0.3."
0,st41_bp8_fs24_cp10_r3p0_h2_fsm_clipfs_onezonefs_noend_pr1p0_pl1p0_pf1p0_pm1p0_dt1p0_fv0p03_hr1p0_hqtrapezoid_hp1p0_hc1p0_ci1p0_cp1p0_cnm1p0_cd1p0_pg1p0,A33,OK,diagnostic_matched_wigley_sensitivity_not_hard_gate,wigley_iii,Fn0.4,0.4,2.1696064159197173,1.0,1.808005346599764,1.0,79.95,11,12,27,0.8999999999999999,2.1,0.07500000000000001,-0.8677499999999999,0.8677499999999999,0.06449999999999989,0.0645,heave,heave_force,0.6000000000000001,-612.1284630803734,3896.8912034622817,-45.909634731028014,292.2668402596712,-0.17566528655581182,-0.17566528655581182,0.0,-7.187693832314614,-7.187693832314614,0.0,0.0,-7.187693832314614,3.4760229903136524,1.6049174369815915,26.062567363312898,17.01675553407678,162.45133287053508,114.69060969256226,18.473124246928812,41583.380504432,19071.941815560396,6441.784855175553,2974.2417895867547,41081.39411042432,18838.600011497587,264.03809704745294,117.64057326528436,7.113860876470741,3.8090766847204813,advance_eq19_20,1.2132687661361845,0.8676584583256873,1.5986875950570734,1.1412864926940272,1.3176697856883817,1.3153637606395925,476.65246731613325,6.00875141305654e-15,a1_station_hull_matched_sweep_free_surface_marching_not_benchmark_validated,41,8,24,10,3.0,2,16,15.0,False,none,0.0,1.0,0.03,1.0,trapezoid,1.0,1.0,1.0,1.0,-1.0,1.0,1.0,True,False,True,3.0,11,9,40,True,True,True,True,A1_GRID_RECOMMENDED,"A1 Section 3.3 recommends control radius about 3B, inner free-surface panels greater than 10, outer/free-surface proxy panels greater than 8, and roughly 60 stations at Fn=0.2 or 40 at Fn=0.3."
0,st41_bp8_fs24_cp10_r3p0_h2_fsm_clipfs_onezonefs_noend_pr1p0_pl1p0_pf1p0_pm1p0_dt1p0_fv0p03_hr1p0_hqtrapezoid_hp1p0_hc1p0_ci1p0_cp1p0_cnm1p0_cd1p0_pg1p0,A33,OK,diagnostic_matched_wigley_sensitivity_not_hard_gate,wigley_iii,Fn0.4,0.4,2.1696064159197173,1.0,1.808005346599764,1.0,79.95,12,13,26,0.975,2.025,0.07500000000000007,-0.8679843749999999,0.8679843749999999,0.06403124999999998,0.0640312500000001,heave,heave_force,0.525,-423.83435144409646,2967.0867172676662,-31.787576358307263,222.53150379507517,-0.12162966973298238,-0.12162966973298238,0.0,-7.3363413104590105,-7.3363413104590105,0.0,0.0,-7.3363413104590105,2.3080889987088224,1.0712370846269166,19.815123366131218,12.93641479291937,123.49543283476976,87.18722530793778,13.498446925937847,30321.686562941726,13826.694856032183,4277.363181345989,1985.2224358934443,30018.4749818532,13683.434602534997,201.45124276631952,89.4359191798527,5.41246230974047,2.8973897624151648,advance_eq19_20,0.923801288103435,0.6620490652352463,1.2174685329725101,0.8707285620504007,1.317890057798008,1.315202464247879,477.76272938128045,5.321101794980527e-15,a1_station_hull_matched_sweep_free_surface_marching_not_benchmark_validated,41,8,24,10,3.0,2,16,15.0,False,none,0.0,1.0,0.03,1.0,trapezoid,1.0,1.0,1.0,1.0,-1.0,1.0,1.0,True,False,True,3.0,11,9,40,True,True,True,True,A1_GRID_RECOMMENDED,"A1 Section 3.3 recommends control radius about 3B, inner free-surface panels greater than 10, outer/free-surface proxy panels greater than 8, and roughly 60 stations at Fn=0.2 or 40 at Fn=0.3."
0,st41_bp8_fs24_cp10_r3p0_h2_fsm_clipfs_onezonefs_noend_pr1p0_pl1p0_pf1p0_pm1p0_dt1p0_fv0p03_hr1p0_hqtrapezoid_hp1p0_hc1p0_ci1p0_cp1p0_cnm1p0_cd1p0_pg1p0,A33,OK,diagnostic_matched_wigley_sensitivity_not_hard_gate,wigley_iii,Fn0.4,0.4,2.1696064159197173,1.0,1.808005346599764,1.0,79.95,13,14,25,1.05,1.95,0.07500000000000001,-0.8681874999999999,0.8681874999999999,0.06362499999999982,0.0636250000000001,heave,heave_force,0.44999999999999996,-276.18901499920196,2255.215801723535,-20.71417612494015,169.14118512926515,-0.07925921663445322,-0.07925921663445322,0.0,-7.436785753642729,-7.436785753642729,0.0,0.0,-7.436785753642729,1.4522841607479688,0.6819602454927581,15.073358277493593,9.836819502937386,93.88762597687592,66.28434633514318,9.913364052223141,22209.476813495505,10083.770636193985,2691.3809655998407,1263.8124642698792,22045.800707327493,10004.259507755893,153.67988088528088,68.0183866195215,4.120354910158941,2.2047621241563733,advance_eq19_20,0.7029171990618004,0.5050062870832115,0.9265263905312348,0.6640995864537781,1.3181159769143374,1.3150323143290932,478.7374711729425,5.62208217332926e-15,a1_station_hull_matched_sweep_free_surface_marching_not_benchmark_validated,41,8,24,10,3.0,2,16,15.0,False,none,0.0,1.0,0.03,1.0,trapezoid,1.0,1.0,1.0,1.0,-1.0,1.0,1.0,True,False,True,3.0,11,9,40,True,True,True,True,A1_GRID_RECOMMENDED,"A1 Section 3.3 recommends control radius about 3B, inner free-surface panels greater than 10, outer/free-surface proxy panels greater than 8, and roughly 60 stations at Fn=0.2 or 40 at Fn=0.3."
0,st41_bp8_fs24_cp10_r3p0_h2_fsm_clipfs_onezonefs_noend_pr1p0_pl1p0_pf1p0_pm1p0_dt1p0_fv0p03_hr1p0_hqtrapezoid_hp1p0_hc1p0_ci1p0_cp1p0_cnm1p0_cd1p0_pg1p0,A33,OK,diagnostic_matched_wigley_sensitivity_not_hard_gate,wigley_iii,Fn0.4,0.4,2.1696064159197173,1.0,1.808005346599764,1.0,79.95,14,15,24,1.125,1.875,0.07499999999999996,-0.8683593749999999,0.8683593749999999,0.06328124999999996,0.06328125000000007,heave,heave_force,0.375,-161.03585430117897,1709.7071351603897,-12.077689072588417,128.22803513702917,-0.04621319085412671,-0.04621319085412671,0.0,-7.499521957387019,-7.499521957387019,0.0,0.0,-7.499521957387019,0.8232728990018727,0.396442815029338,11.473223261927389,7.481639917351687,71.38021581686232,50.39469756362849,7.306227338643213,16319.403396760035,7387.229793711897,1525.693848183725,734.6899974239569,16247.928652840563,7350.605052156585,117.22226299800779,51.74966377582917,3.138717786086835,1.6783973011813988,advance_eq19_20,0.5344798483224694,0.38510002679934485,0.7046196096618771,0.5063390648937073,1.318327738404754,1.3148247978635785,479.5715522185469,5.033450260826664e-15,a1_station_hull_matched_sweep_free_surface_marching_not_benchmark_validated,41,8,24,10,3.0,2,16,15.0,False,none,0.0,1.0,0.03,1.0,trapezoid,1.0,1.0,1.0,1.0,-1.0,1.0,1.0,True,False,True,3.0,11,9,40,True,True,True,True,A1_GRID_RECOMMENDED,"A1 Section 3.3 recommends control radius about 3B, inner free-surface panels greater than 10, outer/free-surface proxy panels greater than 8, and roughly 60 stations at Fn=0.2 or 40 at Fn=0.3."
0,st41_bp8_fs24_cp10_r3p0_h2_fsm_clipfs_onezonefs_noend_pr1p0_pl1p0_pf1p0_pm1p0_dt1p0_fv0p03_hr1p0_hqtrapezoid_hp1p0_hc1p0_ci1p0_cp1p0_cnm1p0_cd1p0_pg1p0,A33,OK,diagnostic_matched_wigley_sensitivity_not_hard_gate,wigley_iii,Fn0.4,0.4,2.1696064159197173,1.0,1.808005346599764,1.0,79.95,15,16,23,1.2,1.8,0.07499999999999996,-0.8684999999999999,0.8684999999999998,0.06299999999999994,0.06300000000000008,heave,heave_force,0.30000000000000004,-71.78441262612259,1291.752104084231,-5.383830946959191,96.88140780631727,-0.020600299078974104,-0.020600299078974104,0.0,-7.53292870235357,-7.53292870235357,0.0,0.0,-7.53292870235357,0.3622782156965092,0.18615681662079922,8.739014025960516,5.691641660407503,54.26725480267798,38.31362193638116,5.396706708811753,12020.21187426102,5431.607306209138,671.375974709309,344.98683275030675,12001.447737781837,5420.6403693745815,89.40375543122535,39.38803904877619,2.3926513959909372,1.2782537089590909,advance_eq19_20,0.40613294459811305,0.29358932391496384,0.5354895548555894,0.38593373191981567,1.3185080451562001,1.3145359877990617,480.2604432484979,3.070282010746919e-15,a1_station_hull_matched_sweep_free_surface_marching_not_benchmark_validated,41,8,24,10,3.0,2,16,15.0,False,none,0.0,1.0,0.03,1.0,trapezoid,1.0,1.0,1.0,1.0,-1.0,1.0,1.0,True,False,True,3.0,11,9,40,True,True,True,True,A1_GRID_RECOMMENDED,"A1 Section 3.3 recommends control radius about 3B, inner free-surface panels greater than 10, outer/free-surface proxy panels greater than 8, and roughly 60 stations at Fn=0.2 or 40 at Fn=0.3."
0,st41_bp8_fs24_cp10_r3p0_h2_fsm_clipfs_onezonefs_noend_pr1p0_pl1p0_pf1p0_pm1p0_dt1p0_fv0p03_hr1p0_hqtrapezoid_hp1p0_hc1p0_ci1p0_cp1p0_cnm1p0_cd1p0_pg1p0,A33,OK,diagnostic_matched_wigley_sensitivity_not_hard_gate,wigley_iii,Fn0.4,0.4,2.1696064159197173,1.0,1.808005346599764,1.0,79.95,16,17,22,1.275,1.725,0.07499999999999996,-0.8686093749999999,0.8686093749999999,0.0627812499999999,0.06278125000000001,heave,heave_force,0.2250000000000001,-3.138486544689358,971.7787250369659,-0.2353864908517017,72.8834043777724,-0.000900665744981092,-0.000900665744981092,0.0,-7.543679184765546,-7.543679184765546,0.0,0.0,-7.543679184765546,0.07508290955231167,0.04141108603101184,6.661852140473653,4.330848712775618,41.253570404652706,29.126567629616225,3.989976860363296,8874.187311919171,4007.830175106556,139.14405945656713,76.74325157638651,8873.096380505802,4007.423257651059,68.18166240927467,29.992058057177594,1.825366341480421,0.9739528672698647,advance_eq19_20,0.3084118098588657,0.22378871285598192,0.40668813613194854,0.2940817621253954,1.3186529281030313,1.3141045335680097,480.80032593830697,2.923466592483638e-15,a1_station_hull_matched_sweep_free_surface_marching_not_benchmark_validated,41,8,24,10,3.0,2,16,15.0,False,none,0.0,1.0,0.03,1.0,trapezoid,1.0,1.0,1.0,1.0,-1.0,1.0,1.0,True,False,True,3.0,11,9,40,True,True,True,True,A1_GRID_RECOMMENDED,"A1 Section 3.3 recommends control radius about 3B, inner free-surface panels greater than 10, outer/free-surface proxy panels greater than 8, and roughly 60 stations at Fn=0.2 or 40 at Fn=0.3."
0,st41_bp8_fs24_cp10_r3p0_h2_fsm_clipfs_onezonefs_noend_pr1p0_pl1p0_pf1p0_pm1p0_dt1p0_fv0p03_hr1p0_hqtrapezoid_hp1p0_hc1p0_ci1p0_cp1p0_cnm1p0_cd1p0_pg1p0,A33,OK,diagnostic_matched_wigley_sensitivity_not_hard_gate,wigley_iii,Fn0.4,0.4,2.1696064159197173,1.0,1.808005346599764,1.0,79.95,17,18,21,1.3499999999999999,1.6500000000000001,0.07500000000000007,-0.8686874999999998,0.8686875,0.0626249999999999,0.06262500000000004,heave,heave_force,0.15000000000000013,49.13471638946245,727.0887684270215,3.6851037292096867,54.53165763202666,0.01410041282994575,0.01410041282994575,0.0,-7.537079311223064,-7.537079311223064,0.0,0.0,-7.537079311223064,0.2547100242472603,0.09343896849989658,5.083418418782601,3.2960665073611652,31.35552815124154,22.1389939636255,2.9484944340295667,6573.967715853337,2970.6404547252473,472.0300128133922,173.16160849429446,6556.999252408476,2966.544638556398,51.99611133224093,22.847637967214258,1.3937873919179105,0.7424388983173903,advance_eq19_20,0.2340648911038409,0.1705831263809102,0.30868192198948435,0.22405324947969074,1.3187877965539916,1.3134549367994486,481.18816478284884,3.042246756230316e-15,a1_station_hull_matched_sweep_free_surface_marching_not_benchmark_validated,41,8,24,10,3.0,2,16,15.0,False,none,0.0,1.0,0.03,1.0,trapezoid,1.0,1.0,1.0,1.0,-1.0,1.0,1.0,True,False,True,3.0,11,9,40,True,True,True,True,A1_GRID_RECOMMENDED,"A1 Section 3.3 recommends control radius about 3B, inner free-surface panels greater than 10, outer/free-surface proxy panels greater than 8, and roughly 60 stations at Fn=0.2 or 40 at Fn=0.3."
0,st41_bp8_fs24_cp10_r3p0_h2_fsm_clipfs_onezonefs_noend_pr1p0_pl1p0_pf1p0_pm1p0_dt1p0_fv0p03_hr1p0_hqtrapezoid_hp1p0_hc1p0_ci1p0_cp1p0_cnm1p0_cd1p0_pg1p0,A33,OK,diagnostic_matched_wigley_sensitivity_not_hard_gate,wigley_iii,Fn0.4,0.4,2.1696064159197173,1.0,1.808005346599764,1.0,79.95,18,19,20,1.425,1.575,0.07500000000000007,-0.8687343749999998,0.868734375,0.06253124999999993,0.06253125000000004,heave,heave_force,0.07499999999999996,88.39964525003526,540.2032646569667,6.629973393752651,40.515244849272534,0.025368447884509853,0.025368447884509853,0.0,-7.517344880865836,-7.517344880865836,0.0,0.0,-7.517344880865836,0.43763109333708006,0.16927865361298072,3.8836688265709256,2.508956075108851,23.825895171204554,16.823302219888895,2.173998189401646,4902.191626775337,2218.1751789913733,811.0203405065346,313.70812856741554,4834.63843042175,2195.8798543554567,39.656286513823645,17.41297726398915,1.0652344754839813,0.5662089855873983,advance_eq19_20,0.17753693104027515,0.13005639063024438,0.23416864048904998,0.17070078154550872,1.3189855153907535,1.3125136005874405,481.4217579468673,1.7233393554781783e-15,a1_station_hull_matched_sweep_free_surface_marching_not_benchmark_validated,41,8,24,10,3.0,2,16,15.0,False,none,0.0,1.0,0.03,1.0,trapezoid,1.0,1.0,1.0,1.0,-1.0,1.0,1.0,True,False,True,3.0,11,9,40,True,True,True,True,A1_GRID_RECOMMENDED,"A1 Section 3.3 recommends control radius about 3B, inner free-surface panels greater than 10, outer/free-surface proxy panels greater than 8, and roughly 60 stations at Fn=0.2 or 40 at Fn=0.3."
0,st41_bp8_fs24_cp10_r3p0_h2_fsm_clipfs_onezonefs_noend_pr1p0_pl1p0_pf1p0_pm1p0_dt1p0_fv0p03_hr1p0_hqtrapezoid_hp1p0_hc1p0_ci1p0_cp1p0_cnm1p0_cd1p0_pg1p0,A33,OK,diagnostic_matched_wigley_sensitivity_not_hard_gate,wigley_iii,Fn0.4,0.4,2.1696064159197173,1.0,1.808005346599764,1.0,79.95,19,20,19,1.5,1.5,0.07499999999999996,-0.8687499999999999,0.8687499999999999,0.062499999999999944,0.06250000000000003,heave,heave_force,0.0,117.31862044682813,398.07027551015074,8.798896533512105,29.855270663261287,0.03366745760426861,0.03366745760426861,0.0,-7.4878269281214465,-7.4878269281214465,0.0,0.0,-7.4878269281214465,0.5741000686445519,0.23226029754078562,2.971528408445912,1.9100213220293591,18.09679491099075,12.778546193939414,1.5973785407346925,3708.2271666719016,1679.6334226562633,1063.9253934324574,430.4260562505072,3552.3247988962253,1623.5460709830902,30.25336158539974,13.276794219095864,0.8149020020878744,0.4319699955563868,advance_eq19_20,0.1345759130835639,0.09920712049829983,0.17755653039591346,0.13008480937241806,1.3193782329060704,1.3112446840410754,481.49977128544,1.5299471239509987e-15,a1_station_hull_matched_sweep_free_surface_marching_not_benchmark_validated,41,8,24,10,3.0,2,16,15.0,False,none,0.0,1.0,0.03,1.0,trapezoid,1.0,1.0,1.0,1.0,-1.0,1.0,1.0,True,False,True,3.0,11,9,40,True,True,True,True,A1_GRID_RECOMMENDED,"A1 Section 3.3 recommends control radius about 3B, inner free-surface panels greater than 10, outer/free-surface proxy panels greater than 8, and roughly 60 stations at Fn=0.2 or 40 at Fn=0.3."
0,st41_bp8_fs24_cp10_r3p0_h2_fsm_clipfs_onezonefs_noend_pr1p0_pl1p0_pf1p0_pm1p0_dt1p0_fv0p03_hr1p0_hqtrapezoid_hp1p0_hc1p0_ci1p0_cp1p0_cnm1p0_cd1p0_pg1p0,A33,OK,diagnostic_matched_wigley_sensitivity_not_hard_gate,wigley_iii,Fn0.4,0.4,2.1696064159197173,1.0,1.808005346599764,1.0,79.95,20,21,18,1.575,1.425,0.07499999999999996,-0.8687343749999998,0.868734375,0.06253124999999993,0.06253125000000004,heave,heave_force,-0.07499999999999996,138.0417944938858,290.51735670779254,10.353134587041428,21.788801753084428,0.03961448102644913,0.03961448102644913,0.0,-7.451185958806088,-7.451185958806088,0.0,0.0,-7.451185958806088,0.6744720561387592,0.2787879665489066,2.277914339746098,1.4540755837474417,13.736567315402281,9.699967115590901,1.167998976805157,2882.5487878792537,1304.2410538216454,1249.9353107217883,516.6513874403017,2597.4505257107367,1197.5458531220454,23.094135864695104,10.126907650709116,0.6239421616591503,0.329618441949152,advance_eq19_20,0.10201756847602332,0.0757558506992988,0.1346529182606201,0.09920585849919902,1.3198993102081913,1.3095471515854455,481.4217579468676,1.1910359771798172e-15,a1_station_hull_matched_sweep_free_surface_marching_not_benchmark_validated,41,8,24,10,3.0,2,16,15.0,False,none,0.0,1.0,0.03,1.0,trapezoid,1.0,1.0,1.0,1.0,-1.0,1.0,1.0,True,False,True,3.0,11,9,40,True,True,True,True,A1_GRID_RECOMMENDED,"A1 Section 3.3 recommends control radius about 3B, inner free-surface panels greater than 10, outer/free-surface proxy panels greater than 8, and roughly 60 stations at Fn=0.2 or 40 at Fn=0.3."
0,st41_bp8_fs24_cp10_r3p0_h2_fsm_clipfs_onezonefs_noend_pr1p0_pl1p0_pf1p0_pm1p0_dt1p0_fv0p03_hr1p0_hqtrapezoid_hp1p0_hc1p0_ci1p0_cp1p0_cnm1p0_cd1p0_pg1p0,A33,OK,diagnostic_matched_wigley_sensitivity_not_hard_gate,wigley_iii,Fn0.4,0.4,2.1696064159197173,1.0,1.808005346599764,1.0,79.95,21,22,17,1.65,1.35,0.07499999999999996,-0.8686874999999998,0.8686875,0.0626249999999999,0.06262500000000004,heave,heave_force,-0.1499999999999999,152.24221447883326,208.87676385753332,11.418166085912487,15.665757289314989,0.043689640076096416,0.043689640076096416,0.0,-7.409533898254815,-7.409533898254815,0.0,0.0,-7.409533898254815,0.7476137015147989,0.31303559916512014,1.750335818022023,1.1067674545151973,10.416898069616721,7.355775565956076,0.8454795680758441,2335.54602147374,1052.4318666883594,1385.4818087682463,580.1192878907627,1880.2168428120424,878.1084476522587,17.64954709022721,7.726053245616399,0.478036218339581,0.2514767904298323,advance_eq19_20,0.07746143886304259,0.0579740762325124,0.1022766684058055,0.0757833877868957,1.3203559074940245,1.3071943998375548,481.18816478284884,8.351949118751247e-16,a1_station_hull_matched_sweep_free_surface_marching_not_benchmark_validated,41,8,24,10,3.0,2,16,15.0,False,none,0.0,1.0,0.03,1.0,trapezoid,1.0,1.0,1.0,1.0,-1.0,1.0,1.0,True,False,True,3.0,11,9,40,True,True,True,True,A1_GRID_RECOMMENDED,"A1 Section 3.3 recommends control radius about 3B, inner free-surface panels greater than 10, outer/free-surface proxy panels greater than 8, and roughly 60 stations at Fn=0.2 or 40 at Fn=0.3."
0,st41_bp8_fs24_cp10_r3p0_h2_fsm_clipfs_onezonefs_noend_pr1p0_pl1p0_pf1p0_pm1p0_dt1p0_fv0p03_hr1p0_hqtrapezoid_hp1p0_hc1p0_ci1p0_cp1p0_cnm1p0_cd1p0_pg1p0,A33,OK,diagnostic_matched_wigley_sensitivity_not_hard_gate,wigley_iii,Fn0.4,0.4,2.1696064159197173,1.0,1.808005346599764,1.0,79.95,22,23,16,1.7249999999999999,1.2750000000000001,0.07499999999999996,-0.8686093749999999,0.8686093749999999,0.0627812499999999,0.06278125000000001,heave,heave_force,-0.22499999999999987,161.17728052129047,146.6011896341638,12.088296039096779,10.995089222562278,0.04625377657915144,0.04625377657915144,0.0,-7.36456218992719,-7.36456218992719,0.0,0.0,-7.36456218992719,0.8000216052340751,0.338016992755353,1.3488427436626713,0.8419772472935552,7.8881267889952404,5.5697169958605075,0.6006194990819581,1995.538008210166,892.9992801225985,1482.6044231499966,626.4149433968332,1335.6856167030708,636.4369827316933,13.516293354656634,5.893863722247065,0.36632040824760814,0.1917177143825718,advance_eq19_20,0.05899576766365755,0.04452750989257587,0.07792254306377645,0.05806587222610545,1.3208158169586484,1.3040449009206072,480.80032593830697,5.546593092352267e-16,a1_station_hull_matched_sweep_free_surface_marching_not_benchmark_validated,41,8,24,10,3.0,2,16,15.0,False,none,0.0,1.0,0.03,1.0,trapezoid,1.0,1.0,1.0,1.0,-1.0,1.0,1.0,True,False,True,3.0,11,9,40,True,True,True,True,A1_GRID_RECOMMENDED,"A1 Section 3.3 recommends control radius about 3B, inner free-surface panels greater than 10, outer/free-surface proxy panels greater than 8, and roughly 60 stations at Fn=0.2 or 40 at Fn=0.3."
0,st41_bp8_fs24_cp10_r3p0_h2_fsm_clipfs_onezonefs_noend_pr1p0_pl1p0_pf1p0_pm1p0_dt1p0_fv0p03_hr1p0_hqtrapezoid_hp1p0_hc1p0_ci1p0_cp1p0_cnm1p0_cd1p0_pg1p0,A33,OK,diagnostic_matched_wigley_sensitivity_not_hard_gate,wigley_iii,Fn0.4,0.4,2.1696064159197173,1.0,1.808005346599764,1.0,79.95,23,24,15,1.7999999999999998,1.2000000000000002,0.07500000000000007,-0.8684999999999999,0.8684999999999998,0.06299999999999994,0.06300000000000008,heave,heave_force,-0.2999999999999998,165.82980432500818,99.07633801853133,12.437235324375624,7.430725351389857,0.04758893247612618,0.04758893247612618,0.0,-7.317640835399551,-7.317640835399551,0.0,0.0,-7.317640835399551,0.8365625025840391,0.3559637167908546,1.043042086567181,0.6398602454677106,5.960484454616637,4.2078278076182025,0.41362634603811566,1802.6667509971717,799.88609407952,1550.322214372742,659.673910732224,919.8415335116679,452.38047592822215,10.387494464597522,4.493387060838801,0.28055163446404163,0.1459178296710093,advance_eq19_20,0.045143844260537046,0.03439229672392772,0.05965905963320378,0.044712201402245653,1.321532550238646,1.300064423180499,480.2604432484979,5.453136608964615e-16,a1_station_hull_matched_sweep_free_surface_marching_not_benchmark_validated,41,8,24,10,3.0,2,16,15.0,False,none,0.0,1.0,0.03,1.0,trapezoid,1.0,1.0,1.0,1.0,-1.0,1.0,1.0,True,False,True,3.0,11,9,40,True,True,True,True,A1_GRID_RECOMMENDED,"A1 Section 3.3 recommends control radius about 3B, inner free-surface panels greater than 10, outer/free-surface proxy panels greater than 8, and roughly 60 stations at Fn=0.2 or 40 at Fn=0.3."
0,st41_bp8_fs24_cp10_r3p0_h2_fsm_clipfs_onezonefs_noend_pr1p0_pl1p0_pf1p0_pm1p0_dt1p0_fv0p03_hr1p0_hqtrapezoid_hp1p0_hc1p0_ci1p0_cp1p0_cnm1p0_cd1p0_pg1p0,A33,OK,diagnostic_matched_wigley_sensitivity_not_hard_gate,wigley_iii,Fn0.4,0.4,2.1696064159197173,1.0,1.808005346599764,1.0,79.95,24,25,14,1.875,1.125,0.07500000000000007,-0.8683593749999999,0.8683593749999999,0.06328124999999996,0.06328125000000007,heave,heave_force,-0.375,166.96708091475278,62.789438780031304,12.52253106860647,4.709207908502352,0.047915301906858686,0.047915301906858686,0.0,-7.269888718208059,-7.269888718208059,0.0,0.0,-7.269888718208059,0.8608555724758418,0.3685303708417102,0.8098079566304036,0.4853600815070234,4.489924899569978,3.168432185005183,0.27033284079338876,1704.8556671311135,750.5052027997822,1595.3422646286858,682.962502887861,601.1787624646182,311.15957172918627,8.030009076117373,3.420797081760524,0.21449028627126082,0.11072720046140667,advance_eq19_20,0.03476078857608339,0.026778427604835595,0.04599060936966064,0.03469113837908186,1.3230600125482697,1.295488252372869,479.5715522185469,4.1188719537299433e-16,a1_station_hull_matched_sweep_free_surface_marching_not_benchmark_validated,41,8,24,10,3.0,2,16,15.0,False,none,0.0,1.0,0.03,1.0,trapezoid,1.0,1.0,1.0,1.0,-1.0,1.0,1.0,True,False,True,3.0,11,9,40,True,True,True,True,A1_GRID_RECOMMENDED,"A1 Section 3.3 recommends control radius about 3B, inner free-surface panels greater than 10, outer/free-surface proxy panels greater than 8, and roughly 60 stations at Fn=0.2 or 40 at Fn=0.3."
0,st41_bp8_fs24_cp10_r3p0_h2_fsm_clipfs_onezonefs_noend_pr1p0_pl1p0_pf1p0_pm1p0_dt1p0_fv0p03_hr1p0_hqtrapezoid_hp1p0_hc1p0_ci1p0_cp1p0_cnm1p0_cd1p0_pg1p0,A33,OK,diagnostic_matched_wigley_sensitivity_not_hard_gate,wigley_iii,Fn0.4,0.4,2.1696064159197173,1.0,1.808005346599764,1.0,79.95,25,26,13,1.95,1.05,0.07499999999999996,-0.8681874999999999,0.8681874999999999,0.0636249999999999,0.06362500000000004,heave,heave_force,-0.44999999999999996,165.1914899939646,35.064296227744826,12.389361749547339,2.6298222170808603,0.04740575251205258,0.04740575251205258,0.0,-7.222228190998603,-7.222228190998603,0.0,0.0,-7.222228190998603,0.8755921380707673,0.3769516465592209,0.6314723798754824,0.36702828786836067,3.366854849571432,2.374184981836653,0.16174999881217722,1662.0436973678788,727.152230013012,1622.6521487494826,698.5688571983724,359.707181077854,201.8710414236183,6.265891841881323,2.597204510785456,0.16340249571083243,0.08360269212132224,advance_eq19_20,0.026957661317383117,0.02107164604276989,0.03575476669296613,0.027203368119685406,1.326330436161032,1.290993976667496,478.73747117294215,3.383987358705992e-16,a1_station_hull_matched_sweep_free_surface_marching_not_benchmark_validated,41,8,24,10,3.0,2,16,15.0,False,none,0.0,1.0,0.03,1.0,trapezoid,1.0,1.0,1.0,1.0,-1.0,1.0,1.0,True,False,True,3.0,11,9,40,True,True,True,True,A1_GRID_RECOMMENDED,"A1 Section 3.3 recommends control radius about 3B, inner free-surface panels greater than 10, outer/free-surface proxy panels greater than 8, and roughly 60 stations at Fn=0.2 or 40 at Fn=0.3."
0,st41_bp8_fs24_cp10_r3p0_h2_fsm_clipfs_onezonefs_noend_pr1p0_pl1p0_pf1p0_pm1p0_dt1p0_fv0p03_hr1p0_hqtrapezoid_hp1p0_hc1p0_ci1p0_cp1p0_cnm1p0_cd1p0_pg1p0,A33,OK,diagnostic_matched_wigley_sensitivity_not_hard_gate,wigley_iii,Fn0.4,0.4,2.1696064159197173,1.0,1.808005346599764,1.0,79.95,26,27,12,2.025,0.9750000000000001,0.07500000000000007,-0.8679843749999999,0.8679843749999999,0.06403124999999998,0.0640312500000001,heave,heave_force,-0.5249999999999999,160.97570689325897,13.924599135119712,12.073178016994433,1.0443449351339793,0.04619593007916674,0.04619593007916674,0.0,-7.175427349702995,-7.175427349702995,0.0,0.0,-7.175427349702995,0.882751511130358,0.3821467131451805,0.49461598217015523,0.276229007307223,2.508551780313514,1.7667183999007858,0.08851248392343043,1647.7194284258708,717.7515315548911,1635.919938138776,708.1963830658129,196.8381843344971,116.72679239100212,4.959221703098062,1.9631831989018764,0.12373948986618273,0.06263551138628093,advance_eq19_20,0.021047239403994507,0.016789386477604726,0.02804834428826303,0.02162273046625515,1.3326376799296444,1.2878809178106416,477.76272938128045,3.85901310222544e-16,a1_station_hull_matched_sweep_free_surface_marching_not_benchmark_validated,41,8,24,10,3.0,2,16,15.0,False,none,0.0,1.0,0.03,1.0,trapezoid,1.0,1.0,1.0,1.0,-1.0,1.0,1.0,True,False,True,3.0,11,9,40,True,True,True,True,A1_GRID_RECOMMENDED,"A1 Section 3.3 recommends control radius about 3B, inner free-surface panels greater than 10, outer/free-surface proxy panels greater than 8, and roughly 60 stations at Fn=0.2 or 40 at Fn=0.3."
0,st41_bp8_fs24_cp10_r3p0_h2_fsm_clipfs_onezonefs_noend_pr1p0_pl1p0_pf1p0_pm1p0_dt1p0_fv0p03_hr1p0_hqtrapezoid_hp1p0_hc1p0_ci1p0_cp1p0_cnm1p0_cd1p0_pg1p0,A33,OK,diagnostic_matched_wigley_sensitivity_not_hard_gate,wigley_iii,Fn0.4,0.4,2.1696064159197173,1.0,1.808005346599764,1.0,79.95,27,28,11,2.1,0.8999999999999999,0.07499999999999996,-0.8677499999999999,0.8677499999999999,0.06449999999999989,0.06450000000000003,heave,heave_force,-0.6000000000000001,154.70214305771094,-2.1299703306709854,11.602660729328313,-0.15974777480032382,0.0443955769582679,0.0443955769582679,0.0,-7.130131596184276,-7.130131596184276,0.0,0.0,-7.130131596184276,0.8838226513169599,0.38482494998091743,0.3888821317272864,0.20633845930127215,1.8514942685089046,1.3012203550815622,0.0748683525753004,1646.3455149972658,714.9130818342292,1637.9049810027186,713.1597062472476,166.495729549129,87.94627381917844,4.002514706334997,1.5327353155041585,0.09278326879001579,0.04636114451555848,advance_eq19_20,0.016505952836642954,0.013551385529537704,0.022175779030933686,0.01745290355155072,1.3435019020352348,1.28790547014613,476.6524673161357,5.811357292086073e-16,a1_station_hull_matched_sweep_free_surface_marching_not_benchmark_validated,41,8,24,10,3.0,2,16,15.0,False,none,0.0,1.0,0.03,1.0,trapezoid,1.0,1.0,1.0,1.0,-1.0,1.0,1.0,True,False,True,3.0,11,9,40,True,True,True,True,A1_GRID_RECOMMENDED,"A1 Section 3.3 recommends control radius about 3B, inner free-surface panels greater than 10, outer/free-surface proxy panels greater than 8, and roughly 60 stations at Fn=0.2 or 40 at Fn=0.3."
0,st41_bp8_fs24_cp10_r3p0_h2_fsm_clipfs_onezonefs_noend_pr1p0_pl1p0_pf1p0_pm1p0_dt1p0_fv0p03_hr1p0_hqtrapezoid_hp1p0_hc1p0_ci1p0_cp1p0_cnm1p0_cd1p0_pg1p0,A33,OK,diagnostic_matched_wigley_sensitivity_not_hard_gate,wigley_iii,Fn0.4,0.4,2.1696064159197173,1.0,1.808005346599764,1.0,79.95,28,29,10,2.175,0.8250000000000002,0.07499999999999996,-0.8674843749999999,0.8674843749999999,0.06503124999999987,0.0650312500000001,heave,heave_force,-0.6749999999999998,146.67492547541963,-14.047632396936173,11.000619410656466,-1.0535724297702123,0.04209196985308106,0.04209196985308106,0.0,-7.086887822778602,-7.086887822778602,0.0,0.0,-7.086887822778602,0.879867912015337,0.38552190983743284,0.3066465541679467,0.1525138147232695,1.3491861448016953,0.9448982587790943,0.11225536351709896,1649.575004088391,714.4524473126537,1630.5760364559326,714.4513160728665,249.6387058308005,121.27658222117456,3.3113784342858787,1.5255897285036524,0.06859156083171948,0.03372754425922783,advance_eq19_20,0.012945461188752363,0.011058320285223189,0.017612828435811603,0.014300334716678869,1.3605408242322392,1.2931742206624146,475.4122985160682,4.786780352804966e-16,a1_station_hull_matched_sweep_free_surface_marching_not_benchmark_validated,41,8,24,10,3.0,2,16,15.0,False,none,0.0,1.0,0.03,1.0,trapezoid,1.0,1.0,1.0,1.0,-1.0,1.0,1.0,True,False,True,3.0,11,9,40,True,True,True,True,A1_GRID_RECOMMENDED,"A1 Section 3.3 recommends control radius about 3B, inner free-surface panels greater than 10, outer/free-surface proxy panels greater than 8, and roughly 60 stations at Fn=0.2 or 40 at Fn=0.3."
0,st41_bp8_fs24_cp10_r3p0_h2_fsm_clipfs_onezonefs_noend_pr1p0_pl1p0_pf1p0_pm1p0_dt1p0_fv0p03_hr1p0_hqtrapezoid_hp1p0_hc1p0_ci1p0_cp1p0_cnm1p0_cd1p0_pg1p0,A33,OK,diagnostic_matched_wigley_sensitivity_not_hard_gate,wigley_iii,Fn0.4,0.4,2.1696064159197173,1.0,1.808005346599764,1.0,79.95,29,30,9,2.25,0.75,0.07499999999999996,-0.8671874999999999,0.8671874999999999,0.06562499999999982,0.0656250000000001,heave,heave_force,-0.75,137.1698146835117,-22.60600884066909,10.287736101263372,-1.6954506630501809,0.039364245017998505,0.039364245017998505,0.0,-7.046159715343062,-7.046159715343062,0.0,0.0,-7.046159715343062,0.8718047277139663,0.3847391938333482,0.24177113166531788,0.11078350479336233,0.9634267027402725,0.670765421369144,0.1584301183020507,1653.6031424758587,714.0767880014591,1615.6332991202478,713.0007824846059,352.32427617162523,154.02416526897662,2.8118522631326495,1.4960816736760272,0.04954157838923875,0.023850933552469283,advance_eq19_20,0.01008895983715283,0.009082260504281108,0.013977830431759444,0.011856037693255574,1.385458031093132,1.305406037149781,474.0481182363453,2.7857412675486167e-16,a1_station_hull_matched_sweep_free_surface_marching_not_benchmark_validated,41,8,24,10,3.0,2,16,15.0,False,none,0.0,1.0,0.03,1.0,trapezoid,1.0,1.0,1.0,1.0,-1.0,1.0,1.0,True,False,True,3.0,11,9,40,True,True,True,True,A1_GRID_RECOMMENDED,"A1 Section 3.3 recommends control radius about 3B, inner free-surface panels greater than 10, outer/free-surface proxy panels greater than 8, and roughly 60 stations at Fn=0.2 or 40 at Fn=0.3."
0,st41_bp8_fs24_cp10_r3p0_h2_fsm_clipfs_onezonefs_noend_pr1p0_pl1p0_pf1p0_pm1p0_dt1p0_fv0p03_hr1p0_hqtrapezoid_hp1p0_hc1p0_ci1p0_cp1p0_cnm1p0_cd1p0_pg1p0,A33,OK,diagnostic_matched_wigley_sensitivity_not_hard_gate,wigley_iii,Fn0.4,0.4,2.1696064159197173,1.0,1.808005346599764,1.0,79.95,30,31,8,2.3249999999999997,0.6750000000000003,0.07499999999999996,-0.866859375,0.866859375,0.06628124999999996,0.06628125000000007,heave,heave_force,-0.8249999999999997,126.40286522174327,-27.744048890601505,9.48021489163074,-2.0808036667951115,0.036274404606043746,0.036274404606043746,0.0,-7.008340390531041,-7.008340390531041,0.0,0.0,-7.008340390531041,0.8602136206927758,0.3828787862135663,0.1906096387735773,0.07876631259307984,0.671246639299447,0.46257453358016243,0.2008529974081012,1655.5462056360273,712.1043257259552,1594.152596066242,709.5530648880998,446.6662506291557,194.34786442438445,2.448338150663768,1.4454857018573521,0.03479055686036222,0.016252433531731128,advance_eq19_20,0.007748532811999656,0.007453644238952713,0.011005671396584194,0.00988781565125967,1.4203555258281177,1.3265746706270187,472.56584172230123,3.570756517298226e-16,a1_station_hull_matched_sweep_free_surface_marching_not_benchmark_validated,41,8,24,10,3.0,2,16,15.0,False,none,0.0,1.0,0.03,1.0,trapezoid,1.0,1.0,1.0,1.0,-1.0,1.0,1.0,True,False,True,3.0,11,9,40,True,True,True,True,A1_GRID_RECOMMENDED,"A1 Section 3.3 recommends control radius about 3B, inner free-surface panels greater than 10, outer/free-surface proxy panels greater than 8, and roughly 60 stations at Fn=0.2 or 40 at Fn=0.3."
0,st41_bp8_fs24_cp10_r3p0_h2_fsm_clipfs_onezonefs_noend_pr1p0_pl1p0_pf1p0_pm1p0_dt1p0_fv0p03_hr1p0_hqtrapezoid_hp1p0_hc1p0_ci1p0_cp1p0_cnm1p0_cd1p0_pg1p0,A33,OK,diagnostic_matched_wigley_sensitivity_not_hard_gate,wigley_iii,Fn0.4,0.4,2.1696064159197173,1.0,1.808005346599764,1.0,79.95,31,32,7,2.4,0.6000000000000001,0.07500000000000018,-0.8664999999999999,0.8664999999999998,0.06699999999999995,0.06700000000000006,heave,heave_force,-0.8999999999999999,114.65481583794597,-29.81105491502136,8.599111187845969,-2.235829118626607,0.032903013491356194,0.032903013491356194,0.0,-6.973751681482342,-6.973751681482342,0.0,0.0,-6.973751681482342,0.8461776189984241,0.38067699345708567,0.14925743697767266,0.0534826123659342,0.4442708814551266,0.29983413761077543,0.23984749799698676,1656.370951692045,708.0673456058213,1568.141000805264,705.4726904853826,533.3840372589679,233.12664784856062,2.1656326528550074,1.3753955646589429,0.023054839788644838,0.010216464711291173,advance_eq19_20,0.005803929482500523,0.00605765026211964,0.008522154885890885,0.008227443404779697,1.4683422518461167,1.3581905604931412,470.9710640469985,4.0378263807674705e-16,a1_station_hull_matched_sweep_free_surface_marching_not_benchmark_validated,41,8,24,10,3.0,2,16,15.0,False,none,0.0,1.0,0.03,1.0,trapezoid,1.0,1.0,1.0,1.0,-1.0,1.0,1.0,True,False,True,3.0,11,9,40,True,True,True,True,A1_GRID_RECOMMENDED,"A1 Section 3.3 recommends control radius about 3B, inner free-surface panels greater than 10, outer/free-surface proxy panels greater than 8, and roughly 60 stations at Fn=0.2 or 40 at Fn=0.3."
0,st41_bp8_fs24_cp10_r3p0_h2_fsm_clipfs_onezonefs_noend_pr1p0_pl1p0_pf1p0_pm1p0_dt1p0_fv0p03_hr1p0_hqtrapezoid_hp1p0_hc1p0_ci1p0_cp1p0_cnm1p0_cd1p0_pg1p0,A33,OK,diagnostic_matched_wigley_sensitivity_not_hard_gate,wigley_iii,Fn0.4,0.4,2.1696064159197173,1.0,1.808005346599764,1.0,79.95,32,33,6,2.475,0.5249999999999999,0.07499999999999996,-0.866109375,0.866109375,0.06778124999999988,0.06778125000000013,heave,heave_force,-0.9750000000000001,102.09750441520438,-25.74214507375249,7.657312831140324,-1.9306608805314356,0.029299384772073958,0.029299384772073958,0.0,-6.942650482350627,-6.942650482350627,0.0,0.0,-6.942650482350627,0.8301807699714049,0.3787938967040503,0.11820430488889659,0.03903892695944176,0.28267924884411605,0.18219530308576756,0.26531180120304,1647.7510732479484,702.0106983774156,1538.4955525214239,701.9829252627886,590.0127407620655,261.6289443815096,1.9351868208906633,1.2850687678166215,0.014827571414206021,0.0058870066617722865,advance_eq19_20,0.004183635922932536,0.004819491893795057,0.006420396938451475,0.006764549018850897,1.5346452360393428,1.4035813666498829,469.2686860462597,4.555896506208809e-16,a1_station_hull_matched_sweep_free_surface_marching_not_benchmark_validated,41,8,24,10,3.0,2,16,15.0,False,none,0.0,1.0,0.03,1.0,trapezoid,1.0,1.0,1.0,1.0,-1.0,1.0,1.0,True,False,True,3.0,11,9,40,True,True,True,True,A1_GRID_RECOMMENDED,"A1 Section 3.3 recommends control radius about 3B, inner free-surface panels greater than 10, outer/free-surface proxy panels greater than 8, and roughly 60 stations at Fn=0.2 or 40 at Fn=0.3."
0,st41_bp8_fs24_cp10_r3p0_h2_fsm_clipfs_onezonefs_noend_pr1p0_pl1p0_pf1p0_pm1p0_dt1p0_fv0p03_hr1p0_hqtrapezoid_hp1p0_hc1p0_ci1p0_cp1p0_cnm1p0_cd1p0_pg1p0,A33,OK,diagnostic_matched_wigley_sensitivity_not_hard_gate,wigley_iii,Fn0.4,0.4,2.1696064159197173,1.0,1.808005346599764,1.0,79.95,33,34,5,2.55,0.4500000000000002,0.07499999999999996,-0.8656874999999999,0.8656874999999999,0.06862499999999994,0.06862500000000005,heave,heave_force,-1.0499999999999998,89.32692589218755,-16.033111474449846,6.699519441914062,-1.2024833605837377,0.025634553823942256,0.025634553823942256,0.0,-6.915183513052619,-6.915183513052619,0.0,0.0,-6.915183513052619,0.8166942325345176,0.38025580030834905,0.09335521290569693,0.03290011960138804,0.15186222671483748,0.07973650132679103,0.30622992363919826,1659.657009358378,717.5994062919121,1513.5022274335884,704.6921330338939,681.0083672510649,290.5054106973981,1.7193707897868487,1.1781854658460413,0.007557957804839643,0.0025358733383023476,advance_eq19_20,0.002847908364546645,0.003696260912871224,0.0046408217470058485,0.005430794535473954,1.6295544494264704,1.469267095448454,467.4627559098952,4.225505966146986e-16,a1_station_hull_matched_sweep_free_surface_marching_not_benchmark_validated,41,8,24,10,3.0,2,16,15.0,False,none,0.0,1.0,0.03,1.0,trapezoid,1.0,1.0,1.0,1.0,-1.0,1.0,1.0,True,False,True,3.0,11,9,40,True,True,True,True,A1_GRID_RECOMMENDED,"A1 Section 3.3 recommends control radius about 3B, inner free-surface panels greater than 10, outer/free-surface proxy panels greater than 8, and roughly 60 stations at Fn=0.2 or 40 at Fn=0.3."
0,st41_bp8_fs24_cp10_r3p0_h2_fsm_clipfs_onezonefs_noend_pr1p0_pl1p0_pf1p0_pm1p0_dt1p0_fv0p03_hr1p0_hqtrapezoid_hp1p0_hc1p0_ci1p0_cp1p0_cnm1p0_cd1p0_pg1p0,A33,OK,diagnostic_matched_wigley_sensitivity_not_hard_gate,wigley_iii,Fn0.4,0.4,2.1696064159197173,1.0,1.808005346599764,1.0,79.95,34,35,4,2.625,0.375,0.07499999999999996,-0.8652343749999999,0.8652343749999999,0.06953124999999993,0.06953125000000009,heave,heave_force,-1.125,76.40945039139416,39.29802001386405,5.730708779354559,2.947351501039802,0.02192756718259961,0.02192756718259961,0.0,-6.891402452549347,-6.891402452549347,0.0,0.0,-6.891402452549347,0.8073541447172894,0.3879328825087861,0.08522319472986753,0.03282352843768343,0.10340662002655371,0.042515103735634864,0.5782981849379986,1972.9443254208388,1129.3450561228658,1496.1931255045474,718.9193438401869,1286.0464386651138,870.9622453594383,1.5088634114591708,1.0475432850933413,0.006463151496013787,0.002574137769338458,advance_eq19_20,0.0017805055646574039,0.0026884731844851574,0.003154176256824604,0.004188702914810159,1.7715059809046512,1.558022947367539,465.55753958209425,5.917029967305065e-16,a1_station_hull_matched_sweep_free_surface_marching_not_benchmark_validated,41,8,24,10,3.0,2,16,15.0,False,none,0.0,1.0,0.03,1.0,trapezoid,1.0,1.0,1.0,1.0,-1.0,1.0,1.0,True,False,True,3.0,11,9,40,True,True,True,True,A1_GRID_RECOMMENDED,"A1 Section 3.3 recommends control radius about 3B, inner free-surface panels greater than 10, outer/free-surface proxy panels greater than 8, and roughly 60 stations at Fn=0.2 or 40 at Fn=0.3."
0,st41_bp8_fs24_cp10_r3p0_h2_fsm_clipfs_onezonefs_noend_pr1p0_pl1p0_pf1p0_pm1p0_dt1p0_fv0p03_hr1p0_hqtrapezoid_hp1p0_hc1p0_ci1p0_cp1p0_cnm1p0_cd1p0_pg1p0,A33,OK,diagnostic_matched_wigley_sensitivity_not_hard_gate,wigley_iii,Fn0.4,0.4,2.1696064159197173,1.0,1.808005346599764,1.0,79.95,35,36,3,2.6999999999999997,0.30000000000000027,0.07499999999999996,-0.8647499999999999,0.8647499999999999,0.0704999999999999,0.07050000000000001,heave,heave_force,-1.1999999999999997,67.87747626432122,208.95826004274207,5.090810719824089,15.671869503205645,0.019479107798148067,0.019479107798148067,0.0,-6.870699115058973,-6.870699115058973,0.0,0.0,-6.870699115058973,0.8624231473490075,0.439002810194363,0.06931542208861284,0.031211776917816698,0.10806848190808317,0.053636992084203965,2.5594332095499044,5911.922800128186,4011.5233936533155,1598.2473029743617,813.5624137038229,5691.786780371403,3928.159382819926,1.3381522540378015,0.9392301250794775,0.012661296659496842,0.0040101629448752035,advance_eq19_20,0.0009672756687910345,0.0017378655445099858,0.0019539872344209058,0.003043394424150432,2.020093441265952,1.7512254810302699,463.5639836716682,7.323945016738521e-16,a1_station_hull_matched_sweep_free_surface_marching_not_benchmark_validated,41,8,24,10,3.0,2,16,15.0,False,none,0.0,1.0,0.03,1.0,trapezoid,1.0,1.0,1.0,1.0,-1.0,1.0,1.0,True,False,True,3.0,11,9,40,True,True,True,True,A1_GRID_RECOMMENDED,"A1 Section 3.3 recommends control radius about 3B, inner free-surface panels greater than 10, outer/free-surface proxy panels greater than 8, and roughly 60 stations at Fn=0.2 or 40 at Fn=0.3."
0,st41_bp8_fs24_cp10_r3p0_h2_fsm_clipfs_onezonefs_noend_pr1p0_pl1p0_pf1p0_pm1p0_dt1p0_fv0p03_hr1p0_hqtrapezoid_hp1p0_hc1p0_ci1p0_cp1p0_cnm1p0_cd1p0_pg1p0,A33,OK,diagnostic_matched_wigley_sensitivity_not_hard_gate,wigley_iii,Fn0.4,0.4,2.1696064159197173,1.0,1.808005346599764,1.0,79.95,36,37,2,2.775,0.2250000000000001,0.07500000000000018,-0.8642343749999999,0.8642343749999999,0.07153124999999994,0.07153125000000005,heave,heave_force,-1.275,69.5055121907397,-829.4918523964474,5.21291341430549,-62.2118889297337,0.019946312665731467,0.019946312665731467,0.0,-6.850986404827034,-6.850986404827034,0.0,0.0,-6.850986404827034,1.139564881000495,0.652889967992012,0.14421599188787748,0.06778430577235675,0.1863236208679329,0.07889563180668498,12.124183970685662,27044.904725880617,17980.18657517187,2111.847882587374,1209.9392666926792,26962.32501385537,17939.43020970582,1.1959567434465257,0.8319901368949947,0.017990026209557988,0.0061959481982622865,advance_eq19_20,0.0004219742581112723,0.0011455651191104564,0.0010370331663688646,0.0019333801759902774,2.457574476250171,1.687708663381413,461.53260422011545,7.0612361324731985e-16,a1_station_hull_matched_sweep_free_surface_marching_not_benchmark_validated,41,8,24,10,3.0,2,16,15.0,False,none,0.0,1.0,0.03,1.0,trapezoid,1.0,1.0,1.0,1.0,-1.0,1.0,1.0,True,False,True,3.0,11,9,40,True,True,True,True,A1_GRID_RECOMMENDED,"A1 Section 3.3 recommends control radius about 3B, inner free-surface panels greater than 10, outer/free-surface proxy panels greater than 8, and roughly 60 stations at Fn=0.2 or 40 at Fn=0.3."
0,st41_bp8_fs24_cp10_r3p0_h2_fsm_clipfs_onezonefs_noend_pr1p0_pl1p0_pf1p0_pm1p0_dt1p0_fv0p03_hr1p0_hqtrapezoid_hp1p0_hc1p0_ci1p0_cp1p0_cnm1p0_cd1p0_pg1p0,A33,OK,diagnostic_matched_wigley_sensitivity_not_hard_gate,wigley_iii,Fn0.4,0.4,2.1696064159197173,1.0,1.808005346599764,1.0,79.95,37,38,1,2.85,0.1499999999999999,0.07499999999999996,-0.8636874999999999,0.8636874999999999,0.07262499999999994,0.07262500000000005,heave,heave_force,-1.35,-35.64242925440605,-239.82942008190642,-2.6731821940804523,-17.98720650614297,-0.010228469881980293,-0.010228469881980293,0.0,-6.846127483435159,-6.846127483435159,0.0,0.0,-6.846127483435159,1.0931778797004168,0.7710242483770738,0.37450350447021064,0.17436010148398337,0.4190760949211749,0.2047943196814838,6.704016055402691,15045.718081175724,10591.348597960741,2025.883237565021,1428.8663625094093,14908.703152386233,10494.522668593081,1.0244642030285205,0.28935282994838357,0.0008799618787591093,0.00034684381768991057,advance_eq19_20,6.096487443165462e-05,0.00017983685589221992,0.00043291427467718866,0.001160790451060266,7.101044309744494,6.4546860836799365,467.16479122089714,1.079633434178134e-15,a1_station_hull_matched_sweep_free_surface_marching_not_benchmark_validated,41,8,24,10,3.0,2,16,15.0,False,none,0.0,1.0,0.03,1.0,trapezoid,1.0,1.0,1.0,1.0,-1.0,1.0,1.0,True,False,True,3.0,11,9,40,True,True,True,True,A1_GRID_RECOMMENDED,"A1 Section 3.3 recommends control radius about 3B, inner free-surface panels greater than 10, outer/free-surface proxy panels greater than 8, and roughly 60 stations at Fn=0.2 or 40 at Fn=0.3."
0,st41_bp8_fs24_cp10_r3p0_h2_fsm_clipfs_onezonefs_noend_pr1p0_pl1p0_pf1p0_pm1p0_dt1p0_fv0p03_hr1p0_hqtrapezoid_hp1p0_hc1p0_ci1p0_cp1p0_cnm1p0_cd1p0_pg1p0,A33,OK,diagnostic_matched_wigley_sensitivity_not_hard_gate,wigley_iii,Fn0.4,0.4,2.1696064159197173,1.0,1.808005346599764,1.0,79.95,38,39,0,2.925,0.07500000000000018,0.03749999999999987,-0.8631093749999998,0.8631093749999998,0.07378124999999991,0.07378125000000002,heave,heave_force,-1.4249999999999998,9.129747836262178,1010.6771643037191,0.3423655438598304,37.90039366138933,0.001310002611027674,0.001310002611027674,0.0,-6.849931715765121,-6.849931715765121,0.0,0.0,-6.849931715765121,0.7413405685264072,0.4324733758407617,0.028989922051719172,0.014649299625110412,0.039345548482727276,0.020001658647482174,39.08137529637585,86921.84067723349,52958.310118432,1373.8564043357292,801.4620301767,86910.98265063298,52958.212128687024,0.41951335212540375,0.2928849985220154,0.0,0.0,initialize_eq21_22,0.0,0.0,7.374258142829352e-05,0.00021752909545163455,,,690.6987294891596,1.7447639126794795e-15,a1_station_hull_matched_sweep_free_surface_marching_not_benchmark_validated,41,8,24,10,3.0,2,16,15.0,False,none,0.0,1.0,0.03,1.0,trapezoid,1.0,1.0,1.0,1.0,-1.0,1.0,1.0,True,False,True,3.0,11,9,40,True,True,True,True,A1_GRID_RECOMMENDED,"A1 Section 3.3 recommends control radius about 3B, inner free-surface panels greater than 10, outer/free-surface proxy panels greater than 8, and roughly 60 stations at Fn=0.2 or 40 at Fn=0.3."
0,st41_bp8_fs24_cp10_r3p0_h2_fsm_clipfs_onezonefs_noend_pr1p0_pl1p0_pf1p0_pm1p0_dt1p0_fv0p03_hr1p0_hqtrapezoid_hp1p0_hc1p0_ci1p0_cp1p0_cn1p0_cd1p0_pg1p0,A33,OK,diagnostic_matched_wigley_sensitivity_not_hard_gate,wigley_iii,Fn0.4,0.4,2.1696064159197173,1.0,1.808005346599764,1.0,79.95,0,1,38,0.075,2.925,0.0375,-0.8631093749999998,0.8631093749999998,0.07378124999999991,0.07378125000000002,heave,heave_force,1.425,129.74253850326528,-5561.916290960826,4.8653451938724475,-208.57186091103097,0.018616402911542127,0.018616402911542127,0.0,0.0,0.0,0.0,0.0,0.0,10.253069210203359,5.599219495572977,0.05761632415340404,0.024853730282314083,0.06233679506761532,0.025312010595797768,231.4008007697311,514950.5555658451,268850.4582293025,19001.04404988272,10376.504254401116,514599.87854894303,268650.1387484554,2.661525051692828,1.6881096554300696,0.001989440223858951,0.0009693377469151128,advance_eq19_20,0.5408189576070165,0.07335990457118322,0.5651634196337497,0.07224817086504007,1.0450140692819851,0.9848454859280195,113.94877021527233,6.281162796503454e-15,a1_station_hull_matched_sweep_free_surface_marching_not_benchmark_validated,41,8,24,10,3.0,2,16,15.0,False,none,0.0,1.0,0.03,1.0,trapezoid,1.0,1.0,1.0,1.0,1.0,1.0,1.0,True,False,True,3.0,11,9,40,True,True,True,True,A1_GRID_RECOMMENDED,"A1 Section 3.3 recommends control radius about 3B, inner free-surface panels greater than 10, outer/free-surface proxy panels greater than 8, and roughly 60 stations at Fn=0.2 or 40 at Fn=0.3."
0,st41_bp8_fs24_cp10_r3p0_h2_fsm_clipfs_onezonefs_noend_pr1p0_pl1p0_pf1p0_pm1p0_dt1p0_fv0p03_hr1p0_hqtrapezoid_hp1p0_hc1p0_ci1p0_cp1p0_cn1p0_cd1p0_pg1p0,A33,OK,diagnostic_matched_wigley_sensitivity_not_hard_gate,wigley_iii,Fn0.4,0.4,2.1696064159197173,1.0,1.808005346599764,1.0,79.95,1,2,37,0.15,2.85,0.07499999999999998,-0.8636874999999999,0.8636874999999999,0.07262499999999991,0.07262500000000005,heave,heave_force,1.35,-86.17628489985414,-98.25254051207503,-6.463221367489059,-7.368940538405625,-0.024730400061891068,-0.024730400061891068,0.0,0.006251202880596589,0.006251202880596589,0.0,0.0,0.006251202880596589,3.491351545185836,2.3338290072472385,0.13756554145265362,0.06015232449092907,0.14786058666403437,0.06315134822509809,55.65959076743494,123947.38119095284,54983.48839024352,6470.1918170692215,4325.064706231442,123778.39036740501,54888.47258956754,3.2883166838680835,2.0341643706675563,0.0012341700433667188,0.0006621234914014905,advance_eq19_20,0.502408395319852,0.073584535506165,0.5264952814600766,0.07137731468889494,1.0479428416495509,0.970004284159881,77.78531556101733,1.190339768248673e-15,a1_station_hull_matched_sweep_free_surface_marching_not_benchmark_validated,41,8,24,10,3.0,2,16,15.0,False,none,0.0,1.0,0.03,1.0,trapezoid,1.0,1.0,1.0,1.0,1.0,1.0,1.0,True,False,True,3.0,11,9,40,True,True,True,True,A1_GRID_RECOMMENDED,"A1 Section 3.3 recommends control radius about 3B, inner free-surface panels greater than 10, outer/free-surface proxy panels greater than 8, and roughly 60 stations at Fn=0.2 or 40 at Fn=0.3."
0,st41_bp8_fs24_cp10_r3p0_h2_fsm_clipfs_onezonefs_noend_pr1p0_pl1p0_pf1p0_pm1p0_dt1p0_fv0p03_hr1p0_hqtrapezoid_hp1p0_hc1p0_ci1p0_cp1p0_cn1p0_cd1p0_pg1p0,A33,OK,diagnostic_matched_wigley_sensitivity_not_hard_gate,wigley_iii,Fn0.4,0.4,2.1696064159197173,1.0,1.808005346599764,1.0,79.95,2,3,36,0.22499999999999998,2.775,0.075,-0.8642343749999999,0.8642343749999999,0.07153124999999994,0.07153125000000006,heave,heave_force,1.275,353.01832432957065,2476.587614658506,26.4763743247178,185.74407109938795,0.10130727264460522,0.10130727264460522,0.0,0.04453963917195364,0.04453963917195364,0.0,0.0,0.04453963917195364,5.818471948007474,3.151135684424056,0.040588154638732166,0.018766303701510924,0.04551940561336327,0.0222456571407136,37.13675587534755,83287.39755340196,56297.17388530773,10782.824100814214,5839.7019194325,82586.44740893827,55993.478807489286,2.213918670912062,1.128442440473134,0.0003495366157784633,0.0002176746066717059,advance_eq19_20,0.4647498327081353,0.0711469967329222,0.48886238501971635,0.07142332165825523,1.051882863886309,1.0038838593056896,77.91010290862684,2.0149080793457257e-15,a1_station_hull_matched_sweep_free_surface_marching_not_benchmark_validated,41,8,24,10,3.0,2,16,15.0,False,none,0.0,1.0,0.03,1.0,trapezoid,1.0,1.0,1.0,1.0,1.0,1.0,1.0,True,False,True,3.0,11,9,40,True,True,True,True,A1_GRID_RECOMMENDED,"A1 Section 3.3 recommends control radius about 3B, inner free-surface panels greater than 10, outer/free-surface proxy panels greater than 8, and roughly 60 stations at Fn=0.2 or 40 at Fn=0.3."
0,st41_bp8_fs24_cp10_r3p0_h2_fsm_clipfs_onezonefs_noend_pr1p0_pl1p0_pf1p0_pm1p0_dt1p0_fv0p03_hr1p0_hqtrapezoid_hp1p0_hc1p0_ci1p0_cp1p0_cn1p0_cd1p0_pg1p0,A33,OK,diagnostic_matched_wigley_sensitivity_not_hard_gate,wigley_iii,Fn0.4,0.4,2.1696064159197173,1.0,1.808005346599764,1.0,79.95,3,4,35,0.3,2.7,0.07500000000000001,-0.8647499999999999,0.8647499999999999,0.0704999999999999,0.07050000000000001,heave,heave_force,1.2,242.14243515056418,-2109.5874400449347,18.160682636292318,-158.21905800337012,0.06948871490797005,0.06948871490797005,0.0,0.1299376329482413,0.1299376329482413,0.0,0.0,0.1299376329482413,3.1578140309527973,1.442970125645579,0.002501552051370719,0.0010564422493424932,0.012984177839602309,0.007869988211607577,22.758567801546246,50948.76974175931,30870.2681456713,5852.078267818671,2674.1201447047133,50611.56308736309,30754.227950597826,1.2694324911924868,0.7485155024940947,0.00044436205616498717,0.0002715053445597519,advance_eq19_20,0.4287545791109953,0.06938230840405012,0.45211441149646914,0.06915457794345062,1.0544829921907994,0.9967177445398141,78.9850404442889,1.276802301426366e-15,a1_station_hull_matched_sweep_free_surface_marching_not_benchmark_validated,41,8,24,10,3.0,2,16,15.0,False,none,0.0,1.0,0.03,1.0,trapezoid,1.0,1.0,1.0,1.0,1.0,1.0,1.0,True,False,True,3.0,11,9,40,True,True,True,True,A1_GRID_RECOMMENDED,"A1 Section 3.3 recommends control radius about 3B, inner free-surface panels greater than 10, outer/free-surface proxy panels greater than 8, and roughly 60 stations at Fn=0.2 or 40 at Fn=0.3."
0,st41_bp8_fs24_cp10_r3p0_h2_fsm_clipfs_onezonefs_noend_pr1p0_pl1p0_pf1p0_pm1p0_dt1p0_fv0p03_hr1p0_hqtrapezoid_hp1p0_hc1p0_ci1p0_cp1p0_cn1p0_cd1p0_pg1p0,A33,OK,diagnostic_matched_wigley_sensitivity_not_hard_gate,wigley_iii,Fn0.4,0.4,2.1696064159197173,1.0,1.808005346599764,1.0,79.95,4,5,34,0.375,2.625,0.07499999999999998,-0.8652343749999999,0.8652343749999999,0.06953124999999993,0.06953125000000009,heave,heave_force,1.125,231.2187643795783,-738.6472473020563,17.341407328468367,-55.39854354765421,0.06635389946976906,0.06635389946976906,0.0,0.19785894013711083,0.19785894013711083,0.0,0.0,0.19785894013711083,2.523037115506068,1.0767415954990034,0.004205349349652992,0.0015726791220489855,0.013758449078285096,0.008509054334653586,6.517765352077863,15230.005037260376,8122.907432475356,4675.706209367232,1995.4234256077725,14494.510163460549,7874.0021913318715,1.093492554918967,0.597390114296473,0.000661336059326062,0.00038729616318055975,advance_eq19_20,0.3942325697843942,0.06761729305412144,0.41703137024973413,0.06746829148118826,1.057830839491036,0.9977963984329583,80.04292683338196,1.1316952870034114e-15,a1_station_hull_matched_sweep_free_surface_marching_not_benchmark_validated,41,8,24,10,3.0,2,16,15.0,False,none,0.0,1.0,0.03,1.0,trapezoid,1.0,1.0,1.0,1.0,1.0,1.0,1.0,True,False,True,3.0,11,9,40,True,True,True,True,A1_GRID_RECOMMENDED,"A1 Section 3.3 recommends control radius about 3B, inner free-surface panels greater than 10, outer/free-surface proxy panels greater than 8, and roughly 60 stations at Fn=0.2 or 40 at Fn=0.3."
0,st41_bp8_fs24_cp10_r3p0_h2_fsm_clipfs_onezonefs_noend_pr1p0_pl1p0_pf1p0_pm1p0_dt1p0_fv0p03_hr1p0_hqtrapezoid_hp1p0_hc1p0_ci1p0_cp1p0_cn1p0_cd1p0_pg1p0,A33,OK,diagnostic_matched_wigley_sensitivity_not_hard_gate,wigley_iii,Fn0.4,0.4,2.1696064159197173,1.0,1.808005346599764,1.0,79.95,5,6,33,0.44999999999999996,2.55,0.07500000000000001,-0.8656874999999999,0.8656874999999999,0.06862499999999994,0.06862500000000005,heave,heave_force,1.05,233.3087724179917,-460.015969522974,17.49815793134938,-34.50119771422305,0.06695367857352828,0.06695367857352828,0.0,0.26451272915875945,0.26451272915875945,0.0,0.0,0.26451272915875945,2.204091227260822,0.9118631953035268,0.002407036919711783,0.0014913860511909917,0.013744575794621891,0.009415801345204198,3.5199911449326478,8829.528298519295,4220.208516859775,4084.6339413632318,1689.8698707882293,7827.920256327125,3867.1048273324523,0.9879935518441177,0.4569947734701292,0.0008957036786210607,0.000510346929654426,advance_eq19_20,0.3612228310296074,0.06575568475636936,0.38345792127633765,0.06577562089232443,1.061555052274389,1.0003031849798072,81.06571677861561,5.584729970636903e-16,a1_station_hull_matched_sweep_free_surface_marching_not_benchmark_validated,41,8,24,10,3.0,2,16,15.0,False,none,0.0,1.0,0.03,1.0,trapezoid,1.0,1.0,1.0,1.0,1.0,1.0,1.0,True,False,True,3.0,11,9,40,True,True,True,True,A1_GRID_RECOMMENDED,"A1 Section 3.3 recommends control radius about 3B, inner free-surface panels greater than 10, outer/free-surface proxy panels greater than 8, and roughly 60 stations at Fn=0.2 or 40 at Fn=0.3."
0,st41_bp8_fs24_cp10_r3p0_h2_fsm_clipfs_onezonefs_noend_pr1p0_pl1p0_pf1p0_pm1p0_dt1p0_fv0p03_hr1p0_hqtrapezoid_hp1p0_hc1p0_ci1p0_cp1p0_cn1p0_cd1p0_pg1p0,A33,OK,diagnostic_matched_wigley_sensitivity_not_hard_gate,wigley_iii,Fn0.4,0.4,2.1696064159197173,1.0,1.808005346599764,1.0,79.95,6,7,32,0.525,2.475,0.07500000000000001,-0.866109375,0.866109375,0.0677812499999999,0.06778125000000006,heave,heave_force,0.975,238.58630933922763,-339.43052605219583,17.893973200442076,-25.45728945391469,0.06846819732489055,0.06846819732489055,0.0,0.3322236671079689,0.3322236671079689,0.0,0.0,0.3322236671079689,2.001056129793701,0.8159026822946799,0.00402042976825226,0.0019464622783303643,0.014683772759550105,0.010282921620413155,2.3285218369014813,6369.185963681162,2808.741362558057,3708.3681860510733,1512.0353221912167,5178.275314874384,2367.0186366377843,0.9288721166003224,0.34460466567502995,0.0011179381891342987,0.0006261243948167876,advance_eq19_20,0.3297934933390916,0.06377290399312785,0.35143426679996653,0.06399461763086647,1.06561916441033,1.0034766119128355,82.0454186369934,5.634209093200887e-16,a1_station_hull_matched_sweep_free_surface_marching_not_benchmark_validated,41,8,24,10,3.0,2,16,15.0,False,none,0.0,1.0,0.03,1.0,trapezoid,1.0,1.0,1.0,1.0,1.0,1.0,1.0,True,False,True,3.0,11,9,40,True,True,True,True,A1_GRID_RECOMMENDED,"A1 Section 3.3 recommends control radius about 3B, inner free-surface panels greater than 10, outer/free-surface proxy panels greater than 8, and roughly 60 stations at Fn=0.2 or 40 at Fn=0.3."
0,st41_bp8_fs24_cp10_r3p0_h2_fsm_clipfs_onezonefs_noend_pr1p0_pl1p0_pf1p0_pm1p0_dt1p0_fv0p03_hr1p0_hqtrapezoid_hp1p0_hc1p0_ci1p0_cp1p0_cn1p0_cd1p0_pg1p0,A33,OK,diagnostic_matched_wigley_sensitivity_not_hard_gate,wigley_iii,Fn0.4,0.4,2.1696064159197173,1.0,1.808005346599764,1.0,79.95,7,8,31,0.6,2.4,0.07499999999999996,-0.8664999999999999,0.8664999999999998,0.06699999999999995,0.06700000000000006,heave,heave_force,0.9,244.50371679988802,-270.7592806456169,18.33777875999159,-20.306946048421256,0.07016634263251675,0.07016634263251675,0.0,0.4015409370866726,0.4015409370866726,0.0,0.0,0.4015409370866726,1.8562036503535078,0.7522061401466145,0.00770226799016724,0.0027903637453959356,0.01672808761330608,0.011043455911670762,1.7027939495476623,5115.915430379108,2139.0239064350644,3439.9267773225693,1393.9925412085065,3786.7524948760806,1622.4081075228185,0.9236964710995494,0.345725753766418,0.0013180976394160625,0.0007298912906828561,advance_eq19_20,0.3000134228789211,0.061666893932652275,0.32102244733463775,0.06210591175258514,1.0700269483082276,1.0071191816538112,82.97650322796618,5.159968677041268e-16,a1_station_hull_matched_sweep_free_surface_marching_not_benchmark_validated,41,8,24,10,3.0,2,16,15.0,False,none,0.0,1.0,0.03,1.0,trapezoid,1.0,1.0,1.0,1.0,1.0,1.0,1.0,True,False,True,3.0,11,9,40,True,True,True,True,A1_GRID_RECOMMENDED,"A1 Section 3.3 recommends control radius about 3B, inner free-surface panels greater than 10, outer/free-surface proxy panels greater than 8, and roughly 60 stations at Fn=0.2 or 40 at Fn=0.3."
0,st41_bp8_fs24_cp10_r3p0_h2_fsm_clipfs_onezonefs_noend_pr1p0_pl1p0_pf1p0_pm1p0_dt1p0_fv0p03_hr1p0_hqtrapezoid_hp1p0_hc1p0_ci1p0_cp1p0_cn1p0_cd1p0_pg1p0,A33,OK,diagnostic_matched_wigley_sensitivity_not_hard_gate,wigley_iii,Fn0.4,0.4,2.1696064159197173,1.0,1.808005346599764,1.0,79.95,8,9,30,0.6749999999999999,2.325,0.07500000000000001,-0.866859375,0.866859375,0.06628124999999993,0.06628125000000007,heave,heave_force,0.8250000000000001,250.1699544070554,-225.45230580888634,18.762746580529157,-16.908922935666478,0.07179240858597286,0.07179240858597286,0.0,0.4725203126959173,0.4725203126959173,0.0,0.0,0.4725203126959173,1.74583159513458,0.7064701257864947,0.011392414675512464,0.004312364581865823,0.019349018670106712,0.011682867941996808,1.321514265333328,4370.87220243579,1769.7170173757206,3235.384679722768,1309.234308750865,2938.8449745165353,1190.715686626687,0.9761595705982529,0.4006439810641689,0.0014929584166737304,0.0008201852212432125,advance_eq19_20,0.27194100556532247,0.05944587217145917,0.29228064241575963,0.0601095293558618,1.074794298889034,1.011164058330046,83.85411691935546,5.275121342309762e-16,a1_station_hull_matched_sweep_free_surface_marching_not_benchmark_validated,41,8,24,10,3.0,2,16,15.0,False,none,0.0,1.0,0.03,1.0,trapezoid,1.0,1.0,1.0,1.0,1.0,1.0,1.0,True,False,True,3.0,11,9,40,True,True,True,True,A1_GRID_RECOMMENDED,"A1 Section 3.3 recommends control radius about 3B, inner free-surface panels greater than 10, outer/free-surface proxy panels greater than 8, and roughly 60 stations at Fn=0.2 or 40 at Fn=0.3."
0,st41_bp8_fs24_cp10_r3p0_h2_fsm_clipfs_onezonefs_noend_pr1p0_pl1p0_pf1p0_pm1p0_dt1p0_fv0p03_hr1p0_hqtrapezoid_hp1p0_hc1p0_ci1p0_cp1p0_cn1p0_cd1p0_pg1p0,A33,OK,diagnostic_matched_wigley_sensitivity_not_hard_gate,wigley_iii,Fn0.4,0.4,2.1696064159197173,1.0,1.808005346599764,1.0,79.95,9,10,29,0.75,2.25,0.07500000000000001,-0.8671874999999999,0.8671874999999999,0.06562499999999982,0.0656250000000001,heave,heave_force,0.75,255.2229112511863,-192.74844861265694,19.141718343838974,-14.456133645949272,0.07324247857211864,0.07324247857211864,0.0,0.5450377562749631,0.5450377562749631,0.0,0.0,0.5450377562749631,1.658094479354451,0.6718915380081234,0.014767204321298608,0.005685768019711271,0.022087482350133417,0.012202096872475717,1.0668175977953063,3882.07447301173,1545.0050895454035,3072.7897759364096,1245.1530803801713,2372.438662412576,914.6772836038788,1.0795801946142543,0.44639293391901447,0.0016419544018376432,0.0008968253425378834,advance_eq19_20,0.24561699286301203,0.05712356114654324,0.2652523725636132,0.05801401878230429,1.0799430832196224,1.0155882724726615,84.67363722110893,3.7453398596361575e-16,a1_station_hull_matched_sweep_free_surface_marching_not_benchmark_validated,41,8,24,10,3.0,2,16,15.0,False,none,0.0,1.0,0.03,1.0,trapezoid,1.0,1.0,1.0,1.0,1.0,1.0,1.0,True,False,True,3.0,11,9,40,True,True,True,True,A1_GRID_RECOMMENDED,"A1 Section 3.3 recommends control radius about 3B, inner free-surface panels greater than 10, outer/free-surface proxy panels greater than 8, and roughly 60 stations at Fn=0.2 or 40 at Fn=0.3."
0,st41_bp8_fs24_cp10_r3p0_h2_fsm_clipfs_onezonefs_noend_pr1p0_pl1p0_pf1p0_pm1p0_dt1p0_fv0p03_hr1p0_hqtrapezoid_hp1p0_hc1p0_ci1p0_cp1p0_cn1p0_cd1p0_pg1p0,A33,OK,diagnostic_matched_wigley_sensitivity_not_hard_gate,wigley_iii,Fn0.4,0.4,2.1696064159197173,1.0,1.808005346599764,1.0,79.95,10,11,28,0.825,2.175,0.07499999999999996,-0.8674843749999999,0.8674843749999999,0.06503124999999987,0.0650312500000001,heave,heave_force,0.675,259.5013628175758,-167.7503625684446,19.462602211318174,-12.581277192633337,0.07447028525936669,0.07447028525936669,0.0,0.6188941381907057,0.6188941381907057,0.0,0.0,0.6188941381907057,1.5862584147080092,0.6447745061328389,0.017743717537834543,0.006890409694734347,0.02468120493718756,0.012607080142770987,0.8859436315220828,3538.829754061243,1398.2954021983335,2939.66278725297,1194.89964830038,1970.2027117708626,726.2539929670802,1.220724905702459,0.563282417732226,0.0017656467070115076,0.000960167680960572,advance_eq19_20,0.22105891561910346,0.054716498657946054,0.23995946739454252,0.05583206402132087,1.0855000655481624,1.0203880984846754,85.43060038090825,4.3818013665222724e-16,a1_station_hull_matched_sweep_free_surface_marching_not_benchmark_validated,41,8,24,10,3.0,2,16,15.0,False,none,0.0,1.0,0.03,1.0,trapezoid,1.0,1.0,1.0,1.0,1.0,1.0,1.0,True,False,True,3.0,11,9,40,True,True,True,True,A1_GRID_RECOMMENDED,"A1 Section 3.3 recommends control radius about 3B, inner free-surface panels greater than 10, outer/free-surface proxy panels greater than 8, and roughly 60 stations at Fn=0.2 or 40 at Fn=0.3."
0,st41_bp8_fs24_cp10_r3p0_h2_fsm_clipfs_onezonefs_noend_pr1p0_pl1p0_pf1p0_pm1p0_dt1p0_fv0p03_hr1p0_hqtrapezoid_hp1p0_hc1p0_ci1p0_cp1p0_cn1p0_cd1p0_pg1p0,A33,OK,diagnostic_matched_wigley_sensitivity_not_hard_gate,wigley_iii,Fn0.4,0.4,2.1696064159197173,1.0,1.808005346599764,1.0,79.95,11,12,27,0.8999999999999999,2.1,0.07500000000000001,-0.8677499999999999,0.8677499999999999,0.06449999999999989,0.0645,heave,heave_force,0.6000000000000001,262.92701997587005,-147.94351285486042,19.719526498190255,-11.095763464114533,0.07545336166023443,0.07545336166023443,0.0,0.6938559616505063,0.6938559616505063,0.0,0.0,0.6938559616505063,1.5261197762521153,0.6229052005039222,0.0203025672685713,0.007922556633932156,0.02699938642230056,0.012905134531156498,0.7519871038242801,3285.6342274137637,1297.2555657562805,2828.213532890846,1154.3713312592865,1672.3039462746956,614.8541286623134,1.3857858594319536,0.6870180334421571,0.0018650739955470956,0.001010790220016332,advance_eq19_20,0.1982568959763107,0.05224192998897364,0.2163970144948022,0.0535778615845053,1.0914980456501198,1.0255720184115256,86.12073569235693,6.330534353256535e-16,a1_station_hull_matched_sweep_free_surface_marching_not_benchmark_validated,41,8,24,10,3.0,2,16,15.0,False,none,0.0,1.0,0.03,1.0,trapezoid,1.0,1.0,1.0,1.0,1.0,1.0,1.0,True,False,True,3.0,11,9,40,True,True,True,True,A1_GRID_RECOMMENDED,"A1 Section 3.3 recommends control radius about 3B, inner free-surface panels greater than 10, outer/free-surface proxy panels greater than 8, and roughly 60 stations at Fn=0.2 or 40 at Fn=0.3."
0,st41_bp8_fs24_cp10_r3p0_h2_fsm_clipfs_onezonefs_noend_pr1p0_pl1p0_pf1p0_pm1p0_dt1p0_fv0p03_hr1p0_hqtrapezoid_hp1p0_hc1p0_ci1p0_cp1p0_cn1p0_cd1p0_pg1p0,A33,OK,diagnostic_matched_wigley_sensitivity_not_hard_gate,wigley_iii,Fn0.4,0.4,2.1696064159197173,1.0,1.808005346599764,1.0,79.95,12,13,26,0.975,2.025,0.07500000000000007,-0.8679843749999999,0.8679843749999999,0.06403124999999998,0.0640312500000001,heave,heave_force,0.525,265.45627828626755,-131.92154866086332,19.909220871470083,-9.894116149564757,0.07617919441049383,0.07617919441049383,0.0,0.7696722396858705,0.7696722396858705,0.0,0.0,0.7696722396858705,1.474856481933558,0.6048531043883293,0.022448578619261885,0.008785978585397059,0.02898223971771936,0.013103577866622192,0.6498946910093923,3091.8024706433253,1224.6381087537047,2733.2121149232703,1120.9170878076036,1445.2660835682932,554.6219977087784,1.5633143123854074,0.8162272345128504,0.001941455800413084,0.0010493498525031598,advance_eq19_20,0.17717160937659418,0.04971580378352418,0.19453059064905825,0.0512649977725433,1.0979783461557093,1.0311609965266724,86.74002633334426,3.060648385149706e-16,a1_station_hull_matched_sweep_free_surface_marching_not_benchmark_validated,41,8,24,10,3.0,2,16,15.0,False,none,0.0,1.0,0.03,1.0,trapezoid,1.0,1.0,1.0,1.0,1.0,1.0,1.0,True,False,True,3.0,11,9,40,True,True,True,True,A1_GRID_RECOMMENDED,"A1 Section 3.3 recommends control radius about 3B, inner free-surface panels greater than 10, outer/free-surface proxy panels greater than 8, and roughly 60 stations at Fn=0.2 or 40 at Fn=0.3."
0,st41_bp8_fs24_cp10_r3p0_h2_fsm_clipfs_onezonefs_noend_pr1p0_pl1p0_pf1p0_pm1p0_dt1p0_fv0p03_hr1p0_hqtrapezoid_hp1p0_hc1p0_ci1p0_cp1p0_cn1p0_cd1p0_pg1p0,A33,OK,diagnostic_matched_wigley_sensitivity_not_hard_gate,wigley_iii,Fn0.4,0.4,2.1696064159197173,1.0,1.808005346599764,1.0,79.95,13,14,25,1.05,1.95,0.07500000000000001,-0.8681874999999999,0.8681874999999999,0.06362499999999982,0.0636250000000001,heave,heave_force,0.44999999999999996,267.059084376348,-118.84198552545821,20.029431328226103,-8.913148914409367,0.07663915895729906,0.07663915895729906,0.0,0.846081416369767,0.846081416369767,0.0,0.0,0.846081416369767,1.4304592850670346,0.5896359775580652,0.02419686732227013,0.009487834813528618,0.03060687804816434,0.013209204190362445,0.5706333690078241,2939.0168428333563,1170.5394436862907,2650.934986381836,1092.7166249718744,1269.0010640006903,503.7890872010098,1.7446508759870827,0.9495090459643613,0.0019960533737225423,0.001076516014440931,advance_eq19_20,0.15773547677270328,0.04715083859352601,0.1742967370534034,0.04890451199270596,1.1049938835545847,1.037192835832632,87.28477208365122,4.763679451417764e-16,a1_station_hull_matched_sweep_free_surface_marching_not_benchmark_validated,41,8,24,10,3.0,2,16,15.0,False,none,0.0,1.0,0.03,1.0,trapezoid,1.0,1.0,1.0,1.0,1.0,1.0,1.0,True,False,True,3.0,11,9,40,True,True,True,True,A1_GRID_RECOMMENDED,"A1 Section 3.3 recommends control radius about 3B, inner free-surface panels greater than 10, outer/free-surface proxy panels greater than 8, and roughly 60 stations at Fn=0.2 or 40 at Fn=0.3."
0,st41_bp8_fs24_cp10_r3p0_h2_fsm_clipfs_onezonefs_noend_pr1p0_pl1p0_pf1p0_pm1p0_dt1p0_fv0p03_hr1p0_hqtrapezoid_hp1p0_hc1p0_ci1p0_cp1p0_cn1p0_cd1p0_pg1p0,A33,OK,diagnostic_matched_wigley_sensitivity_not_hard_gate,wigley_iii,Fn0.4,0.4,2.1696064159197173,1.0,1.808005346599764,1.0,79.95,14,15,24,1.125,1.875,0.07499999999999996,-0.8683593749999999,0.8683593749999999,0.06328124999999996,0.06328125000000007,heave,heave_force,0.375,267.7096611777172,-108.16609281767961,20.078224588328776,-8.112456961325966,0.07682585793820242,0.07682585793820242,0.0,0.9228139248175176,0.9228139248175176,0.0,0.0,0.9228139248175176,1.3914270873010368,0.5765452624269861,0.02556683155921649,0.010036669905767449,0.0318696637686751,0.013228120205256703,0.5084736283194425,2815.6374583960405,1128.92593051974,2578.6003035751114,1068.4568399503737,1130.7673374860362,460.4133189899088,1.9235265485208792,1.085212194219124,0.002030107716584227,0.0010929419089242241,advance_eq19_20,0.13985788599872817,0.04455492568129098,0.15560752511683454,0.046503259767548634,1.1126117344448463,1.0437288146364427,87.75164677623461,3.2316469104937547e-16,a1_station_hull_matched_sweep_free_surface_marching_not_benchmark_validated,41,8,24,10,3.0,2,16,15.0,False,none,0.0,1.0,0.03,1.0,trapezoid,1.0,1.0,1.0,1.0,1.0,1.0,1.0,True,False,True,3.0,11,9,40,True,True,True,True,A1_GRID_RECOMMENDED,"A1 Section 3.3 recommends control radius about 3B, inner free-surface panels greater than 10, outer/free-surface proxy panels greater than 8, and roughly 60 stations at Fn=0.2 or 40 at Fn=0.3."
0,st41_bp8_fs24_cp10_r3p0_h2_fsm_clipfs_onezonefs_noend_pr1p0_pl1p0_pf1p0_pm1p0_dt1p0_fv0p03_hr1p0_hqtrapezoid_hp1p0_hc1p0_ci1p0_cp1p0_cn1p0_cd1p0_pg1p0,A33,OK,diagnostic_matched_wigley_sensitivity_not_hard_gate,wigley_iii,Fn0.4,0.4,2.1696064159197173,1.0,1.808005346599764,1.0,79.95,15,16,23,1.2,1.8,0.07499999999999996,-0.8684999999999999,0.8684999999999998,0.06299999999999994,0.06300000000000008,heave,heave_force,0.30000000000000004,267.38291294077396,-99.5233094705054,20.053718470558035,-7.4642482102879,0.07673208951190608,0.07673208951190608,0.0,0.9995928985425719,0.9995928985425719,0.0,0.0,0.9995928985425719,1.3565936295120749,0.5650489508396993,0.026579341278236066,0.010441421609363892,0.03277709485389912,0.013165747438293249,0.45961011913147487,2713.876259163335,1095.9406978178883,2514.046748704036,1047.1518123139826,1022.1023898715054,423.20126424661527,2.095557228192143,1.2213153043379374,0.0020448178298399463,0.0010992553250042047,advance_eq19_20,0.12343432943182168,0.04193031832284324,0.13835925318386735,0.04406293205015795,1.1209138804475733,1.0508609000030626,88.13774872231025,1.7808616789428308e-16,a1_station_hull_matched_sweep_free_surface_marching_not_benchmark_validated,41,8,24,10,3.0,2,16,15.0,False,none,0.0,1.0,0.03,1.0,trapezoid,1.0,1.0,1.0,1.0,1.0,1.0,1.0,True,False,True,3.0,11,9,40,True,True,True,True,A1_GRID_RECOMMENDED,"A1 Section 3.3 recommends control radius about 3B, inner free-surface panels greater than 10, outer/free-surface proxy panels greater than 8, and roughly 60 stations at Fn=0.2 or 40 at Fn=0.3."
0,st41_bp8_fs24_cp10_r3p0_h2_fsm_clipfs_onezonefs_noend_pr1p0_pl1p0_pf1p0_pm1p0_dt1p0_fv0p03_hr1p0_hqtrapezoid_hp1p0_hc1p0_ci1p0_cp1p0_cn1p0_cd1p0_pg1p0,A33,OK,diagnostic_matched_wigley_sensitivity_not_hard_gate,wigley_iii,Fn0.4,0.4,2.1696064159197173,1.0,1.808005346599764,1.0,79.95,16,17,22,1.275,1.725,0.07499999999999996,-0.8686093749999999,0.8686093749999999,0.0627812499999999,0.06278125000000001,heave,heave_force,0.2250000000000001,266.05375472956507,-92.63554446009348,19.95403160471737,-6.947665834507007,0.0763506549403538,0.0763506549403538,0.0,1.076134270768702,1.076134270768702,0.0,0.0,1.076134270768702,1.3250243471886076,0.5547346758758872,0.027255424099613484,0.010710950655575426,0.03334105458213764,0.013026916980471752,0.42141049546673925,2628.2965583035484,1069.0203177161657,2455.542381694161,1028.0373414260885,937.152287568058,391.2425463991718,2.2577441772451476,1.3553922654970025,0.0020413190310578718,0.001096049025683275,advance_eq19_20,0.1083580567893562,0.03927405284865829,0.12244405828135448,0.04158014647556326,1.129994962159398,1.0587179946971974,88.44064379627237,3.520834390282433e-16,a1_station_hull_matched_sweep_free_surface_marching_not_benchmark_validated,41,8,24,10,3.0,2,16,15.0,False,none,0.0,1.0,0.03,1.0,trapezoid,1.0,1.0,1.0,1.0,1.0,1.0,1.0,True,False,True,3.0,11,9,40,True,True,True,True,A1_GRID_RECOMMENDED,"A1 Section 3.3 recommends control radius about 3B, inner free-surface panels greater than 10, outer/free-surface proxy panels greater than 8, and roughly 60 stations at Fn=0.2 or 40 at Fn=0.3."
0,st41_bp8_fs24_cp10_r3p0_h2_fsm_clipfs_onezonefs_noend_pr1p0_pl1p0_pf1p0_pm1p0_dt1p0_fv0p03_hr1p0_hqtrapezoid_hp1p0_hc1p0_ci1p0_cp1p0_cn1p0_cd1p0_pg1p0,A33,OK,diagnostic_matched_wigley_sensitivity_not_hard_gate,wigley_iii,Fn0.4,0.4,2.1696064159197173,1.0,1.808005346599764,1.0,79.95,17,18,21,1.3499999999999999,1.6500000000000001,0.07500000000000007,-0.8686874999999998,0.8686875,0.0626249999999999,0.06262500000000004,heave,heave_force,0.15000000000000013,263.6980243978332,-87.2727684208932,19.777351829837507,-6.545457631566996,0.07567462030264166,0.07567462030264166,0.0,1.1521469083901996,1.1521469083901996,0.0,0.0,1.1521469083901996,1.2959529193627393,0.5452750036285052,0.027615726382990997,0.010853856775129714,0.033576334887580564,0.012816000401446306,0.39198067622648314,2554.9704570578406,1046.4064021902861,2401.6670523281405,1010.5066249757317,871.7048848089654,363.85355313921076,2.407954800996601,1.4846514241498034,0.0020206841500476566,0.0010838824218630406,advance_eq19_20,0.09453172648103539,0.03657979900501051,0.1077620444830636,0.039047855466110185,1.1399563775520638,1.0674704762801352,88.65840109908919,2.8388579820921424e-16,a1_station_hull_matched_sweep_free_surface_marching_not_benchmark_validated,41,8,24,10,3.0,2,16,15.0,False,none,0.0,1.0,0.03,1.0,trapezoid,1.0,1.0,1.0,1.0,1.0,1.0,1.0,True,False,True,3.0,11,9,40,True,True,True,True,A1_GRID_RECOMMENDED,"A1 Section 3.3 recommends control radius about 3B, inner free-surface panels greater than 10, outer/free-surface proxy panels greater than 8, and roughly 60 stations at Fn=0.2 or 40 at Fn=0.3."
0,st41_bp8_fs24_cp10_r3p0_h2_fsm_clipfs_onezonefs_noend_pr1p0_pl1p0_pf1p0_pm1p0_dt1p0_fv0p03_hr1p0_hqtrapezoid_hp1p0_hc1p0_ci1p0_cp1p0_cn1p0_cd1p0_pg1p0,A33,OK,diagnostic_matched_wigley_sensitivity_not_hard_gate,wigley_iii,Fn0.4,0.4,2.1696064159197173,1.0,1.808005346599764,1.0,79.95,18,19,20,1.425,1.575,0.07500000000000007,-0.8687343749999998,0.868734375,0.06253124999999993,0.06253125000000004,heave,heave_force,0.07499999999999996,260.2942472428107,-83.22605144150496,19.522068543210818,-6.241953858112878,0.07469782290573537,0.07469782290573537,0.0,1.2273331299943882,1.2273331299943882,0.0,0.0,1.2273331299943882,1.2687413105967935,0.5364056122715548,0.0276804834426166,0.010878475963923918,0.03349905182179185,0.012536661248923078,0.369897554595115,2490.9807279283,1026.8610050445325,2351.238349836269,994.0698203064184,822.5954103746396,340.48210888459863,2.5444020295863066,1.6060360631909079,0.001984669578388363,0.001063674129226045,advance_eq19_20,0.08187619628939359,0.03384090347248913,0.09423103283038112,0.03645794614797943,1.1508965621377796,1.0773337117792325,88.78962105356729,2.996741782180463e-16,a1_station_hull_matched_sweep_free_surface_marching_not_benchmark_validated,41,8,24,10,3.0,2,16,15.0,False,none,0.0,1.0,0.03,1.0,trapezoid,1.0,1.0,1.0,1.0,1.0,1.0,1.0,True,False,True,3.0,11,9,40,True,True,True,True,A1_GRID_RECOMMENDED,"A1 Section 3.3 recommends control radius about 3B, inner free-surface panels greater than 10, outer/free-surface proxy panels greater than 8, and roughly 60 stations at Fn=0.2 or 40 at Fn=0.3."
0,st41_bp8_fs24_cp10_r3p0_h2_fsm_clipfs_onezonefs_noend_pr1p0_pl1p0_pf1p0_pm1p0_dt1p0_fv0p03_hr1p0_hqtrapezoid_hp1p0_hc1p0_ci1p0_cp1p0_cn1p0_cd1p0_pg1p0,A33,OK,diagnostic_matched_wigley_sensitivity_not_hard_gate,wigley_iii,Fn0.4,0.4,2.1696064159197173,1.0,1.808005346599764,1.0,79.95,19,20,19,1.5,1.5,0.07499999999999996,-0.8687499999999999,0.8687499999999999,0.062499999999999944,0.06250000000000003,heave,heave_force,0.0,255.825845849441,-79.69718623168438,19.186938438708065,-5.977288967376325,0.07341550545350856,0.07341550545350856,0.0,1.3013897941740102,1.3013897941740102,0.0,0.0,1.3013897941740102,1.2428543923658508,0.5279113659380963,0.027469597923861867,0.010792941261325833,0.03312629234486196,0.012192217114847225,0.3512924784603571,2432.145816373109,1009.0687067540639,2303.2645711035207,978.3282364505342,781.2205755102281,317.82698184902654,2.665204569214026,1.7163706462424366,0.0019353522460831773,0.0010365124944033504,advance_eq19_20,0.07033431298544002,0.0310539468952743,0.08179157848221096,0.03380448229361541,1.1628972404854898,1.0885728119397176,88.83345571237246,3.961991469166685e-16,a1_station_hull_matched_sweep_free_surface_marching_not_benchmark_validated,41,8,24,10,3.0,2,16,15.0,False,none,0.0,1.0,0.03,1.0,trapezoid,1.0,1.0,1.0,1.0,1.0,1.0,1.0,True,False,True,3.0,11,9,40,True,True,True,True,A1_GRID_RECOMMENDED,"A1 Section 3.3 recommends control radius about 3B, inner free-surface panels greater than 10, outer/free-surface proxy panels greater than 8, and roughly 60 stations at Fn=0.2 or 40 at Fn=0.3."
0,st41_bp8_fs24_cp10_r3p0_h2_fsm_clipfs_onezonefs_noend_pr1p0_pl1p0_pf1p0_pm1p0_dt1p0_fv0p03_hr1p0_hqtrapezoid_hp1p0_hc1p0_ci1p0_cp1p0_cn1p0_cd1p0_pg1p0,A33,OK,diagnostic_matched_wigley_sensitivity_not_hard_gate,wigley_iii,Fn0.4,0.4,2.1696064159197173,1.0,1.808005346599764,1.0,79.95,20,21,18,1.575,1.425,0.07499999999999996,-0.8687343749999998,0.868734375,0.06253124999999993,0.06253125000000004,heave,heave_force,-0.07499999999999996,250.35754355671855,-76.22862253270067,18.77681576675388,-5.717146689952547,0.07184624189665487,0.07184624189665487,0.0,1.3740206678490918,1.3740206678490918,0.0,0.0,1.3740206678490918,1.2182258644770112,0.519733754382184,0.027022059366639026,0.010612897123089894,0.03249944406438728,0.011793487662077804,0.33407474371476,2376.7219775599533,992.4105044338783,2257.6228482490696,963.1734418996413,742.9309750442853,294.28243503561316,2.7642469592413863,1.8080676601454653,0.001873618208354272,0.0010028579332380075,advance_eq19_20,0.06005228688029294,0.028317978968917853,0.07062024265417575,0.03117748609337929,1.1759792394742397,1.100978503006873,88.78962105356736,2.391915333444074e-16,a1_station_hull_matched_sweep_free_surface_marching_not_benchmark_validated,41,8,24,10,3.0,2,16,15.0,False,none,0.0,1.0,0.03,1.0,trapezoid,1.0,1.0,1.0,1.0,1.0,1.0,1.0,True,False,True,3.0,11,9,40,True,True,True,True,A1_GRID_RECOMMENDED,"A1 Section 3.3 recommends control radius about 3B, inner free-surface panels greater than 10, outer/free-surface proxy panels greater than 8, and roughly 60 stations at Fn=0.2 or 40 at Fn=0.3."
0,st41_bp8_fs24_cp10_r3p0_h2_fsm_clipfs_onezonefs_noend_pr1p0_pl1p0_pf1p0_pm1p0_dt1p0_fv0p03_hr1p0_hqtrapezoid_hp1p0_hc1p0_ci1p0_cp1p0_cn1p0_cd1p0_pg1p0,A33,OK,diagnostic_matched_wigley_sensitivity_not_hard_gate,wigley_iii,Fn0.4,0.4,2.1696064159197173,1.0,1.808005346599764,1.0,79.95,21,22,17,1.65,1.35,0.07499999999999996,-0.8686874999999998,0.8686875,0.0626249999999999,0.06262500000000004,heave,heave_force,-0.1499999999999999,243.9192046085879,-73.65472059470477,18.29394034564408,-5.524104044602854,0.06999860251296178,0.06999860251296178,0.0,1.4449430900539,1.4449430900539,0.0,0.0,1.4449430900539,1.1946437834741443,0.5117829566020367,0.026364787820713782,0.010349212091323072,0.031646955768864726,0.011347588431800759,0.3222028981966059,2326.984859822737,977.1822713499996,2213.9204064985092,948.4389798809951,716.5298120341656,274.41457393548205,2.836688738488518,1.8766559163832477,0.001799665519346674,0.0009628071839890797,advance_eq19_20,0.05107817099665273,0.025724441733864692,0.06079425078848465,0.02866260380247618,1.19021980627436,1.1142167475978138,88.65840109908919,3.302950735316053e-16,a1_station_hull_matched_sweep_free_surface_marching_not_benchmark_validated,41,8,24,10,3.0,2,16,15.0,False,none,0.0,1.0,0.03,1.0,trapezoid,1.0,1.0,1.0,1.0,1.0,1.0,1.0,True,False,True,3.0,11,9,40,True,True,True,True,A1_GRID_RECOMMENDED,"A1 Section 3.3 recommends control radius about 3B, inner free-surface panels greater than 10, outer/free-surface proxy panels greater than 8, and roughly 60 stations at Fn=0.2 or 40 at Fn=0.3."
0,st41_bp8_fs24_cp10_r3p0_h2_fsm_clipfs_onezonefs_noend_pr1p0_pl1p0_pf1p0_pm1p0_dt1p0_fv0p03_hr1p0_hqtrapezoid_hp1p0_hc1p0_ci1p0_cp1p0_cn1p0_cd1p0_pg1p0,A33,OK,diagnostic_matched_wigley_sensitivity_not_hard_gate,wigley_iii,Fn0.4,0.4,2.1696064159197173,1.0,1.808005346599764,1.0,79.95,22,23,16,1.7249999999999999,1.2750000000000001,0.07499999999999996,-0.8686093749999999,0.8686093749999999,0.0627812499999999,0.06278125000000001,heave,heave_force,-0.22499999999999987,236.463546289618,-72.37374129593623,17.734765971721338,-5.428030597195214,0.06785901836672986,0.06785901836672986,0.0,1.5138719004937458,1.5138719004937458,0.0,0.0,1.5138719004937458,1.1715207404494128,0.503865099256541,0.025501771317540122,0.010003694173466322,0.030570661730635985,0.010853534055409623,0.3177402306371789,2283.1623852958573,963.255403331831,2171.068656444679,933.7655632563681,706.6055240608898,260.80434542244325,2.882732168833522,1.9235228585581305,0.001713931645914652,0.0009165836997304148,advance_eq19_20,0.04324317106539214,0.023267957571368514,0.052143671274006445,0.02625578458586162,1.205824410868366,1.128409509314632,88.44064379627237,5.201770880400454e-16,a1_station_hull_matched_sweep_free_surface_marching_not_benchmark_validated,41,8,24,10,3.0,2,16,15.0,False,none,0.0,1.0,0.03,1.0,trapezoid,1.0,1.0,1.0,1.0,1.0,1.0,1.0,True,False,True,3.0,11,9,40,True,True,True,True,A1_GRID_RECOMMENDED,"A1 Section 3.3 recommends control radius about 3B, inner free-surface panels greater than 10, outer/free-surface proxy panels greater than 8, and roughly 60 stations at Fn=0.2 or 40 at Fn=0.3."
0,st41_bp8_fs24_cp10_r3p0_h2_fsm_clipfs_onezonefs_noend_pr1p0_pl1p0_pf1p0_pm1p0_dt1p0_fv0p03_hr1p0_hqtrapezoid_hp1p0_hc1p0_ci1p0_cp1p0_cn1p0_cd1p0_pg1p0,A33,OK,diagnostic_matched_wigley_sensitivity_not_hard_gate,wigley_iii,Fn0.4,0.4,2.1696064159197173,1.0,1.808005346599764,1.0,79.95,23,24,15,1.7999999999999998,1.2000000000000002,0.07500000000000007,-0.8684999999999999,0.8684999999999998,0.06299999999999994,0.06300000000000008,heave,heave_force,-0.2999999999999998,227.96531646631502,-72.02112508690504,17.09739873497364,-5.401584381517883,0.06542024273846507,0.06542024273846507,0.0,1.5805115310463431,1.5805115310463431,0.0,0.0,1.5805115310463431,1.1483828771175453,0.49582935614625523,0.02444053272457282,0.00957955499191796,0.029276738203853205,0.010311518502351095,0.31933878106967295,2243.5503493191572,950.1318629292483,2128.189441316445,918.8736800863867,710.1604549672629,256.0963586626224,2.9029093516966915,1.949897048142695,0.0016171072047668526,0.0008645445329801557,advance_eq19_20,0.03640272691334238,0.02094264452417607,0.044522517884895474,0.02395237739650518,1.2230544703665323,1.143713124140301,88.13774872231025,4.487537814242437e-16,a1_station_hull_matched_sweep_free_surface_marching_not_benchmark_validated,41,8,24,10,3.0,2,16,15.0,False,none,0.0,1.0,0.03,1.0,trapezoid,1.0,1.0,1.0,1.0,1.0,1.0,1.0,True,False,True,3.0,11,9,40,True,True,True,True,A1_GRID_RECOMMENDED,"A1 Section 3.3 recommends control radius about 3B, inner free-surface panels greater than 10, outer/free-surface proxy panels greater than 8, and roughly 60 stations at Fn=0.2 or 40 at Fn=0.3."
0,st41_bp8_fs24_cp10_r3p0_h2_fsm_clipfs_onezonefs_noend_pr1p0_pl1p0_pf1p0_pm1p0_dt1p0_fv0p03_hr1p0_hqtrapezoid_hp1p0_hc1p0_ci1p0_cp1p0_cn1p0_cd1p0_pg1p0,A33,OK,diagnostic_matched_wigley_sensitivity_not_hard_gate,wigley_iii,Fn0.4,0.4,2.1696064159197173,1.0,1.808005346599764,1.0,79.95,24,25,14,1.875,1.125,0.07500000000000007,-0.8683593749999999,0.8683593749999999,0.06328124999999996,0.06328125000000007,heave,heave_force,-0.375,218.42090623036086,-72.25826530191651,16.38156796727708,-5.419369897643743,0.06268123996334829,0.06268123996334829,0.0,1.6445622723972502,1.6445622723972502,0.0,0.0,1.6445622723972502,1.1248497470253276,0.487561871507529,0.023192452359761202,0.00908155681968837,0.027775935102080575,0.009722927146796546,0.32584957421699623,2206.9360207417476,937.4359993485652,2084.5777156617637,903.5523322458945,724.6394600170506,263.26273058920816,2.8979081078519626,1.9568643014777816,0.0015101524067618935,0.0008071885885658559,advance_eq19_20,0.030433166325455372,0.018742538916295168,0.03780557103435871,0.021747545681586947,1.2422490197063984,1.1603308270406825,87.75164677623461,2.871119273644082e-16,a1_station_hull_matched_sweep_free_surface_marching_not_benchmark_validated,41,8,24,10,3.0,2,16,15.0,False,none,0.0,1.0,0.03,1.0,trapezoid,1.0,1.0,1.0,1.0,1.0,1.0,1.0,True,False,True,3.0,11,9,40,True,True,True,True,A1_GRID_RECOMMENDED,"A1 Section 3.3 recommends control radius about 3B, inner free-surface panels greater than 10, outer/free-surface proxy panels greater than 8, and roughly 60 stations at Fn=0.2 or 40 at Fn=0.3."
0,st41_bp8_fs24_cp10_r3p0_h2_fsm_clipfs_onezonefs_noend_pr1p0_pl1p0_pf1p0_pm1p0_dt1p0_fv0p03_hr1p0_hqtrapezoid_hp1p0_hc1p0_ci1p0_cp1p0_cn1p0_cd1p0_pg1p0,A33,OK,diagnostic_matched_wigley_sensitivity_not_hard_gate,wigley_iii,Fn0.4,0.4,2.1696064159197173,1.0,1.808005346599764,1.0,79.95,25,26,13,1.95,1.05,0.07499999999999996,-0.8681874999999999,0.8681874999999999,0.0636249999999999,0.06362500000000004,heave,heave_force,-0.44999999999999996,207.84819055005505,-72.76081845345564,15.58861429125412,-5.45706138400917,0.059647139702256144,0.059647139702256144,0.0,1.7057264622300519,1.7057264622300519,0.0,0.0,1.7057264622300519,1.1006210299082557,0.47898295420939035,0.02177312860530284,0.008516176483169978,0.026083850017889855,0.009090348724199986,0.3362502211032638,2172.427280228216,924.8509097497149,2039.676924320622,887.6538356942459,747.7689029865662,275.58591143282985,2.8684766776098183,1.9453853365455764,0.0013943196312864213,0.0007451679907816754,advance_eq19_20,0.02522877851077934,0.01666192243053186,0.03188558184924892,0.019636596433527737,1.2638575361714546,1.1785312598470021,87.28477208365148,4.3635849348660647e-16,a1_station_hull_matched_sweep_free_surface_marching_not_benchmark_validated,41,8,24,10,3.0,2,16,15.0,False,none,0.0,1.0,0.03,1.0,trapezoid,1.0,1.0,1.0,1.0,1.0,1.0,1.0,True,False,True,3.0,11,9,40,True,True,True,True,A1_GRID_RECOMMENDED,"A1 Section 3.3 recommends control radius about 3B, inner free-surface panels greater than 10, outer/free-surface proxy panels greater than 8, and roughly 60 stations at Fn=0.2 or 40 at Fn=0.3."
0,st41_bp8_fs24_cp10_r3p0_h2_fsm_clipfs_onezonefs_noend_pr1p0_pl1p0_pf1p0_pm1p0_dt1p0_fv0p03_hr1p0_hqtrapezoid_hp1p0_hc1p0_ci1p0_cp1p0_cn1p0_cd1p0_pg1p0,A33,OK,diagnostic_matched_wigley_sensitivity_not_hard_gate,wigley_iii,Fn0.4,0.4,2.1696064159197173,1.0,1.808005346599764,1.0,79.95,26,27,12,2.025,0.9750000000000001,0.07500000000000007,-0.8679843749999999,0.8679843749999999,0.06403124999999998,0.0640312500000001,heave,heave_force,-0.5249999999999999,196.28674176403945,-73.20433079408976,14.721505632302971,-5.4903248095567365,0.05632929820902524,0.05632929820902524,0.0,1.7637146811856927,1.7637146811856927,0.0,0.0,1.7637146811856927,1.0754702777189924,0.47004807081911076,0.020202838370534007,0.00789181361641144,0.024221297198744395,0.008417593943357799,0.3495633077918157,2139.30592913271,912.0550083413741,1993.0674125306982,871.0956608298532,777.3751652391232,290.0712576331199,2.8153743831915437,1.9163144084931942,0.0012711874333622346,0.0006793052525251594,advance_eq19_20,0.020699271002650323,0.01469557605593277,0.02667083198334449,0.017615243432063932,1.288491366673231,1.1986766197540422,86.74002633334426,4.109179799999122e-16,a1_station_hull_matched_sweep_free_surface_marching_not_benchmark_validated,41,8,24,10,3.0,2,16,15.0,False,none,0.0,1.0,0.03,1.0,trapezoid,1.0,1.0,1.0,1.0,1.0,1.0,1.0,True,False,True,3.0,11,9,40,True,True,True,True,A1_GRID_RECOMMENDED,"A1 Section 3.3 recommends control radius about 3B, inner free-surface panels greater than 10, outer/free-surface proxy panels greater than 8, and roughly 60 stations at Fn=0.2 or 40 at Fn=0.3."
0,st41_bp8_fs24_cp10_r3p0_h2_fsm_clipfs_onezonefs_noend_pr1p0_pl1p0_pf1p0_pm1p0_dt1p0_fv0p03_hr1p0_hqtrapezoid_hp1p0_hc1p0_ci1p0_cp1p0_cn1p0_cd1p0_pg1p0,A33,OK,diagnostic_matched_wigley_sensitivity_not_hard_gate,wigley_iii,Fn0.4,0.4,2.1696064159197173,1.0,1.808005346599764,1.0,79.95,27,28,11,2.1,0.8999999999999999,0.07499999999999996,-0.8677499999999999,0.8677499999999999,0.06449999999999989,0.06450000000000003,heave,heave_force,-0.6000000000000001,183.7986370576748,-73.24402973629714,13.784897779325602,-5.493302230222282,0.052745530055616344,0.052745530055616344,0.0,1.818252095318014,1.818252095318014,0.0,0.0,1.818252095318014,1.0492474231386055,0.4607542006981649,0.018507190846026682,0.007219085118676322,0.022214851063642037,0.00770972786230773,0.364740809221365,2106.8687058301466,898.6401159593395,1944.4710747141391,853.8722097888475,811.1275998302837,305.9947497154198,2.7393506805972576,1.8704190864129513,0.0011427140042022277,0.0006106203000356705,advance_eq19_20,0.01676757127236355,0.01283897770242788,0.02208301733554808,0.015679820492929278,1.3170075127067145,1.221267055395243,86.12073569235677,4.897408521985951e-16,a1_station_hull_matched_sweep_free_surface_marching_not_benchmark_validated,41,8,24,10,3.0,2,16,15.0,False,none,0.0,1.0,0.03,1.0,trapezoid,1.0,1.0,1.0,1.0,1.0,1.0,1.0,True,False,True,3.0,11,9,40,True,True,True,True,A1_GRID_RECOMMENDED,"A1 Section 3.3 recommends control radius about 3B, inner free-surface panels greater than 10, outer/free-surface proxy panels greater than 8, and roughly 60 stations at Fn=0.2 or 40 at Fn=0.3."
0,st41_bp8_fs24_cp10_r3p0_h2_fsm_clipfs_onezonefs_noend_pr1p0_pl1p0_pf1p0_pm1p0_dt1p0_fv0p03_hr1p0_hqtrapezoid_hp1p0_hc1p0_ci1p0_cp1p0_cn1p0_cd1p0_pg1p0,A33,OK,diagnostic_matched_wigley_sensitivity_not_hard_gate,wigley_iii,Fn0.4,0.4,2.1696064159197173,1.0,1.808005346599764,1.0,79.95,28,29,10,2.175,0.8250000000000002,0.07499999999999996,-0.8674843749999999,0.8674843749999999,0.06503124999999987,0.0650312500000001,heave,heave_force,-0.6749999999999998,170.47024727165103,-72.4824429513886,12.78526854537382,-5.436183221354142,0.04892062147465072,0.04892062147465072,0.0,1.869085171083147,1.869085171083147,0.0,0.0,1.869085171083147,1.0218946246650906,0.4511550949864348,0.0167181342893556,0.006511277496625404,0.020097701376406082,0.006973125056366699,0.38047260514840053,2074.2015601511202,883.9831566526522,1893.7807186824439,836.0830944782284,846.1127003419506,322.4672746590453,2.6411441465070697,1.808402355611073,0.0010113249684439469,0.0005403748544183951,advance_eq19_20,0.013367935678411746,0.011088453599610144,0.018055422949669633,0.01382745583423835,1.350651542917568,1.247013905953893,85.43060038090854,3.573845807627647e-16,a1_station_hull_matched_sweep_free_surface_marching_not_benchmark_validated,41,8,24,10,3.0,2,16,15.0,False,none,0.0,1.0,0.03,1.0,trapezoid,1.0,1.0,1.0,1.0,1.0,1.0,1.0,True,False,True,3.0,11,9,40,True,True,True,True,A1_GRID_RECOMMENDED,"A1 Section 3.3 recommends control radius about 3B, inner free-surface panels greater than 10, outer/free-surface proxy panels greater than 8, and roughly 60 stations at Fn=0.2 or 40 at Fn=0.3."
0,st41_bp8_fs24_cp10_r3p0_h2_fsm_clipfs_onezonefs_noend_pr1p0_pl1p0_pf1p0_pm1p0_dt1p0_fv0p03_hr1p0_hqtrapezoid_hp1p0_hc1p0_ci1p0_cp1p0_cn1p0_cd1p0_pg1p0,A33,OK,diagnostic_matched_wigley_sensitivity_not_hard_gate,wigley_iii,Fn0.4,0.4,2.1696064159197173,1.0,1.808005346599764,1.0,79.95,29,30,9,2.25,0.75,0.07499999999999996,-0.8671874999999999,0.8671874999999999,0.06562499999999982,0.0656250000000001,heave,heave_force,-0.75,156.4157553395026,-70.41081008267864,11.731181650462688,-5.280810756200895,0.044887340061410784,0.044887340061410784,0.0,1.915989151851178,1.915989151851178,0.0,0.0,1.915989151851178,0.993486043963296,0.4413932328768969,0.014875624768714858,0.0057850943400859335,0.01791106504028299,0.006215536694318134,0.3948341333679937,2039.790759776686,867.0290272077584,1841.1337812393344,817.9923581192439,878.0505357037831,338.18037467167176,2.521500179973219,1.7309303915409078,0.0008801138125138663,0.0004701736057792394,advance_eq19_20,0.010444333502797888,0.009441283828027607,0.014531358811155599,0.012056212427417804,1.3913150903562064,1.2769674810143365,84.67363722110893,3.206273539073249e-16,a1_station_hull_matched_sweep_free_surface_marching_not_benchmark_validated,41,8,24,10,3.0,2,16,15.0,False,none,0.0,1.0,0.03,1.0,trapezoid,1.0,1.0,1.0,1.0,1.0,1.0,1.0,True,False,True,3.0,11,9,40,True,True,True,True,A1_GRID_RECOMMENDED,"A1 Section 3.3 recommends control radius about 3B, inner free-surface panels greater than 10, outer/free-surface proxy panels greater than 8, and roughly 60 stations at Fn=0.2 or 40 at Fn=0.3."
0,st41_bp8_fs24_cp10_r3p0_h2_fsm_clipfs_onezonefs_noend_pr1p0_pl1p0_pf1p0_pm1p0_dt1p0_fv0p03_hr1p0_hqtrapezoid_hp1p0_hc1p0_ci1p0_cp1p0_cn1p0_cd1p0_pg1p0,A33,OK,diagnostic_matched_wigley_sensitivity_not_hard_gate,wigley_iii,Fn0.4,0.4,2.1696064159197173,1.0,1.808005346599764,1.0,79.95,30,31,8,2.3249999999999997,0.6750000000000003,0.07499999999999996,-0.866859375,0.866859375,0.06628124999999996,0.06628125000000007,heave,heave_force,-0.8249999999999997,141.78399091794472,-66.28950376871092,10.633799318845847,-4.971712782653316,0.04068839613876458,0.04068839613876458,0.0,1.9587770199512657,1.9587770199512657,0.0,0.0,1.9587770199512657,0.9643164525724177,0.4317663532023034,0.0130306044409719,0.005061985966480991,0.015706698575493068,0.005446151016952116,0.4045911356914135,2000.7973673568329,845.9511411811382,1787.0765346166752,800.1517719484378,899.748611915844,350.84926859976076,2.3812160250342163,1.6386747335754495,0.000753305770339549,0.00040219820206685206,advance_eq19_20,0.007949084114729816,0.00789574401707626,0.011462832405501635,0.010365188978573378,1.4420318416634654,1.3127564617288006,83.85411691935549,3.482210433572153e-16,a1_station_hull_matched_sweep_free_surface_marching_not_benchmark_validated,41,8,24,10,3.0,2,16,15.0,False,none,0.0,1.0,0.03,1.0,trapezoid,1.0,1.0,1.0,1.0,1.0,1.0,1.0,True,False,True,3.0,11,9,40,True,True,True,True,A1_GRID_RECOMMENDED,"A1 Section 3.3 recommends control radius about 3B, inner free-surface panels greater than 10, outer/free-surface proxy panels greater than 8, and roughly 60 stations at Fn=0.2 or 40 at Fn=0.3."
0,st41_bp8_fs24_cp10_r3p0_h2_fsm_clipfs_onezonefs_noend_pr1p0_pl1p0_pf1p0_pm1p0_dt1p0_fv0p03_hr1p0_hqtrapezoid_hp1p0_hc1p0_ci1p0_cp1p0_cn1p0_cd1p0_pg1p0,A33,OK,diagnostic_matched_wigley_sensitivity_not_hard_gate,wigley_iii,Fn0.4,0.4,2.1696064159197173,1.0,1.808005346599764,1.0,79.95,31,32,7,2.4,0.6000000000000001,0.07500000000000018,-0.8664999999999999,0.8664999999999998,0.06699999999999995,0.06700000000000006,heave,heave_force,-0.8999999999999999,126.77234039487158,-58.86993595982091,9.50792552961539,-4.415245196986579,0.036380434575367986,0.036380434575367986,0.0,1.9973114353083319,1.9973114353083319,0.0,0.0,1.9973114353083319,0.9351017194450573,0.4228730753083161,0.011250627518524726,0.004370688154283681,0.013552553475204997,0.004676407873051657,0.40382816590479254,1951.8102080188014,817.9495740803015,1732.9356310805786,783.6707006177832,898.0518841680331,360.6900683276706,2.221243854103329,1.5323926453592331,0.0006357733198954081,0.00033896281229738414,advance_eq19_20,0.0058417453317250725,0.006451022527971333,0.008809445771246885,0.008754555363815784,1.5080160587290525,1.3570802653155278,82.97650322796612,5.948580821612289e-16,a1_station_hull_matched_sweep_free_surface_marching_not_benchmark_validated,41,8,24,10,3.0,2,16,15.0,False,none,0.0,1.0,0.03,1.0,trapezoid,1.0,1.0,1.0,1.0,1.0,1.0,1.0,True,False,True,3.0,11,9,40,True,True,True,True,A1_GRID_RECOMMENDED,"A1 Section 3.3 recommends control radius about 3B, inner free-surface panels greater than 10, outer/free-surface proxy panels greater than 8, and roughly 60 stations at Fn=0.2 or 40 at Fn=0.3."
0,st41_bp8_fs24_cp10_r3p0_h2_fsm_clipfs_onezonefs_noend_pr1p0_pl1p0_pf1p0_pm1p0_dt1p0_fv0p03_hr1p0_hqtrapezoid_hp1p0_hc1p0_ci1p0_cp1p0_cn1p0_cd1p0_pg1p0,A33,OK,diagnostic_matched_wigley_sensitivity_not_hard_gate,wigley_iii,Fn0.4,0.4,2.1696064159197173,1.0,1.808005346599764,1.0,79.95,32,33,6,2.475,0.5249999999999999,0.07499999999999996,-0.866109375,0.866109375,0.06778124999999988,0.06778125000000013,heave,heave_force,-0.9750000000000001,111.65783014309568,-45.63725173371796,8.37433726073217,-3.422793880028845,0.032042954888231764,0.032042954888231764,0.0,2.031523130040132,2.031523130040132,0.0,0.0,2.031523130040132,0.9074698744042003,0.4159618995741571,0.009632204844767135,0.0037527659853163644,0.01154582524806226,0.003960691674315563,0.3822729404095512,1884.3851500827802,782.281573132991,1681.7281444210357,770.8628718721668,850.1163697486844,361.0830568516447,2.0429459819047757,1.4131149914516241,0.0005319109885105423,0.00028274055900408024,advance_eq19_20,0.004088294130297601,0.005106836700771603,0.006537528112273056,0.007225445448897162,1.5990845824483688,1.4148573514805072,82.0454186369934,4.637990586860268e-16,a1_station_hull_matched_sweep_free_surface_marching_not_benchmark_validated,41,8,24,10,3.0,2,16,15.0,False,none,0.0,1.0,0.03,1.0,trapezoid,1.0,1.0,1.0,1.0,1.0,1.0,1.0,True,False,True,3.0,11,9,40,True,True,True,True,A1_GRID_RECOMMENDED,"A1 Section 3.3 recommends control radius about 3B, inner free-surface panels greater than 10, outer/free-surface proxy panels greater than 8, and roughly 60 stations at Fn=0.2 or 40 at Fn=0.3."
0,st41_bp8_fs24_cp10_r3p0_h2_fsm_clipfs_onezonefs_noend_pr1p0_pl1p0_pf1p0_pm1p0_dt1p0_fv0p03_hr1p0_hqtrapezoid_hp1p0_hc1p0_ci1p0_cp1p0_cn1p0_cd1p0_pg1p0,A33,OK,diagnostic_matched_wigley_sensitivity_not_hard_gate,wigley_iii,Fn0.4,0.4,2.1696064159197173,1.0,1.808005346599764,1.0,79.95,33,34,5,2.55,0.4500000000000002,0.07499999999999996,-0.8656874999999999,0.8656874999999999,0.06862499999999994,0.06862500000000005,heave,heave_force,-1.0499999999999998,96.87735060113312,-20.18754556699137,7.265801295084979,-1.514065917524352,0.02780133351172301,0.02780133351172301,0.0,2.0614452742401093,2.0614452742401093,0.0,0.0,2.0614452742401093,0.8853360381131958,0.4138905031109326,0.0083396903350762,0.003278587851205913,0.009825505801664728,0.0033229577588586344,0.3431237683238828,1809.46962759967,777.181631319116,1640.7095977072631,767.0241485947182,763.0546174402979,329.07093948658746,1.848812312797937,1.2826683960726415,0.0004998714667698718,0.00026284489777886723,advance_eq19_20,0.002660747456368335,0.003862210634838376,0.004619565988104109,0.005779488606827826,1.7361910755744454,1.4964198365296262,81.06571677861561,6.015013864062195e-16,a1_station_hull_matched_sweep_free_surface_marching_not_benchmark_validated,41,8,24,10,3.0,2,16,15.0,False,none,0.0,1.0,0.03,1.0,trapezoid,1.0,1.0,1.0,1.0,1.0,1.0,1.0,True,False,True,3.0,11,9,40,True,True,True,True,A1_GRID_RECOMMENDED,"A1 Section 3.3 recommends control radius about 3B, inner free-surface panels greater than 10, outer/free-surface proxy panels greater than 8, and roughly 60 stations at Fn=0.2 or 40 at Fn=0.3."
0,st41_bp8_fs24_cp10_r3p0_h2_fsm_clipfs_onezonefs_noend_pr1p0_pl1p0_pf1p0_pm1p0_dt1p0_fv0p03_hr1p0_hqtrapezoid_hp1p0_hc1p0_ci1p0_cp1p0_cn1p0_cd1p0_pg1p0,A33,OK,diagnostic_matched_wigley_sensitivity_not_hard_gate,wigley_iii,Fn0.4,0.4,2.1696064159197173,1.0,1.808005346599764,1.0,79.95,34,35,4,2.625,0.375,0.07499999999999996,-0.8652343749999999,0.8652343749999999,0.06953124999999993,0.06953125000000009,heave,heave_force,-1.125,83.29139549013817,41.17831862129426,6.246854661760359,3.0883738965970675,0.02390251023907614,0.02390251023907614,0.0,2.087297196115509,2.087297196115509,0.0,0.0,2.087297196115509,0.8797092240368923,0.4244094748454812,0.007722255962651875,0.003096894739293857,0.008669330025925548,0.0028491123820620938,0.6195156156173579,2134.454896811035,1217.9160612706874,1630.2819550246268,786.5179646599338,1377.7076807660198,929.8973188305793,1.645017814453656,1.14552627982775,0.0007466477101452811,0.0003833139416121829,advance_eq19_20,0.0015376822702681337,0.002711368276152559,0.003034120553942769,0.004417310827636045,1.973177822628919,1.6291814234487627,80.04292683338196,4.3197262763189953e-16,a1_station_hull_matched_sweep_free_surface_marching_not_benchmark_validated,41,8,24,10,3.0,2,16,15.0,False,none,0.0,1.0,0.03,1.0,trapezoid,1.0,1.0,1.0,1.0,1.0,1.0,1.0,True,False,True,3.0,11,9,40,True,True,True,True,A1_GRID_RECOMMENDED,"A1 Section 3.3 recommends control radius about 3B, inner free-surface panels greater than 10, outer/free-surface proxy panels greater than 8, and roughly 60 stations at Fn=0.2 or 40 at Fn=0.3."
0,st41_bp8_fs24_cp10_r3p0_h2_fsm_clipfs_onezonefs_noend_pr1p0_pl1p0_pf1p0_pm1p0_dt1p0_fv0p03_hr1p0_hqtrapezoid_hp1p0_hc1p0_ci1p0_cp1p0_cn1p0_cd1p0_pg1p0,A33,OK,diagnostic_matched_wigley_sensitivity_not_hard_gate,wigley_iii,Fn0.4,0.4,2.1696064159197173,1.0,1.808005346599764,1.0,79.95,35,36,3,2.6999999999999997,0.30000000000000027,0.07499999999999996,-0.8647499999999999,0.8647499999999999,0.0704999999999999,0.07050000000000001,heave,heave_force,-1.1999999999999997,73.4758677600764,346.2611066160101,5.510690082005727,25.969582996200742,0.021085703644720108,0.021085703644720108,0.0,2.109791303057407,2.109791303057407,0.0,0.0,2.109791303057407,0.9333540309131384,0.47661272473808614,0.008650071810135327,0.003618182763778632,0.009592173012152724,0.003542410736108433,3.9849089512416027,9029.053846516956,5995.060319777831,1729.6968051154304,883.2613134485399,8861.826128156436,5929.637230888566,1.4548084401336483,1.0184126603469874,0.00010491237038738065,5.860807972610338e-05,advance_eq19_20,0.0007073189740509922,0.0016255916063130631,0.001766795820835404,0.003133442678356496,2.4978770337751914,1.9275706556232333,78.98504044428888,5.445059979948541e-16,a1_station_hull_matched_sweep_free_surface_marching_not_benchmark_validated,41,8,24,10,3.0,2,16,15.0,False,none,0.0,1.0,0.03,1.0,trapezoid,1.0,1.0,1.0,1.0,1.0,1.0,1.0,True,False,True,3.0,11,9,40,True,True,True,True,A1_GRID_RECOMMENDED,"A1 Section 3.3 recommends control radius about 3B, inner free-surface panels greater than 10, outer/free-surface proxy panels greater than 8, and roughly 60 stations at Fn=0.2 or 40 at Fn=0.3."
0,st41_bp8_fs24_cp10_r3p0_h2_fsm_clipfs_onezonefs_noend_pr1p0_pl1p0_pf1p0_pm1p0_dt1p0_fv0p03_hr1p0_hqtrapezoid_hp1p0_hc1p0_ci1p0_cp1p0_cn1p0_cd1p0_pg1p0,A33,OK,diagnostic_matched_wigley_sensitivity_not_hard_gate,wigley_iii,Fn0.4,0.4,2.1696064159197173,1.0,1.808005346599764,1.0,79.95,36,37,2,2.775,0.2250000000000001,0.07500000000000018,-0.8642343749999999,0.8642343749999999,0.07153124999999994,0.07153125000000005,heave,heave_force,-1.275,87.30242797013516,-680.9995247117342,6.547682097760152,-51.07496435338019,0.025053574455952566,0.025053574455952566,0.0,2.1328609421077434,2.1328609421077434,0.0,0.0,2.1328609421077434,1.4320386449829223,0.8243676347766623,0.01917759762015338,0.008391324767169894,0.02075261689918321,0.008890619165616662,9.588752033779981,21488.421642794627,13607.610174635452,2653.86186483327,1527.7226185210072,21323.91338148109,13521.579725228174,1.4834412082138444,1.0465920613870325,0.00041704344888165594,0.000206633709633076,advance_eq19_20,0.00018226695349227677,0.0004211177869752225,0.0008142666854963022,0.0018935367627965893,4.467440037235303,4.496454012064801,77.91010290862681,1.0993197272816507e-15,a1_station_hull_matched_sweep_free_surface_marching_not_benchmark_validated,41,8,24,10,3.0,2,16,15.0,False,none,0.0,1.0,0.03,1.0,trapezoid,1.0,1.0,1.0,1.0,1.0,1.0,1.0,True,False,True,3.0,11,9,40,True,True,True,True,A1_GRID_RECOMMENDED,"A1 Section 3.3 recommends control radius about 3B, inner free-surface panels greater than 10, outer/free-surface proxy panels greater than 8, and roughly 60 stations at Fn=0.2 or 40 at Fn=0.3."
0,st41_bp8_fs24_cp10_r3p0_h2_fsm_clipfs_onezonefs_noend_pr1p0_pl1p0_pf1p0_pm1p0_dt1p0_fv0p03_hr1p0_hqtrapezoid_hp1p0_hc1p0_ci1p0_cp1p0_cn1p0_cd1p0_pg1p0,A33,OK,diagnostic_matched_wigley_sensitivity_not_hard_gate,wigley_iii,Fn0.4,0.4,2.1696064159197173,1.0,1.808005346599764,1.0,79.95,37,38,1,2.85,0.1499999999999999,0.07499999999999996,-0.8636874999999999,0.8636874999999999,0.07262499999999994,0.07262500000000005,heave,heave_force,-1.35,-19.656655292188375,-349.8429055057675,-1.4742491469141272,-26.238217912932544,-0.005640959688845085,-0.005640959688845085,0.0,2.142567249491297,2.142567249491297,0.0,0.0,2.142567249491297,0.6176722942719469,0.4354272425795454,0.018389068474091382,0.008258950727273309,0.019715227298618652,0.009141113386699921,8.31895854583297,18535.466398993198,12986.184714005272,1144.6736807524783,806.9361522049858,18500.08748067961,12961.089748648792,0.3172959751966221,0.14288414032624147,2.9578433914142543e-05,1.3477640613174163e-05,advance_eq19_20,5.4445915721120965e-05,0.0001606069460609801,0.00020232183369462846,0.0004543557636375727,3.716014893218935,2.8289919880866203,77.78531556101758,7.373551210987781e-16,a1_station_hull_matched_sweep_free_surface_marching_not_benchmark_validated,41,8,24,10,3.0,2,16,15.0,False,none,0.0,1.0,0.03,1.0,trapezoid,1.0,1.0,1.0,1.0,1.0,1.0,1.0,True,False,True,3.0,11,9,40,True,True,True,True,A1_GRID_RECOMMENDED,"A1 Section 3.3 recommends control radius about 3B, inner free-surface panels greater than 10, outer/free-surface proxy panels greater than 8, and roughly 60 stations at Fn=0.2 or 40 at Fn=0.3."
0,st41_bp8_fs24_cp10_r3p0_h2_fsm_clipfs_onezonefs_noend_pr1p0_pl1p0_pf1p0_pm1p0_dt1p0_fv0p03_hr1p0_hqtrapezoid_hp1p0_hc1p0_ci1p0_cp1p0_cn1p0_cd1p0_pg1p0,A33,OK,diagnostic_matched_wigley_sensitivity_not_hard_gate,wigley_iii,Fn0.4,0.4,2.1696064159197173,1.0,1.808005346599764,1.0,79.95,38,39,0,2.925,0.07500000000000018,0.03749999999999987,-0.8631093749999998,0.8631093749999998,0.07378124999999991,0.07378125000000002,heave,heave_force,-1.4249999999999998,8.38708085842595,777.5675495821098,0.314515532190972,29.158783109329015,0.0012034393523771695,0.0012034393523771695,0.0,2.140950208999252,2.140950208999252,0.0,0.0,2.140950208999252,0.6799261259745584,0.3964484095076149,0.002152530445515223,0.0010281735308963103,0.002435381548069821,0.0012710079460324785,29.62325794137487,65889.63009223499,35825.93060871329,1260.0428228312378,734.700365141759,65877.58075230292,35825.811417284945,0.3785305219891743,0.2668448968785692,0.0,0.0,initialize_eq21_22,0.0,0.0,6.653856831840944e-05,0.00019627838215868302,,,113.94877021527233,1.0956202933659661e-15,a1_station_hull_matched_sweep_free_surface_marching_not_benchmark_validated,41,8,24,10,3.0,2,16,15.0,False,none,0.0,1.0,0.03,1.0,trapezoid,1.0,1.0,1.0,1.0,1.0,1.0,1.0,True,False,True,3.0,11,9,40,True,True,True,True,A1_GRID_RECOMMENDED,"A1 Section 3.3 recommends control radius about 3B, inner free-surface panels greater than 10, outer/free-surface proxy panels greater than 8, and roughly 60 stations at Fn=0.2 or 40 at Fn=0.3."
0,st41_bp8_fs24_cp10_r3p0_h2_fsm_clipfs_onezonefs_noend_pr1p0_pl1p0_pf1p0_pm1p0_dt1p0_fv1p0_hr1p0_hqtrapezoid_hp1p0_hc1p0_cim1p0_cp1p0_cnm1p0_cd1p0_pg1p0,A33,OK,diagnostic_matched_wigley_sensitivity_not_hard_gate,wigley_iii,Fn0.4,0.4,2.1696064159197173,1.0,1.808005346599764,1.0,79.95,0,1,38,0.075,2.925,0.0375,-0.8631093749999998,0.8631093749999998,0.07378124999999991,0.07378125000000002,heave,heave_force,1.425,52.60038436245922,-2774.351217716009,1.9725144135922206,-104.03817066435035,0.00754748565805868,0.00754748565805868,0.0,0.0,0.0,0.0,0.0,0.0,4.134041982546322,2.2352708858554484,1.0779288193399814,0.5949450485453616,2.954904537188815,1.7929823870387274,108.43315438681206,241260.37108868096,114033.69929138206,7661.2292576994305,4142.416255543578,241138.69914244168,113958.43523690187,1.5641894648294299,0.6496655878283497,0.08719128061183312,0.05761686988517514,advance_eq19_20,1.3664891571784274,0.31535684440460443,1.328421962466466,0.3252714691638444,0.9721423367964632,1.031439383464021,418.23117884841605,8.627399513948288e-16,a1_station_hull_matched_sweep_free_surface_marching_not_benchmark_validated,41,8,24,10,3.0,2,16,15.0,False,none,0.0,1.0,1.0,1.0,trapezoid,1.0,1.0,-1.0,1.0,-1.0,1.0,1.0,True,False,True,3.0,11,9,40,True,True,True,True,A1_GRID_RECOMMENDED,"A1 Section 3.3 recommends control radius about 3B, inner free-surface panels greater than 10, outer/free-surface proxy panels greater than 8, and roughly 60 stations at Fn=0.2 or 40 at Fn=0.3."
0,st41_bp8_fs24_cp10_r3p0_h2_fsm_clipfs_onezonefs_noend_pr1p0_pl1p0_pf1p0_pm1p0_dt1p0_fv1p0_hr1p0_hqtrapezoid_hp1p0_hc1p0_cim1p0_cp1p0_cnm1p0_cd1p0_pg1p0,A33,OK,diagnostic_matched_wigley_sensitivity_not_hard_gate,wigley_iii,Fn0.4,0.4,2.1696064159197173,1.0,1.808005346599764,1.0,79.95,1,2,37,0.15,2.85,0.07499999999999998,-0.8636874999999999,0.8636874999999999,0.07262499999999991,0.07262500000000005,heave,heave_force,1.35,-44.51999841942235,653.3434272210172,-3.3389998814566755,49.00075704157628,-0.012776106244850854,-0.012776106244850854,0.0,0.001159432535633251,0.001159432535633251,0.0,0.0,0.001159432535633251,1.9628865412976575,1.282722084144727,1.0568556029728005,0.5871825150493406,3.0103810622678084,1.765365660309541,25.842160304561727,57584.010765524865,38431.55092452964,3637.6320954707553,2377.1475959936406,57468.999717953026,38357.96235166275,2.7576291891301294,1.5809427014390145,0.09113665697307373,0.05937298546006389,advance_eq19_20,1.4061723771645354,0.29680820903375926,1.376151704979689,0.30959214737414054,0.9786507880026905,1.0430713772439064,343.0542195004202,8.656083799399426e-16,a1_station_hull_matched_sweep_free_surface_marching_not_benchmark_validated,41,8,24,10,3.0,2,16,15.0,False,none,0.0,1.0,1.0,1.0,trapezoid,1.0,1.0,-1.0,1.0,-1.0,1.0,1.0,True,False,True,3.0,11,9,40,True,True,True,True,A1_GRID_RECOMMENDED,"A1 Section 3.3 recommends control radius about 3B, inner free-surface panels greater than 10, outer/free-surface proxy panels greater than 8, and roughly 60 stations at Fn=0.2 or 40 at Fn=0.3."
0,st41_bp8_fs24_cp10_r3p0_h2_fsm_clipfs_onezonefs_noend_pr1p0_pl1p0_pf1p0_pm1p0_dt1p0_fv1p0_hr1p0_hqtrapezoid_hp1p0_hc1p0_cim1p0_cp1p0_cnm1p0_cd1p0_pg1p0,A33,OK,diagnostic_matched_wigley_sensitivity_not_hard_gate,wigley_iii,Fn0.4,0.4,2.1696064159197173,1.0,1.808005346599764,1.0,79.95,2,3,36,0.22499999999999998,2.775,0.075,-0.8642343749999999,0.8642343749999999,0.07153124999999994,0.07153125000000006,heave,heave_force,1.275,268.88379794695214,1895.0929170903296,20.16628484602141,142.1319687817747,0.07716280530213558,0.07716280530213558,0.0,0.03335278206427562,0.03335278206427562,0.0,0.0,0.03335278206427562,4.433893618240442,2.384752121153918,1.1143144655541999,0.5887186864568803,2.8131468074226857,1.6951535596381444,26.954486961029723,60503.208368576634,38879.02839797565,8216.915952234125,4419.435699995448,59942.643544686296,38627.029878884074,1.6194942354545663,0.7221529673974483,0.08099149578513527,0.053449675917636816,advance_eq19_20,1.4329625517811073,0.31646588533622877,1.41444145244221,0.29826289988567983,0.9870749592751908,0.9424804179723536,342.8446096912935,1.3320458748599302e-15,a1_station_hull_matched_sweep_free_surface_marching_not_benchmark_validated,41,8,24,10,3.0,2,16,15.0,False,none,0.0,1.0,1.0,1.0,trapezoid,1.0,1.0,-1.0,1.0,-1.0,1.0,1.0,True,False,True,3.0,11,9,40,True,True,True,True,A1_GRID_RECOMMENDED,"A1 Section 3.3 recommends control radius about 3B, inner free-surface panels greater than 10, outer/free-surface proxy panels greater than 8, and roughly 60 stations at Fn=0.2 or 40 at Fn=0.3."
0,st41_bp8_fs24_cp10_r3p0_h2_fsm_clipfs_onezonefs_noend_pr1p0_pl1p0_pf1p0_pm1p0_dt1p0_fv1p0_hr1p0_hqtrapezoid_hp1p0_hc1p0_cim1p0_cp1p0_cnm1p0_cd1p0_pg1p0,A33,OK,diagnostic_matched_wigley_sensitivity_not_hard_gate,wigley_iii,Fn0.4,0.4,2.1696064159197173,1.0,1.808005346599764,1.0,79.95,3,4,35,0.3,2.7,0.07500000000000001,-0.8647499999999999,0.8647499999999999,0.0704999999999999,0.07050000000000001,heave,heave_force,1.2,224.83865624910433,-1092.9038305876193,16.862899218682827,-81.96778729407146,0.06452297084841921,0.06452297084841921,0.0,0.10419567013955303,0.10419567013955303,0.0,0.0,0.10419567013955303,2.9428998551985055,1.3226979765442257,1.0723413360104412,0.5659740875873687,2.7304900296255585,1.6052514499276893,12.362984884556813,28029.091073778905,18293.29476329422,5453.798139524234,2451.2311388668654,27493.381608589265,18128.323121585658,1.2316730594739234,0.5392088548646886,0.07366162130407485,0.04883511819581869,advance_eq19_20,1.4547541286822487,0.3285889253772957,1.4400191729174672,0.31503365646755405,0.9898711710286543,0.9587470305209553,342.76452809793557,5.838792750945511e-16,a1_station_hull_matched_sweep_free_surface_marching_not_benchmark_validated,41,8,24,10,3.0,2,16,15.0,False,none,0.0,1.0,1.0,1.0,trapezoid,1.0,1.0,-1.0,1.0,-1.0,1.0,1.0,True,False,True,3.0,11,9,40,True,True,True,True,A1_GRID_RECOMMENDED,"A1 Section 3.3 recommends control radius about 3B, inner free-surface panels greater than 10, outer/free-surface proxy panels greater than 8, and roughly 60 stations at Fn=0.2 or 40 at Fn=0.3."
0,st41_bp8_fs24_cp10_r3p0_h2_fsm_clipfs_onezonefs_noend_pr1p0_pl1p0_pf1p0_pm1p0_dt1p0_fv1p0_hr1p0_hqtrapezoid_hp1p0_hc1p0_cim1p0_cp1p0_cnm1p0_cd1p0_pg1p0,A33,OK,diagnostic_matched_wigley_sensitivity_not_hard_gate,wigley_iii,Fn0.4,0.4,2.1696064159197173,1.0,1.808005346599764,1.0,79.95,4,5,34,0.375,2.625,0.07499999999999998,-0.8652343749999999,0.8652343749999999,0.06953124999999993,0.06953125000000009,heave,heave_force,1.125,254.11499670861588,-149.5467121531178,19.058624753146187,-11.216003411483833,0.07292453530148454,0.07292453530148454,0.0,0.1729194232145049,0.1729194232145049,0.0,0.0,0.1729194232145049,2.790402792567895,1.161984104153198,1.0401539973172709,0.5395090877721807,2.5961122964171706,1.4874150373190058,2.00551456519124,6828.793243673,3639.9119632978113,5171.189747332908,2153.395309797242,4459.956699555841,2934.5949874389426,1.1204879747726322,0.47520157240763994,0.0662411911987955,0.04404177121176861,advance_eq19_20,1.470320991314174,0.3386542217567527,1.46026161033852,0.3270862192544341,0.9931583776365304,0.9658412570724495,342.70650863905854,6.954600706817409e-16,a1_station_hull_matched_sweep_free_surface_marching_not_benchmark_validated,41,8,24,10,3.0,2,16,15.0,False,none,0.0,1.0,1.0,1.0,trapezoid,1.0,1.0,-1.0,1.0,-1.0,1.0,1.0,True,False,True,3.0,11,9,40,True,True,True,True,A1_GRID_RECOMMENDED,"A1 Section 3.3 recommends control radius about 3B, inner free-surface panels greater than 10, outer/free-surface proxy panels greater than 8, and roughly 60 stations at Fn=0.2 or 40 at Fn=0.3."
0,st41_bp8_fs24_cp10_r3p0_h2_fsm_clipfs_onezonefs_noend_pr1p0_pl1p0_pf1p0_pm1p0_dt1p0_fv1p0_hr1p0_hqtrapezoid_hp1p0_hc1p0_cim1p0_cp1p0_cnm1p0_cd1p0_pg1p0,A33,OK,diagnostic_matched_wigley_sensitivity_not_hard_gate,wigley_iii,Fn0.4,0.4,2.1696064159197173,1.0,1.808005346599764,1.0,79.95,5,6,33,0.44999999999999996,2.55,0.07500000000000001,-0.8656874999999999,0.8656874999999999,0.06862499999999994,0.06862500000000005,heave,heave_force,1.05,294.84689764060255,35.39439700161138,22.113517323045194,2.6545797751208537,0.08461355399728877,0.08461355399728877,0.0,0.25168846786389154,0.25168846786389154,0.0,0.0,0.25168846786389154,2.810765823410268,1.1247575013318056,1.0030482073579812,0.5073790686008711,2.436552730701267,1.3469567765214763,1.1156328235681756,5769.597813650622,2159.105668402448,5208.926627684794,2084.4067654369983,2480.9962351197473,1314.9876100075817,1.0068642248671194,0.38775338258065567,0.05856648891650053,0.03900702982386253,advance_eq19_20,1.4802675663830105,0.3459111133210374,1.4741411803065705,0.33751278521289424,0.9958612981763766,0.975721138220995,342.6545414156471,5.6517614116468425e-16,a1_station_hull_matched_sweep_free_surface_marching_not_benchmark_validated,41,8,24,10,3.0,2,16,15.0,False,none,0.0,1.0,1.0,1.0,trapezoid,1.0,1.0,-1.0,1.0,-1.0,1.0,1.0,True,False,True,3.0,11,9,40,True,True,True,True,A1_GRID_RECOMMENDED,"A1 Section 3.3 recommends control radius about 3B, inner free-surface panels greater than 10, outer/free-surface proxy panels greater than 8, and roughly 60 stations at Fn=0.2 or 40 at Fn=0.3."
0,st41_bp8_fs24_cp10_r3p0_h2_fsm_clipfs_onezonefs_noend_pr1p0_pl1p0_pf1p0_pm1p0_dt1p0_fv1p0_hr1p0_hqtrapezoid_hp1p0_hc1p0_cim1p0_cp1p0_cnm1p0_cd1p0_pg1p0,A33,OK,diagnostic_matched_wigley_sensitivity_not_hard_gate,wigley_iii,Fn0.4,0.4,2.1696064159197173,1.0,1.808005346599764,1.0,79.95,6,7,32,0.525,2.475,0.07500000000000001,-0.866109375,0.866109375,0.0677812499999999,0.06778125000000006,heave,heave_force,0.975,338.98455726606636,107.03526460449196,25.42384179495498,8.027644845336898,0.09727993874109368,0.09727993874109368,0.0,0.34263521423308285,0.34263521423308285,0.0,0.0,0.34263521423308285,2.876974825185973,1.1240083603705915,0.9607983966242266,0.47039573583793187,2.267007452961201,1.1894980775575827,1.1443995912727245,5907.884426161593,2115.9275955697094,5331.62551261839,2083.018453302185,2544.969112991235,1309.8791586014527,0.9178869089664616,0.3047267932224283,0.050776786113684344,0.033830240844557644,advance_eq19_20,1.4854082858353437,0.34910012021517633,1.482362108205851,0.3452415410132002,0.9979492657617837,0.9889470699706496,342.6062403202438,4.78228558404699e-16,a1_station_hull_matched_sweep_free_surface_marching_not_benchmark_validated,41,8,24,10,3.0,2,16,15.0,False,none,0.0,1.0,1.0,1.0,trapezoid,1.0,1.0,-1.0,1.0,-1.0,1.0,1.0,True,False,True,3.0,11,9,40,True,True,True,True,A1_GRID_RECOMMENDED,"A1 Section 3.3 recommends control radius about 3B, inner free-surface panels greater than 10, outer/free-surface proxy panels greater than 8, and roughly 60 stations at Fn=0.2 or 40 at Fn=0.3."
0,st41_bp8_fs24_cp10_r3p0_h2_fsm_clipfs_onezonefs_noend_pr1p0_pl1p0_pf1p0_pm1p0_dt1p0_fv1p0_hr1p0_hqtrapezoid_hp1p0_hc1p0_cim1p0_cp1p0_cnm1p0_cd1p0_pg1p0,A33,OK,diagnostic_matched_wigley_sensitivity_not_hard_gate,wigley_iii,Fn0.4,0.4,2.1696064159197173,1.0,1.808005346599764,1.0,79.95,7,8,31,0.6,2.4,0.07499999999999996,-0.8664999999999999,0.8664999999999998,0.06699999999999995,0.06700000000000006,heave,heave_force,0.9,383.5973871914462,137.07765780569753,28.769804039358448,10.280824335427308,0.11008268526503454,0.11008268526503454,0.0,0.44631652623614687,0.44631652623614687,0.0,0.0,0.44631652623614687,2.9548401965986004,1.1363422199503528,0.914446685125969,0.42975022634347004,2.101278201653733,1.0212971162064262,1.1228052756742997,6018.347673663153,2168.9154202702957,5475.926045643121,2105.875629468215,2496.946668179754,1212.2243812551565,0.888726030157493,0.27301464579344653,0.04308947380895147,0.028651715535678822,advance_eq19_20,1.4864528435449498,0.347331999894206,1.48583127811987,0.3489018984981792,0.9995818465228957,1.004519878975883,342.56168396636383,3.1132435225449155e-16,a1_station_hull_matched_sweep_free_surface_marching_not_benchmark_validated,41,8,24,10,3.0,2,16,15.0,False,none,0.0,1.0,1.0,1.0,trapezoid,1.0,1.0,-1.0,1.0,-1.0,1.0,1.0,True,False,True,3.0,11,9,40,True,True,True,True,A1_GRID_RECOMMENDED,"A1 Section 3.3 recommends control radius about 3B, inner free-surface panels greater than 10, outer/free-surface proxy panels greater than 8, and roughly 60 stations at Fn=0.2 or 40 at Fn=0.3."
0,st41_bp8_fs24_cp10_r3p0_h2_fsm_clipfs_onezonefs_noend_pr1p0_pl1p0_pf1p0_pm1p0_dt1p0_fv1p0_hr1p0_hqtrapezoid_hp1p0_hc1p0_cim1p0_cp1p0_cnm1p0_cd1p0_pg1p0,A33,OK,diagnostic_matched_wigley_sensitivity_not_hard_gate,wigley_iii,Fn0.4,0.4,2.1696064159197173,1.0,1.808005346599764,1.0,79.95,8,9,30,0.6749999999999999,2.325,0.07500000000000001,-0.866859375,0.866859375,0.06628124999999993,0.06628125000000007,heave,heave_force,0.8250000000000001,427.02490645099294,145.19312955659876,32.026867983824474,10.889484716744908,0.12254527780116153,0.12254527780116153,0.0,0.562630507769245,0.562630507769245,0.0,0.0,0.562630507769245,3.0313523644065645,1.1529763475633723,0.8651722723902541,0.3867510221733345,1.9510568512382824,0.8488439200440728,1.0294887887904072,6066.319481303426,2194.5956006568076,5617.718814331777,2136.702085920086,2289.4251183090128,1073.8202113518942,0.9358698910521432,0.281280162152296,0.035739674036945744,0.023618581160291183,advance_eq19_20,1.4838283056952204,0.3403418125156293,1.4853452454766025,0.34755134498547174,1.0010223148969188,1.0211832111269354,342.5212065841895,6.175127140006379e-16,a1_station_hull_matched_sweep_free_surface_marching_not_benchmark_validated,41,8,24,10,3.0,2,16,15.0,False,none,0.0,1.0,1.0,1.0,trapezoid,1.0,1.0,-1.0,1.0,-1.0,1.0,1.0,True,False,True,3.0,11,9,40,True,True,True,True,A1_GRID_RECOMMENDED,"A1 Section 3.3 recommends control radius about 3B, inner free-surface panels greater than 10, outer/free-surface proxy panels greater than 8, and roughly 60 stations at Fn=0.2 or 40 at Fn=0.3."
0,st41_bp8_fs24_cp10_r3p0_h2_fsm_clipfs_onezonefs_noend_pr1p0_pl1p0_pf1p0_pm1p0_dt1p0_fv1p0_hr1p0_hqtrapezoid_hp1p0_hc1p0_cim1p0_cp1p0_cnm1p0_cd1p0_pg1p0,A33,OK,diagnostic_matched_wigley_sensitivity_not_hard_gate,wigley_iii,Fn0.4,0.4,2.1696064159197173,1.0,1.808005346599764,1.0,79.95,9,10,29,0.75,2.25,0.07500000000000001,-0.8671874999999999,0.8671874999999999,0.06562499999999982,0.0656250000000001,heave,heave_force,0.75,468.10681056400836,139.38680635617692,35.10801079230063,10.45401047671327,0.13433473850023653,0.13433473850023653,0.0,0.6910705159199441,0.6910705159199441,0.0,0.0,0.6910705159199441,3.10060704929731,1.1699640377988794,0.8139933738365017,0.34271227146597677,1.8240406815537624,0.7641013812119284,0.8949122001345466,6080.9468862612475,2220.6115303356173,5746.061975905315,2168.1837665615676,1990.1474323741609,916.5404957293529,1.0434833317168235,0.3155761292070894,0.028952716762189253,0.018868317583425137,advance_eq19_20,1.4775805655574132,0.32855324270709496,1.481405091244737,0.3408955529233469,1.0025883703240783,1.0375656320252942,342.4849787194831,5.259543725651865e-16,a1_station_hull_matched_sweep_free_surface_marching_not_benchmark_validated,41,8,24,10,3.0,2,16,15.0,False,none,0.0,1.0,1.0,1.0,trapezoid,1.0,1.0,-1.0,1.0,-1.0,1.0,1.0,True,False,True,3.0,11,9,40,True,True,True,True,A1_GRID_RECOMMENDED,"A1 Section 3.3 recommends control radius about 3B, inner free-surface panels greater than 10, outer/free-surface proxy panels greater than 8, and roughly 60 stations at Fn=0.2 or 40 at Fn=0.3."
0,st41_bp8_fs24_cp10_r3p0_h2_fsm_clipfs_onezonefs_noend_pr1p0_pl1p0_pf1p0_pm1p0_dt1p0_fv1p0_hr1p0_hqtrapezoid_hp1p0_hc1p0_cim1p0_cp1p0_cnm1p0_cd1p0_pg1p0,A33,OK,diagnostic_matched_wigley_sensitivity_not_hard_gate,wigley_iii,Fn0.4,0.4,2.1696064159197173,1.0,1.808005346599764,1.0,79.95,10,11,28,0.825,2.175,0.07499999999999996,-0.8674843749999999,0.8674843749999999,0.06503124999999987,0.0650312500000001,heave,heave_force,0.675,505.9575880372348,123.82944155707445,37.94681910279259,9.287208116780578,0.1451969481052839,0.1451969481052839,0.0,0.8308363592227043,0.8308363592227043,0.0,0.0,0.8308363592227043,3.1596966386381182,1.1853312255646031,0.7616635434925642,0.3241077282316053,1.7223597892779887,0.753709344739574,0.7386295031046421,6081.594925434327,2235.6755856910304,5855.567126698295,2196.6623231452645,1642.59869164651,751.8574676737713,1.1790410445465749,0.3577879739339137,0.02292723197188049,0.014518444984900755,advance_eq19_20,1.4673565650048803,0.3130618281140899,1.4741101449285736,0.3293419641062352,1.0046025486134456,1.0520029416879668,342.4529909421924,4.658661499073692e-16,a1_station_hull_matched_sweep_free_surface_marching_not_benchmark_validated,41,8,24,10,3.0,2,16,15.0,False,none,0.0,1.0,1.0,1.0,trapezoid,1.0,1.0,-1.0,1.0,-1.0,1.0,1.0,True,False,True,3.0,11,9,40,True,True,True,True,A1_GRID_RECOMMENDED,"A1 Section 3.3 recommends control radius about 3B, inner free-surface panels greater than 10, outer/free-surface proxy panels greater than 8, and roughly 60 stations at Fn=0.2 or 40 at Fn=0.3."
0,st41_bp8_fs24_cp10_r3p0_h2_fsm_clipfs_onezonefs_noend_pr1p0_pl1p0_pf1p0_pm1p0_dt1p0_fv1p0_hr1p0_hqtrapezoid_hp1p0_hc1p0_cim1p0_cp1p0_cnm1p0_cd1p0_pg1p0,A33,OK,diagnostic_matched_wigley_sensitivity_not_hard_gate,wigley_iii,Fn0.4,0.4,2.1696064159197173,1.0,1.808005346599764,1.0,79.95,11,12,27,0.8999999999999999,2.1,0.07500000000000001,-0.8677499999999999,0.8677499999999999,0.06449999999999989,0.0645,heave,heave_force,0.6000000000000001,539.8756370975268,100.96614899698233,40.49067278231452,7.572461174773675,0.154930564767393,0.154930564767393,0.0,0.9809001156590427,0.9809001156590427,0.0,0.0,0.9809001156590427,3.207142524105797,1.1980124966521521,0.7086648624022469,0.3096287159060566,1.6423596733802834,0.7356795653672344,0.5711468530828056,6077.6957237429815,2244.089166424142,5943.494101663013,2220.1633242214334,1270.1429738028312,585.7988321108458,1.3132803693040198,0.3939187469653537,0.01782218489647712,0.010659631730777015,advance_eq19_20,1.4524641670619565,0.2955720845188807,1.4631361858388892,0.3139801440877997,1.0073475263754836,1.062279425335051,342.4251138934239,5.779107084767406e-16,a1_station_hull_matched_sweep_free_surface_marching_not_benchmark_validated,41,8,24,10,3.0,2,16,15.0,False,none,0.0,1.0,1.0,1.0,trapezoid,1.0,1.0,-1.0,1.0,-1.0,1.0,1.0,True,False,True,3.0,11,9,40,True,True,True,True,A1_GRID_RECOMMENDED,"A1 Section 3.3 recommends control radius about 3B, inner free-surface panels greater than 10, outer/free-surface proxy panels greater than 8, and roughly 60 stations at Fn=0.2 or 40 at Fn=0.3."
0,st41_bp8_fs24_cp10_r3p0_h2_fsm_clipfs_onezonefs_noend_pr1p0_pl1p0_pf1p0_pm1p0_dt1p0_fv1p0_hr1p0_hqtrapezoid_hp1p0_hc1p0_cim1p0_cp1p0_cnm1p0_cd1p0_pg1p0,A33,OK,diagnostic_matched_wigley_sensitivity_not_hard_gate,wigley_iii,Fn0.4,0.4,2.1696064159197173,1.0,1.808005346599764,1.0,79.95,12,13,26,0.975,2.025,0.07500000000000007,-0.8679843749999999,0.8679843749999999,0.06403124999999998,0.0640312500000001,heave,heave_force,0.525,569.2879050845678,72.17605123287747,42.696592881342625,5.413203842465815,0.16337113696068695,0.16337113696068695,0.0,1.1400509665230827,1.1400509665230827,0.0,0.0,1.1400509665230827,3.2421302000322427,1.2073754299530748,0.6552656586881008,0.2928106623853277,1.5761554412004164,0.7098050873042719,0.3970309344388614,6072.861489884995,2248.483106918237,6008.3334544316285,2237.514763526057,882.935884244083,420.285885282478,1.426106775481292,0.425252246093147,0.013742120232190092,0.00735154168380512,advance_eq19_20,1.4319931578504173,0.2782782509600381,1.4477970376064926,0.2965195223955898,1.0110362816117073,1.0655504746512556,342.4011560901492,5.368837017296837e-16,a1_station_hull_matched_sweep_free_surface_marching_not_benchmark_validated,41,8,24,10,3.0,2,16,15.0,False,none,0.0,1.0,1.0,1.0,trapezoid,1.0,1.0,-1.0,1.0,-1.0,1.0,1.0,True,False,True,3.0,11,9,40,True,True,True,True,A1_GRID_RECOMMENDED,"A1 Section 3.3 recommends control radius about 3B, inner free-surface panels greater than 10, outer/free-surface proxy panels greater than 8, and roughly 60 stations at Fn=0.2 or 40 at Fn=0.3."
0,st41_bp8_fs24_cp10_r3p0_h2_fsm_clipfs_onezonefs_noend_pr1p0_pl1p0_pf1p0_pm1p0_dt1p0_fv1p0_hr1p0_hqtrapezoid_hp1p0_hc1p0_cim1p0_cp1p0_cnm1p0_cd1p0_pg1p0,A33,OK,diagnostic_matched_wigley_sensitivity_not_hard_gate,wigley_iii,Fn0.4,0.4,2.1696064159197173,1.0,1.808005346599764,1.0,79.95,13,14,25,1.05,1.95,0.07500000000000001,-0.8681874999999999,0.8681874999999999,0.06362499999999982,0.0636250000000001,heave,heave_force,0.44999999999999996,593.7044405805816,38.06052949097901,44.52783304354363,2.854539711823426,0.17037806110047193,0.17037806110047193,0.0,1.3069255655536622,1.3069255655536622,0.0,0.0,1.3069255655536622,3.2640524831052082,1.2129743877062698,0.6016155806150021,0.2738529770352072,1.5142927922687475,0.6762563912777029,0.2177545270146437,6068.31254217557,2250.313003489114,6048.959949562363,2247.8907827180483,484.2526593791977,253.8196040327995,1.5049593236241112,0.4535118593973695,0.010711485570435293,0.00462135746524339,advance_eq19_20,1.4049707380046363,0.2636193511510709,1.4271722413948336,0.2791727015592072,1.0158021108836246,1.058999274295396,342.3809050598612,6.070201990611265e-16,a1_station_hull_matched_sweep_free_surface_marching_not_benchmark_validated,41,8,24,10,3.0,2,16,15.0,False,none,0.0,1.0,1.0,1.0,trapezoid,1.0,1.0,-1.0,1.0,-1.0,1.0,1.0,True,False,True,3.0,11,9,40,True,True,True,True,A1_GRID_RECOMMENDED,"A1 Section 3.3 recommends control radius about 3B, inner free-surface panels greater than 10, outer/free-surface proxy panels greater than 8, and roughly 60 stations at Fn=0.2 or 40 at Fn=0.3."
0,st41_bp8_fs24_cp10_r3p0_h2_fsm_clipfs_onezonefs_noend_pr1p0_pl1p0_pf1p0_pm1p0_dt1p0_fv1p0_hr1p0_hqtrapezoid_hp1p0_hc1p0_cim1p0_cp1p0_cnm1p0_cd1p0_pg1p0,A33,OK,diagnostic_matched_wigley_sensitivity_not_hard_gate,wigley_iii,Fn0.4,0.4,2.1696064159197173,1.0,1.808005346599764,1.0,79.95,14,15,24,1.125,1.875,0.07499999999999996,-0.8683593749999999,0.8683593749999999,0.06328124999999996,0.06328125000000007,heave,heave_force,0.375,612.6824510687836,-1.2738938504197694,45.95118383015875,-0.09554203878148265,0.1758242670061617,0.1758242670061617,0.0,1.480026729606979,1.480026729606979,0.0,0.0,1.480026729606979,3.272225844698776,1.2144160816887772,0.5478494540628565,0.2530610558766719,1.4482807682172707,0.6730681029623081,0.05733515735699995,6065.447182902941,2250.699684412491,6064.106868059749,2250.5625379072962,127.50459339100149,82.58840484810824,1.5428562647065418,0.4535473667508168,0.008634249940390444,0.0038345270032625455,advance_eq19_20,1.370522279205729,0.25380099972188236,1.400271122851373,0.2644094643872823,1.0217062094480394,1.041798356495935,342.3641533741088,3.3068752970629003e-16,a1_station_hull_matched_sweep_free_surface_marching_not_benchmark_validated,41,8,24,10,3.0,2,16,15.0,False,none,0.0,1.0,1.0,1.0,trapezoid,1.0,1.0,-1.0,1.0,-1.0,1.0,1.0,True,False,True,3.0,11,9,40,True,True,True,True,A1_GRID_RECOMMENDED,"A1 Section 3.3 recommends control radius about 3B, inner free-surface panels greater than 10, outer/free-surface proxy panels greater than 8, and roughly 60 stations at Fn=0.2 or 40 at Fn=0.3."
0,st41_bp8_fs24_cp10_r3p0_h2_fsm_clipfs_onezonefs_noend_pr1p0_pl1p0_pf1p0_pm1p0_dt1p0_fv1p0_hr1p0_hqtrapezoid_hp1p0_hc1p0_cim1p0_cp1p0_cnm1p0_cd1p0_pg1p0,A33,OK,diagnostic_matched_wigley_sensitivity_not_hard_gate,wigley_iii,Fn0.4,0.4,2.1696064159197173,1.0,1.808005346599764,1.0,79.95,15,16,23,1.2,1.8,0.07499999999999996,-0.8684999999999999,0.8684999999999998,0.06299999999999994,0.06300000000000008,heave,heave_force,0.30000000000000004,625.8090647403138,-45.82715876321636,46.93567985552351,-3.437036907241225,0.17959127097868244,0.17959127097868244,0.0,1.657734498599401,1.657734498599401,0.0,0.0,1.657734498599401,3.2657625116182394,1.2112984959424125,0.4941743983060172,0.23083391672562908,1.3721575829513724,0.661130800257033,0.19322290970192527,6067.363982712466,2250.925559440116,6052.128983774122,2244.7850109169376,429.69810620677254,175.91564153455934,1.53879185314896,0.47379273714333164,0.007273763311396866,0.003391814749436407,advance_eq19_20,1.3280112098428865,0.25011873575236093,1.3662005157639994,0.2544641678948346,1.0287567647306464,1.0173734771583687,342.35071396278477,5.914046868564549e-16,a1_station_hull_matched_sweep_free_surface_marching_not_benchmark_validated,41,8,24,10,3.0,2,16,15.0,False,none,0.0,1.0,1.0,1.0,trapezoid,1.0,1.0,-1.0,1.0,-1.0,1.0,1.0,True,False,True,3.0,11,9,40,True,True,True,True,A1_GRID_RECOMMENDED,"A1 Section 3.3 recommends control radius about 3B, inner free-surface panels greater than 10, outer/free-surface proxy panels greater than 8, and roughly 60 stations at Fn=0.2 or 40 at Fn=0.3."
0,st41_bp8_fs24_cp10_r3p0_h2_fsm_clipfs_onezonefs_noend_pr1p0_pl1p0_pf1p0_pm1p0_dt1p0_fv1p0_hr1p0_hqtrapezoid_hp1p0_hc1p0_cim1p0_cp1p0_cnm1p0_cd1p0_pg1p0,A33,OK,diagnostic_matched_wigley_sensitivity_not_hard_gate,wigley_iii,Fn0.4,0.4,2.1696064159197173,1.0,1.808005346599764,1.0,79.95,16,17,22,1.275,1.725,0.07499999999999996,-0.8686093749999999,0.8686093749999999,0.0627812499999999,0.06278125000000001,heave,heave_force,0.2250000000000001,632.7119672964724,-95.25131416263528,47.4533975472354,-7.1438485621976415,0.18157222829194367,0.18157222829194367,0.0,1.8383162482347142,1.8383162482347142,0.0,0.0,1.8383162482347142,3.2436051346932473,1.2032090863072902,0.4409230329860978,0.207643836299544,1.2829887964748792,0.6329839056002489,0.4073658333523995,6078.948400194056,2252.52148204371,6011.066811428434,2229.7936726490225,905.9191138095445,338.22836360026514,1.498661688205552,0.4490188058760806,0.006317538403520389,0.0029048916187680955,advance_eq19_20,1.277136918552958,0.25247122843174374,1.3243072417453476,0.2506399125404547,1.03693442927469,0.9927464372765781,342.34042855322906,5.122734059785419e-16,a1_station_hull_matched_sweep_free_surface_marching_not_benchmark_validated,41,8,24,10,3.0,2,16,15.0,False,none,0.0,1.0,1.0,1.0,trapezoid,1.0,1.0,-1.0,1.0,-1.0,1.0,1.0,True,False,True,3.0,11,9,40,True,True,True,True,A1_GRID_RECOMMENDED,"A1 Section 3.3 recommends control radius about 3B, inner free-surface panels greater than 10, outer/free-surface proxy panels greater than 8, and roughly 60 stations at Fn=0.2 or 40 at Fn=0.3."
0,st41_bp8_fs24_cp10_r3p0_h2_fsm_clipfs_onezonefs_noend_pr1p0_pl1p0_pf1p0_pm1p0_dt1p0_fv1p0_hr1p0_hqtrapezoid_hp1p0_hc1p0_cim1p0_cp1p0_cnm1p0_cd1p0_pg1p0,A33,OK,diagnostic_matched_wigley_sensitivity_not_hard_gate,wigley_iii,Fn0.4,0.4,2.1696064159197173,1.0,1.808005346599764,1.0,79.95,17,18,21,1.3499999999999999,1.6500000000000001,0.07500000000000007,-0.8686874999999998,0.8686875,0.0626249999999999,0.06262500000000004,heave,heave_force,0.15000000000000013,633.0995763329238,-148.46438473907605,47.482468224969324,-11.134828855430714,0.18168346221842602,0.18168346221842602,0.0,2.0199440934898987,2.0199440934898987,0.0,0.0,2.0199440934898987,3.2047085451147628,1.1897698646032668,0.38856655007404756,0.18400924579654965,1.1806200806597962,0.5914638977568583,0.6363730965432121,6105.268575118498,2256.919706615822,5938.983438457977,2204.8880333366333,1415.1961320083217,516.1948312568416,1.4322416833481981,0.45300440994126623,0.00549897395093822,0.00239654429214522,advance_eq19_20,1.2179787762529979,0.2594993682876194,1.274272907925825,0.2528293865098622,1.0462193042854253,0.9742967321201167,342.3331719804855,6.369672381324541e-16,a1_station_hull_matched_sweep_free_surface_marching_not_benchmark_validated,41,8,24,10,3.0,2,16,15.0,False,none,0.0,1.0,1.0,1.0,trapezoid,1.0,1.0,-1.0,1.0,-1.0,1.0,1.0,True,False,True,3.0,11,9,40,True,True,True,True,A1_GRID_RECOMMENDED,"A1 Section 3.3 recommends control radius about 3B, inner free-surface panels greater than 10, outer/free-surface proxy panels greater than 8, and roughly 60 stations at Fn=0.2 or 40 at Fn=0.3."
0,st41_bp8_fs24_cp10_r3p0_h2_fsm_clipfs_onezonefs_noend_pr1p0_pl1p0_pf1p0_pm1p0_dt1p0_fv1p0_hr1p0_hqtrapezoid_hp1p0_hc1p0_cim1p0_cp1p0_cnm1p0_cd1p0_pg1p0,A33,OK,diagnostic_matched_wigley_sensitivity_not_hard_gate,wigley_iii,Fn0.4,0.4,2.1696064159197173,1.0,1.808005346599764,1.0,79.95,18,19,20,1.425,1.575,0.07500000000000007,-0.8687343749999998,0.868734375,0.06253124999999993,0.06253125000000004,heave,heave_force,0.07499999999999996,626.8209399273242,-203.48103560840462,47.01157049454935,-15.26107767063036,0.17988165339904982,0.17988165339904982,0.0,2.2007266512986368,2.2007266512986368,0.0,0.0,2.2007266512986368,3.148311930029744,1.1707096551350857,0.33769200386560033,0.16046391391701903,1.0670543242959512,0.5398004741071235,0.8725641882018847,6148.68843504358,2264.7925371881142,5834.4689223140385,2169.565548695206,1940.4488825502033,704.854660531105,1.3467662605396065,0.42846077990021997,0.004658379160227938,0.0018863791502771272,advance_eq19_20,1.1509914266988743,0.26920281121581513,1.2161507664826952,0.25968598432481443,1.0566114901226522,0.9646481147502906,342.3288541718238,9.738642932740893e-16,a1_station_hull_matched_sweep_free_surface_marching_not_benchmark_validated,41,8,24,10,3.0,2,16,15.0,False,none,0.0,1.0,1.0,1.0,trapezoid,1.0,1.0,-1.0,1.0,-1.0,1.0,1.0,True,False,True,3.0,11,9,40,True,True,True,True,A1_GRID_RECOMMENDED,"A1 Section 3.3 recommends control radius about 3B, inner free-surface panels greater than 10, outer/free-surface proxy panels greater than 8, and roughly 60 stations at Fn=0.2 or 40 at Fn=0.3."
0,st41_bp8_fs24_cp10_r3p0_h2_fsm_clipfs_onezonefs_noend_pr1p0_pl1p0_pf1p0_pm1p0_dt1p0_fv1p0_hr1p0_hqtrapezoid_hp1p0_hc1p0_cim1p0_cp1p0_cnm1p0_cd1p0_pg1p0,A33,OK,diagnostic_matched_wigley_sensitivity_not_hard_gate,wigley_iii,Fn0.4,0.4,2.1696064159197173,1.0,1.808005346599764,1.0,79.95,19,20,19,1.5,1.5,0.07499999999999996,-0.8687499999999999,0.8687499999999999,0.062499999999999944,0.06250000000000003,heave,heave_force,0.0,613.9266217032325,-255.397503817414,46.04449662774241,-19.15481278630604,0.17618131230662845,0.17618131230662845,0.0,2.3787581341514756,2.3787581341514756,0.0,0.0,2.3787581341514756,3.074215277759847,1.14593881783168,0.2889531164255985,0.1375244779959909,0.9457166110394152,0.4813602397341284,1.0971428790544318,6197.62451669957,2273.0778241215235,5697.152600258194,2123.6600972537876,2439.8774353165536,901.0577997792758,1.2456336046424472,0.3950409346018206,0.003732538265295468,0.0013938971432148886,advance_eq19_20,1.0769713742861984,0.2795028459201915,1.150354689188049,0.26924844862675784,1.0681385937026302,0.9633120111543994,342.3274209292955,7.116164419224255e-16,a1_station_hull_matched_sweep_free_surface_marching_not_benchmark_validated,41,8,24,10,3.0,2,16,15.0,False,none,0.0,1.0,1.0,1.0,trapezoid,1.0,1.0,-1.0,1.0,-1.0,1.0,1.0,True,False,True,3.0,11,9,40,True,True,True,True,A1_GRID_RECOMMENDED,"A1 Section 3.3 recommends control radius about 3B, inner free-surface panels greater than 10, outer/free-surface proxy panels greater than 8, and roughly 60 stations at Fn=0.2 or 40 at Fn=0.3."
0,st41_bp8_fs24_cp10_r3p0_h2_fsm_clipfs_onezonefs_noend_pr1p0_pl1p0_pf1p0_pm1p0_dt1p0_fv1p0_hr1p0_hqtrapezoid_hp1p0_hc1p0_cim1p0_cp1p0_cnm1p0_cd1p0_pg1p0,A33,OK,diagnostic_matched_wigley_sensitivity_not_hard_gate,wigley_iii,Fn0.4,0.4,2.1696064159197173,1.0,1.808005346599764,1.0,79.95,20,21,18,1.575,1.425,0.07499999999999996,-0.8687343749999998,0.868734375,0.06253124999999993,0.06253125000000004,heave,heave_force,-0.07499999999999996,594.9768370111024,-299.33308252204097,44.62326277583265,-22.44998118915306,0.17074320648589503,0.17074320648589503,0.0,2.5522203935477377,2.5522203935477377,0.0,0.0,2.5522203935477377,2.984394921071217,1.1160391874266182,0.2429672694885521,0.1156363999010718,0.8206328353222135,0.4194022275523522,1.2916734820276277,6232.156278845752,2276.5601601537633,5530.6970230034885,2068.2499383292366,2872.483650727515,1070.0331485880035,1.1380353649103239,0.3770718664841862,0.0027350184520158506,0.0012540856656459336,advance_eq19_20,0.9972718365167333,0.28860813427922416,1.0778703412094477,0.2795047622231344,1.080818992115759,0.9684576733125534,342.32885417182297,5.208659036506827e-16,a1_station_hull_matched_sweep_free_surface_marching_not_benchmark_validated,41,8,24,10,3.0,2,16,15.0,False,none,0.0,1.0,1.0,1.0,trapezoid,1.0,1.0,-1.0,1.0,-1.0,1.0,1.0,True,False,True,3.0,11,9,40,True,True,True,True,A1_GRID_RECOMMENDED,"A1 Section 3.3 recommends control radius about 3B, inner free-surface panels greater than 10, outer/free-surface proxy panels greater than 8, and roughly 60 stations at Fn=0.2 or 40 at Fn=0.3."
0,st41_bp8_fs24_cp10_r3p0_h2_fsm_clipfs_onezonefs_noend_pr1p0_pl1p0_pf1p0_pm1p0_dt1p0_fv1p0_hr1p0_hqtrapezoid_hp1p0_hc1p0_cim1p0_cp1p0_cnm1p0_cd1p0_pg1p0,A33,OK,diagnostic_matched_wigley_sensitivity_not_hard_gate,wigley_iii,Fn0.4,0.4,2.1696064159197173,1.0,1.808005346599764,1.0,79.95,21,22,17,1.65,1.35,0.07499999999999996,-0.8686874999999998,0.8686875,0.0626249999999999,0.06262500000000004,heave,heave_force,-0.1499999999999999,570.7247904276487,-335.6987732671664,42.80435928207363,-25.177407995037466,0.1637834864767833,0.1637834864767833,0.0,2.719483740029077,2.719483740029077,0.0,0.0,2.719483740029077,2.8813639827995328,1.0817695435812216,0.2002892167802746,0.09517095461236176,0.695946265812595,0.35686108671932015,1.4609862772530733,6250.527449787649,2274.8493455097655,5339.7595235615845,2004.741246548226,3249.009330716404,1215.2004866656744,1.036377528311988,0.3299316649158734,0.001735736229266569,0.0009745806281904806,advance_eq19_20,0.9135269348982862,0.2951904107887802,1.0000460151300519,0.2886977732920716,1.0947088442897406,0.9780052560672292,342.3331719804855,7.972732043432383e-16,a1_station_hull_matched_sweep_free_surface_marching_not_benchmark_validated,41,8,24,10,3.0,2,16,15.0,False,none,0.0,1.0,1.0,1.0,trapezoid,1.0,1.0,-1.0,1.0,-1.0,1.0,1.0,True,False,True,3.0,11,9,40,True,True,True,True,A1_GRID_RECOMMENDED,"A1 Section 3.3 recommends control radius about 3B, inner free-surface panels greater than 10, outer/free-surface proxy panels greater than 8, and roughly 60 stations at Fn=0.2 or 40 at Fn=0.3."
0,st41_bp8_fs24_cp10_r3p0_h2_fsm_clipfs_onezonefs_noend_pr1p0_pl1p0_pf1p0_pm1p0_dt1p0_fv1p0_hr1p0_hqtrapezoid_hp1p0_hc1p0_cim1p0_cp1p0_cnm1p0_cd1p0_pg1p0,A33,OK,diagnostic_matched_wigley_sensitivity_not_hard_gate,wigley_iii,Fn0.4,0.4,2.1696064159197173,1.0,1.808005346599764,1.0,79.95,22,23,16,1.7249999999999999,1.2750000000000001,0.07499999999999996,-0.8686093749999999,0.8686093749999999,0.0627812499999999,0.06278125000000001,heave,heave_force,-0.22499999999999987,541.7627380685508,-365.6149455130624,40.63220535514129,-27.421120913479665,0.15547211470801567,0.15547211470801567,0.0,2.8791115406214765,2.8791115406214765,0.0,0.0,2.8791115406214765,2.7663828125278234,1.0435194283843843,0.16142581181605664,0.07644524328995041,0.5756906004073888,0.29625597871767073,1.6125382320558836,6256.394369064347,2268.825112136507,5126.675788686797,1933.8559234446886,3586.03762653889,1344.4299530036621,0.9499553796396698,0.2971373446000528,0.0009009325027130008,0.0006177060125806486,advance_eq19_20,0.8272613143246658,0.2983526540945052,0.9182334927635246,0.2954944539317239,1.1099678866442872,0.9904200612142839,342.34042855322906,6.657593935744065e-16,a1_station_hull_matched_sweep_free_surface_marching_not_benchmark_validated,41,8,24,10,3.0,2,16,15.0,False,none,0.0,1.0,1.0,1.0,trapezoid,1.0,1.0,-1.0,1.0,-1.0,1.0,1.0,True,False,True,3.0,11,9,40,True,True,True,True,A1_GRID_RECOMMENDED,"A1 Section 3.3 recommends control radius about 3B, inner free-surface panels greater than 10, outer/free-surface proxy panels greater than 8, and roughly 60 stations at Fn=0.2 or 40 at Fn=0.3."
0,st41_bp8_fs24_cp10_r3p0_h2_fsm_clipfs_onezonefs_noend_pr1p0_pl1p0_pf1p0_pm1p0_dt1p0_fv1p0_hr1p0_hqtrapezoid_hp1p0_hc1p0_cim1p0_cp1p0_cnm1p0_cd1p0_pg1p0,A33,OK,diagnostic_matched_wigley_sensitivity_not_hard_gate,wigley_iii,Fn0.4,0.4,2.1696064159197173,1.0,1.808005346599764,1.0,79.95,23,24,15,1.7999999999999998,1.2000000000000002,0.07500000000000007,-0.8684999999999999,0.8684999999999998,0.06299999999999994,0.06300000000000008,heave,heave_force,-0.2999999999999998,508.7726760626813,-388.22106972600085,38.15795070470113,-29.11658022945009,0.14600480670767846,0.14600480670767846,0.0,3.029850001329323,3.029850001329323,0.0,0.0,3.029850001329323,2.6408703570923557,1.0017396788176365,0.126767858249706,0.05969420774593716,0.4633892407609967,0.2396139543245305,1.7442233860945522,6244.8158210428755,2256.9449534899527,4894.075418432302,1856.4294625835025,3878.8852054996537,1456.1461210883092,0.8868388886438969,0.2618962707853566,0.0008116818216401067,0.00031633576260798934,advance_eq19_20,0.7400482925929813,0.29758090749160415,0.8339013176693224,0.2990105409878752,1.1268201359501808,1.0048041842076558,342.35071396278477,6.930944247789074e-16,a1_station_hull_matched_sweep_free_surface_marching_not_benchmark_validated,41,8,24,10,3.0,2,16,15.0,False,none,0.0,1.0,1.0,1.0,trapezoid,1.0,1.0,-1.0,1.0,-1.0,1.0,1.0,True,False,True,3.0,11,9,40,True,True,True,True,A1_GRID_RECOMMENDED,"A1 Section 3.3 recommends control radius about 3B, inner free-surface panels greater than 10, outer/free-surface proxy panels greater than 8, and roughly 60 stations at Fn=0.2 or 40 at Fn=0.3."
0,st41_bp8_fs24_cp10_r3p0_h2_fsm_clipfs_onezonefs_noend_pr1p0_pl1p0_pf1p0_pm1p0_dt1p0_fv1p0_hr1p0_hqtrapezoid_hp1p0_hc1p0_cim1p0_cp1p0_cnm1p0_cd1p0_pg1p0,A33,OK,diagnostic_matched_wigley_sensitivity_not_hard_gate,wigley_iii,Fn0.4,0.4,2.1696064159197173,1.0,1.808005346599764,1.0,79.95,24,25,14,1.875,1.125,0.07500000000000007,-0.8683593749999999,0.8683593749999999,0.06328124999999996,0.06328125000000007,heave,heave_force,-0.375,472.5112260927012,-402.83856446547355,35.43834195695262,-30.212892334910542,0.13559869363812588,0.13559869363812588,0.0,3.1706517515022257,3.1706517515022257,0.0,0.0,3.1706517515022257,2.506410114045507,0.9569438866963088,0.09656575149396827,0.04506608448150942,0.36185872552714016,0.18843081682588414,1.8539770724094005,6210.7837204994,2237.5805088726875,4644.892959140151,1773.4136551314573,4122.960565049176,1548.7249567646797,0.8522494429395734,0.2655431246837089,0.001394494962569573,0.0005321457786878257,advance_eq19_20,0.6534447113279935,0.29266716687023075,0.7485654194218964,0.2987435474506151,1.1455681046076405,1.0207620849491417,342.3641533741088,5.310980588550633e-16,a1_station_hull_matched_sweep_free_surface_marching_not_benchmark_validated,41,8,24,10,3.0,2,16,15.0,False,none,0.0,1.0,1.0,1.0,trapezoid,1.0,1.0,-1.0,1.0,-1.0,1.0,1.0,True,False,True,3.0,11,9,40,True,True,True,True,A1_GRID_RECOMMENDED,"A1 Section 3.3 recommends control radius about 3B, inner free-surface panels greater than 10, outer/free-surface proxy panels greater than 8, and roughly 60 stations at Fn=0.2 or 40 at Fn=0.3."
0,st41_bp8_fs24_cp10_r3p0_h2_fsm_clipfs_onezonefs_noend_pr1p0_pl1p0_pf1p0_pm1p0_dt1p0_fv1p0_hr1p0_hqtrapezoid_hp1p0_hc1p0_cim1p0_cp1p0_cnm1p0_cd1p0_pg1p0,A33,OK,diagnostic_matched_wigley_sensitivity_not_hard_gate,wigley_iii,Fn0.4,0.4,2.1696064159197173,1.0,1.808005346599764,1.0,79.95,25,26,13,1.95,1.05,0.07499999999999996,-0.8681874999999999,0.8681874999999999,0.0636249999999999,0.06362500000000004,heave,heave_force,-0.44999999999999996,433.78901990016016,-409.0471877514091,32.53417649251199,-30.678539081355666,0.12448640617373306,0.12448640617373306,0.0,3.300694301408155,3.300694301408155,0.0,0.0,3.300694301408155,2.36473856292922,0.9097054210255444,0.07091945554704557,0.03262299390638638,0.2731177380835065,0.1436729227955141,1.9400476888678773,6149.693920542746,2209.1351703753626,4382.34646421384,1685.871071671098,4314.368410781915,1620.776018078421,0.8471382970904211,0.29353796287376177,0.0019710754756410544,0.0007010016744868209,advance_eq19_20,0.568931313129267,0.2836435795675954,0.6637242451124927,0.2944979646603879,1.1666157755702362,1.0382676918312046,342.3809050598591,6.179525217688199e-16,a1_station_hull_matched_sweep_free_surface_marching_not_benchmark_validated,41,8,24,10,3.0,2,16,15.0,False,none,0.0,1.0,1.0,1.0,trapezoid,1.0,1.0,-1.0,1.0,-1.0,1.0,1.0,True,False,True,3.0,11,9,40,True,True,True,True,A1_GRID_RECOMMENDED,"A1 Section 3.3 recommends control radius about 3B, inner free-surface panels greater than 10, outer/free-surface proxy panels greater than 8, and roughly 60 stations at Fn=0.2 or 40 at Fn=0.3."
0,st41_bp8_fs24_cp10_r3p0_h2_fsm_clipfs_onezonefs_noend_pr1p0_pl1p0_pf1p0_pm1p0_dt1p0_fv1p0_hr1p0_hqtrapezoid_hp1p0_hc1p0_cim1p0_cp1p0_cnm1p0_cd1p0_pg1p0,A33,OK,diagnostic_matched_wigley_sensitivity_not_hard_gate,wigley_iii,Fn0.4,0.4,2.1696064159197173,1.0,1.808005346599764,1.0,79.95,26,27,12,2.025,0.9750000000000001,0.07500000000000007,-0.8679843749999999,0.8679843749999999,0.06403124999999998,0.0640312500000001,heave,heave_force,-0.5249999999999999,393.4445832317423,-406.7525589569391,29.5083437423807,-30.50644192177046,0.11290857985827915,0.11290857985827915,0.0,3.419391794424161,3.419391794424161,0.0,0.0,3.419391794424161,2.2177114465393872,0.8606494968805708,0.04978341943919022,0.02258485324116134,0.19839234741747552,0.10581330064863141,2.001304183624179,6057.957963440494,2173.9767704567867,4109.875006372677,1594.9603642061807,4450.59345692294,1671.4883413009552,0.8682573614688837,0.3318801125561985,0.0023969681889327715,0.0008167428773143751,advance_eq19_20,0.48785882891813215,0.2707324731401172,0.5807997369607464,0.2863188645523165,1.1905077914623754,1.0575711928141422,342.4011560901492,4.77579272461135e-16,a1_station_hull_matched_sweep_free_surface_marching_not_benchmark_validated,41,8,24,10,3.0,2,16,15.0,False,none,0.0,1.0,1.0,1.0,trapezoid,1.0,1.0,-1.0,1.0,-1.0,1.0,1.0,True,False,True,3.0,11,9,40,True,True,True,True,A1_GRID_RECOMMENDED,"A1 Section 3.3 recommends control radius about 3B, inner free-surface panels greater than 10, outer/free-surface proxy panels greater than 8, and roughly 60 stations at Fn=0.2 or 40 at Fn=0.3."
0,st41_bp8_fs24_cp10_r3p0_h2_fsm_clipfs_onezonefs_noend_pr1p0_pl1p0_pf1p0_pm1p0_dt1p0_fv1p0_hr1p0_hqtrapezoid_hp1p0_hc1p0_cim1p0_cp1p0_cnm1p0_cd1p0_pg1p0,A33,OK,diagnostic_matched_wigley_sensitivity_not_hard_gate,wigley_iii,Fn0.4,0.4,2.1696064159197173,1.0,1.808005346599764,1.0,79.95,27,28,11,2.1,0.8999999999999999,0.07499999999999996,-0.8677499999999999,0.8677499999999999,0.06449999999999989,0.06450000000000003,heave,heave_force,-0.6000000000000001,352.31425769568057,-396.2205565991414,26.423569327176025,-29.716541744935586,0.10110522344340593,0.10110522344340593,0.0,3.526398696075004,3.526398696075004,0.0,0.0,3.526398696075004,2.06724865018603,0.8104417231848593,0.032987747046289866,0.0150893060852717,0.13820974277115097,0.07489432370623997,2.037494716944426,5933.589758881368,2129.0066692072446,3831.0365275946747,1501.9150428413952,4531.075650542284,1700.9569131136195,0.9096084524509759,0.3600062530875663,0.0026462704831178956,0.0008782461204306153,advance_eq19_20,0.4113984913388241,0.25431322837782083,0.5010838333013317,0.27443883454302404,1.218001144512325,1.0791370794731274,342.4251138934241,4.277510047262631e-16,a1_station_hull_matched_sweep_free_surface_marching_not_benchmark_validated,41,8,24,10,3.0,2,16,15.0,False,none,0.0,1.0,1.0,1.0,trapezoid,1.0,1.0,-1.0,1.0,-1.0,1.0,1.0,True,False,True,3.0,11,9,40,True,True,True,True,A1_GRID_RECOMMENDED,"A1 Section 3.3 recommends control radius about 3B, inner free-surface panels greater than 10, outer/free-surface proxy panels greater than 8, and roughly 60 stations at Fn=0.2 or 40 at Fn=0.3."
0,st41_bp8_fs24_cp10_r3p0_h2_fsm_clipfs_onezonefs_noend_pr1p0_pl1p0_pf1p0_pm1p0_dt1p0_fv1p0_hr1p0_hqtrapezoid_hp1p0_hc1p0_cim1p0_cp1p0_cnm1p0_cd1p0_pg1p0,A33,OK,diagnostic_matched_wigley_sensitivity_not_hard_gate,wigley_iii,Fn0.4,0.4,2.1696064159197173,1.0,1.808005346599764,1.0,79.95,28,29,10,2.175,0.8250000000000002,0.07499999999999996,-0.8674843749999999,0.8674843749999999,0.06503124999999987,0.0650312500000001,heave,heave_force,-0.6749999999999998,311.2014155894137,-378.04980758447556,23.340106169206017,-28.35373556883565,0.08930688432782566,0.08930688432782566,0.0,3.6216047499606194,3.6216047499606194,0.0,0.0,3.6216047499606194,1.9152665049879918,0.7597778229199111,0.020282494240082154,0.009321731178684057,0.09256898592614751,0.0506089983626672,2.049323043239962,5776.489251422194,2073.8486015306107,3549.3823832112766,1408.0244252188063,4557.380033478181,1710.372453540432,0.9636975296363903,0.4104211613368515,0.002724435578216416,0.0009490508680675317,advance_eq19_20,0.3404946758854603,0.2349022009598767,0.42568820896528653,0.2592406701890164,1.2502051841435684,1.1036110735858833,342.45299094219155,4.0027705211988585e-16,a1_station_hull_matched_sweep_free_surface_marching_not_benchmark_validated,41,8,24,10,3.0,2,16,15.0,False,none,0.0,1.0,1.0,1.0,trapezoid,1.0,1.0,-1.0,1.0,-1.0,1.0,1.0,True,False,True,3.0,11,9,40,True,True,True,True,A1_GRID_RECOMMENDED,"A1 Section 3.3 recommends control radius about 3B, inner free-surface panels greater than 10, outer/free-surface proxy panels greater than 8, and roughly 60 stations at Fn=0.2 or 40 at Fn=0.3."
0,st41_bp8_fs24_cp10_r3p0_h2_fsm_clipfs_onezonefs_noend_pr1p0_pl1p0_pf1p0_pm1p0_dt1p0_fv1p0_hr1p0_hqtrapezoid_hp1p0_hc1p0_cim1p0_cp1p0_cnm1p0_cd1p0_pg1p0,A33,OK,diagnostic_matched_wigley_sensitivity_not_hard_gate,wigley_iii,Fn0.4,0.4,2.1696064159197173,1.0,1.808005346599764,1.0,79.95,29,30,9,2.25,0.75,0.07499999999999996,-0.8671874999999999,0.8671874999999999,0.06562499999999982,0.0656250000000001,heave,heave_force,-0.75,270.8501205410744,-353.0461027526836,20.313759040580567,-26.478457706451255,0.07772708983192109,0.07772708983192109,0.0,3.7051217370404927,3.7051217370404927,0.0,0.0,3.7051217370404927,1.7636201234773572,0.7093855255337401,0.01143271304681353,0.005108306492767727,0.061101918373377945,0.03239380757876797,2.038109271321926,5587.946696040272,2009.1921479219404,3268.3504779334476,1314.6371435396227,4532.442325190647,1701.9047701226948,1.0219745861889045,0.4214809327926343,0.002655693137543697,0.0009687511279185409,advance_eq19_20,0.27581886491695445,0.2131300402940352,0.3554935749022817,0.24123372109435287,1.2888660643619,1.1318616594898856,342.4849787194831,5.262549083867251e-16,a1_station_hull_matched_sweep_free_surface_marching_not_benchmark_validated,41,8,24,10,3.0,2,16,15.0,False,none,0.0,1.0,1.0,1.0,trapezoid,1.0,1.0,-1.0,1.0,-1.0,1.0,1.0,True,False,True,3.0,11,9,40,True,True,True,True,A1_GRID_RECOMMENDED,"A1 Section 3.3 recommends control radius about 3B, inner free-surface panels greater than 10, outer/free-surface proxy panels greater than 8, and roughly 60 stations at Fn=0.2 or 40 at Fn=0.3."
0,st41_bp8_fs24_cp10_r3p0_h2_fsm_clipfs_onezonefs_noend_pr1p0_pl1p0_pf1p0_pm1p0_dt1p0_fv1p0_hr1p0_hqtrapezoid_hp1p0_hc1p0_cim1p0_cp1p0_cnm1p0_cd1p0_pg1p0,A33,OK,diagnostic_matched_wigley_sensitivity_not_hard_gate,wigley_iii,Fn0.4,0.4,2.1696064159197173,1.0,1.808005346599764,1.0,79.95,30,31,8,2.3249999999999997,0.6750000000000003,0.07499999999999996,-0.866859375,0.866859375,0.06628124999999996,0.06628125000000007,heave,heave_force,-0.8249999999999997,231.9304947272644,-321.946655905795,17.39478710454482,-24.14599919293461,0.06655814796174014,0.06655814796174014,0.0,3.7772643559373233,3.7772643559373233,0.0,0.0,3.7772643559373233,1.6141042991858283,0.660063047179498,0.006399151946129543,0.0030333044235921628,0.04273545957524586,0.019527660778775314,2.004588415428201,5368.475042407553,1935.6695016612412,2991.266932970084,1223.2324563533014,4457.897084576149,1678.0290783210576,1.0756990914143267,0.48798590007378284,0.002482005585499904,0.0009349520180284563,advance_eq19_20,0.21773140360925217,0.18968358165467594,0.29109675770938026,0.22102655477285968,1.3369534797644163,1.1652381974484458,342.52120658418943,3.0878059499702605e-16,a1_station_hull_matched_sweep_free_surface_marching_not_benchmark_validated,41,8,24,10,3.0,2,16,15.0,False,none,0.0,1.0,1.0,1.0,trapezoid,1.0,1.0,-1.0,1.0,-1.0,1.0,1.0,True,False,True,3.0,11,9,40,True,True,True,True,A1_GRID_RECOMMENDED,"A1 Section 3.3 recommends control radius about 3B, inner free-surface panels greater than 10, outer/free-surface proxy panels greater than 8, and roughly 60 stations at Fn=0.2 or 40 at Fn=0.3."
0,st41_bp8_fs24_cp10_r3p0_h2_fsm_clipfs_onezonefs_noend_pr1p0_pl1p0_pf1p0_pm1p0_dt1p0_fv1p0_hr1p0_hqtrapezoid_hp1p0_hc1p0_cim1p0_cp1p0_cnm1p0_cd1p0_pg1p0,A33,OK,diagnostic_matched_wigley_sensitivity_not_hard_gate,wigley_iii,Fn0.4,0.4,2.1696064159197173,1.0,1.808005346599764,1.0,79.95,31,32,7,2.4,0.6000000000000001,0.07500000000000018,-0.8664999999999999,0.8664999999999998,0.06699999999999995,0.06700000000000006,heave,heave_force,-0.8999999999999999,195.04569648412308,-284.89675622549083,14.628427236309266,-21.367256716911864,0.05597314980575034,0.05597314980575034,0.0,3.838530004821069,3.838530004821069,0.0,0.0,3.838530004821069,1.4686164133718111,0.61281044489945,0.004878941946068186,0.0018708575942740831,0.03417450280339138,0.014546034856346014,1.9458973111405768,5112.09938204853,1852.0742410895116,2721.6479856674136,1135.6636748511453,4327.37707324581,1639.9036660839859,1.1185720605481573,0.5344278945407928,0.002265746636962593,0.0008745383373118946,advance_eq19_20,0.16627287237991886,0.1651717350139767,0.2327637559087407,0.199252771856714,1.3998901479063646,1.2063369791438796,342.56168396636383,6.338873836825307e-16,a1_station_hull_matched_sweep_free_surface_marching_not_benchmark_validated,41,8,24,10,3.0,2,16,15.0,False,none,0.0,1.0,1.0,1.0,trapezoid,1.0,1.0,-1.0,1.0,-1.0,1.0,1.0,True,False,True,3.0,11,9,40,True,True,True,True,A1_GRID_RECOMMENDED,"A1 Section 3.3 recommends control radius about 3B, inner free-surface panels greater than 10, outer/free-surface proxy panels greater than 8, and roughly 60 stations at Fn=0.2 or 40 at Fn=0.3."
0,st41_bp8_fs24_cp10_r3p0_h2_fsm_clipfs_onezonefs_noend_pr1p0_pl1p0_pf1p0_pm1p0_dt1p0_fv1p0_hr1p0_hqtrapezoid_hp1p0_hc1p0_cim1p0_cp1p0_cnm1p0_cd1p0_pg1p0,A33,OK,diagnostic_matched_wigley_sensitivity_not_hard_gate,wigley_iii,Fn0.4,0.4,2.1696064159197173,1.0,1.808005346599764,1.0,79.95,32,33,6,2.475,0.5249999999999999,0.07499999999999996,-0.866109375,0.866109375,0.06778124999999988,0.06778125000000013,heave,heave_force,-0.9750000000000001,160.775105137158,-240.3893217323947,12.058132885286842,-18.02919912992959,0.04613836248168599,0.04613836248168599,0.0,3.889585760964787,3.889585760964787,0.0,0.0,3.889585760964787,1.329720275619786,0.5691963264168285,0.004657516003578268,0.00210009407674947,0.029977092831490068,0.011519825220835073,1.8482930295209192,4792.414263502197,1750.4789008980288,2464.2449019977516,1054.8377514622346,4110.320125731984,1583.9723320337857,1.1504731369009642,0.5257371967288533,0.002110139492202147,0.0008364730317015439,advance_eq19_20,0.12122611145094281,0.13990560362816892,0.18041883313477414,0.17639149453012262,1.4882835964575598,1.2607893462146325,342.6062403202417,8.710187296722613e-16,a1_station_hull_matched_sweep_free_surface_marching_not_benchmark_validated,41,8,24,10,3.0,2,16,15.0,False,none,0.0,1.0,1.0,1.0,trapezoid,1.0,1.0,-1.0,1.0,-1.0,1.0,1.0,True,False,True,3.0,11,9,40,True,True,True,True,A1_GRID_RECOMMENDED,"A1 Section 3.3 recommends control radius about 3B, inner free-surface panels greater than 10, outer/free-surface proxy panels greater than 8, and roughly 60 stations at Fn=0.2 or 40 at Fn=0.3."
0,st41_bp8_fs24_cp10_r3p0_h2_fsm_clipfs_onezonefs_noend_pr1p0_pl1p0_pf1p0_pm1p0_dt1p0_fv1p0_hr1p0_hqtrapezoid_hp1p0_hc1p0_cim1p0_cp1p0_cnm1p0_cd1p0_pg1p0,A33,OK,diagnostic_matched_wigley_sensitivity_not_hard_gate,wigley_iii,Fn0.4,0.4,2.1696064159197173,1.0,1.808005346599764,1.0,79.95,33,34,5,2.55,0.4500000000000002,0.07499999999999996,-0.8656874999999999,0.8656874999999999,0.06862499999999994,0.06862500000000005,heave,heave_force,-1.0499999999999998,129.78561518392945,-182.46352011872,9.733921138794702,-13.684764008903992,0.037245167733874436,0.037245167733874436,0.0,3.9312775260725665,3.9312775260725665,0.0,0.0,3.9312775260725665,1.2022905470086251,0.5323942125276833,0.0038445462186523626,0.001874352816555426,0.026445299991275848,0.010422642204844719,1.6686292688742503,4328.307537128977,1601.2230000918898,2228.091430586898,986.635872317543,3710.775486729525,1494.0072684286272,1.1786728210326405,0.643393204776201,0.0022578322839406687,0.0009019052106879519,advance_eq19_20,0.08229609669089594,0.1136712763768379,0.13372753738228005,0.15246790765545204,1.6249560156487197,1.3413054952422396,342.6545414156471,3.521021656714648e-16,a1_station_hull_matched_sweep_free_surface_marching_not_benchmark_validated,41,8,24,10,3.0,2,16,15.0,False,none,0.0,1.0,1.0,1.0,trapezoid,1.0,1.0,-1.0,1.0,-1.0,1.0,1.0,True,False,True,3.0,11,9,40,True,True,True,True,A1_GRID_RECOMMENDED,"A1 Section 3.3 recommends control radius about 3B, inner free-surface panels greater than 10, outer/free-surface proxy panels greater than 8, and roughly 60 stations at Fn=0.2 or 40 at Fn=0.3."
0,st41_bp8_fs24_cp10_r3p0_h2_fsm_clipfs_onezonefs_noend_pr1p0_pl1p0_pf1p0_pm1p0_dt1p0_fv1p0_hr1p0_hqtrapezoid_hp1p0_hc1p0_cim1p0_cp1p0_cnm1p0_cd1p0_pg1p0,A33,OK,diagnostic_matched_wigley_sensitivity_not_hard_gate,wigley_iii,Fn0.4,0.4,2.1696064159197173,1.0,1.808005346599764,1.0,79.95,34,35,4,2.625,0.375,0.07499999999999996,-0.8652343749999999,0.8652343749999999,0.06953124999999993,0.06953125000000009,heave,heave_force,-1.125,103.12492423483722,-84.62512487165918,7.734369317612787,-6.346884365374435,0.029594228106299414,0.029594228106299414,0.0,3.964697223992654,3.964697223992654,0.0,0.0,3.964697223992654,1.0987924257538642,0.5105832902846406,0.0020799947465356483,0.000827193654866473,0.024062815440895485,0.00882056824910578,1.291644849490345,3520.975139130198,1374.7312002361978,2036.2881450804684,946.2157516871077,2872.4199763575075,1299.7303661390815,1.2119139386635889,0.7619057303728943,0.004143924810018594,0.0016540296192776474,advance_eq19_20,0.049425378290666316,0.08565723839247182,0.09233984354911895,0.12675675741355538,1.8682678158996866,1.4798137296088183,342.70650863905854,4.783503108373275e-16,a1_station_hull_matched_sweep_free_surface_marching_not_benchmark_validated,41,8,24,10,3.0,2,16,15.0,False,none,0.0,1.0,1.0,1.0,trapezoid,1.0,1.0,-1.0,1.0,-1.0,1.0,1.0,True,False,True,3.0,11,9,40,True,True,True,True,A1_GRID_RECOMMENDED,"A1 Section 3.3 recommends control radius about 3B, inner free-surface panels greater than 10, outer/free-surface proxy panels greater than 8, and roughly 60 stations at Fn=0.2 or 40 at Fn=0.3."
0,st41_bp8_fs24_cp10_r3p0_h2_fsm_clipfs_onezonefs_noend_pr1p0_pl1p0_pf1p0_pm1p0_dt1p0_fv1p0_hr1p0_hqtrapezoid_hp1p0_hc1p0_cim1p0_cp1p0_cnm1p0_cd1p0_pg1p0,A33,OK,diagnostic_matched_wigley_sensitivity_not_hard_gate,wigley_iii,Fn0.4,0.4,2.1696064159197173,1.0,1.808005346599764,1.0,79.95,35,36,3,2.6999999999999997,0.30000000000000027,0.07499999999999996,-0.8647499999999999,0.8647499999999999,0.0704999999999999,0.07050000000000001,heave,heave_force,-1.1999999999999997,83.80634931782907,278.34310598195714,6.285476198837177,20.875732948646775,0.024050288878953656,0.024050288878953656,0.0,3.99151948248528,3.99151948248528,0.0,0.0,3.99151948248528,1.0683326997842704,0.5354538197243833,0.004662777351359848,0.0024904695896213074,0.032442902097299726,0.016978457824460672,3.5598402439151062,8160.352254358047,5564.437870872163,1979.8400139862542,992.305953141925,7916.538538668612,5475.244078043957,1.2626525087436586,0.8600345455657188,0.00020306035993815168,6.83855973981479e-05,advance_eq19_20,0.02320699367031512,0.05419029826271933,0.056314718705129864,0.09773970538846789,2.4266270549797233,1.8036384467680397,342.76452809793597,6.249274659424504e-16,a1_station_hull_matched_sweep_free_surface_marching_not_benchmark_validated,41,8,24,10,3.0,2,16,15.0,False,none,0.0,1.0,1.0,1.0,trapezoid,1.0,1.0,-1.0,1.0,-1.0,1.0,1.0,True,False,True,3.0,11,9,40,True,True,True,True,A1_GRID_RECOMMENDED,"A1 Section 3.3 recommends control radius about 3B, inner free-surface panels greater than 10, outer/free-surface proxy panels greater than 8, and roughly 60 stations at Fn=0.2 or 40 at Fn=0.3."
0,st41_bp8_fs24_cp10_r3p0_h2_fsm_clipfs_onezonefs_noend_pr1p0_pl1p0_pf1p0_pm1p0_dt1p0_fv1p0_hr1p0_hqtrapezoid_hp1p0_hc1p0_cim1p0_cp1p0_cnm1p0_cd1p0_pg1p0,A33,OK,diagnostic_matched_wigley_sensitivity_not_hard_gate,wigley_iii,Fn0.4,0.4,2.1696064159197173,1.0,1.808005346599764,1.0,79.95,36,37,2,2.775,0.2250000000000001,0.07500000000000018,-0.8642343749999999,0.8642343749999999,0.07153124999999994,0.07153125000000005,heave,heave_force,-1.275,93.40245250646774,-739.1513938628386,7.005183937985097,-55.43635453971303,0.02680412621559465,0.02680412621559465,0.0,4.016946690032555,4.016946690032555,0.0,0.0,4.016946690032555,1.5321645724038955,0.8798923156700608,0.02135500105260214,0.010894383845496838,0.09939614201200343,0.0586806082815233,10.323556753174001,23132.927552222554,14361.991467429738,2839.415782246409,1630.6212614426051,22958.006340967575,14269.123070891776,1.5065336469095052,1.0617202016315574,0.0030952904491441356,0.0012614704022693307,advance_eq19_20,0.005582403763950016,0.012622297442569907,0.026662857344678697,0.06293076809477606,4.776232331466562,4.985682549559957,342.84460969129094,1.1165906370935443e-15,a1_station_hull_matched_sweep_free_surface_marching_not_benchmark_validated,41,8,24,10,3.0,2,16,15.0,False,none,0.0,1.0,1.0,1.0,trapezoid,1.0,1.0,-1.0,1.0,-1.0,1.0,1.0,True,False,True,3.0,11,9,40,True,True,True,True,A1_GRID_RECOMMENDED,"A1 Section 3.3 recommends control radius about 3B, inner free-surface panels greater than 10, outer/free-surface proxy panels greater than 8, and roughly 60 stations at Fn=0.2 or 40 at Fn=0.3."
0,st41_bp8_fs24_cp10_r3p0_h2_fsm_clipfs_onezonefs_noend_pr1p0_pl1p0_pf1p0_pm1p0_dt1p0_fv1p0_hr1p0_hqtrapezoid_hp1p0_hc1p0_cim1p0_cp1p0_cnm1p0_cd1p0_pg1p0,A33,OK,diagnostic_matched_wigley_sensitivity_not_hard_gate,wigley_iii,Fn0.4,0.4,2.1696064159197173,1.0,1.808005346599764,1.0,79.95,37,38,1,2.85,0.1499999999999999,0.07499999999999996,-0.8636874999999999,0.8636874999999999,0.07262499999999994,0.07262500000000005,heave,heave_force,-1.35,-19.160216599424118,-384.015550428122,-1.437016244956808,-28.801166282109136,-0.005498494421370053,-0.005498494421370053,0.0,4.027599505929667,4.027599505929667,0.0,0.0,4.027599505929667,0.606023798123271,0.4270084667602521,0.02671009138253737,0.012925255629346481,0.10948899111343287,0.06552015603208067,8.899628727788274,19823.248696744606,13803.82804842472,1123.086623852909,791.334430719551,19791.40887679069,13781.126899104976,0.2770277669033361,0.1169692584160736,0.0003512656913401101,0.00014111305368115802,advance_eq19_20,0.0018037337404964086,0.005320732762621121,0.0061934985924563535,0.013580779524402826,3.4337100057527503,2.5524265416616427,343.0542195004204,7.314807682035697e-16,a1_station_hull_matched_sweep_free_surface_marching_not_benchmark_validated,41,8,24,10,3.0,2,16,15.0,False,none,0.0,1.0,1.0,1.0,trapezoid,1.0,1.0,-1.0,1.0,-1.0,1.0,1.0,True,False,True,3.0,11,9,40,True,True,True,True,A1_GRID_RECOMMENDED,"A1 Section 3.3 recommends control radius about 3B, inner free-surface panels greater than 10, outer/free-surface proxy panels greater than 8, and roughly 60 stations at Fn=0.2 or 40 at Fn=0.3."
0,st41_bp8_fs24_cp10_r3p0_h2_fsm_clipfs_onezonefs_noend_pr1p0_pl1p0_pf1p0_pm1p0_dt1p0_fv1p0_hr1p0_hqtrapezoid_hp1p0_hc1p0_cim1p0_cp1p0_cnm1p0_cd1p0_pg1p0,A33,OK,diagnostic_matched_wigley_sensitivity_not_hard_gate,wigley_iii,Fn0.4,0.4,2.1696064159197173,1.0,1.808005346599764,1.0,79.95,38,39,0,2.925,0.07500000000000018,0.03749999999999987,-0.8631093749999998,0.8631093749999998,0.07378124999999991,0.07378125000000002,heave,heave_force,-1.4249999999999998,8.353572820465113,785.8931334310071,0.31325898076744063,29.47099250366266,0.0011986313754202636,0.0011986313754202636,0.0,4.026048890094402,4.026048890094402,0.0,0.0,4.026048890094402,0.6771865908817252,0.3948461090358292,0.005611707454091403,0.002547092737668627,0.02078947712007098,0.011664022091919935,29.939568674218126,66592.83348461318,36159.31853954296,1254.9659013838216,731.7309731264148,66581.00729258894,36159.20145187359,0.37652762009102164,0.26564947927934307,0.0,0.0,initialize_eq21_22,0.0,0.0,0.0022062165239708264,0.006507994099670742,,,418.23117884841605,1.351989908607372e-15,a1_station_hull_matched_sweep_free_surface_marching_not_benchmark_validated,41,8,24,10,3.0,2,16,15.0,False,none,0.0,1.0,1.0,1.0,trapezoid,1.0,1.0,-1.0,1.0,-1.0,1.0,1.0,True,False,True,3.0,11,9,40,True,True,True,True,A1_GRID_RECOMMENDED,"A1 Section 3.3 recommends control radius about 3B, inner free-surface panels greater than 10, outer/free-surface proxy panels greater than 8, and roughly 60 stations at Fn=0.2 or 40 at Fn=0.3."
0,st41_bp8_fs24_cp10_r3p0_h2_fsm_clipfs_onezonefs_noend_pr1p0_pl1p0_pf1p0_pm1p0_dt1p0_fv1p0_hr1p0_hqtrapezoid_hp1p0_hc1p0_cim1p0_cp1p0_cn1p0_cd1p0_pg1p0,A33,OK,diagnostic_matched_wigley_sensitivity_not_hard_gate,wigley_iii,Fn0.4,0.4,2.1696064159197173,1.0,1.808005346599764,1.0,79.95,0,1,38,0.075,2.925,0.0375,-0.8631093749999998,0.8631093749999998,0.07378124999999991,0.07378125000000002,heave,heave_force,1.425,105.02605644680943,-5117.724953602454,3.9384771167553536,-191.914685760092,0.015069902327947464,0.015069902327947464,0.0,0.0,0.0,0.0,0.0,0.0,8.299012909924132,4.518461249069612,0.014506735288601339,0.005498716937639492,0.12169399519048245,0.03939954798173784,204.22352310403872,454422.11911793845,225211.9688694394,15379.776205459379,8373.63714913975,454161.7826584573,225056.24435448108,1.2592596760979773,0.8570488453015476,0.021623844643719834,0.009970669396824096,advance_eq19_20,0.4180794898505453,0.44755830888284975,0.29608380105143367,0.4663825843920072,0.7081997759738882,1.042059939756553,113.95001957184003,3.679817864173535e-15,a1_station_hull_matched_sweep_free_surface_marching_not_benchmark_validated,41,8,24,10,3.0,2,16,15.0,False,none,0.0,1.0,1.0,1.0,trapezoid,1.0,1.0,-1.0,1.0,1.0,1.0,1.0,True,False,True,3.0,11,9,40,True,True,True,True,A1_GRID_RECOMMENDED,"A1 Section 3.3 recommends control radius about 3B, inner free-surface panels greater than 10, outer/free-surface proxy panels greater than 8, and roughly 60 stations at Fn=0.2 or 40 at Fn=0.3."
0,st41_bp8_fs24_cp10_r3p0_h2_fsm_clipfs_onezonefs_noend_pr1p0_pl1p0_pf1p0_pm1p0_dt1p0_fv1p0_hr1p0_hqtrapezoid_hp1p0_hc1p0_cim1p0_cp1p0_cn1p0_cd1p0_pg1p0,A33,OK,diagnostic_matched_wigley_sensitivity_not_hard_gate,wigley_iii,Fn0.4,0.4,2.1696064159197173,1.0,1.808005346599764,1.0,79.95,1,2,37,0.15,2.85,0.07499999999999998,-0.8636874999999999,0.8636874999999999,0.07262499999999991,0.07262500000000005,heave,heave_force,1.35,-83.67943954830582,659.9058900115826,-6.275957966122935,49.49294175086869,-0.02401386900571685,-0.02401386900571685,0.0,0.0030629678250890364,0.0030629678250890364,0.0,0.0,0.0030629678250890364,3.4688533180243852,2.3031178713884564,0.03879500877416649,0.015032791553791796,0.3945434652436605,0.13417003602453723,47.18317102072816,105124.87218199435,62259.22078697522,6428.497979197379,4268.150660952791,104928.13333425933,62112.74799054325,3.7897201976360373,2.636521003221348,0.017655033054995523,0.008708847408438221,advance_eq19_20,0.534715723989558,0.42060786710500664,0.4042429564615866,0.44458667652412615,0.7559960149394834,1.0570098928109994,94.99248929002052,1.2708611137589752e-15,a1_station_hull_matched_sweep_free_surface_marching_not_benchmark_validated,41,8,24,10,3.0,2,16,15.0,False,none,0.0,1.0,1.0,1.0,trapezoid,1.0,1.0,-1.0,1.0,1.0,1.0,1.0,True,False,True,3.0,11,9,40,True,True,True,True,A1_GRID_RECOMMENDED,"A1 Section 3.3 recommends control radius about 3B, inner free-surface panels greater than 10, outer/free-surface proxy panels greater than 8, and roughly 60 stations at Fn=0.2 or 40 at Fn=0.3."
0,st41_bp8_fs24_cp10_r3p0_h2_fsm_clipfs_onezonefs_noend_pr1p0_pl1p0_pf1p0_pm1p0_dt1p0_fv1p0_hr1p0_hqtrapezoid_hp1p0_hc1p0_cim1p0_cp1p0_cn1p0_cd1p0_pg1p0,A33,OK,diagnostic_matched_wigley_sensitivity_not_hard_gate,wigley_iii,Fn0.4,0.4,2.1696064159197173,1.0,1.808005346599764,1.0,79.95,2,3,36,0.22499999999999998,2.775,0.075,-0.8642343749999999,0.8642343749999999,0.07153124999999994,0.07153125000000006,heave,heave_force,1.275,419.88843877991053,2952.490345960984,31.491632908493287,221.4367759470738,0.120497293245553,0.120497293245553,0.0,0.051304679945007106,0.051304679945007106,0.0,0.0,0.051304679945007106,6.920325712824167,3.752045399328951,0.055868131550433936,0.03189094916876808,0.15576134733742455,0.10010698484705831,42.743114242915766,95915.3920143691,63061.070424238285,12824.785536222864,6953.3110962385845,95054.12827026498,62676.55118024337,1.9254094782950932,1.1741278266674589,0.029087354173249563,0.013877064375769502,advance_eq19_20,0.6376004899948288,0.40726477652172677,0.5200741172049701,0.4262778159177196,0.8156739609927027,1.0466847134642359,96.31469922371299,1.5350514879927972e-15,a1_station_hull_matched_sweep_free_surface_marching_not_benchmark_validated,41,8,24,10,3.0,2,16,15.0,False,none,0.0,1.0,1.0,1.0,trapezoid,1.0,1.0,-1.0,1.0,1.0,1.0,1.0,True,False,True,3.0,11,9,40,True,True,True,True,A1_GRID_RECOMMENDED,"A1 Section 3.3 recommends control radius about 3B, inner free-surface panels greater than 10, outer/free-surface proxy panels greater than 8, and roughly 60 stations at Fn=0.2 or 40 at Fn=0.3."
0,st41_bp8_fs24_cp10_r3p0_h2_fsm_clipfs_onezonefs_noend_pr1p0_pl1p0_pf1p0_pm1p0_dt1p0_fv1p0_hr1p0_hqtrapezoid_hp1p0_hc1p0_cim1p0_cp1p0_cn1p0_cd1p0_pg1p0,A33,OK,diagnostic_matched_wigley_sensitivity_not_hard_gate,wigley_iii,Fn0.4,0.4,2.1696064159197173,1.0,1.808005346599764,1.0,79.95,3,4,35,0.3,2.7,0.07500000000000001,-0.8647499999999999,0.8647499999999999,0.0704999999999999,0.07050000000000001,heave,heave_force,1.2,323.72086967197237,-2045.4083977819562,24.279065225397932,-153.40562983364674,0.09289964895417219,0.09289964895417219,0.0,0.15800315104486973,0.15800315104486973,0.0,0.0,0.15800315104486973,4.226197161234991,1.9244591463587233,0.06621500218973464,0.04062809879169304,0.31351837784540276,0.16891371704990518,22.5195065469137,50688.65306729164,32159.453230844236,7832.0117398800485,3566.418236577624,50079.92753471829,31961.087169692215,0.9494043280258225,0.338855910545114,0.03514524111405177,0.01672359820508837,advance_eq19_20,0.7533290561164365,0.38426193644476203,0.6249070583545916,0.40865776413222493,0.8295273536588562,1.0634874947885187,97.66111149943426,9.24302645183477e-16,a1_station_hull_matched_sweep_free_surface_marching_not_benchmark_validated,41,8,24,10,3.0,2,16,15.0,False,none,0.0,1.0,1.0,1.0,trapezoid,1.0,1.0,-1.0,1.0,1.0,1.0,1.0,True,False,True,3.0,11,9,40,True,True,True,True,A1_GRID_RECOMMENDED,"A1 Section 3.3 recommends control radius about 3B, inner free-surface panels greater than 10, outer/free-surface proxy panels greater than 8, and roughly 60 stations at Fn=0.2 or 40 at Fn=0.3."
0,st41_bp8_fs24_cp10_r3p0_h2_fsm_clipfs_onezonefs_noend_pr1p0_pl1p0_pf1p0_pm1p0_dt1p0_fv1p0_hr1p0_hqtrapezoid_hp1p0_hc1p0_cim1p0_cp1p0_cn1p0_cd1p0_pg1p0,A33,OK,diagnostic_matched_wigley_sensitivity_not_hard_gate,wigley_iii,Fn0.4,0.4,2.1696064159197173,1.0,1.808005346599764,1.0,79.95,4,5,34,0.375,2.625,0.07499999999999998,-0.8652343749999999,0.8652343749999999,0.06953124999999993,0.06953125000000009,heave,heave_force,1.125,345.30041024476236,-497.45243293953604,25.89753076835717,-37.308932470465194,0.09909242776956305,0.09909242776956305,0.0,0.2539991894067374,0.2539991894067374,0.0,0.0,0.2539991894067374,3.780224268110266,1.5962478157599873,0.0798505193228128,0.049159276524607096,0.39762548228205485,0.21060648210466693,4.615810362027326,12427.578699005018,7246.111385825492,7005.532330291779,2958.1752000270585,10264.854070526279,6614.781152973597,1.0738230808597982,0.36185878011640665,0.03941620958999123,0.018750387395317706,advance_eq19_20,0.8662503490286705,0.35469573948090727,0.741427505652897,0.38473286340527457,0.8559044235702326,1.0846841971328054,98.98004886155589,9.097008734203824e-16,a1_station_hull_matched_sweep_free_surface_marching_not_benchmark_validated,41,8,24,10,3.0,2,16,15.0,False,none,0.0,1.0,1.0,1.0,trapezoid,1.0,1.0,-1.0,1.0,1.0,1.0,1.0,True,False,True,3.0,11,9,40,True,True,True,True,A1_GRID_RECOMMENDED,"A1 Section 3.3 recommends control radius about 3B, inner free-surface panels greater than 10, outer/free-surface proxy panels greater than 8, and roughly 60 stations at Fn=0.2 or 40 at Fn=0.3."
0,st41_bp8_fs24_cp10_r3p0_h2_fsm_clipfs_onezonefs_noend_pr1p0_pl1p0_pf1p0_pm1p0_dt1p0_fv1p0_hr1p0_hqtrapezoid_hp1p0_hc1p0_cim1p0_cp1p0_cn1p0_cd1p0_pg1p0,A33,OK,diagnostic_matched_wigley_sensitivity_not_hard_gate,wigley_iii,Fn0.4,0.4,2.1696064159197173,1.0,1.808005346599764,1.0,79.95,5,6,33,0.44999999999999996,2.55,0.07500000000000001,-0.8656874999999999,0.8656874999999999,0.06862499999999994,0.06862500000000005,heave,heave_force,1.05,383.2963871309651,-200.94662847011315,28.74722903482239,-15.070997135258489,0.10999630590993707,0.10999630590993707,0.0,0.35854355624648737,0.35854355624648737,0.0,0.0,0.35854355624648737,3.642569600925489,1.478287551828595,0.09133588008004064,0.05611969906733645,0.4577985161026668,0.2418186925299285,1.748825813155871,7790.6072389031215,3729.862074503877,6750.429946680928,2739.5705924559247,3889.1202971627185,2531.130985107855,1.2235498211284046,0.4036189399840865,0.042340815539777726,0.020138114208593395,advance_eq19_20,0.9716349913440372,0.32059785324382356,0.8548904623273438,0.35477606382751864,0.8798473397348486,1.1066077337632751,100.2548122089833,8.31220935356804e-16,a1_station_hull_matched_sweep_free_surface_marching_not_benchmark_validated,41,8,24,10,3.0,2,16,15.0,False,none,0.0,1.0,1.0,1.0,trapezoid,1.0,1.0,-1.0,1.0,1.0,1.0,1.0,True,False,True,3.0,11,9,40,True,True,True,True,A1_GRID_RECOMMENDED,"A1 Section 3.3 recommends control radius about 3B, inner free-surface panels greater than 10, outer/free-surface proxy panels greater than 8, and roughly 60 stations at Fn=0.2 or 40 at Fn=0.3."
0,st41_bp8_fs24_cp10_r3p0_h2_fsm_clipfs_onezonefs_noend_pr1p0_pl1p0_pf1p0_pm1p0_dt1p0_fv1p0_hr1p0_hqtrapezoid_hp1p0_hc1p0_cim1p0_cp1p0_cn1p0_cd1p0_pg1p0,A33,OK,diagnostic_matched_wigley_sensitivity_not_hard_gate,wigley_iii,Fn0.4,0.4,2.1696064159197173,1.0,1.808005346599764,1.0,79.95,6,7,32,0.525,2.475,0.07500000000000001,-0.866109375,0.866109375,0.0677812499999999,0.06778125000000006,heave,heave_force,0.975,425.23863959088294,-87.67641601195277,31.892897969316227,-6.575731200896459,0.12203266468353696,0.12203266468353696,0.0,0.4745580415432245,0.4745580415432245,0.0,0.0,0.4745580415432245,3.597800682578489,1.425521268430071,0.10004487357931681,0.061225887490846786,0.5008167530974565,0.263983885085531,0.8701976895888899,6942.623485511858,2892.626898831659,6667.463941854743,2641.783826888577,1935.1861527118342,1178.2481011376221,1.3453271771067914,0.4330444223771023,0.04406273039530525,0.020946907045438,advance_eq19_20,1.0667096108268543,0.2836335216046328,0.9607266769160275,0.32048873630917146,0.9006449995058405,1.1299395589633885,101.47605820213124,7.601534161082828e-16,a1_station_hull_matched_sweep_free_surface_marching_not_benchmark_validated,41,8,24,10,3.0,2,16,15.0,False,none,0.0,1.0,1.0,1.0,trapezoid,1.0,1.0,-1.0,1.0,1.0,1.0,1.0,True,False,True,3.0,11,9,40,True,True,True,True,A1_GRID_RECOMMENDED,"A1 Section 3.3 recommends control radius about 3B, inner free-surface panels greater than 10, outer/free-surface proxy panels greater than 8, and roughly 60 stations at Fn=0.2 or 40 at Fn=0.3."
0,st41_bp8_fs24_cp10_r3p0_h2_fsm_clipfs_onezonefs_noend_pr1p0_pl1p0_pf1p0_pm1p0_dt1p0_fv1p0_hr1p0_hqtrapezoid_hp1p0_hc1p0_cim1p0_cp1p0_cn1p0_cd1p0_pg1p0,A33,OK,diagnostic_matched_wigley_sensitivity_not_hard_gate,wigley_iii,Fn0.4,0.4,2.1696064159197173,1.0,1.808005346599764,1.0,79.95,7,8,31,0.6,2.4,0.07499999999999996,-0.8664999999999999,0.8664999999999998,0.06699999999999995,0.06700000000000006,heave,heave_force,0.9,467.1016199216374,-37.99737815778001,35.032621494122786,-2.8498033618334992,0.13404627437401898,0.13404627437401898,0.0,0.6025975110720025,0.6025975110720025,0.0,0.0,0.6025975110720025,3.587068851341304,1.3988138970123134,0.10577308051651346,0.06439124822887932,0.5285572135312149,0.27750489403373707,0.555205314134418,6761.266524265927,2666.2800208135864,6647.575653392716,2592.289579813722,1234.691436991224,623.7658885983536,1.4338624299153646,0.4439390782588374,0.044676516207145765,0.021219918040187066,advance_eq19_20,1.1495807322399139,0.24551729602117026,1.0562279647334738,0.2834606014601233,0.9187940743191252,1.1545443276455818,102.63663006147286,5.736848575268727e-16,a1_station_hull_matched_sweep_free_surface_marching_not_benchmark_validated,41,8,24,10,3.0,2,16,15.0,False,none,0.0,1.0,1.0,1.0,trapezoid,1.0,1.0,-1.0,1.0,1.0,1.0,1.0,True,False,True,3.0,11,9,40,True,True,True,True,A1_GRID_RECOMMENDED,"A1 Section 3.3 recommends control radius about 3B, inner free-surface panels greater than 10, outer/free-surface proxy panels greater than 8, and roughly 60 stations at Fn=0.2 or 40 at Fn=0.3."
0,st41_bp8_fs24_cp10_r3p0_h2_fsm_clipfs_onezonefs_noend_pr1p0_pl1p0_pf1p0_pm1p0_dt1p0_fv1p0_hr1p0_hqtrapezoid_hp1p0_hc1p0_cim1p0_cp1p0_cn1p0_cd1p0_pg1p0,A33,OK,diagnostic_matched_wigley_sensitivity_not_hard_gate,wigley_iii,Fn0.4,0.4,2.1696064159197173,1.0,1.808005346599764,1.0,79.95,8,9,30,0.6749999999999999,2.325,0.07500000000000001,-0.866859375,0.866859375,0.06628124999999993,0.06628125000000007,heave,heave_force,0.8250000000000001,506.92663043670143,-19.05161164496322,38.01949728275261,-1.4288708733722417,0.14547503860597796,0.14547503860597796,0.0,0.7423581675620009,0.7423581675620009,0.0,0.0,0.7423581675620009,3.5878353295224517,1.3834478249263022,0.10852323930951027,0.06565040948236735,0.5421149244097616,0.2828339270440815,0.40917765765552955,6710.972734235634,2592.64718590051,6648.996094958521,2563.8130908137828,909.9483330829494,478.7624089209121,1.4907699563065744,0.45722597948162286,0.044277487126715614,0.021003617025773202,advance_eq19_20,1.2189404619597175,0.20819143887380429,1.139538504648044,0.24538682715636065,0.9348598559243679,1.1786595475960107,103.73019523740942,7.839044556754209e-16,a1_station_hull_matched_sweep_free_surface_marching_not_benchmark_validated,41,8,24,10,3.0,2,16,15.0,False,none,0.0,1.0,1.0,1.0,trapezoid,1.0,1.0,-1.0,1.0,1.0,1.0,1.0,True,False,True,3.0,11,9,40,True,True,True,True,A1_GRID_RECOMMENDED,"A1 Section 3.3 recommends control radius about 3B, inner free-surface panels greater than 10, outer/free-surface proxy panels greater than 8, and roughly 60 stations at Fn=0.2 or 40 at Fn=0.3."
0,st41_bp8_fs24_cp10_r3p0_h2_fsm_clipfs_onezonefs_noend_pr1p0_pl1p0_pf1p0_pm1p0_dt1p0_fv1p0_hr1p0_hqtrapezoid_hp1p0_hc1p0_cim1p0_cp1p0_cn1p0_cd1p0_pg1p0,A33,OK,diagnostic_matched_wigley_sensitivity_not_hard_gate,wigley_iii,Fn0.4,0.4,2.1696064159197173,1.0,1.808005346599764,1.0,79.95,9,10,29,0.75,2.25,0.07500000000000001,-0.8671874999999999,0.8671874999999999,0.06562499999999982,0.0656250000000001,heave,heave_force,0.75,543.5347618672306,-17.704044907894144,40.7651071400423,-1.327803368092061,0.1559806404295814,0.1559806404295814,0.0,0.8930860070797806,0.8930860070797806,0.0,0.0,0.8930860070797806,3.5898610398165025,1.3728053890522773,0.10845191211061844,0.06513193200352485,0.5426014088973917,0.2806403381114941,0.312114489022158,6688.860298663402,2561.094723738981,6652.750152376885,2544.0904703286737,694.0947378310776,363.3164535251813,1.520391472502398,0.46390922589758443,0.042973345436818966,0.020351938429642568,advance_eq19_20,1.27394445459439,0.17404915107760635,1.2093751324869784,0.20819931957224597,0.9493154337502338,1.1962099112992082,104.75084920458065,5.473306811989515e-16,a1_station_hull_matched_sweep_free_surface_marching_not_benchmark_validated,41,8,24,10,3.0,2,16,15.0,False,none,0.0,1.0,1.0,1.0,trapezoid,1.0,1.0,-1.0,1.0,1.0,1.0,1.0,True,False,True,3.0,11,9,40,True,True,True,True,A1_GRID_RECOMMENDED,"A1 Section 3.3 recommends control radius about 3B, inner free-surface panels greater than 10, outer/free-surface proxy panels greater than 8, and roughly 60 stations at Fn=0.2 or 40 at Fn=0.3."
0,st41_bp8_fs24_cp10_r3p0_h2_fsm_clipfs_onezonefs_noend_pr1p0_pl1p0_pf1p0_pm1p0_dt1p0_fv1p0_hr1p0_hqtrapezoid_hp1p0_hc1p0_cim1p0_cp1p0_cn1p0_cd1p0_pg1p0,A33,OK,diagnostic_matched_wigley_sensitivity_not_hard_gate,wigley_iii,Fn0.4,0.4,2.1696064159197173,1.0,1.808005346599764,1.0,79.95,10,11,28,0.825,2.175,0.07499999999999996,-0.8674843749999999,0.8674843749999999,0.06503124999999987,0.0650312500000001,heave,heave_force,0.675,576.1418690213404,-27.396087962894697,43.210640176600506,-2.054706597217101,0.16533805013596617,0.16533805013596617,0.0,1.0537453523625544,1.0537453523625544,0.0,0.0,1.0537453523625544,3.5880813104604616,1.3635744799244431,0.10583412893903486,0.06303644233076561,0.5313179849656047,0.27180657042545914,0.2505895122568671,6672.762845634518,2542.363199315081,6649.451948180882,2526.9836989451455,557.2726288935586,279.22038338403075,1.528260428493301,0.4638253470374622,0.04088532565925127,0.019325989842733975,advance_eq19_20,1.314135778883018,0.1462663916293644,1.2649092100315704,0.17427018828798022,0.9625407285590467,1.191457493048552,105.69301673551143,6.298786731190986e-16,a1_station_hull_matched_sweep_free_surface_marching_not_benchmark_validated,41,8,24,10,3.0,2,16,15.0,False,none,0.0,1.0,1.0,1.0,trapezoid,1.0,1.0,-1.0,1.0,1.0,1.0,1.0,True,False,True,3.0,11,9,40,True,True,True,True,A1_GRID_RECOMMENDED,"A1 Section 3.3 recommends control radius about 3B, inner free-surface panels greater than 10, outer/free-surface proxy panels greater than 8, and roughly 60 stations at Fn=0.2 or 40 at Fn=0.3."
0,st41_bp8_fs24_cp10_r3p0_h2_fsm_clipfs_onezonefs_noend_pr1p0_pl1p0_pf1p0_pm1p0_dt1p0_fv1p0_hr1p0_hqtrapezoid_hp1p0_hc1p0_cim1p0_cp1p0_cn1p0_cd1p0_pg1p0,A33,OK,diagnostic_matched_wigley_sensitivity_not_hard_gate,wigley_iii,Fn0.4,0.4,2.1696064159197173,1.0,1.808005346599764,1.0,79.95,11,12,27,0.8999999999999999,2.1,0.07500000000000001,-0.8677499999999999,0.8677499999999999,0.06449999999999989,0.0645,heave,heave_force,0.6000000000000001,604.2029087068349,-44.47503261490325,45.31521815301263,-3.335627446117744,0.1733908542035974,0.1733908542035974,0.0,1.223109804532336,1.223109804532336,0.0,0.0,1.223109804532336,3.5798861332049494,1.3539717797765174,0.10103046371399137,0.05961522647347455,0.509761642809439,0.2573768226881514,0.24784669774191692,6657.120886869921,2527.7280886118942,6634.264600779226,2509.18792240567,551.1730302250123,305.59001948862135,1.5197672112108245,0.47399294304958073,0.038146125155908914,0.017992437214636184,advance_eq19_20,1.3393831560820915,0.12886661473271677,1.3056926573159848,0.14672795203784889,0.974846257687265,1.1386032941284168,106.55145429053391,6.772441436572388e-16,a1_station_hull_matched_sweep_free_surface_marching_not_benchmark_validated,41,8,24,10,3.0,2,16,15.0,False,none,0.0,1.0,1.0,1.0,trapezoid,1.0,1.0,-1.0,1.0,1.0,1.0,1.0,True,False,True,3.0,11,9,40,True,True,True,True,A1_GRID_RECOMMENDED,"A1 Section 3.3 recommends control radius about 3B, inner free-surface panels greater than 10, outer/free-surface proxy panels greater than 8, and roughly 60 stations at Fn=0.2 or 40 at Fn=0.3."
0,st41_bp8_fs24_cp10_r3p0_h2_fsm_clipfs_onezonefs_noend_pr1p0_pl1p0_pf1p0_pm1p0_dt1p0_fv1p0_hr1p0_hqtrapezoid_hp1p0_hc1p0_cim1p0_cp1p0_cn1p0_cd1p0_pg1p0,A33,OK,diagnostic_matched_wigley_sensitivity_not_hard_gate,wigley_iii,Fn0.4,0.4,2.1696064159197173,1.0,1.808005346599764,1.0,79.95,12,13,26,0.975,2.025,0.07500000000000007,-0.8679843749999999,0.8679843749999999,0.06403124999999998,0.0640312500000001,heave,heave_force,0.525,627.3244429564728,-66.9478585257063,47.0493332217355,-5.021089389427977,0.18002614595123737,0.18002614595123737,0.0,1.3998183046097536,1.3998183046097536,0.0,0.0,1.3998183046097536,3.5638453590088837,1.3429622203326899,0.09445536015630489,0.05514945800360474,0.4795822238633524,0.23849351353366396,0.30910069267886187,6640.212900618941,2514.3086279417907,6604.537750131388,2488.7849465090685,687.3925171513196,357.34768303765753,1.4987951786470288,0.4639523744108818,0.03489684383378813,0.016421545566408412,advance_eq19_20,1.349828667039548,0.1252232722880872,1.3315991870423851,0.1295103086515393,0.9864949675152892,1.0342351408417871,107.32128791426383,7.369683459932191e-16,a1_station_hull_matched_sweep_free_surface_marching_not_benchmark_validated,41,8,24,10,3.0,2,16,15.0,False,none,0.0,1.0,1.0,1.0,trapezoid,1.0,1.0,-1.0,1.0,1.0,1.0,1.0,True,False,True,3.0,11,9,40,True,True,True,True,A1_GRID_RECOMMENDED,"A1 Section 3.3 recommends control radius about 3B, inner free-surface panels greater than 10, outer/free-surface proxy panels greater than 8, and roughly 60 stations at Fn=0.2 or 40 at Fn=0.3."
0,st41_bp8_fs24_cp10_r3p0_h2_fsm_clipfs_onezonefs_noend_pr1p0_pl1p0_pf1p0_pm1p0_dt1p0_fv1p0_hr1p0_hqtrapezoid_hp1p0_hc1p0_cim1p0_cp1p0_cn1p0_cd1p0_pg1p0,A33,OK,diagnostic_matched_wigley_sensitivity_not_hard_gate,wigley_iii,Fn0.4,0.4,2.1696064159197173,1.0,1.808005346599764,1.0,79.95,13,14,25,1.05,1.95,0.07500000000000001,-0.8681874999999999,0.8681874999999999,0.06362499999999982,0.0636250000000001,heave,heave_force,0.44999999999999996,645.2010353456576,-93.9270732885559,48.390077650924326,-7.044530496641694,0.18515627290021927,0.18515627290021927,0.0,1.5824095140354821,1.5824095140354821,0.0,0.0,1.5824095140354821,3.5390040074586215,1.3298684297403822,0.08654783076451783,0.04993101456043674,0.4425298986775878,0.21633522239687292,0.4111906223990776,6621.942036686812,2501.2310928324637,6558.501621301259,2464.519462025965,914.4248578361371,426.9669788720579,1.4664207195196304,0.4811163839108757,0.03128337574415175,0.014685090832847997,advance_eq19_20,1.3458475802106544,0.1350220527001928,1.3427757080788367,0.12590681546937968,0.9977175185533738,0.9324907520769746,107.99806268512654,6.468612919511048e-16,a1_station_hull_matched_sweep_free_surface_marching_not_benchmark_validated,41,8,24,10,3.0,2,16,15.0,False,none,0.0,1.0,1.0,1.0,trapezoid,1.0,1.0,-1.0,1.0,1.0,1.0,1.0,True,False,True,3.0,11,9,40,True,True,True,True,A1_GRID_RECOMMENDED,"A1 Section 3.3 recommends control radius about 3B, inner free-surface panels greater than 10, outer/free-surface proxy panels greater than 8, and roughly 60 stations at Fn=0.2 or 40 at Fn=0.3."
0,st41_bp8_fs24_cp10_r3p0_h2_fsm_clipfs_onezonefs_noend_pr1p0_pl1p0_pf1p0_pm1p0_dt1p0_fv1p0_hr1p0_hqtrapezoid_hp1p0_hc1p0_cim1p0_cp1p0_cn1p0_cd1p0_pg1p0,A33,OK,diagnostic_matched_wigley_sensitivity_not_hard_gate,wigley_iii,Fn0.4,0.4,2.1696064159197173,1.0,1.808005346599764,1.0,79.95,14,15,24,1.125,1.875,0.07499999999999996,-0.8683593749999999,0.8683593749999999,0.06328124999999996,0.06328125000000007,heave,heave_force,0.375,657.5684947013619,-125.20792768017076,49.31763710260211,-9.3905945760128,0.18870541890913767,0.18870541890913767,0.0,1.7693403599401605,1.7693403599401605,0.0,0.0,1.7693403599401605,3.5044719858435354,1.314163000317766,0.07774574937941722,0.0442457276427708,0.40040429594359633,0.19206169492283412,0.5379991636317201,6603.791042935777,2488.5463280270314,6494.50668959956,2435.414074150061,1196.4275981041922,511.4891144185034,1.4210201725003306,0.4629646998744775,0.02745202687395099,0.012854063129945536,advance_eq19_20,1.3280232273051353,0.15414146114353558,1.3396051714740311,0.13562299567268532,1.008721190963202,0.8798605817444147,108.57779417676022,7.081147382293022e-16,a1_station_hull_matched_sweep_free_surface_marching_not_benchmark_validated,41,8,24,10,3.0,2,16,15.0,False,none,0.0,1.0,1.0,1.0,trapezoid,1.0,1.0,-1.0,1.0,1.0,1.0,1.0,True,False,True,3.0,11,9,40,True,True,True,True,A1_GRID_RECOMMENDED,"A1 Section 3.3 recommends control radius about 3B, inner free-surface panels greater than 10, outer/free-surface proxy panels greater than 8, and roughly 60 stations at Fn=0.2 or 40 at Fn=0.3."
0,st41_bp8_fs24_cp10_r3p0_h2_fsm_clipfs_onezonefs_noend_pr1p0_pl1p0_pf1p0_pm1p0_dt1p0_fv1p0_hr1p0_hqtrapezoid_hp1p0_hc1p0_cim1p0_cp1p0_cn1p0_cd1p0_pg1p0,A33,OK,diagnostic_matched_wigley_sensitivity_not_hard_gate,wigley_iii,Fn0.4,0.4,2.1696064159197173,1.0,1.808005346599764,1.0,79.95,15,16,23,1.2,1.8,0.07499999999999996,-0.8684999999999999,0.8684999999999998,0.06299999999999994,0.06300000000000008,heave,heave_force,0.30000000000000004,664.1802555083841,-160.8005054164105,49.81351916312878,-12.060037906230779,0.19060282595170408,0.19060282595170408,0.0,1.9589944823705812,1.9589944823705812,0.0,0.0,1.9589944823705812,3.459230795189417,1.2953681328314943,0.0684645309633124,0.03835960939549402,0.3550041673056294,0.16676731247714646,0.6842867994894695,6588.80499887458,2476.8247008467292,6410.665467145644,2400.5833227236526,1521.7488562640601,609.8035006340638,1.361453948473841,0.47389924403013645,0.023544136054228098,0.010996072203752339,advance_eq19_20,1.2971354928032832,0.1778651715573227,1.3226823934946523,0.1546249232404503,1.0196948590437216,0.8693378354323713,109.05701762428855,5.674184904629813e-16,a1_station_hull_matched_sweep_free_surface_marching_not_benchmark_validated,41,8,24,10,3.0,2,16,15.0,False,none,0.0,1.0,1.0,1.0,trapezoid,1.0,1.0,-1.0,1.0,1.0,1.0,1.0,True,False,True,3.0,11,9,40,True,True,True,True,A1_GRID_RECOMMENDED,"A1 Section 3.3 recommends control radius about 3B, inner free-surface panels greater than 10, outer/free-surface proxy panels greater than 8, and roughly 60 stations at Fn=0.2 or 40 at Fn=0.3."
0,st41_bp8_fs24_cp10_r3p0_h2_fsm_clipfs_onezonefs_noend_pr1p0_pl1p0_pf1p0_pm1p0_dt1p0_fv1p0_hr1p0_hqtrapezoid_hp1p0_hc1p0_cim1p0_cp1p0_cn1p0_cd1p0_pg1p0,A33,OK,diagnostic_matched_wigley_sensitivity_not_hard_gate,wigley_iii,Fn0.4,0.4,2.1696064159197173,1.0,1.808005346599764,1.0,79.95,16,17,22,1.275,1.725,0.07499999999999996,-0.8686093749999999,0.8686093749999999,0.0627812499999999,0.06278125000000001,heave,heave_force,0.2250000000000001,664.8142938553076,-200.43248760862826,49.86107203914804,-15.03243657064711,0.19078477881718467,0.19078477881718467,0.0,2.1496882847550256,2.1496882847550256,0.0,0.0,2.1496882847550256,3.402134376955499,1.2730313296039675,0.05908051251193334,0.032508315295252097,0.3080722541762134,0.14144244726630834,0.8480616042988315,6580.883361930514,2466.8179035166636,6304.85407197106,2359.188636570804,1885.958895226461,720.7076704084238,1.2909005694633315,0.450238617128226,0.019690040991010047,0.009172600536615567,advance_eq19_20,1.2541543173612142,0.2027107292252228,1.292800300404867,0.17822991690385473,1.0308143762762507,0.8792327746294646,109.43283246067818,6.567444036164022e-16,a1_station_hull_matched_sweep_free_surface_marching_not_benchmark_validated,41,8,24,10,3.0,2,16,15.0,False,none,0.0,1.0,1.0,1.0,trapezoid,1.0,1.0,-1.0,1.0,1.0,1.0,1.0,True,False,True,3.0,11,9,40,True,True,True,True,A1_GRID_RECOMMENDED,"A1 Section 3.3 recommends control radius about 3B, inner free-surface panels greater than 10, outer/free-surface proxy panels greater than 8, and roughly 60 stations at Fn=0.2 or 40 at Fn=0.3."
0,st41_bp8_fs24_cp10_r3p0_h2_fsm_clipfs_onezonefs_noend_pr1p0_pl1p0_pf1p0_pm1p0_dt1p0_fv1p0_hr1p0_hqtrapezoid_hp1p0_hc1p0_cim1p0_cp1p0_cn1p0_cd1p0_pg1p0,A33,OK,diagnostic_matched_wigley_sensitivity_not_hard_gate,wigley_iii,Fn0.4,0.4,2.1696064159197173,1.0,1.808005346599764,1.0,79.95,17,18,21,1.3499999999999999,1.6500000000000001,0.07500000000000007,-0.8686874999999998,0.8686875,0.0626249999999999,0.06262500000000004,heave,heave_force,0.15000000000000013,659.3108282023015,-243.14515522087126,49.44831211517266,-18.23588664156536,0.1892054242710487,0.1892054242710487,0.0,2.3396833862991424,2.3396833862991424,0.0,0.0,2.3396833862991424,3.332071820833048,1.2467558986456877,0.049918982497489925,0.02688987647875298,0.2612326494482754,0.11694209415866184,1.0261197367684765,6583.1612859951865,2459.012951054529,6175.013759003576,2310.494863922602,2281.9328635046063,841.64017088135,1.2151750321947783,0.43917087301460844,0.016003086671763672,0.007436386792292386,advance_eq19_20,1.200227265005451,0.22645238924223846,1.250937415893967,0.20294833561065548,1.042250457365077,0.8962075264022035,109.70294068380586,7.793065916849264e-16,a1_station_hull_matched_sweep_free_surface_marching_not_benchmark_validated,41,8,24,10,3.0,2,16,15.0,False,none,0.0,1.0,1.0,1.0,trapezoid,1.0,1.0,-1.0,1.0,1.0,1.0,1.0,True,False,True,3.0,11,9,40,True,True,True,True,A1_GRID_RECOMMENDED,"A1 Section 3.3 recommends control radius about 3B, inner free-surface panels greater than 10, outer/free-surface proxy panels greater than 8, and roughly 60 stations at Fn=0.2 or 40 at Fn=0.3."
0,st41_bp8_fs24_cp10_r3p0_h2_fsm_clipfs_onezonefs_noend_pr1p0_pl1p0_pf1p0_pm1p0_dt1p0_fv1p0_hr1p0_hqtrapezoid_hp1p0_hc1p0_cim1p0_cp1p0_cn1p0_cd1p0_pg1p0,A33,OK,diagnostic_matched_wigley_sensitivity_not_hard_gate,wigley_iii,Fn0.4,0.4,2.1696064159197173,1.0,1.808005346599764,1.0,79.95,18,19,20,1.425,1.575,0.07500000000000007,-0.8687343749999998,0.868734375,0.06253124999999993,0.06253125000000004,heave,heave_force,0.07499999999999996,647.6299728198563,-287.1234818267221,48.57224796148927,-21.53426113700418,0.1858533161242579,0.1858533161242579,0.0,2.527212756496796,2.527212756496796,0.0,0.0,2.527212756496796,3.248225546293073,1.2162621140579724,0.04124628939372013,0.02166034340076992,0.2159267661264228,0.09396371789383803,1.2123470856447816,6595.813253423613,2453.1214550325763,6019.62938352631,2253.9836152106345,2696.073915719901,969.6582581266625,1.1360451543569472,0.41752060191288776,0.012568608942082699,0.005826687300907608,advance_eq19_20,1.1366591370782815,0.24770756688677262,1.1982373019756039,0.22656452263332114,1.0541746974872392,0.9146451417726936,109.86567790060892,3.8962930220046425e-16,a1_station_hull_matched_sweep_free_surface_marching_not_benchmark_validated,41,8,24,10,3.0,2,16,15.0,False,none,0.0,1.0,1.0,1.0,trapezoid,1.0,1.0,-1.0,1.0,1.0,1.0,1.0,True,False,True,3.0,11,9,40,True,True,True,True,A1_GRID_RECOMMENDED,"A1 Section 3.3 recommends control radius about 3B, inner free-surface panels greater than 10, outer/free-surface proxy panels greater than 8, and roughly 60 stations at Fn=0.2 or 40 at Fn=0.3."
0,st41_bp8_fs24_cp10_r3p0_h2_fsm_clipfs_onezonefs_noend_pr1p0_pl1p0_pf1p0_pm1p0_dt1p0_fv1p0_hr1p0_hqtrapezoid_hp1p0_hc1p0_cim1p0_cp1p0_cn1p0_cd1p0_pg1p0,A33,OK,diagnostic_matched_wigley_sensitivity_not_hard_gate,wigley_iii,Fn0.4,0.4,2.1696064159197173,1.0,1.808005346599764,1.0,79.95,19,20,19,1.5,1.5,0.07499999999999996,-0.8687499999999999,0.8687499999999999,0.062499999999999944,0.06250000000000003,heave,heave_force,0.0,629.9098296738118,-327.65442547944207,47.24323722553586,-24.574081910958142,0.18076808612548334,0.18076808612548334,0.0,2.7105234576216666,2.7105234576216666,0.0,0.0,2.7105234576216666,3.1503325108356353,1.1814518240850127,0.03326665346318964,0.016932662616698582,0.1733548872259113,0.07352333980119687,1.3881380754036048,6604.115630887756,2444.7919997137815,5838.213473736835,2189.4729950631404,3087.0061064425618,1098.1164917701942,1.0509511316724656,0.3718770496135387,0.009442716206805086,0.004368862967207574,advance_eq19_20,1.064891838081823,0.2655462196320333,1.1359823500965824,0.24772928060494556,1.066758434493041,0.9329045653454355,109.92003615667433,6.352962593419562e-16,a1_station_hull_matched_sweep_free_surface_marching_not_benchmark_validated,41,8,24,10,3.0,2,16,15.0,False,none,0.0,1.0,1.0,1.0,trapezoid,1.0,1.0,-1.0,1.0,1.0,1.0,1.0,True,False,True,3.0,11,9,40,True,True,True,True,A1_GRID_RECOMMENDED,"A1 Section 3.3 recommends control radius about 3B, inner free-surface panels greater than 10, outer/free-surface proxy panels greater than 8, and roughly 60 stations at Fn=0.2 or 40 at Fn=0.3."
0,st41_bp8_fs24_cp10_r3p0_h2_fsm_clipfs_onezonefs_noend_pr1p0_pl1p0_pf1p0_pm1p0_dt1p0_fv1p0_hr1p0_hqtrapezoid_hp1p0_hc1p0_cim1p0_cp1p0_cn1p0_cd1p0_pg1p0,A33,OK,diagnostic_matched_wigley_sensitivity_not_hard_gate,wigley_iii,Fn0.4,0.4,2.1696064159197173,1.0,1.808005346599764,1.0,79.95,20,21,18,1.575,1.425,0.07499999999999996,-0.8687343749999998,0.868734375,0.06253124999999993,0.06253125000000004,heave,heave_force,-0.07499999999999996,606.7755479267968,-360.2143548428436,45.50816609450973,-27.016076613213254,0.1741291361705967,0.1741291361705967,0.0,2.887972068769707,2.887972068769707,0.0,0.0,2.887972068769707,3.040306525599398,1.1428921273421795,0.026115655546229192,0.012773929650458584,0.1343046009517148,0.059187611026534095,1.5357670285851295,6588.613197278935,2428.6800063657474,5634.312714925511,2118.013953741975,3415.310248540663,1221.434543285289,0.9656419338752372,0.35899982970462735,0.006667215605002431,0.0030810702157635103,advance_eq19_20,0.9867635790458475,0.27933604834100606,1.0658391162573275,0.26557136856225244,1.0801362544085202,0.9507235823643139,109.86567790060924,6.326386105915656e-16,a1_station_hull_matched_sweep_free_surface_marching_not_benchmark_validated,41,8,24,10,3.0,2,16,15.0,False,none,0.0,1.0,1.0,1.0,trapezoid,1.0,1.0,-1.0,1.0,1.0,1.0,1.0,True,False,True,3.0,11,9,40,True,True,True,True,A1_GRID_RECOMMENDED,"A1 Section 3.3 recommends control radius about 3B, inner free-surface panels greater than 10, outer/free-surface proxy panels greater than 8, and roughly 60 stations at Fn=0.2 or 40 at Fn=0.3."
0,st41_bp8_fs24_cp10_r3p0_h2_fsm_clipfs_onezonefs_noend_pr1p0_pl1p0_pf1p0_pm1p0_dt1p0_fv1p0_hr1p0_hqtrapezoid_hp1p0_hc1p0_cim1p0_cp1p0_cn1p0_cd1p0_pg1p0,A33,OK,diagnostic_matched_wigley_sensitivity_not_hard_gate,wigley_iii,Fn0.4,0.4,2.1696064159197173,1.0,1.808005346599764,1.0,79.95,21,22,17,1.65,1.35,0.07499999999999996,-0.8686874999999998,0.8686875,0.0626249999999999,0.06262500000000004,heave,heave_force,-0.1499999999999999,579.0017093658757,-385.6990843538413,43.42512820244065,-28.927431326538077,0.16615875151472348,0.16615875151472348,0.0,3.0581160126123668,3.0581160126123668,0.0,0.0,3.0581160126123668,2.920482180943342,1.101287488368865,0.01987537103708536,0.0092148460984242,0.09932120099182219,0.045852080308867706,1.6613594940282777,6553.06201098024,2406.031010821514,5412.253582739775,2040.9120087921917,3694.608622827708,1335.5293409107942,0.8905673225259841,0.30913068392236415,0.004272051105822549,0.001975502923448809,advance_eq19_20,0.9042320373477835,0.28870729309212034,0.9896431474975665,0.2794874639019014,1.0944570714396535,0.968065132364782,109.70294068380586,2.9836794780554445e-16,a1_station_hull_matched_sweep_free_surface_marching_not_benchmark_validated,41,8,24,10,3.0,2,16,15.0,False,none,0.0,1.0,1.0,1.0,trapezoid,1.0,1.0,-1.0,1.0,1.0,1.0,1.0,True,False,True,3.0,11,9,40,True,True,True,True,A1_GRID_RECOMMENDED,"A1 Section 3.3 recommends control radius about 3B, inner free-surface panels greater than 10, outer/free-surface proxy panels greater than 8, and roughly 60 stations at Fn=0.2 or 40 at Fn=0.3."
0,st41_bp8_fs24_cp10_r3p0_h2_fsm_clipfs_onezonefs_noend_pr1p0_pl1p0_pf1p0_pm1p0_dt1p0_fv1p0_hr1p0_hqtrapezoid_hp1p0_hc1p0_cim1p0_cp1p0_cn1p0_cd1p0_pg1p0,A33,OK,diagnostic_matched_wigley_sensitivity_not_hard_gate,wigley_iii,Fn0.4,0.4,2.1696064159197173,1.0,1.808005346599764,1.0,79.95,22,23,16,1.7249999999999999,1.2750000000000001,0.07499999999999996,-0.8686093749999999,0.8686093749999999,0.0627812499999999,0.06278125000000001,heave,heave_force,-0.22499999999999987,547.1646486670315,-405.55129009445227,41.03734865002734,-30.416346757083904,0.15702232553868958,0.15702232553868958,0.0,3.2197065511390734,3.2197065511390734,0.0,0.0,3.2197065511390734,2.791845180389364,1.0569443920904587,0.014592778918534301,0.00640470050220219,0.06891668802245626,0.03378878329329491,1.7731131618429528,6505.162814163022,2378.9813425227762,5173.8627883483205,1958.7351397571413,3943.13163438832,1437.0793107379513,0.8329991789972419,0.27567617104365105,0.002270303298485498,0.001056366630766326,advance_eq19_20,0.8190090876444349,0.29346452765503844,0.909061116591634,0.28909757881273257,1.109952417263402,0.9851193298311027,109.43283246067818,6.7786076514989185e-16,a1_station_hull_matched_sweep_free_surface_marching_not_benchmark_validated,41,8,24,10,3.0,2,16,15.0,False,none,0.0,1.0,1.0,1.0,trapezoid,1.0,1.0,-1.0,1.0,1.0,1.0,1.0,True,False,True,3.0,11,9,40,True,True,True,True,A1_GRID_RECOMMENDED,"A1 Section 3.3 recommends control radius about 3B, inner free-surface panels greater than 10, outer/free-surface proxy panels greater than 8, and roughly 60 stations at Fn=0.2 or 40 at Fn=0.3."
0,st41_bp8_fs24_cp10_r3p0_h2_fsm_clipfs_onezonefs_noend_pr1p0_pl1p0_pf1p0_pm1p0_dt1p0_fv1p0_hr1p0_hqtrapezoid_hp1p0_hc1p0_cim1p0_cp1p0_cn1p0_cd1p0_pg1p0,A33,OK,diagnostic_matched_wigley_sensitivity_not_hard_gate,wigley_iii,Fn0.4,0.4,2.1696064159197173,1.0,1.808005346599764,1.0,79.95,23,24,15,1.7999999999999998,1.2000000000000002,0.07500000000000007,-0.8684999999999999,0.8684999999999998,0.06299999999999994,0.06300000000000008,heave,heave_force,-0.2999999999999998,511.9089557888122,-419.08963671755964,38.39317168416095,-31.431722753817002,0.14690483915191005,0.14690483915191005,0.0,3.3716701334843733,3.3716701334843733,0.0,0.0,3.3716701334843733,2.6555152007539187,1.0102188344167884,0.010284188485574611,0.004568062944571485,0.04354177411543137,0.023192977457093367,1.869178360255354,6441.821402156031,2346.573115187652,4921.215322963531,1872.1430802078685,4156.76589698102,1524.6707288921752,0.7987547314082993,0.24551828006079865,0.0006601169289951074,0.00032067810555475403,advance_eq19_20,0.7327733223398265,0.29357915225210773,0.8257621312725191,0.2942181989789335,1.1268998284978076,1.00217674423379,109.05701762428855,9.115621380358227e-16,a1_station_hull_matched_sweep_free_surface_marching_not_benchmark_validated,41,8,24,10,3.0,2,16,15.0,False,none,0.0,1.0,1.0,1.0,trapezoid,1.0,1.0,-1.0,1.0,1.0,1.0,1.0,True,False,True,3.0,11,9,40,True,True,True,True,A1_GRID_RECOMMENDED,"A1 Section 3.3 recommends control radius about 3B, inner free-surface panels greater than 10, outer/free-surface proxy panels greater than 8, and roughly 60 stations at Fn=0.2 or 40 at Fn=0.3."
0,st41_bp8_fs24_cp10_r3p0_h2_fsm_clipfs_onezonefs_noend_pr1p0_pl1p0_pf1p0_pm1p0_dt1p0_fv1p0_hr1p0_hqtrapezoid_hp1p0_hc1p0_cim1p0_cp1p0_cn1p0_cd1p0_pg1p0,A33,OK,diagnostic_matched_wigley_sensitivity_not_hard_gate,wigley_iii,Fn0.4,0.4,2.1696064159197173,1.0,1.808005346599764,1.0,79.95,24,25,14,1.875,1.125,0.07500000000000007,-0.8683593749999999,0.8683593749999999,0.06328124999999996,0.06328125000000007,heave,heave_force,-0.375,473.9367686589465,-425.76183628842557,35.54525764942102,-31.932137721631946,0.13600778806601252,0.13600778806601252,0.0,3.5131264470933345,3.5131264470933345,0.0,0.0,3.5131264470933345,2.5127589914088255,0.9615192797408527,0.006955296218400525,0.003026739313534133,0.024022932440419264,0.014181972905148828,1.9476540006251752,6359.598170204305,2307.7286444687597,4656.658733463382,1781.8927985959713,4331.2836811417865,1596.7254550808223,0.7903029660436386,0.2567849395080058,0.0005792842937569301,0.00024072584080154678,advance_eq19_20,0.6471296378715659,0.2891660875131087,0.7413784906393074,0.294833805164249,1.1456413788707462,1.01960021557121,108.57779417676022,6.947389778397607e-16,a1_station_hull_matched_sweep_free_surface_marching_not_benchmark_validated,41,8,24,10,3.0,2,16,15.0,False,none,0.0,1.0,1.0,1.0,trapezoid,1.0,1.0,-1.0,1.0,1.0,1.0,1.0,True,False,True,3.0,11,9,40,True,True,True,True,A1_GRID_RECOMMENDED,"A1 Section 3.3 recommends control radius about 3B, inner free-surface panels greater than 10, outer/free-surface proxy panels greater than 8, and roughly 60 stations at Fn=0.2 or 40 at Fn=0.3."
0,st41_bp8_fs24_cp10_r3p0_h2_fsm_clipfs_onezonefs_noend_pr1p0_pl1p0_pf1p0_pm1p0_dt1p0_fv1p0_hr1p0_hqtrapezoid_hp1p0_hc1p0_cim1p0_cp1p0_cn1p0_cd1p0_pg1p0,A33,OK,diagnostic_matched_wigley_sensitivity_not_hard_gate,wigley_iii,Fn0.4,0.4,2.1696064159197173,1.0,1.808005346599764,1.0,79.95,25,26,13,1.95,1.05,0.07499999999999996,-0.8681874999999999,0.8681874999999999,0.0636249999999999,0.06362500000000004,heave,heave_force,-0.44999999999999996,433.9918811464497,-425.21842513805734,32.54939108598371,-31.89138188535428,0.12454462218738027,0.12454462218738027,0.0,3.643402652220031,3.643402652220031,0.0,0.0,3.643402652220031,2.36498664070924,0.9113059000285534,0.004631211964509841,0.002312374532817828,0.013730960888033602,0.00679797993642403,2.0068491499590912,6255.132796525456,2261.3385799378884,4382.806203315304,1688.837088130523,4462.924611322631,1651.7920361377578,0.8060631811032224,0.28967463875153604,0.001467713904554963,0.0006420202643828353,advance_eq19_20,0.5635690277786874,0.2804641522573914,0.6574655470461629,0.29107486912778624,1.16661050313139,1.0378327026288088,107.99806268512636,6.675883798612436e-16,a1_station_hull_matched_sweep_free_surface_marching_not_benchmark_validated,41,8,24,10,3.0,2,16,15.0,False,none,0.0,1.0,1.0,1.0,trapezoid,1.0,1.0,-1.0,1.0,1.0,1.0,1.0,True,False,True,3.0,11,9,40,True,True,True,True,A1_GRID_RECOMMENDED,"A1 Section 3.3 recommends control radius about 3B, inner free-surface panels greater than 10, outer/free-surface proxy panels greater than 8, and roughly 60 stations at Fn=0.2 or 40 at Fn=0.3."
0,st41_bp8_fs24_cp10_r3p0_h2_fsm_clipfs_onezonefs_noend_pr1p0_pl1p0_pf1p0_pm1p0_dt1p0_fv1p0_hr1p0_hqtrapezoid_hp1p0_hc1p0_cim1p0_cp1p0_cn1p0_cd1p0_pg1p0,A33,OK,diagnostic_matched_wigley_sensitivity_not_hard_gate,wigley_iii,Fn0.4,0.4,2.1696064159197173,1.0,1.808005346599764,1.0,79.95,26,27,12,2.025,0.9750000000000001,0.07500000000000007,-0.8679843749999999,0.8679843749999999,0.06403124999999998,0.0640312500000001,heave,heave_force,-0.5249999999999999,392.8384271162281,-417.3807152658938,29.462882033717133,-31.303553644942063,0.11273462848344269,0.11273462848344269,0.0,3.762042277555442,3.762042277555442,0.0,0.0,3.762042277555442,2.2137260099539953,0.8600854195758469,0.0033537685068703656,0.001912000646328239,0.01648307135319946,0.007937532363134998,2.045586614182574,6125.721382594233,2206.36212225385,4102.489173451381,1593.9150130537735,4549.070788511253,1688.9031630471238,0.8416208145496872,0.32764613642400797,0.0020460393969936016,0.0009011474469497324,advance_eq19_20,0.4834294658835118,0.267820425286877,0.5754620810469945,0.2831969463849334,1.1903744427230654,1.0574135489538776,107.32128791426383,4.677005074612609e-16,a1_station_hull_matched_sweep_free_surface_marching_not_benchmark_validated,41,8,24,10,3.0,2,16,15.0,False,none,0.0,1.0,1.0,1.0,trapezoid,1.0,1.0,-1.0,1.0,1.0,1.0,1.0,True,False,True,3.0,11,9,40,True,True,True,True,A1_GRID_RECOMMENDED,"A1 Section 3.3 recommends control radius about 3B, inner free-surface panels greater than 10, outer/free-surface proxy panels greater than 8, and roughly 60 stations at Fn=0.2 or 40 at Fn=0.3."
0,st41_bp8_fs24_cp10_r3p0_h2_fsm_clipfs_onezonefs_noend_pr1p0_pl1p0_pf1p0_pm1p0_dt1p0_fv1p0_hr1p0_hqtrapezoid_hp1p0_hc1p0_cim1p0_cp1p0_cn1p0_cd1p0_pg1p0,A33,OK,diagnostic_matched_wigley_sensitivity_not_hard_gate,wigley_iii,Fn0.4,0.4,2.1696064159197173,1.0,1.808005346599764,1.0,79.95,27,28,11,2.1,0.8999999999999999,0.07499999999999996,-0.8677499999999999,0.8677499999999999,0.06449999999999989,0.06450000000000003,heave,heave_force,-0.6000000000000001,351.2354450907412,-402.4785255812633,26.342658381805578,-30.18588941859473,0.10079563168805276,0.10079563168805276,0.0,3.868807407641189,3.868807407641189,0.0,0.0,3.868807407641189,2.060575762519274,0.8084028218714648,0.0029761265292935018,0.001590956415900022,0.022673315194892848,0.009256635822594401,2.0634629460081717,5969.8875851288,2145.2173776226396,3818.670295601451,1498.1365397536936,4588.825007838729,1707.914732200604,0.8915072920020854,0.357659155740394,0.002356209823233041,0.0010386144813971944,advance_eq19_20,0.4078575071019995,0.25168143553048933,0.49665163172190113,0.2715613468794993,1.21770869255496,1.0789883898552448,106.55145429053415,6.327697777533237e-16,a1_station_hull_matched_sweep_free_surface_marching_not_benchmark_validated,41,8,24,10,3.0,2,16,15.0,False,none,0.0,1.0,1.0,1.0,trapezoid,1.0,1.0,-1.0,1.0,1.0,1.0,1.0,True,False,True,3.0,11,9,40,True,True,True,True,A1_GRID_RECOMMENDED,"A1 Section 3.3 recommends control radius about 3B, inner free-surface panels greater than 10, outer/free-surface proxy panels greater than 8, and roughly 60 stations at Fn=0.2 or 40 at Fn=0.3."
0,st41_bp8_fs24_cp10_r3p0_h2_fsm_clipfs_onezonefs_noend_pr1p0_pl1p0_pf1p0_pm1p0_dt1p0_fv1p0_hr1p0_hqtrapezoid_hp1p0_hc1p0_cim1p0_cp1p0_cn1p0_cd1p0_pg1p0,A33,OK,diagnostic_matched_wigley_sensitivity_not_hard_gate,wigley_iii,Fn0.4,0.4,2.1696064159197173,1.0,1.808005346599764,1.0,79.95,28,29,10,2.175,0.8250000000000002,0.07499999999999996,-0.8674843749999999,0.8674843749999999,0.06503124999999987,0.0650312500000001,heave,heave_force,-0.6749999999999998,309.91035638281454,-381.02871832394715,23.243276728711077,-28.57715387429602,0.08893638320074772,0.08893638320074772,0.0,3.9636734150855895,3.9636734150855895,0.0,0.0,3.9636734150855895,1.9071455297797668,0.7568344159040685,0.0030160463397639397,0.0013333550479742824,0.027050536797716785,0.009931961591981611,2.0609306809651837,5787.674013587121,2080.2497470826825,3534.3325474502994,1402.569687206397,4583.193638892551,1709.708072665339,0.9498025953077227,0.4072199921770404,0.0024449730960283043,0.0010764878602174822,advance_eq19_20,0.33776916300356297,0.2325904124230965,0.4221234662467855,0.2566215937313065,1.2497395040243289,1.1033197415914795,105.69301673551156,5.951523961493279e-16,a1_station_hull_matched_sweep_free_surface_marching_not_benchmark_validated,41,8,24,10,3.0,2,16,15.0,False,none,0.0,1.0,1.0,1.0,trapezoid,1.0,1.0,-1.0,1.0,1.0,1.0,1.0,True,False,True,3.0,11,9,40,True,True,True,True,A1_GRID_RECOMMENDED,"A1 Section 3.3 recommends control radius about 3B, inner free-surface panels greater than 10, outer/free-surface proxy panels greater than 8, and roughly 60 stations at Fn=0.2 or 40 at Fn=0.3."
0,st41_bp8_fs24_cp10_r3p0_h2_fsm_clipfs_onezonefs_noend_pr1p0_pl1p0_pf1p0_pm1p0_dt1p0_fv1p0_hr1p0_hqtrapezoid_hp1p0_hc1p0_cim1p0_cp1p0_cn1p0_cd1p0_pg1p0,A33,OK,diagnostic_matched_wigley_sensitivity_not_hard_gate,wigley_iii,Fn0.4,0.4,2.1696064159197173,1.0,1.808005346599764,1.0,79.95,29,30,9,2.25,0.75,0.07499999999999996,-0.8671874999999999,0.8671874999999999,0.06562499999999982,0.0656250000000001,heave,heave_force,-0.75,269.53630418358387,-353.7180472742388,20.21522281376878,-26.528853545567895,0.0773500579818436,0.0773500579818436,0.0,4.046816635676885,4.046816635676885,0.0,0.0,4.046816635676885,1.7550055442942099,0.7059930412206655,0.0030684827162961127,0.001246928394002875,0.02901114992364623,0.010325947192169511,2.038968861475586,5580.177370165058,2008.000060368499,3252.385892581064,1308.3501730189207,4534.353921810902,1696.0850684206525,1.0097248313481753,0.417859003318371,0.002362153190310307,0.0010377951522710098,advance_eq19_20,0.2738099629866597,0.21117730675370333,0.3527303945380488,0.2389166561090894,1.2882306790101503,1.1313557303187816,104.75084920458065,6.9245252044117e-16,a1_station_hull_matched_sweep_free_surface_marching_not_benchmark_validated,41,8,24,10,3.0,2,16,15.0,False,none,0.0,1.0,1.0,1.0,trapezoid,1.0,1.0,-1.0,1.0,1.0,1.0,1.0,True,False,True,3.0,11,9,40,True,True,True,True,A1_GRID_RECOMMENDED,"A1 Section 3.3 recommends control radius about 3B, inner free-surface panels greater than 10, outer/free-surface proxy panels greater than 8, and roughly 60 stations at Fn=0.2 or 40 at Fn=0.3."
0,st41_bp8_fs24_cp10_r3p0_h2_fsm_clipfs_onezonefs_noend_pr1p0_pl1p0_pf1p0_pm1p0_dt1p0_fv1p0_hr1p0_hqtrapezoid_hp1p0_hc1p0_cim1p0_cp1p0_cn1p0_cd1p0_pg1p0,A33,OK,diagnostic_matched_wigley_sensitivity_not_hard_gate,wigley_iii,Fn0.4,0.4,2.1696064159197173,1.0,1.808005346599764,1.0,79.95,30,31,8,2.3249999999999997,0.6750000000000003,0.07499999999999996,-0.866859375,0.866859375,0.06628124999999996,0.06628125000000007,heave,heave_force,-0.8249999999999997,230.7204424086478,-321.1380423130777,17.304033180648577,-24.08535317348081,0.06621089374940106,0.06621089374940106,0.0,4.118597111542507,4.118597111542507,0.0,0.0,4.118597111542507,1.6056940216044813,0.6565696088695346,0.0029878180004197286,0.0012072628282260845,0.02882850533334868,0.009923455739731827,1.9978966385086647,5347.435347421184,1928.9670036526418,2975.6809604657838,1216.7583973323103,4443.015599384155,1669.1066142923744,1.0639855092852333,0.48437857936079376,0.002160995222368814,0.0009466306782953844,advance_eq19_20,0.216321265751714,0.1881101425696605,0.28904237544270606,0.21905598870630344,1.3361718018720306,1.1645091844273265,103.73019523740956,2.9761389602290564e-16,a1_station_hull_matched_sweep_free_surface_marching_not_benchmark_validated,41,8,24,10,3.0,2,16,15.0,False,none,0.0,1.0,1.0,1.0,trapezoid,1.0,1.0,-1.0,1.0,1.0,1.0,1.0,True,False,True,3.0,11,9,40,True,True,True,True,A1_GRID_RECOMMENDED,"A1 Section 3.3 recommends control radius about 3B, inner free-surface panels greater than 10, outer/free-surface proxy panels greater than 8, and roughly 60 stations at Fn=0.2 or 40 at Fn=0.3."
0,st41_bp8_fs24_cp10_r3p0_h2_fsm_clipfs_onezonefs_noend_pr1p0_pl1p0_pf1p0_pm1p0_dt1p0_fv1p0_hr1p0_hqtrapezoid_hp1p0_hc1p0_cim1p0_cp1p0_cn1p0_cd1p0_pg1p0,A33,OK,diagnostic_matched_wigley_sensitivity_not_hard_gate,wigley_iii,Fn0.4,0.4,2.1696064159197173,1.0,1.808005346599764,1.0,79.95,31,32,7,2.4,0.6000000000000001,0.07500000000000018,-0.8664999999999999,0.8664999999999998,0.06699999999999995,0.06700000000000006,heave,heave_force,-0.8999999999999999,194.0129136997177,-283.2720216697534,14.550968527478862,-21.24540162523156,0.05567676743715484,0.05567676743715484,0.0,4.179540942135786,4.179540942135786,0.0,0.0,4.179540942135786,1.4608852291813506,0.6094669356175022,0.0027670216117315054,0.001071403794111928,0.026998588343672573,0.00897950252758636,1.9343724777767093,5082.776492860254,1841.7177191849826,2707.3205127567157,1129.4674651265236,4301.747612026941,1629.4796877441854,1.1072902040730999,0.530526889698258,0.0018990765395001548,0.0008284294662219053,advance_eq19_20,0.16533508622486504,0.1639682744247524,0.23130471785834925,0.1976544666397048,1.3990056384266907,1.2054433538020277,102.63663006147284,4.258099436504331e-16,a1_station_hull_matched_sweep_free_surface_marching_not_benchmark_validated,41,8,24,10,3.0,2,16,15.0,False,none,0.0,1.0,1.0,1.0,trapezoid,1.0,1.0,-1.0,1.0,1.0,1.0,1.0,True,False,True,3.0,11,9,40,True,True,True,True,A1_GRID_RECOMMENDED,"A1 Section 3.3 recommends control radius about 3B, inner free-surface panels greater than 10, outer/free-surface proxy panels greater than 8, and roughly 60 stations at Fn=0.2 or 40 at Fn=0.3."
0,st41_bp8_fs24_cp10_r3p0_h2_fsm_clipfs_onezonefs_noend_pr1p0_pl1p0_pf1p0_pm1p0_dt1p0_fv1p0_hr1p0_hqtrapezoid_hp1p0_hc1p0_cim1p0_cp1p0_cn1p0_cd1p0_pg1p0,A33,OK,diagnostic_matched_wigley_sensitivity_not_hard_gate,wigley_iii,Fn0.4,0.4,2.1696064159197173,1.0,1.808005346599764,1.0,79.95,32,33,6,2.475,0.5249999999999999,0.07499999999999996,-0.866109375,0.866109375,0.06778124999999988,0.06778125000000013,heave,heave_force,-0.9750000000000001,159.95124998311667,-238.44694402811132,11.996343748733743,-17.88352080210834,0.04590193702454115,0.04590193702454115,0.0,4.230330294366634,4.230330294366634,0.0,0.0,4.230330294366634,1.322958403023908,0.5661688941966759,0.002454590146629062,0.0008809167819199056,0.02413068087596165,0.007731905634465047,1.8341455199154895,4758.989900664402,1738.0313359132556,2451.7137626462186,1049.2272974807179,4078.8582349325275,1573.1749515345198,1.1401309853178216,0.5219373305266473,0.0016396859842999875,0.00071023066353006,advance_eq19_20,0.12063850619200271,0.13902951862973795,0.17943138101188943,0.17515987945462239,1.4873475035103194,1.2598754651600748,101.4760582021312,6.281608426029454e-16,a1_station_hull_matched_sweep_free_surface_marching_not_benchmark_validated,41,8,24,10,3.0,2,16,15.0,False,none,0.0,1.0,1.0,1.0,trapezoid,1.0,1.0,-1.0,1.0,1.0,1.0,1.0,True,False,True,3.0,11,9,40,True,True,True,True,A1_GRID_RECOMMENDED,"A1 Section 3.3 recommends control radius about 3B, inner free-surface panels greater than 10, outer/free-surface proxy panels greater than 8, and roughly 60 stations at Fn=0.2 or 40 at Fn=0.3."
0,st41_bp8_fs24_cp10_r3p0_h2_fsm_clipfs_onezonefs_noend_pr1p0_pl1p0_pf1p0_pm1p0_dt1p0_fv1p0_hr1p0_hqtrapezoid_hp1p0_hc1p0_cim1p0_cp1p0_cn1p0_cd1p0_pg1p0,A33,OK,diagnostic_matched_wigley_sensitivity_not_hard_gate,wigley_iii,Fn0.4,0.4,2.1696064159197173,1.0,1.808005346599764,1.0,79.95,33,34,5,2.55,0.4500000000000002,0.07499999999999996,-0.8656874999999999,0.8656874999999999,0.06862499999999994,0.06862500000000005,heave,heave_force,-1.0499999999999998,129.17170778637188,-180.41350016718545,9.687878083977886,-13.5310125125389,0.03706899193840824,0.03706899193840824,0.0,4.271815758848108,4.271815758848108,0.0,0.0,4.271815758848108,1.1966444154605806,0.5297779301417606,0.0021517243338396697,0.0006837289982375827,0.020942834092083463,0.006709802667796512,1.6528034109859924,4292.7579834201215,1587.2366486344313,2217.6279886597663,981.7873634620308,3675.5812068474324,1483.1021711762762,1.1699959089998329,0.6397875693527729,0.0015951110896528448,0.0006833253221682422,advance_eq19_20,0.0819542462520017,0.1130521650349579,0.1330911947916624,0.1515606822232201,1.6239694814887238,1.3406260921792577,100.2548122089833,2.9973331639926854e-16,a1_station_hull_matched_sweep_free_surface_marching_not_benchmark_validated,41,8,24,10,3.0,2,16,15.0,False,none,0.0,1.0,1.0,1.0,trapezoid,1.0,1.0,-1.0,1.0,1.0,1.0,1.0,True,False,True,3.0,11,9,40,True,True,True,True,A1_GRID_RECOMMENDED,"A1 Section 3.3 recommends control radius about 3B, inner free-surface panels greater than 10, outer/free-surface proxy panels greater than 8, and roughly 60 stations at Fn=0.2 or 40 at Fn=0.3."
0,st41_bp8_fs24_cp10_r3p0_h2_fsm_clipfs_onezonefs_noend_pr1p0_pl1p0_pf1p0_pm1p0_dt1p0_fv1p0_hr1p0_hqtrapezoid_hp1p0_hc1p0_cim1p0_cp1p0_cn1p0_cd1p0_pg1p0,A33,OK,diagnostic_matched_wigley_sensitivity_not_hard_gate,wigley_iii,Fn0.4,0.4,2.1696064159197173,1.0,1.808005346599764,1.0,79.95,34,35,4,2.625,0.375,0.07499999999999996,-0.8652343749999999,0.8652343749999999,0.06953124999999993,0.06953125000000009,heave,heave_force,-1.125,102.7159073468676,-83.71681189495035,7.703693051015065,-6.278760892121273,0.02947685067139011,0.02947685067139011,0.0,4.305088680153006,4.305088680153006,0.0,0.0,4.305088680153006,1.0944543742201145,0.5084914483847047,0.0021029280939621276,0.0007832073239625712,0.01836490938227111,0.00611553917589801,1.2829883507523678,3500.623965873006,1366.9552696949327,2028.2488442044526,942.3391388142992,2853.1692512761583,1292.0893474570787,1.2056685601264594,0.759165314169724,0.0025979415802042604,0.0010953993903803317,advance_eq19_20,0.04925399312965886,0.08520249791519356,0.0919522602160028,0.126100375058013,1.8668996029203708,1.4800079591977127,98.98004886155589,4.772279070694561e-16,a1_station_hull_matched_sweep_free_surface_marching_not_benchmark_validated,41,8,24,10,3.0,2,16,15.0,False,none,0.0,1.0,1.0,1.0,trapezoid,1.0,1.0,-1.0,1.0,1.0,1.0,1.0,True,False,True,3.0,11,9,40,True,True,True,True,A1_GRID_RECOMMENDED,"A1 Section 3.3 recommends control radius about 3B, inner free-surface panels greater than 10, outer/free-surface proxy panels greater than 8, and roughly 60 stations at Fn=0.2 or 40 at Fn=0.3."
0,st41_bp8_fs24_cp10_r3p0_h2_fsm_clipfs_onezonefs_noend_pr1p0_pl1p0_pf1p0_pm1p0_dt1p0_fv1p0_hr1p0_hqtrapezoid_hp1p0_hc1p0_cim1p0_cp1p0_cn1p0_cd1p0_pg1p0,A33,OK,diagnostic_matched_wigley_sensitivity_not_hard_gate,wigley_iii,Fn0.4,0.4,2.1696064159197173,1.0,1.808005346599764,1.0,79.95,35,36,3,2.6999999999999997,0.30000000000000027,0.07499999999999996,-0.8647499999999999,0.8647499999999999,0.0704999999999999,0.07050000000000001,heave,heave_force,-1.1999999999999997,83.46190754554385,274.558079307616,6.259643065915785,20.59185594807119,0.023951442858420987,0.023951442858420987,0.0,4.3318028269179125,4.3318028269179125,0.0,0.0,4.3318028269179125,1.0639572968094337,0.5331820140570004,0.0020630125781166894,0.0009511743771551867,0.02007887031247082,0.007080665721301313,3.5206395391827736,8073.824206383496,5506.096838240035,1971.7314932149206,988.0958304290344,7829.362185660372,5416.712012094207,1.2560777568084562,0.8564770787063736,0.00026776802452925,0.00012255597168577697,advance_eq19_20,0.02317103994276944,0.05390592280821215,0.05610429132338998,0.09723645555108781,2.421310889021941,1.803817660204763,97.66111149943443,8.300451173792893e-16,a1_station_hull_matched_sweep_free_surface_marching_not_benchmark_validated,41,8,24,10,3.0,2,16,15.0,False,none,0.0,1.0,1.0,1.0,trapezoid,1.0,1.0,-1.0,1.0,1.0,1.0,1.0,True,False,True,3.0,11,9,40,True,True,True,True,A1_GRID_RECOMMENDED,"A1 Section 3.3 recommends control radius about 3B, inner free-surface panels greater than 10, outer/free-surface proxy panels greater than 8, and roughly 60 stations at Fn=0.2 or 40 at Fn=0.3."
0,st41_bp8_fs24_cp10_r3p0_h2_fsm_clipfs_onezonefs_noend_pr1p0_pl1p0_pf1p0_pm1p0_dt1p0_fv1p0_hr1p0_hqtrapezoid_hp1p0_hc1p0_cim1p0_cp1p0_cn1p0_cd1p0_pg1p0,A33,OK,diagnostic_matched_wigley_sensitivity_not_hard_gate,wigley_iii,Fn0.4,0.4,2.1696064159197173,1.0,1.808005346599764,1.0,79.95,36,37,2,2.775,0.2250000000000001,0.07500000000000018,-0.8642343749999999,0.8642343749999999,0.07153124999999994,0.07153125000000005,heave,heave_force,-1.275,92.77084172355525,-737.7277887116262,6.95781312926666,-55.329584153372096,0.026622869999189145,0.026622869999189145,0.0,4.357089983346717,4.357089983346717,0.0,0.0,4.357089983346717,1.5217941833152753,0.8738524451669107,0.004928716572146651,0.0025307072658480776,0.04282247861771157,0.016269027165823933,10.306868650013136,23093.74201707559,14348.588777178526,2820.1973203549,1619.428140326078,22920.89455988805,14256.908935491365,1.4942183052400333,1.0537108987438626,0.0016732334579867094,0.0006931900396595122,advance_eq19_20,0.005662133620962068,0.012885630270525118,0.02660057549858543,0.0625940627871946,4.697977349051974,4.857664039171888,96.3146992237131,8.317928290331872e-16,a1_station_hull_matched_sweep_free_surface_marching_not_benchmark_validated,41,8,24,10,3.0,2,16,15.0,False,none,0.0,1.0,1.0,1.0,trapezoid,1.0,1.0,-1.0,1.0,1.0,1.0,1.0,True,False,True,3.0,11,9,40,True,True,True,True,A1_GRID_RECOMMENDED,"A1 Section 3.3 recommends control radius about 3B, inner free-surface panels greater than 10, outer/free-surface proxy panels greater than 8, and roughly 60 stations at Fn=0.2 or 40 at Fn=0.3."
0,st41_bp8_fs24_cp10_r3p0_h2_fsm_clipfs_onezonefs_noend_pr1p0_pl1p0_pf1p0_pm1p0_dt1p0_fv1p0_hr1p0_hqtrapezoid_hp1p0_hc1p0_cim1p0_cp1p0_cn1p0_cd1p0_pg1p0,A33,OK,diagnostic_matched_wigley_sensitivity_not_hard_gate,wigley_iii,Fn0.4,0.4,2.1696064159197173,1.0,1.808005346599764,1.0,79.95,37,38,1,2.85,0.1499999999999999,0.07499999999999996,-0.8636874999999999,0.8636874999999999,0.07262499999999994,0.07262500000000005,heave,heave_force,-1.35,-19.222790323022174,-380.6844643905149,-1.4417092742266622,-28.5513348292886,-0.005516451487165363,-0.005516451487165363,0.0,4.367643192602729,4.367643192602729,0.0,0.0,4.367643192602729,0.6080816054400708,0.42845642049037796,0.005151816193993553,0.0026907847198113823,0.03745909381253662,0.015019861103418469,8.8371723601006,19684.797925099254,13713.335825471517,1126.9001636497317,794.01778650739,19652.515497339216,13690.329258891858,0.28523758270747274,0.1179737787919836,0.00016381246603789802,6.647817052656572e-05,advance_eq19_20,0.0018024854989533005,0.005317050645064097,0.006263572802895468,0.013821457989263635,3.4749643237256067,2.599459533471684,94.99248929002074,5.344985176288856e-16,a1_station_hull_matched_sweep_free_surface_marching_not_benchmark_validated,41,8,24,10,3.0,2,16,15.0,False,none,0.0,1.0,1.0,1.0,trapezoid,1.0,1.0,-1.0,1.0,1.0,1.0,1.0,True,False,True,3.0,11,9,40,True,True,True,True,A1_GRID_RECOMMENDED,"A1 Section 3.3 recommends control radius about 3B, inner free-surface panels greater than 10, outer/free-surface proxy panels greater than 8, and roughly 60 stations at Fn=0.2 or 40 at Fn=0.3."
0,st41_bp8_fs24_cp10_r3p0_h2_fsm_clipfs_onezonefs_noend_pr1p0_pl1p0_pf1p0_pm1p0_dt1p0_fv1p0_hr1p0_hqtrapezoid_hp1p0_hc1p0_cim1p0_cp1p0_cn1p0_cd1p0_pg1p0,A33,OK,diagnostic_matched_wigley_sensitivity_not_hard_gate,wigley_iii,Fn0.4,0.4,2.1696064159197173,1.0,1.808005346599764,1.0,79.95,38,39,0,2.925,0.07500000000000018,0.03749999999999987,-0.8631093749999998,0.8631093749999998,0.07378124999999991,0.07378125000000002,heave,heave_force,-1.4249999999999998,8.343608438097608,784.8973395850369,0.3128853164286592,29.43365023443878,0.001197201613377235,0.001197201613377235,0.0,4.3660821684725235,4.3660821684725235,0.0,0.0,4.3660821684725235,0.6763344002425491,0.39434198639227735,0.0007683134075273497,0.00041197932529842186,0.00425837838856683,0.0019267493693927095,29.90199389732323,66509.25802295716,36159.39857126313,1253.3866170210702,730.7967302806591,66497.44675363532,36159.28188199494,0.3761856039722915,0.2653196197511831,0.0,0.0,initialize_eq21_22,0.0,0.0,0.002204212523275142,0.006502082610675193,,,113.95001957184003,1.0977799932066088e-15,a1_station_hull_matched_sweep_free_surface_marching_not_benchmark_validated,41,8,24,10,3.0,2,16,15.0,False,none,0.0,1.0,1.0,1.0,trapezoid,1.0,1.0,-1.0,1.0,1.0,1.0,1.0,True,False,True,3.0,11,9,40,True,True,True,True,A1_GRID_RECOMMENDED,"A1 Section 3.3 recommends control radius about 3B, inner free-surface panels greater than 10, outer/free-surface proxy panels greater than 8, and roughly 60 stations at Fn=0.2 or 40 at Fn=0.3."
0,st41_bp8_fs24_cp10_r3p0_h2_fsm_clipfs_onezonefs_noend_pr1p0_pl1p0_pf1p0_pm1p0_dt1p0_fv1p0_hr1p0_hqtrapezoid_hp1p0_hc1p0_ci1p0_cp1p0_cnm1p0_cd1p0_pg1p0,A33,OK,diagnostic_matched_wigley_sensitivity_not_hard_gate,wigley_iii,Fn0.4,0.4,2.1696064159197173,1.0,1.808005346599764,1.0,79.95,0,1,38,0.075,2.925,0.0375,-0.8631093749999998,0.8631093749999998,0.07378124999999991,0.07378125000000002,heave,heave_force,1.425,20434378245096.664,-814338472558393.9,766289184191.1249,-30537692720939.77,2932073189.3032646,2932073189.3032646,0.0,0.0,0.0,0.0,0.0,0.0,1670070463971.5747,969274618070.4154,1752593593321.0872,1124858357029.1445,10242063910396.555,7234521271562.9375,36149194620892.38,8.044981827442835e+16,4.5324305327114184e+16,3094983736260429.5,1796265034089624.2,8.03902626943141e+16,4.52886971032815e+16,15219649139770.908,7022083384802.857,201807915951.10678,106320301745.68974,advance_eq19_20,210593042265.1187,368492116982.57776,513795243627.93463,894434353010.3124,2.439754125310133,2.4272821908225546,690.6987294891596,5.586763555933396e-15,a1_station_hull_matched_sweep_free_surface_marching_not_benchmark_validated,41,8,24,10,3.0,2,16,15.0,False,none,0.0,1.0,1.0,1.0,trapezoid,1.0,1.0,1.0,1.0,-1.0,1.0,1.0,True,False,True,3.0,11,9,40,True,True,True,True,A1_GRID_RECOMMENDED,"A1 Section 3.3 recommends control radius about 3B, inner free-surface panels greater than 10, outer/free-surface proxy panels greater than 8, and roughly 60 stations at Fn=0.2 or 40 at Fn=0.3."
0,st41_bp8_fs24_cp10_r3p0_h2_fsm_clipfs_onezonefs_noend_pr1p0_pl1p0_pf1p0_pm1p0_dt1p0_fv1p0_hr1p0_hqtrapezoid_hp1p0_hc1p0_ci1p0_cp1p0_cnm1p0_cd1p0_pg1p0,A33,OK,diagnostic_matched_wigley_sensitivity_not_hard_gate,wigley_iii,Fn0.4,0.4,2.1696064159197173,1.0,1.808005346599764,1.0,79.95,1,2,37,0.15,2.85,0.07499999999999998,-0.8636874999999999,0.8636874999999999,0.07262499999999991,0.07262500000000005,heave,heave_force,1.35,-17786562373754.703,-268350765678842.7,-1333992178031.6025,-20126307425913.195,-5104290626.358589,-5104290626.358589,0.0,379927876.1239696,379927876.1239696,0.0,0.0,379927876.1239696,542336954966.99524,382303170952.1974,766109888085.8868,463959990523.97015,4154087081490.8794,2936323589073.416,10654759338241.568,2.3715856563754148e+16,1.361758254579038e+16,1005061817094936.9,708486331531206.9,2.3694550075837664e+16,1.3617509659955466e+16,6426104896371.38,2886799153451.665,79394648938.43594,42710655545.91623,advance_eq19_20,86353180764.24745,149395044639.6505,212168561189.8156,371266218473.13293,2.4569860578622613,2.4851307442535897,467.1647912208976,5.375967273907066e-15,a1_station_hull_matched_sweep_free_surface_marching_not_benchmark_validated,41,8,24,10,3.0,2,16,15.0,False,none,0.0,1.0,1.0,1.0,trapezoid,1.0,1.0,1.0,1.0,-1.0,1.0,1.0,True,False,True,3.0,11,9,40,True,True,True,True,A1_GRID_RECOMMENDED,"A1 Section 3.3 recommends control radius about 3B, inner free-surface panels greater than 10, outer/free-surface proxy panels greater than 8, and roughly 60 stations at Fn=0.2 or 40 at Fn=0.3."
0,st41_bp8_fs24_cp10_r3p0_h2_fsm_clipfs_onezonefs_noend_pr1p0_pl1p0_pf1p0_pm1p0_dt1p0_fv1p0_hr1p0_hqtrapezoid_hp1p0_hc1p0_ci1p0_cp1p0_cnm1p0_cd1p0_pg1p0,A33,OK,diagnostic_matched_wigley_sensitivity_not_hard_gate,wigley_iii,Fn0.4,0.4,2.1696064159197173,1.0,1.808005346599764,1.0,79.95,2,3,36,0.22499999999999998,2.775,0.075,-0.8642343749999999,0.8642343749999999,0.07153124999999994,0.07153125000000006,heave,heave_force,1.275,9736088908576.77,223438706121918.44,730206668143.2577,16757902959143.883,2794009674.7852664,2794009674.7852664,0.0,-775212599.6626916,-775212599.6626916,0.0,0.0,-775212599.6626916,159856825223.66992,91905961659.93088,285911245375.5421,187806627433.07532,1733198696404.54,1222692741122.6167,3817383520093.951,8494442727192360.0,5976969420747993.0,296247544562230.7,170320631817186.66,8489275271652582.0,5974542186555719.0,2550325982549.213,1169311408728.221,32980916216.43357,17689238965.316765,advance_eq19_20,35965477888.14834,62313762776.09368,86971859387.15565,150467451803.16174,2.418203913698458,2.414674465155035,461.5326042201192,4.6428763181418635e-15,a1_station_hull_matched_sweep_free_surface_marching_not_benchmark_validated,41,8,24,10,3.0,2,16,15.0,False,none,0.0,1.0,1.0,1.0,trapezoid,1.0,1.0,1.0,1.0,-1.0,1.0,1.0,True,False,True,3.0,11,9,40,True,True,True,True,A1_GRID_RECOMMENDED,"A1 Section 3.3 recommends control radius about 3B, inner free-surface panels greater than 10, outer/free-surface proxy panels greater than 8, and roughly 60 stations at Fn=0.2 or 40 at Fn=0.3."
0,st41_bp8_fs24_cp10_r3p0_h2_fsm_clipfs_onezonefs_noend_pr1p0_pl1p0_pf1p0_pm1p0_dt1p0_fv1p0_hr1p0_hqtrapezoid_hp1p0_hc1p0_ci1p0_cp1p0_cnm1p0_cd1p0_pg1p0,A33,OK,diagnostic_matched_wigley_sensitivity_not_hard_gate,wigley_iii,Fn0.4,0.4,2.1696064159197173,1.0,1.808005346599764,1.0,79.95,3,4,35,0.3,2.7,0.07500000000000001,-0.8647499999999999,0.8647499999999999,0.0704999999999999,0.07050000000000001,heave,heave_force,1.2,3174202870423.054,-91607996508275.38,238065215281.7291,-6870599738120.654,910915421.2715198,910915421.2715198,0.0,1077249948.365702,1077249948.365702,0.0,0.0,1077249948.365702,40388021217.60634,20683859505.305,118819465964.12935,77688393750.11734,714065747495.0928,503988584478.40173,976942521137.2745,2173859182206398.8,1265437911095207.8,74847302257517.4,38331441788257.53,2172570280890320.2,1264857228072574.2,1065974269302.1946,483192940362.2675,13610626987.90105,7298381055.573302,advance_eq19_20,14943018261.369896,25893839050.79806,36212416599.991486,62742259845.98296,2.423366950812501,2.4230574586833704,463.56398367166815,4.9619270311991446e-15,a1_station_hull_matched_sweep_free_surface_marching_not_benchmark_validated,41,8,24,10,3.0,2,16,15.0,False,none,0.0,1.0,1.0,1.0,trapezoid,1.0,1.0,1.0,1.0,-1.0,1.0,1.0,True,False,True,3.0,11,9,40,True,True,True,True,A1_GRID_RECOMMENDED,"A1 Section 3.3 recommends control radius about 3B, inner free-surface panels greater than 10, outer/free-surface proxy panels greater than 8, and roughly 60 stations at Fn=0.2 or 40 at Fn=0.3."
0,st41_bp8_fs24_cp10_r3p0_h2_fsm_clipfs_onezonefs_noend_pr1p0_pl1p0_pf1p0_pm1p0_dt1p0_fv1p0_hr1p0_hqtrapezoid_hp1p0_hc1p0_ci1p0_cp1p0_cnm1p0_cd1p0_pg1p0,A33,OK,diagnostic_matched_wigley_sensitivity_not_hard_gate,wigley_iii,Fn0.4,0.4,2.1696064159197173,1.0,1.808005346599764,1.0,79.95,4,5,34,0.375,2.625,0.07499999999999998,-0.8652343749999999,0.8652343749999999,0.06953124999999993,0.06953125000000009,heave,heave_force,1.125,1286135820396.7114,-26900537742007.57,96460186529.75334,-2017540330650.5674,369088240.56759715,369088240.56759715,0.0,1717251779.2852604,1717251779.2852604,0.0,0.0,1717251779.2852604,13608186404.431236,6590460927.392704,49042279097.68574,32051798637.327686,294504082611.1615,207873889646.92496,236222925956.3286,525928524814379.75,272314691275343.44,25218765621156.344,12213478308114.92,525323545135733.3,272040662460601.28,442948540779.6219,199168216192.02322,5611372792.873039,3009776405.4292445,advance_eq19_20,6205354053.201011,10751769966.805805,15040874259.63197,26063647918.48954,2.423854324939475,2.424126260044296,465.55753958209425,6.210572495702671e-15,a1_station_hull_matched_sweep_free_surface_marching_not_benchmark_validated,41,8,24,10,3.0,2,16,15.0,False,none,0.0,1.0,1.0,1.0,trapezoid,1.0,1.0,1.0,1.0,-1.0,1.0,1.0,True,False,True,3.0,11,9,40,True,True,True,True,A1_GRID_RECOMMENDED,"A1 Section 3.3 recommends control radius about 3B, inner free-surface panels greater than 10, outer/free-surface proxy panels greater than 8, and roughly 60 stations at Fn=0.2 or 40 at Fn=0.3."
0,st41_bp8_fs24_cp10_r3p0_h2_fsm_clipfs_onezonefs_noend_pr1p0_pl1p0_pf1p0_pm1p0_dt1p0_fv1p0_hr1p0_hqtrapezoid_hp1p0_hc1p0_ci1p0_cp1p0_cnm1p0_cd1p0_pg1p0,A33,OK,diagnostic_matched_wigley_sensitivity_not_hard_gate,wigley_iii,Fn0.4,0.4,2.1696064159197173,1.0,1.808005346599764,1.0,79.95,5,6,33,0.44999999999999996,2.55,0.07500000000000001,-0.8656874999999999,0.8656874999999999,0.06862499999999994,0.06862500000000005,heave,heave_force,1.05,543487273766.4135,-10278637764177.406,40761545532.48102,-770897832313.3055,155967012.55350444,155967012.55350444,0.0,1979779405.8458114,1979779405.8458114,0.0,0.0,1979779405.8458114,4976424124.79389,2334527404.950415,20218234863.033222,13220036882.497667,121507226978.55469,85764445736.19542,78137700143.74268,174010814442117.2,84940196200482.25,9222336460189.79,4326358980682.3735,173766256946002.0,84829944881195.62,183851819664.6087,82077892818.63264,2313300934.2925572,1241295377.8911314,advance_eq19_20,2576401279.6406817,4463252063.38826,6243914836.587306,10818672399.314209,2.4235024590028593,2.423943852075712,467.4627559098952,3.976579780642299e-15,a1_station_hull_matched_sweep_free_surface_marching_not_benchmark_validated,41,8,24,10,3.0,2,16,15.0,False,none,0.0,1.0,1.0,1.0,trapezoid,1.0,1.0,1.0,1.0,-1.0,1.0,1.0,True,False,True,3.0,11,9,40,True,True,True,True,A1_GRID_RECOMMENDED,"A1 Section 3.3 recommends control radius about 3B, inner free-surface panels greater than 10, outer/free-surface proxy panels greater than 8, and roughly 60 stations at Fn=0.2 or 40 at Fn=0.3."
0,st41_bp8_fs24_cp10_r3p0_h2_fsm_clipfs_onezonefs_noend_pr1p0_pl1p0_pf1p0_pm1p0_dt1p0_fv1p0_hr1p0_hqtrapezoid_hp1p0_hc1p0_ci1p0_cp1p0_cnm1p0_cd1p0_pg1p0,A33,OK,diagnostic_matched_wigley_sensitivity_not_hard_gate,wigley_iii,Fn0.4,0.4,2.1696064159197173,1.0,1.808005346599764,1.0,79.95,6,7,32,0.525,2.475,0.07500000000000001,-0.866109375,0.866109375,0.0677812499999999,0.06778125000000006,heave,heave_force,0.975,232103511067.355,-4179724458180.183,17407763330.05163,-313479334363.5138,66607799.24704051,66607799.24704051,0.0,2091066811.7460837,2091066811.7460837,0.0,0.0,2091066811.7460837,1890292425.514804,868622079.476853,8334292257.2607765,5453460894.863646,50147493806.3424,35395021270.17337,28286508070.45143,63002320469249.66,29727793156279.723,3503100282266.9966,1609735197965.4744,62904854128456.69,29684178252648.04,76281206391.51907,33830855914.333385,953858685.5530816,512059819.5211127,advance_eq19_20,1069587204.1666503,1852549109.566926,2591507577.8057294,4489454918.720957,2.422904432392547,2.4233932021216242,469.26868604625724,4.677135192938137e-15,a1_station_hull_matched_sweep_free_surface_marching_not_benchmark_validated,41,8,24,10,3.0,2,16,15.0,False,none,0.0,1.0,1.0,1.0,trapezoid,1.0,1.0,1.0,1.0,-1.0,1.0,1.0,True,False,True,3.0,11,9,40,True,True,True,True,A1_GRID_RECOMMENDED,"A1 Section 3.3 recommends control radius about 3B, inner free-surface panels greater than 10, outer/free-surface proxy panels greater than 8, and roughly 60 stations at Fn=0.2 or 40 at Fn=0.3."
0,st41_bp8_fs24_cp10_r3p0_h2_fsm_clipfs_onezonefs_noend_pr1p0_pl1p0_pf1p0_pm1p0_dt1p0_fv1p0_hr1p0_hqtrapezoid_hp1p0_hc1p0_ci1p0_cp1p0_cnm1p0_cd1p0_pg1p0,A33,OK,diagnostic_matched_wigley_sensitivity_not_hard_gate,wigley_iii,Fn0.4,0.4,2.1696064159197173,1.0,1.808005346599764,1.0,79.95,7,8,31,0.6,2.4,0.07499999999999996,-0.8664999999999999,0.8664999999999998,0.06699999999999995,0.06700000000000006,heave,heave_force,0.9,99281977386.40091,-1736706187274.35,7446148303.980063,-130252964045.57619,28491400.18689146,28491400.18689146,0.0,2138616411.4630497,2138616411.4630497,0.0,0.0,2138616411.4630497,733927614.6857157,332308913.20987487,3436244729.5033135,2250204202.911634,20702715016.369617,14611844472.454094,10675598020.53805,23779820876251.04,10976599520976.96,1360118677653.21,615836699101.366,23740892108117.664,10959310297822.195,31644074330.353756,13948655692.470404,393428699.16119516,211297570.4172238,advance_eq19_20,443997590.87676287,768863951.7333792,1075466705.019541,1862744767.9492092,2.4222354515388584,2.422723504918797,470.9710640470017,5.589468533396523e-15,a1_station_hull_matched_sweep_free_surface_marching_not_benchmark_validated,41,8,24,10,3.0,2,16,15.0,False,none,0.0,1.0,1.0,1.0,trapezoid,1.0,1.0,1.0,1.0,-1.0,1.0,1.0,True,False,True,3.0,11,9,40,True,True,True,True,A1_GRID_RECOMMENDED,"A1 Section 3.3 recommends control radius about 3B, inner free-surface panels greater than 10, outer/free-surface proxy panels greater than 8, and roughly 60 stations at Fn=0.2 or 40 at Fn=0.3."
0,st41_bp8_fs24_cp10_r3p0_h2_fsm_clipfs_onezonefs_noend_pr1p0_pl1p0_pf1p0_pm1p0_dt1p0_fv1p0_hr1p0_hqtrapezoid_hp1p0_hc1p0_ci1p0_cp1p0_cnm1p0_cd1p0_pg1p0,A33,OK,diagnostic_matched_wigley_sensitivity_not_hard_gate,wigley_iii,Fn0.4,0.4,2.1696064159197173,1.0,1.808005346599764,1.0,79.95,8,9,30,0.6749999999999999,2.325,0.07500000000000001,-0.866859375,0.866859375,0.06628124999999993,0.06628125000000007,heave,heave_force,0.8250000000000001,42405063751.952805,-727629942430.7087,3180379781.396461,-54572245682.30316,12169173.833085068,12169173.833085068,0.0,2158946698.4730377,2158946698.4730377,0.0,0.0,2158946698.4730377,289054816.189121,129408969.10332835,1417216837.6526575,928746948.7993677,8549297432.887998,6033818076.359655,4126374096.189198,9192044834767.045,4177185550251.3926,535677969458.6014,239821410737.70084,9176422906416.434,4170295530556.655,13125599591.240164,5753088071.426528,162327348.04454446,87217203.4900566,advance_eq19_20,184289546.65818542,319072018.1355679,446269000.0460262,772801730.4727428,2.4215643705160996,2.422029155011623,472.56584172229344,5.11376779254622e-15,a1_station_hull_matched_sweep_free_surface_marching_not_benchmark_validated,41,8,24,10,3.0,2,16,15.0,False,none,0.0,1.0,1.0,1.0,trapezoid,1.0,1.0,1.0,1.0,-1.0,1.0,1.0,True,False,True,3.0,11,9,40,True,True,True,True,A1_GRID_RECOMMENDED,"A1 Section 3.3 recommends control radius about 3B, inner free-surface panels greater than 10, outer/free-surface proxy panels greater than 8, and roughly 60 stations at Fn=0.2 or 40 at Fn=0.3."
0,st41_bp8_fs24_cp10_r3p0_h2_fsm_clipfs_onezonefs_noend_pr1p0_pl1p0_pf1p0_pm1p0_dt1p0_fv1p0_hr1p0_hqtrapezoid_hp1p0_hc1p0_ci1p0_cp1p0_cnm1p0_cd1p0_pg1p0,A33,OK,diagnostic_matched_wigley_sensitivity_not_hard_gate,wigley_iii,Fn0.4,0.4,2.1696064159197173,1.0,1.808005346599764,1.0,79.95,9,10,29,0.75,2.25,0.07500000000000001,-0.8671874999999999,0.8671874999999999,0.06562499999999982,0.0656250000000001,heave,heave_force,0.75,18064843893.949432,-305743398720.96826,1354863292.0462077,-22930754904.072624,5184150.338717327,5184150.338717327,0.0,2167623360.558939,2167623360.558939,0.0,0.0,2167623360.558939,114996276.05461994,51019575.96643663,584709128.0362273,383442810.71868986,3531432872.721423,2492281407.218407,1619776869.964102,3608433863094.2085,1620397371291.3477,213111728994.46063,94549757781.7845,3602135246668.285,1617636542673.08,5443792052.939107,2373678951.119006,66998100.55057386,36011496.41153388,advance_eq19_20,76483012.2219307,132396975.01101565,185159514.15940994,320579806.2210403,2.420923402207705,2.4213529515637915,474.0481182363453,4.962967035438228e-15,a1_station_hull_matched_sweep_free_surface_marching_not_benchmark_validated,41,8,24,10,3.0,2,16,15.0,False,none,0.0,1.0,1.0,1.0,trapezoid,1.0,1.0,1.0,1.0,-1.0,1.0,1.0,True,False,True,3.0,11,9,40,True,True,True,True,A1_GRID_RECOMMENDED,"A1 Section 3.3 recommends control radius about 3B, inner free-surface panels greater than 10, outer/free-surface proxy panels greater than 8, and roughly 60 stations at Fn=0.2 or 40 at Fn=0.3."
0,st41_bp8_fs24_cp10_r3p0_h2_fsm_clipfs_onezonefs_noend_pr1p0_pl1p0_pf1p0_pm1p0_dt1p0_fv1p0_hr1p0_hqtrapezoid_hp1p0_hc1p0_ci1p0_cp1p0_cnm1p0_cd1p0_pg1p0,A33,OK,diagnostic_matched_wigley_sensitivity_not_hard_gate,wigley_iii,Fn0.4,0.4,2.1696064159197173,1.0,1.808005346599764,1.0,79.95,10,11,28,0.825,2.175,0.07499999999999996,-0.8674843749999999,0.8674843749999999,0.06503124999999987,0.0650312500000001,heave,heave_force,0.675,7672752872.288243,-128523352382.12369,575456465.4216179,-9639251428.659271,2201884.7566731567,2201884.7566731567,0.0,2171316378.106634,2171316378.106634,0.0,0.0,2171316378.106634,46094824.40485186,20298257.966618776,241321192.07296127,158353357.12713352,1459082306.6728666,1029700880.2327403,642754454.1359799,1431937551401.1267,636935305785.3854,85423181198.9132,37616842903.565704,1429387292243.2576,635823526527.5192,2257529149.6049047,979696972.7730663,27661384.09598513,14873215.996867072,advance_eq19_20,31736519.60850221,54929371.04759803,76812838.369486,132968461.30902916,2.42032961764679,2.420716982064255,475.4122985160682,5.340196488744903e-15,a1_station_hull_matched_sweep_free_surface_marching_not_benchmark_validated,41,8,24,10,3.0,2,16,15.0,False,none,0.0,1.0,1.0,1.0,trapezoid,1.0,1.0,1.0,1.0,-1.0,1.0,1.0,True,False,True,3.0,11,9,40,True,True,True,True,A1_GRID_RECOMMENDED,"A1 Section 3.3 recommends control radius about 3B, inner free-surface panels greater than 10, outer/free-surface proxy panels greater than 8, and roughly 60 stations at Fn=0.2 or 40 at Fn=0.3."
0,st41_bp8_fs24_cp10_r3p0_h2_fsm_clipfs_onezonefs_noend_pr1p0_pl1p0_pf1p0_pm1p0_dt1p0_fv1p0_hr1p0_hqtrapezoid_hp1p0_hc1p0_ci1p0_cp1p0_cnm1p0_cd1p0_pg1p0,A33,OK,diagnostic_matched_wigley_sensitivity_not_hard_gate,wigley_iii,Fn0.4,0.4,2.1696064159197173,1.0,1.808005346599764,1.0,79.95,11,12,27,0.8999999999999999,2.1,0.07500000000000001,-0.8677499999999999,0.8677499999999999,0.06449999999999989,0.0645,heave,heave_force,0.6000000000000001,3248845746.127282,-53980976991.79945,243663430.9595462,-4048573274.3849597,932336.0264888456,932336.0264888456,0.0,2172883488.4982147,2172883488.4982147,0.0,0.0,2172883488.4982147,18584923.28798451,8132836.388812882,99631606.43862309,65413874.9838688,602985307.8644172,425524278.2008023,257111664.8601035,572813274823.7483,252798699491.07257,34441681687.59302,15071816965.844677,571776895630.4877,252349009900.42676,936060235.2207372,404485966.73827535,11423998.148849104,6144467.845429694,advance_eq19_20,13166432.348385395,22785242.81926595,31860040.228300247,55143338.175345846,2.4197929541792127,2.420133882826988,476.65246731613325,3.758724969365363e-15,a1_station_hull_matched_sweep_free_surface_marching_not_benchmark_validated,41,8,24,10,3.0,2,16,15.0,False,none,0.0,1.0,1.0,1.0,trapezoid,1.0,1.0,1.0,1.0,-1.0,1.0,1.0,True,False,True,3.0,11,9,40,True,True,True,True,A1_GRID_RECOMMENDED,"A1 Section 3.3 recommends control radius about 3B, inner free-surface panels greater than 10, outer/free-surface proxy panels greater than 8, and roughly 60 stations at Fn=0.2 or 40 at Fn=0.3."
0,st41_bp8_fs24_cp10_r3p0_h2_fsm_clipfs_onezonefs_noend_pr1p0_pl1p0_pf1p0_pm1p0_dt1p0_fv1p0_hr1p0_hqtrapezoid_hp1p0_hc1p0_ci1p0_cp1p0_cnm1p0_cd1p0_pg1p0,A33,OK,diagnostic_matched_wigley_sensitivity_not_hard_gate,wigley_iii,Fn0.4,0.4,2.1696064159197173,1.0,1.808005346599764,1.0,79.95,12,13,26,0.975,2.025,0.07500000000000007,-0.8679843749999999,0.8679843749999999,0.06403124999999998,0.0640312500000001,heave,heave_force,0.525,1371450576.9556694,-22638251142.400085,102858793.2716753,-1697868835.680008,393571.4039267255,393571.4039267255,0.0,2173546442.2134223,2173546442.2134223,0.0,0.0,2173546442.2134223,7528591.667762978,3277141.542418022,41146748.43331341,27028310.906223632,249241701.17377183,175883859.94542646,103489265.73487253,230566768091.45834,101086261037.35269,13952027337.373947,6073216666.012381,230144249290.12997,100903658059.75262,388060583.76947516,167050606.58613172,4719384.212239869,2539035.669195325,advance_eq19_20,5461038.530604956,9449513.88802349,13211997.279716587,22864152.367977735,2.4193195498756177,2.4196114888995757,477.76272938128045,7.918626121563341e-15,a1_station_hull_matched_sweep_free_surface_marching_not_benchmark_validated,41,8,24,10,3.0,2,16,15.0,False,none,0.0,1.0,1.0,1.0,trapezoid,1.0,1.0,1.0,1.0,-1.0,1.0,1.0,True,False,True,3.0,11,9,40,True,True,True,True,A1_GRID_RECOMMENDED,"A1 Section 3.3 recommends control radius about 3B, inner free-surface panels greater than 10, outer/free-surface proxy panels greater than 8, and roughly 60 stations at Fn=0.2 or 40 at Fn=0.3."
0,st41_bp8_fs24_cp10_r3p0_h2_fsm_clipfs_onezonefs_noend_pr1p0_pl1p0_pf1p0_pm1p0_dt1p0_fv1p0_hr1p0_hqtrapezoid_hp1p0_hc1p0_ci1p0_cp1p0_cnm1p0_cd1p0_pg1p0,A33,OK,diagnostic_matched_wigley_sensitivity_not_hard_gate,wigley_iii,Fn0.4,0.4,2.1696064159197173,1.0,1.808005346599764,1.0,79.95,13,14,25,1.05,1.95,0.07500000000000001,-0.8681874999999999,0.8681874999999999,0.06362499999999982,0.0636250000000001,heave,heave_force,0.44999999999999996,577212483.4198298,-9476020922.738882,43290936.25648724,-710701569.2054162,165645.28921476196,165645.28921476196,0.0,2173826050.5599933,2173826050.5599933,0.0,0.0,2173826050.5599933,3061681.2906846516,1326814.395144301,16998059.77722837,11170267.722488882,103040969.31196138,72711710.84508736,41862624.95530822,93268799232.70908,40663411832.85296,5673924546.720874,2458859708.375589,93096055182.53452,40589001845.60755,160844430.2129304,69010509.16128244,1950133.9559558963,1049414.0551393433,advance_eq19_20,2264458.173135313,3917923.3049901077,5477527.735838539,9478063.161972659,2.4189131867489913,2.4191548491775774,478.7374711729425,4.175065506032925e-15,a1_station_hull_matched_sweep_free_surface_marching_not_benchmark_validated,41,8,24,10,3.0,2,16,15.0,False,none,0.0,1.0,1.0,1.0,trapezoid,1.0,1.0,1.0,1.0,-1.0,1.0,1.0,True,False,True,3.0,11,9,40,True,True,True,True,A1_GRID_RECOMMENDED,"A1 Section 3.3 recommends control radius about 3B, inner free-surface panels greater than 10, outer/free-surface proxy panels greater than 8, and roughly 60 stations at Fn=0.2 or 40 at Fn=0.3."
0,st41_bp8_fs24_cp10_r3p0_h2_fsm_clipfs_onezonefs_noend_pr1p0_pl1p0_pf1p0_pm1p0_dt1p0_fv1p0_hr1p0_hqtrapezoid_hp1p0_hc1p0_ci1p0_cp1p0_cnm1p0_cd1p0_pg1p0,A33,OK,diagnostic_matched_wigley_sensitivity_not_hard_gate,wigley_iii,Fn0.4,0.4,2.1696064159197173,1.0,1.808005346599764,1.0,79.95,14,15,24,1.125,1.875,0.07499999999999996,-0.8683593749999999,0.8683593749999999,0.06328124999999996,0.06328125000000007,heave,heave_force,0.375,242232158.49080276,-3958171554.784709,18167411.8868102,-296862866.608853,69514.46322262024,69514.46322262024,0.0,2173943630.436212,2173943630.436212,0.0,0.0,2173943630.436212,1249239.537584833,539385.1064851301,7023866.1799088735,4617343.512270184,42605138.23182541,30064024.887760114,17003317.719738185,37883574857.56985,16438648722.401775,2315097557.215625,999591435.3114333,37812769897.08202,16408229300.597109,66651218.01378857,28516338.60069755,806015.6578641123,433816.559469541,advance_eq19_20,938683.2471487198,1623965.9190596694,2270276.688153043,3927995.174495712,2.4185759094445123,2.4187670002152215,479.5715522185469,3.630313369575216e-15,a1_station_hull_matched_sweep_free_surface_marching_not_benchmark_validated,41,8,24,10,3.0,2,16,15.0,False,none,0.0,1.0,1.0,1.0,trapezoid,1.0,1.0,1.0,1.0,-1.0,1.0,1.0,True,False,True,3.0,11,9,40,True,True,True,True,A1_GRID_RECOMMENDED,"A1 Section 3.3 recommends control radius about 3B, inner free-surface panels greater than 10, outer/free-surface proxy panels greater than 8, and roughly 60 stations at Fn=0.2 or 40 at Fn=0.3."
0,st41_bp8_fs24_cp10_r3p0_h2_fsm_clipfs_onezonefs_noend_pr1p0_pl1p0_pf1p0_pm1p0_dt1p0_fv1p0_hr1p0_hqtrapezoid_hp1p0_hc1p0_ci1p0_cp1p0_cnm1p0_cd1p0_pg1p0,A33,OK,diagnostic_matched_wigley_sensitivity_not_hard_gate,wigley_iii,Fn0.4,0.4,2.1696064159197173,1.0,1.808005346599764,1.0,79.95,15,16,23,1.2,1.8,0.07499999999999996,-0.8684999999999999,0.8684999999999998,0.06299999999999994,0.06300000000000008,heave,heave_force,0.30000000000000004,101368580.56861335,-1649639484.289878,7602643.542645996,-123722961.32174076,29090.202183595033,29090.202183595033,0.0,2173992932.768915,2173992932.768915,0.0,0.0,2173992932.768915,511194.88873334054,220067.90404196683,2903040.488772237,1908939.7942848792,17618289.22369899,12432006.442118227,6930117.135312785,15440606686.694353,6673675481.050685,947349169.2839599,407831045.80095184,15411517264.846033,6661202463.854255,27611519.24277464,11786143.69867682,333203.77401806804,179363.2951554809,advance_eq19_20,388976.81886309927,672909.4319242137,940665.9145956319,1627397.2088908132,2.4183084157688586,2.4184490983239755,480.2604432484979,3.708583077432287e-15,a1_station_hull_matched_sweep_free_surface_marching_not_benchmark_validated,41,8,24,10,3.0,2,16,15.0,False,none,0.0,1.0,1.0,1.0,trapezoid,1.0,1.0,1.0,1.0,-1.0,1.0,1.0,True,False,True,3.0,11,9,40,True,True,True,True,A1_GRID_RECOMMENDED,"A1 Section 3.3 recommends control radius about 3B, inner free-surface panels greater than 10, outer/free-surface proxy panels greater than 8, and roughly 60 stations at Fn=0.2 or 40 at Fn=0.3."
0,st41_bp8_fs24_cp10_r3p0_h2_fsm_clipfs_onezonefs_noend_pr1p0_pl1p0_pf1p0_pm1p0_dt1p0_fv1p0_hr1p0_hqtrapezoid_hp1p0_hc1p0_ci1p0_cp1p0_cnm1p0_cd1p0_pg1p0,A33,OK,diagnostic_matched_wigley_sensitivity_not_hard_gate,wigley_iii,Fn0.4,0.4,2.1696064159197173,1.0,1.808005346599764,1.0,79.95,16,17,22,1.275,1.725,0.07499999999999996,-0.8686093749999999,0.8686093749999999,0.0627812499999999,0.06278125000000001,heave,heave_force,0.2250000000000001,42304058.54185144,-685913581.5877795,3172804.390638856,-51443518.619083434,12140.187908975602,12140.187908975602,0.0,2174013547.9639616,2174013547.9639616,0.0,0.0,2174013547.9639616,209724.7961107313,90082.36221371526,1200097.6141285135,789315.3609175148,7286204.373349709,5141299.016526561,2832991.3809167687,6312115347.87196,2719417498.7343287,388663141.49981624,166941127.32965207,6300138183.189338,2714288524.1676826,11435032.084650783,4872325.297594518,137768.84566693837,74167.87855219014,advance_eq19_20,161125.02778146951,278727.5790795421,389618.1718255196,674019.1758677829,2.418110812393159,2.418200517127278,480.80032593830697,4.064761634159994e-15,a1_station_hull_matched_sweep_free_surface_marching_not_benchmark_validated,41,8,24,10,3.0,2,16,15.0,False,none,0.0,1.0,1.0,1.0,trapezoid,1.0,1.0,1.0,1.0,-1.0,1.0,1.0,True,False,True,3.0,11,9,40,True,True,True,True,A1_GRID_RECOMMENDED,"A1 Section 3.3 recommends control radius about 3B, inner free-surface panels greater than 10, outer/free-surface proxy panels greater than 8, and roughly 60 stations at Fn=0.2 or 40 at Fn=0.3."
0,st41_bp8_fs24_cp10_r3p0_h2_fsm_clipfs_onezonefs_noend_pr1p0_pl1p0_pf1p0_pm1p0_dt1p0_fv1p0_hr1p0_hqtrapezoid_hp1p0_hc1p0_ci1p0_cp1p0_cnm1p0_cd1p0_pg1p0,A33,OK,diagnostic_matched_wigley_sensitivity_not_hard_gate,wigley_iii,Fn0.4,0.4,2.1696064159197173,1.0,1.808005346599764,1.0,79.95,17,18,21,1.3499999999999999,1.6500000000000001,0.07500000000000007,-0.8686874999999998,0.8686875,0.0626249999999999,0.06262500000000004,heave,heave_force,0.15000000000000013,17607379.607084338,-284516126.5120654,1320553.4705313265,-21338709.488404926,5052.869733602493,5052.869733602493,0.0,2174022144.4927826,2174022144.4927826,0.0,0.0,2174022144.4927826,86246.80182619039,36987.25317291805,496196.09700732,326402.4117018304,3013422.616736586,2126313.433389237,1161185.3814620865,2587239892.382022,1111830516.8280625,159833045.79960456,68544980.27999179,2582298135.0346355,1109715586.9089036,4734070.336814443,2014524.2491410791,56971.05706187434,30671.819179667276,advance_eq19_20,66714.77776087196,115407.12101036459,161315.2858961232,279056.7329562458,2.4179843103776957,2.4180200538161247,481.18816478284884,3.557670879826914e-15,a1_station_hull_matched_sweep_free_surface_marching_not_benchmark_validated,41,8,24,10,3.0,2,16,15.0,False,none,0.0,1.0,1.0,1.0,trapezoid,1.0,1.0,1.0,1.0,-1.0,1.0,1.0,True,False,True,3.0,11,9,40,True,True,True,True,A1_GRID_RECOMMENDED,"A1 Section 3.3 recommends control radius about 3B, inner free-surface panels greater than 10, outer/free-surface proxy panels greater than 8, and roughly 60 stations at Fn=0.2 or 40 at Fn=0.3."
0,st41_bp8_fs24_cp10_r3p0_h2_fsm_clipfs_onezonefs_noend_pr1p0_pl1p0_pf1p0_pm1p0_dt1p0_fv1p0_hr1p0_hqtrapezoid_hp1p0_hc1p0_ci1p0_cp1p0_cnm1p0_cd1p0_pg1p0,A33,OK,diagnostic_matched_wigley_sensitivity_not_hard_gate,wigley_iii,Fn0.4,0.4,2.1696064159197173,1.0,1.808005346599764,1.0,79.95,18,19,20,1.425,1.575,0.07500000000000007,-0.8687343749999998,0.868734375,0.06253124999999993,0.06253125000000004,heave,heave_force,0.07499999999999996,7309059.590966608,-117727395.41639994,548179.4693224961,-8829554.656230003,2097.5140431136438,2097.5140431136438,0.0,2174025719.684671,2174025719.684671,0.0,0.0,2174025719.684671,35547.09037602028,15231.273200210146,205187.37270824274,134985.27820503185,1246304.368706272,879404.7305348795,477096.02209979127,1063031488.6039319,455977299.6358622,65876062.69230742,28226678.96603918,1060988355.3214195,455102793.1992519,1959156.017751159,833031.8470289934,23561.741687456644,12685.039638669976,advance_eq19_20,27611.228906697273,47763.96254914715,66762.11756076002,115489.01110433834,2.4179335800793154,2.4179110136748996,481.4217579468673,4.311032932155953e-15,a1_station_hull_matched_sweep_free_surface_marching_not_benchmark_validated,41,8,24,10,3.0,2,16,15.0,False,none,0.0,1.0,1.0,1.0,trapezoid,1.0,1.0,1.0,1.0,-1.0,1.0,1.0,True,False,True,3.0,11,9,40,True,True,True,True,A1_GRID_RECOMMENDED,"A1 Section 3.3 recommends control radius about 3B, inner free-surface panels greater than 10, outer/free-surface proxy panels greater than 8, and roughly 60 stations at Fn=0.2 or 40 at Fn=0.3."
0,st41_bp8_fs24_cp10_r3p0_h2_fsm_clipfs_onezonefs_noend_pr1p0_pl1p0_pf1p0_pm1p0_dt1p0_fv1p0_hr1p0_hqtrapezoid_hp1p0_hc1p0_ci1p0_cp1p0_cnm1p0_cd1p0_pg1p0,A33,OK,diagnostic_matched_wigley_sensitivity_not_hard_gate,wigley_iii,Fn0.4,0.4,2.1696064159197173,1.0,1.808005346599764,1.0,79.95,19,20,19,1.5,1.5,0.07499999999999996,-0.8687499999999999,0.8687499999999999,0.062499999999999944,0.06250000000000003,heave,heave_force,0.0,3026188.1056934823,-48590927.51866341,226964.10792701103,-3644319.563899753,868.4389516594578,868.4389516594578,0.0,2174027202.661168,2174027202.661168,0.0,0.0,2174027202.661168,14682.405235742694,6290.252891125601,84858.71881845912,55825.85202734455,515439.11256278865,363698.24588394444,196464.24509488812,437752791.59311944,187553057.39935574,27209513.846346337,11657131.130085204,436906338.8231104,187190439.48252812,810455.0112307719,344492.9128291559,9745.354668819191,5246.3977965009535,advance_eq19_20,11421.903264258255,19759.066585741246,27617.762650760735,47775.26429009039,2.417965028401442,2.4178907481675527,481.49977128544,5.203015915544083e-15,a1_station_hull_matched_sweep_free_surface_marching_not_benchmark_validated,41,8,24,10,3.0,2,16,15.0,False,none,0.0,1.0,1.0,1.0,trapezoid,1.0,1.0,1.0,1.0,-1.0,1.0,1.0,True,False,True,3.0,11,9,40,True,True,True,True,A1_GRID_RECOMMENDED,"A1 Section 3.3 recommends control radius about 3B, inner free-surface panels greater than 10, outer/free-surface proxy panels greater than 8, and roughly 60 stations at Fn=0.2 or 40 at Fn=0.3."
0,st41_bp8_fs24_cp10_r3p0_h2_fsm_clipfs_onezonefs_noend_pr1p0_pl1p0_pf1p0_pm1p0_dt1p0_fv1p0_hr1p0_hqtrapezoid_hp1p0_hc1p0_ci1p0_cp1p0_cnm1p0_cd1p0_pg1p0,A33,OK,diagnostic_matched_wigley_sensitivity_not_hard_gate,wigley_iii,Fn0.4,0.4,2.1696064159197173,1.0,1.808005346599764,1.0,79.95,20,21,18,1.575,1.425,0.07499999999999996,-0.8687343749999998,0.868734375,0.06253124999999993,0.06253125000000004,heave,heave_force,-0.07499999999999996,1249712.492755793,-20003253.947468482,93728.43695668443,-1500244.0460601354,358.6356727272448,358.6356727272448,0.0,2174027816.1984806,2174027816.1984806,0.0,0.0,2174027816.1984806,6077.4546904954705,2605.1477195251177,35097.63413531172,23088.183633264463,213162.62767625364,150409.67742589305,81073.09435525365,180645567.18087754,77364781.200296,11262772.338486968,4827874.030723185,180294123.3134135,77213994.86176805,335120.13151394436,142469.53923317647,4030.9860397500697,2169.876994259633,advance_eq19_20,4722.467971553116,8169.906814326421,11419.258964912378,19754.497590957548,2.4180701772249047,2.4179587405228236,481.4217579468676,4.1894443935000296e-15,a1_station_hull_matched_sweep_free_surface_marching_not_benchmark_validated,41,8,24,10,3.0,2,16,15.0,False,none,0.0,1.0,1.0,1.0,trapezoid,1.0,1.0,1.0,1.0,-1.0,1.0,1.0,True,False,True,3.0,11,9,40,True,True,True,True,A1_GRID_RECOMMENDED,"A1 Section 3.3 recommends control radius about 3B, inner free-surface panels greater than 10, outer/free-surface proxy panels greater than 8, and roughly 60 stations at Fn=0.2 or 40 at Fn=0.3."
0,st41_bp8_fs24_cp10_r3p0_h2_fsm_clipfs_onezonefs_noend_pr1p0_pl1p0_pf1p0_pm1p0_dt1p0_fv1p0_hr1p0_hqtrapezoid_hp1p0_hc1p0_ci1p0_cp1p0_cnm1p0_cd1p0_pg1p0,A33,OK,diagnostic_matched_wigley_sensitivity_not_hard_gate,wigley_iii,Fn0.4,0.4,2.1696064159197173,1.0,1.808005346599764,1.0,79.95,21,22,17,1.65,1.35,0.07499999999999996,-0.8686874999999998,0.8686875,0.0626249999999999,0.06262500000000004,heave,heave_force,-0.1499999999999999,514820.52217184834,-8212040.564213796,38611.5391628886,-615903.0423160343,147.74038458697834,147.74038458697834,0.0,2174028069.3865094,2174028069.3865094,0.0,0.0,2174028069.3865094,2521.4454701866202,1082.115174879423,14517.124985306957,9548.58901040656,88149.01189067101,62199.19494474388,33522.843748854764,74695961.42862111,31999454.145226795,4672756.563538594,2005381.7723642038,74549661.29932423,31936554.44063341,138506.0041366329,58923.125892961885,1667.3766977068137,897.4269390595186,advance_eq19_20,1951.5055487994744,3376.3066873481125,4719.190258401759,8164.2455676009695,2.4182305099285557,2.418099516313045,481.18816478284884,5.384061190497336e-15,a1_station_hull_matched_sweep_free_surface_marching_not_benchmark_validated,41,8,24,10,3.0,2,16,15.0,False,none,0.0,1.0,1.0,1.0,trapezoid,1.0,1.0,1.0,1.0,-1.0,1.0,1.0,True,False,True,3.0,11,9,40,True,True,True,True,A1_GRID_RECOMMENDED,"A1 Section 3.3 recommends control radius about 3B, inner free-surface panels greater than 10, outer/free-surface proxy panels greater than 8, and roughly 60 stations at Fn=0.2 or 40 at Fn=0.3."
0,st41_bp8_fs24_cp10_r3p0_h2_fsm_clipfs_onezonefs_noend_pr1p0_pl1p0_pf1p0_pm1p0_dt1p0_fv1p0_hr1p0_hqtrapezoid_hp1p0_hc1p0_ci1p0_cp1p0_cnm1p0_cd1p0_pg1p0,A33,OK,diagnostic_matched_wigley_sensitivity_not_hard_gate,wigley_iii,Fn0.4,0.4,2.1696064159197173,1.0,1.808005346599764,1.0,79.95,22,23,16,1.7249999999999999,1.2750000000000001,0.07499999999999996,-0.8686093749999999,0.8686093749999999,0.0627812499999999,0.06278125000000001,heave,heave_force,-0.22499999999999987,211636.96590815717,-3361570.6737302924,15872.772443111779,-252117.80052977178,60.73442178292819,60.73442178292819,0.0,2174028173.6239123,2174028173.6239123,0.0,0.0,2174028173.6239123,1049.032994398096,451.00488561290314,6004.695808034611,3948.838568045549,36448.71845806595,25718.98697312991,13888.76047180117,30947594.43573273,13270449.692800853,1944073.6941971006,835804.7256440124,30886472.424511775,13244103.046629826,57216.352121461714,24370.10140212663,689.6832563514719,371.14059375583736,advance_eq19_20,806.0015618320231,1394.5356344755896,1949.2520353052937,3372.4154930629697,2.4184221564964323,2.41830714805015,480.80032593830697,3.2647423502018047e-15,a1_station_hull_matched_sweep_free_surface_marching_not_benchmark_validated,41,8,24,10,3.0,2,16,15.0,False,none,0.0,1.0,1.0,1.0,trapezoid,1.0,1.0,1.0,1.0,-1.0,1.0,1.0,True,False,True,3.0,11,9,40,True,True,True,True,A1_GRID_RECOMMENDED,"A1 Section 3.3 recommends control radius about 3B, inner free-surface panels greater than 10, outer/free-surface proxy panels greater than 8, and roughly 60 stations at Fn=0.2 or 40 at Fn=0.3."
0,st41_bp8_fs24_cp10_r3p0_h2_fsm_clipfs_onezonefs_noend_pr1p0_pl1p0_pf1p0_pm1p0_dt1p0_fv1p0_hr1p0_hqtrapezoid_hp1p0_hc1p0_ci1p0_cp1p0_cnm1p0_cd1p0_pg1p0,A33,OK,diagnostic_matched_wigley_sensitivity_not_hard_gate,wigley_iii,Fn0.4,0.4,2.1696064159197173,1.0,1.808005346599764,1.0,79.95,23,24,15,1.7999999999999998,1.2000000000000002,0.07500000000000007,-0.8684999999999999,0.8684999999999998,0.06299999999999994,0.06300000000000008,heave,heave_force,-0.2999999999999998,86895.33759751832,-1371912.1763104936,6517.15031981388,-102893.4132232871,24.93674988190808,24.93674988190808,0.0,2174028216.4594984,2174028216.4594984,0.0,0.0,2174028216.4594984,438.1350273497801,188.79120273564743,2483.6773469301265,1632.9239281822668,15069.24260949815,10633.320322864309,5766.058761351707,12848511.189682659,5518286.16590599,811954.2337805622,349868.8915354768,12822830.03527873,5507183.850895588,23623.429480397175,10079.109206129215,285.2610692339287,153.47512931480802,advance_eq19_20,332.71490405823437,575.6679926043365,804.7023755484128,1392.2924296922022,2.4185943152326215,2.418568424124878,480.2604432484979,4.110075759312333e-15,a1_station_hull_matched_sweep_free_surface_marching_not_benchmark_validated,41,8,24,10,3.0,2,16,15.0,False,none,0.0,1.0,1.0,1.0,trapezoid,1.0,1.0,1.0,1.0,-1.0,1.0,1.0,True,False,True,3.0,11,9,40,True,True,True,True,A1_GRID_RECOMMENDED,"A1 Section 3.3 recommends control radius about 3B, inner free-surface panels greater than 10, outer/free-surface proxy panels greater than 8, and roughly 60 stations at Fn=0.2 or 40 at Fn=0.3."
0,st41_bp8_fs24_cp10_r3p0_h2_fsm_clipfs_onezonefs_noend_pr1p0_pl1p0_pf1p0_pm1p0_dt1p0_fv1p0_hr1p0_hqtrapezoid_hp1p0_hc1p0_ci1p0_cp1p0_cnm1p0_cd1p0_pg1p0,A33,OK,diagnostic_matched_wigley_sensitivity_not_hard_gate,wigley_iii,Fn0.4,0.4,2.1696064159197173,1.0,1.808005346599764,1.0,79.95,24,25,14,1.875,1.125,0.07500000000000007,-0.8683593749999999,0.8683593749999999,0.06328124999999996,0.06328125000000007,heave,heave_force,-0.375,35706.25670738399,-558179.8635411058,2677.9692530538014,-41863.48976558297,10.246786736192696,10.246786736192696,0.0,2174028234.0512667,2174028234.0512667,0.0,0.0,2174028234.0512667,184.1262517362933,79.54150030950974,1027.2562878692802,675.1723881352659,6229.190844990909,4395.582319990066,2399.278181087249,5346526.400124716,2301358.8917325437,341223.7787783072,147406.7442820644,5335626.568644661,2296633.188016015,9748.225740974514,4168.3589640907385,117.97570311874227,63.45733055826262,advance_eq19_20,137.27912634219612,237.50186944507226,332.02843730966936,574.4822727892412,2.4186374589973787,2.4188536878953,479.5715522185469,5.729381023471577e-15,a1_station_hull_matched_sweep_free_surface_marching_not_benchmark_validated,41,8,24,10,3.0,2,16,15.0,False,none,0.0,1.0,1.0,1.0,trapezoid,1.0,1.0,1.0,1.0,-1.0,1.0,1.0,True,False,True,3.0,11,9,40,True,True,True,True,A1_GRID_RECOMMENDED,"A1 Section 3.3 recommends control radius about 3B, inner free-surface panels greater than 10, outer/free-surface proxy panels greater than 8, and roughly 60 stations at Fn=0.2 or 40 at Fn=0.3."
0,st41_bp8_fs24_cp10_r3p0_h2_fsm_clipfs_onezonefs_noend_pr1p0_pl1p0_pf1p0_pm1p0_dt1p0_fv1p0_hr1p0_hqtrapezoid_hp1p0_hc1p0_ci1p0_cp1p0_cnm1p0_cd1p0_pg1p0,A33,OK,diagnostic_matched_wigley_sensitivity_not_hard_gate,wigley_iii,Fn0.4,0.4,2.1696064159197173,1.0,1.808005346599764,1.0,79.95,25,26,13,1.95,1.05,0.07499999999999996,-0.8681874999999999,0.8681874999999999,0.0636249999999999,0.06362500000000004,heave,heave_force,-0.44999999999999996,14749.367074521537,-226421.2947032883,1106.2025305891145,-16981.59710274661,4.232692890352468,4.232692890352468,0.0,2174028241.2910066,2174028241.2910066,0.0,0.0,2174028241.2910066,78.24417880424845,33.88169509648975,424.8407833463111,279.1270130879728,2574.494263493609,1816.7079843348672,1001.0847437014964,2230976.095154082,962962.6900037118,145002.54095884884,62789.743033474384,2226258.879884465,960913.4146784376,4020.295973342771,1723.732971518473,48.78362552227139,26.233278955508275,advance_eq19_20,56.62440117658541,97.93210428169296,136.93524234896907,236.90708879655878,2.4183079997955503,2.419095255168996,478.73747117294215,4.775752431368187e-15,a1_station_hull_matched_sweep_free_surface_marching_not_benchmark_validated,41,8,24,10,3.0,2,16,15.0,False,none,0.0,1.0,1.0,1.0,trapezoid,1.0,1.0,1.0,1.0,-1.0,1.0,1.0,True,False,True,3.0,11,9,40,True,True,True,True,A1_GRID_RECOMMENDED,"A1 Section 3.3 recommends control radius about 3B, inner free-surface panels greater than 10, outer/free-surface proxy panels greater than 8, and roughly 60 stations at Fn=0.2 or 40 at Fn=0.3."
0,st41_bp8_fs24_cp10_r3p0_h2_fsm_clipfs_onezonefs_noend_pr1p0_pl1p0_pf1p0_pm1p0_dt1p0_fv1p0_hr1p0_hqtrapezoid_hp1p0_hc1p0_ci1p0_cp1p0_cnm1p0_cd1p0_pg1p0,A33,OK,diagnostic_matched_wigley_sensitivity_not_hard_gate,wigley_iii,Fn0.4,0.4,2.1696064159197173,1.0,1.808005346599764,1.0,79.95,26,27,12,2.025,0.9750000000000001,0.07500000000000007,-0.8679843749999999,0.8679843749999999,0.06403124999999998,0.0640312500000001,heave,heave_force,-0.5249999999999999,6182.825108246192,-91611.23809391778,463.7118831184648,-6870.84285704384,1.7743134160090979,1.7743134160090979,0.0,2174028244.2945094,2174028244.2945094,0.0,0.0,2174028244.2945094,33.96380763903773,14.727221421426309,175.67824661114494,115.37600781981737,1063.8174235140561,750.7047362491777,419.2561716018453,934483.5301877428,404628.28684705694,62941.91444732278,27292.567447259775,932361.4018168341,403706.7825525364,1657.0385436618549,712.718901743994,20.16732750904357,10.842527792916332,advance_eq19_20,23.35862380066187,40.363304471101465,56.45854257224415,97.64420266693188,2.4170320586542595,2.419133020608887,477.76272938128045,4.000917998841153e-15,a1_station_hull_matched_sweep_free_surface_marching_not_benchmark_validated,41,8,24,10,3.0,2,16,15.0,False,none,0.0,1.0,1.0,1.0,trapezoid,1.0,1.0,1.0,1.0,-1.0,1.0,1.0,True,False,True,3.0,11,9,40,True,True,True,True,A1_GRID_RECOMMENDED,"A1 Section 3.3 recommends control radius about 3B, inner free-surface panels greater than 10, outer/free-surface proxy panels greater than 8, and roughly 60 stations at Fn=0.2 or 40 at Fn=0.3."
0,st41_bp8_fs24_cp10_r3p0_h2_fsm_clipfs_onezonefs_noend_pr1p0_pl1p0_pf1p0_pm1p0_dt1p0_fv1p0_hr1p0_hqtrapezoid_hp1p0_hc1p0_ci1p0_cp1p0_cnm1p0_cd1p0_pg1p0,A33,OK,diagnostic_matched_wigley_sensitivity_not_hard_gate,wigley_iii,Fn0.4,0.4,2.1696064159197173,1.0,1.808005346599764,1.0,79.95,27,28,11,2.1,0.8999999999999999,0.07499999999999996,-0.8677499999999999,0.8677499999999999,0.06449999999999989,0.06450000000000003,heave,heave_force,-0.6000000000000001,2679.3252574771614,-37022.02351765962,200.94939431078697,-2776.6517638244695,0.7688981439654939,0.7688981439654939,0.0,2174028245.5661154,2174028245.5661154,0.0,0.0,2174028245.5661154,15.356012584765635,6.651391519005418,72.63180696854839,47.68127885571178,439.5064942240771,310.1525200004287,176.6159400368334,393796.3582241369,171043.8599203706,28457.846677102265,12326.395214407374,392766.7535740459,170599.12660232934,682.5701854624294,294.6373725831159,8.333981351293358,4.480143574146563,advance_eq19_20,9.646879020207317,16.632848483981487,23.281209448150634,40.22765152342725,2.413341081543936,2.4185665829980407,476.6524673161357,4.776921088467312e-15,a1_station_hull_matched_sweep_free_surface_marching_not_benchmark_validated,41,8,24,10,3.0,2,16,15.0,False,none,0.0,1.0,1.0,1.0,trapezoid,1.0,1.0,1.0,1.0,-1.0,1.0,1.0,True,False,True,3.0,11,9,40,True,True,True,True,A1_GRID_RECOMMENDED,"A1 Section 3.3 recommends control radius about 3B, inner free-surface panels greater than 10, outer/free-surface proxy panels greater than 8, and roughly 60 stations at Fn=0.2 or 40 at Fn=0.3."
0,st41_bp8_fs24_cp10_r3p0_h2_fsm_clipfs_onezonefs_noend_pr1p0_pl1p0_pf1p0_pm1p0_dt1p0_fv1p0_hr1p0_hqtrapezoid_hp1p0_hc1p0_ci1p0_cp1p0_cnm1p0_cd1p0_pg1p0,A33,OK,diagnostic_matched_wigley_sensitivity_not_hard_gate,wigley_iii,Fn0.4,0.4,2.1696064159197173,1.0,1.808005346599764,1.0,79.95,28,29,10,2.175,0.8250000000000002,0.07499999999999996,-0.8674843749999999,0.8674843749999999,0.06503124999999987,0.0650312500000001,heave,heave_force,-0.6749999999999998,1238.5830605330966,-14995.88991222909,92.89372953998219,-1124.691743417181,0.35544180899026845,0.35544180899026845,0.0,2174028246.1282854,2174028246.1282854,0.0,0.0,2174028246.1282854,7.472122523949538,3.220191546765769,30.019804904985705,19.701489500996043,181.5600862442898,128.12524754499816,75.1848788967075,167772.0715990622,73015.59982177828,13847.378410593019,5967.6766219685705,167199.63552530462,72771.3175163792,281.00420895617935,121.77271251368352,3.4416842152207145,1.850536714446139,advance_eq19_20,3.999835972643102,6.857879292997384,9.612215519548329,16.570438895045637,2.4031524255722294,2.416262839733239,475.4122985160682,4.3782837243797565e-15,a1_station_hull_matched_sweep_free_surface_marching_not_benchmark_validated,41,8,24,10,3.0,2,16,15.0,False,none,0.0,1.0,1.0,1.0,trapezoid,1.0,1.0,1.0,1.0,-1.0,1.0,1.0,True,False,True,3.0,11,9,40,True,True,True,True,A1_GRID_RECOMMENDED,"A1 Section 3.3 recommends control radius about 3B, inner free-surface panels greater than 10, outer/free-surface proxy panels greater than 8, and roughly 60 stations at Fn=0.2 or 40 at Fn=0.3."
0,st41_bp8_fs24_cp10_r3p0_h2_fsm_clipfs_onezonefs_noend_pr1p0_pl1p0_pf1p0_pm1p0_dt1p0_fv1p0_hr1p0_hqtrapezoid_hp1p0_hc1p0_ci1p0_cp1p0_cnm1p0_cd1p0_pg1p0,A33,OK,diagnostic_matched_wigley_sensitivity_not_hard_gate,wigley_iii,Fn0.4,0.4,2.1696064159197173,1.0,1.808005346599764,1.0,79.95,29,30,9,2.25,0.75,0.07499999999999996,-0.8671874999999999,0.8671874999999999,0.06562499999999982,0.0656250000000001,heave,heave_force,-0.75,635.9214928273917,-6138.376715837172,47.69411196205435,-460.3782536877876,0.18249328041760365,0.18249328041760365,0.0,2174028246.3972526,2174028246.3972526,0.0,0.0,2174028246.3972526,4.0794215692129265,1.7429154830680484,12.402010482332338,8.139352372253722,75.01018829708843,52.93338513137809,32.66798287803641,73040.87996359094,31730.940697799346,7560.006408375654,3229.9805248600055,72648.58187852685,31566.118281731822,115.63361195785582,50.31299391821204,1.4197383265226438,0.7640003341259445,advance_eq19_20,1.6782993973472895,2.8356482324725705,3.985726165458864,6.830021281853557,2.3748600349607942,2.4086278416480646,474.0481182363453,3.857757082230016e-15,a1_station_hull_matched_sweep_free_surface_marching_not_benchmark_validated,41,8,24,10,3.0,2,16,15.0,False,none,0.0,1.0,1.0,1.0,trapezoid,1.0,1.0,1.0,1.0,-1.0,1.0,1.0,True,False,True,3.0,11,9,40,True,True,True,True,A1_GRID_RECOMMENDED,"A1 Section 3.3 recommends control radius about 3B, inner free-surface panels greater than 10, outer/free-surface proxy panels greater than 8, and roughly 60 stations at Fn=0.2 or 40 at Fn=0.3."
0,st41_bp8_fs24_cp10_r3p0_h2_fsm_clipfs_onezonefs_noend_pr1p0_pl1p0_pf1p0_pm1p0_dt1p0_fv1p0_hr1p0_hqtrapezoid_hp1p0_hc1p0_ci1p0_cp1p0_cnm1p0_cd1p0_pg1p0,A33,OK,diagnostic_matched_wigley_sensitivity_not_hard_gate,wigley_iii,Fn0.4,0.4,2.1696064159197173,1.0,1.808005346599764,1.0,79.95,30,31,8,2.3249999999999997,0.6750000000000003,0.07499999999999996,-0.866859375,0.866859375,0.06628124999999996,0.06628125000000007,heave,heave_force,-0.8249999999999997,373.1115929582105,-2583.766345447143,27.98336947186577,-193.78247590853562,0.10707352924657836,0.10707352924657836,0.0,2174028246.542036,2174028246.542036,0.0,0.0,2174028246.542036,2.5728625184461418,1.0910348896999948,5.1197137869863445,3.362308799122946,31.00284464229911,21.8768632127802,14.787487920389834,33228.96813974107,14270.334158643442,4768.042919152177,2021.9118367520864,32885.10438409843,14126.369297301684,47.577900714720016,20.77984453990415,0.5843207673540269,0.31508763143519924,advance_eq19_20,0.728227875311746,1.1852108049126093,1.6745532255860438,2.824084237810224,2.299490698387763,2.382769568168471,472.56584172230123,2.7564505099235664e-15,a1_station_hull_matched_sweep_free_surface_marching_not_benchmark_validated,41,8,24,10,3.0,2,16,15.0,False,none,0.0,1.0,1.0,1.0,trapezoid,1.0,1.0,1.0,1.0,-1.0,1.0,1.0,True,False,True,3.0,11,9,40,True,True,True,True,A1_GRID_RECOMMENDED,"A1 Section 3.3 recommends control radius about 3B, inner free-surface panels greater than 10, outer/free-surface proxy panels greater than 8, and roughly 60 stations at Fn=0.2 or 40 at Fn=0.3."
0,st41_bp8_fs24_cp10_r3p0_h2_fsm_clipfs_onezonefs_noend_pr1p0_pl1p0_pf1p0_pm1p0_dt1p0_fv1p0_hr1p0_hqtrapezoid_hp1p0_hc1p0_ci1p0_cp1p0_cnm1p0_cd1p0_pg1p0,A33,OK,diagnostic_matched_wigley_sensitivity_not_hard_gate,wigley_iii,Fn0.4,0.4,2.1696064159197173,1.0,1.808005346599764,1.0,79.95,31,32,7,2.4,0.6000000000000001,0.07500000000000018,-0.8664999999999999,0.8664999999999998,0.06699999999999995,0.06700000000000006,heave,heave_force,-0.8999999999999999,248.31238593164875,-1154.1513145725955,18.6234289448737,-86.56134859294487,0.07125933371981293,0.07125933371981293,0.0,2174028246.631202,2174028246.631202,0.0,0.0,2174028246.631202,1.8614913392587884,0.7900820380091474,2.111713607850184,1.3892648415708058,12.829607174999731,9.051577484237702,7.237427281485471,16460.477290869265,6844.534175429991,3449.7259513797703,1464.184362697301,16094.927881279857,6686.090952915747,19.60647321018628,8.582960154534703,0.2395917861900267,0.12978192517877102,advance_eq19_20,0.3420223374936464,0.5143104858323035,0.7305448388478682,1.1818726849249694,2.135956511499601,2.2979750899154947,470.9710640469985,1.5551056708399179e-15,a1_station_hull_matched_sweep_free_surface_marching_not_benchmark_validated,41,8,24,10,3.0,2,16,15.0,False,none,0.0,1.0,1.0,1.0,trapezoid,1.0,1.0,1.0,1.0,-1.0,1.0,1.0,True,False,True,3.0,11,9,40,True,True,True,True,A1_GRID_RECOMMENDED,"A1 Section 3.3 recommends control radius about 3B, inner free-surface panels greater than 10, outer/free-surface proxy panels greater than 8, and roughly 60 stations at Fn=0.2 or 40 at Fn=0.3."
0,st41_bp8_fs24_cp10_r3p0_h2_fsm_clipfs_onezonefs_noend_pr1p0_pl1p0_pf1p0_pm1p0_dt1p0_fv1p0_hr1p0_hqtrapezoid_hp1p0_hc1p0_ci1p0_cp1p0_cnm1p0_cd1p0_pg1p0,A33,OK,diagnostic_matched_wigley_sensitivity_not_hard_gate,wigley_iii,Fn0.4,0.4,2.1696064159197173,1.0,1.808005346599764,1.0,79.95,32,33,6,2.475,0.5249999999999999,0.07499999999999996,-0.866109375,0.866109375,0.06778124999999988,0.06778125000000013,heave,heave_force,-0.9750000000000001,180.1085694973117,-567.4816375475217,13.508142712298369,-42.5611228160641,0.05168657460018872,0.05168657460018872,0.0,2174028246.6926756,2174028246.6926756,0.0,0.0,2174028246.6926756,1.4875431460931776,0.6400533995119402,0.8692987670366992,0.5735082510449049,5.313737930251253,3.7473638263631117,4.011743573420959,9337.704429109375,3628.165487629521,2756.7231104701564,1186.1504676376162,8921.502210816774,3428.7945219492267,8.133022599865523,3.543823964916742,0.09680409446564506,0.05304511104490884,advance_eq19_20,0.1820730775948056,0.24898154703143913,0.3483657992014073,0.5163561083877278,1.913329547692261,2.0738730020121814,469.2686860462597,1.0203949366851796e-15,a1_station_hull_matched_sweep_free_surface_marching_not_benchmark_validated,41,8,24,10,3.0,2,16,15.0,False,none,0.0,1.0,1.0,1.0,trapezoid,1.0,1.0,1.0,1.0,-1.0,1.0,1.0,True,False,True,3.0,11,9,40,True,True,True,True,A1_GRID_RECOMMENDED,"A1 Section 3.3 recommends control radius about 3B, inner free-surface panels greater than 10, outer/free-surface proxy panels greater than 8, and roughly 60 stations at Fn=0.2 or 40 at Fn=0.3."
0,st41_bp8_fs24_cp10_r3p0_h2_fsm_clipfs_onezonefs_noend_pr1p0_pl1p0_pf1p0_pm1p0_dt1p0_fv1p0_hr1p0_hqtrapezoid_hp1p0_hc1p0_ci1p0_cp1p0_cnm1p0_cd1p0_pg1p0,A33,OK,diagnostic_matched_wigley_sensitivity_not_hard_gate,wigley_iii,Fn0.4,0.4,2.1696064159197173,1.0,1.808005346599764,1.0,79.95,33,34,5,2.55,0.4500000000000002,0.07499999999999996,-0.8656874999999999,0.8656874999999999,0.06862499999999994,0.06862500000000005,heave,heave_force,-1.0499999999999998,136.31429245148706,-310.9827540096232,10.223571933861523,-23.323706550721727,0.03911873191558989,0.03911873191558989,0.0,2174028246.738078,2174028246.738078,0.0,0.0,2174028246.738078,1.2628369774430837,0.5588074600910948,0.3601281256411671,0.2376918585687192,2.2181367816511575,1.562519972750769,2.591628120803633,6220.415951361691,2376.746538776018,2340.2964072785053,1035.5850474536471,5763.38332353786,2200.1031426513323,3.530258076648236,1.476795936057286,0.0390559758103368,0.021941661493698965,advance_eq19_20,0.10696708664981151,0.14473320512598367,0.19023489088659254,0.25579438326095466,1.7784432281434652,1.7673510583718317,467.4627559098952,6.076933978834258e-16,a1_station_hull_matched_sweep_free_surface_marching_not_benchmark_validated,41,8,24,10,3.0,2,16,15.0,False,none,0.0,1.0,1.0,1.0,trapezoid,1.0,1.0,1.0,1.0,-1.0,1.0,1.0,True,False,True,3.0,11,9,40,True,True,True,True,A1_GRID_RECOMMENDED,"A1 Section 3.3 recommends control radius about 3B, inner free-surface panels greater than 10, outer/free-surface proxy panels greater than 8, and roughly 60 stations at Fn=0.2 or 40 at Fn=0.3."
0,st41_bp8_fs24_cp10_r3p0_h2_fsm_clipfs_onezonefs_noend_pr1p0_pl1p0_pf1p0_pm1p0_dt1p0_fv1p0_hr1p0_hqtrapezoid_hp1p0_hc1p0_ci1p0_cp1p0_cnm1p0_cd1p0_pg1p0,A33,OK,diagnostic_matched_wigley_sensitivity_not_hard_gate,wigley_iii,Fn0.4,0.4,2.1696064159197173,1.0,1.808005346599764,1.0,79.95,34,35,4,2.625,0.375,0.07499999999999996,-0.8652343749999999,0.8652343749999999,0.06953124999999993,0.06953125000000009,heave,heave_force,-1.125,104.04658512485952,-139.47666817390393,7.8034938843644595,-10.460750113042788,0.029858721319927013,0.029858721319927013,0.0,2174028246.772567,2174028246.772567,0.0,0.0,2174028246.772567,1.109416938138649,0.5134943348567269,0.15158605166908815,0.09665088001267018,0.9224708522591148,0.646888144386241,1.6540016652029383,4213.850600419438,1625.8421865947146,2055.977549657093,951.6105154413931,3678.2459403853454,1511.4810680938817,1.7914863565348094,0.7927522388436906,0.013333511470402383,0.008519391223162247,advance_eq19_20,0.06300622260308762,0.09614604843379453,0.11439138882616016,0.1547007170081678,1.8155570053259218,1.6090179422682522,465.55753958209425,1.0900829564186462e-15,a1_station_hull_matched_sweep_free_surface_marching_not_benchmark_validated,41,8,24,10,3.0,2,16,15.0,False,none,0.0,1.0,1.0,1.0,trapezoid,1.0,1.0,1.0,1.0,-1.0,1.0,1.0,True,False,True,3.0,11,9,40,True,True,True,True,A1_GRID_RECOMMENDED,"A1 Section 3.3 recommends control radius about 3B, inner free-surface panels greater than 10, outer/free-surface proxy panels greater than 8, and roughly 60 stations at Fn=0.2 or 40 at Fn=0.3."
0,st41_bp8_fs24_cp10_r3p0_h2_fsm_clipfs_onezonefs_noend_pr1p0_pl1p0_pf1p0_pm1p0_dt1p0_fv1p0_hr1p0_hqtrapezoid_hp1p0_hc1p0_ci1p0_cp1p0_cnm1p0_cd1p0_pg1p0,A33,OK,diagnostic_matched_wigley_sensitivity_not_hard_gate,wigley_iii,Fn0.4,0.4,2.1696064159197173,1.0,1.808005346599764,1.0,79.95,35,36,3,2.6999999999999997,0.30000000000000027,0.07499999999999996,-0.8647499999999999,0.8647499999999999,0.0704999999999999,0.07050000000000001,heave,heave_force,-1.1999999999999997,82.77466105731403,104.34951152721615,6.2080995792985485,7.826213364541207,0.02375422061085248,0.02375422061085248,0.0,2174028246.799373,2174028246.799373,0.0,0.0,2174028246.799373,1.055879409104543,0.5267558860878602,0.08198953097207043,0.04341527096532887,0.4297615038437094,0.29710516203354015,2.1081888178897423,5080.252406588235,3218.8230320474645,1956.7615074512537,976.1868948597411,4688.288484895384,3067.2269003031597,1.3704628905870042,0.8541181766687836,0.016831209692316895,0.0062161308464023365,advance_eq19_20,0.033199416123197045,0.06026396193149565,0.06801306668581505,0.10591027825492477,2.048622374364381,1.7574396846877913,463.5639836716682,7.556194080957375e-16,a1_station_hull_matched_sweep_free_surface_marching_not_benchmark_validated,41,8,24,10,3.0,2,16,15.0,False,none,0.0,1.0,1.0,1.0,trapezoid,1.0,1.0,1.0,1.0,-1.0,1.0,1.0,True,False,True,3.0,11,9,40,True,True,True,True,A1_GRID_RECOMMENDED,"A1 Section 3.3 recommends control radius about 3B, inner free-surface panels greater than 10, outer/free-surface proxy panels greater than 8, and roughly 60 stations at Fn=0.2 or 40 at Fn=0.3."
0,st41_bp8_fs24_cp10_r3p0_h2_fsm_clipfs_onezonefs_noend_pr1p0_pl1p0_pf1p0_pm1p0_dt1p0_fv1p0_hr1p0_hqtrapezoid_hp1p0_hc1p0_ci1p0_cp1p0_cnm1p0_cd1p0_pg1p0,A33,OK,diagnostic_matched_wigley_sensitivity_not_hard_gate,wigley_iii,Fn0.4,0.4,2.1696064159197173,1.0,1.808005346599764,1.0,79.95,36,37,2,2.775,0.2250000000000001,0.07500000000000018,-0.8642343749999999,0.8642343749999999,0.07153124999999994,0.07153125000000005,heave,heave_force,-1.275,77.05430387159092,-927.8235522942706,5.779072790369333,-69.58676642207045,0.02211262371601953,0.02211262371601953,0.0,2174028246.822306,2174028246.822306,0.0,0.0,2174028246.822306,1.2634806965390681,0.7203809249412338,0.141350893084914,0.06898078288836154,0.264074903763744,0.14301859679849108,13.35954595142674,29801.707121685144,19489.65256674678,2341.4893510349348,1335.0138779792899,29709.580525239482,19443.875516935972,1.2329723031170163,0.851394602578564,0.01831379889253349,0.006308376162365721,advance_eq19_20,0.014176060760062129,0.03860901945207829,0.03538379853226117,0.06650902681696727,2.496024751244512,1.722629265410861,461.53260422011545,8.775441256665367e-16,a1_station_hull_matched_sweep_free_surface_marching_not_benchmark_validated,41,8,24,10,3.0,2,16,15.0,False,none,0.0,1.0,1.0,1.0,trapezoid,1.0,1.0,1.0,1.0,-1.0,1.0,1.0,True,False,True,3.0,11,9,40,True,True,True,True,A1_GRID_RECOMMENDED,"A1 Section 3.3 recommends control radius about 3B, inner free-surface panels greater than 10, outer/free-surface proxy panels greater than 8, and roughly 60 stations at Fn=0.2 or 40 at Fn=0.3."
0,st41_bp8_fs24_cp10_r3p0_h2_fsm_clipfs_onezonefs_noend_pr1p0_pl1p0_pf1p0_pm1p0_dt1p0_fv1p0_hr1p0_hqtrapezoid_hp1p0_hc1p0_ci1p0_cp1p0_cnm1p0_cd1p0_pg1p0,A33,OK,diagnostic_matched_wigley_sensitivity_not_hard_gate,wigley_iii,Fn0.4,0.4,2.1696064159197173,1.0,1.808005346599764,1.0,79.95,37,38,1,2.85,0.1499999999999999,0.07499999999999996,-0.8636874999999999,0.8636874999999999,0.07262499999999994,0.07262500000000005,heave,heave_force,-1.35,-36.180836273978805,-281.44643908459466,-2.713562720548409,-21.108482931344586,-0.01038297899090322,-0.01038297899090322,0.0,2174028246.8281713,2174028246.8281713,0.0,0.0,2174028246.8281713,1.1127711698751714,0.7847470559764871,0.3817726550246119,0.17768132292895644,0.4272906940932338,0.20855775995941106,7.328699754000965,16427.851737040102,11586.749113611182,2062.193630293294,1454.2975447572608,16297.903856795489,11495.11955888596,1.038604520670725,0.3054337540771922,0.0008799618787591093,0.00034684381768991057,advance_eq19_20,0.002032162481055154,0.0059945618630739975,0.014485253854678042,0.03900603896146135,7.127999847313834,6.506904066122881,467.16479122089714,1.171737832620918e-15,a1_station_hull_matched_sweep_free_surface_marching_not_benchmark_validated,41,8,24,10,3.0,2,16,15.0,False,none,0.0,1.0,1.0,1.0,trapezoid,1.0,1.0,1.0,1.0,-1.0,1.0,1.0,True,False,True,3.0,11,9,40,True,True,True,True,A1_GRID_RECOMMENDED,"A1 Section 3.3 recommends control radius about 3B, inner free-surface panels greater than 10, outer/free-surface proxy panels greater than 8, and roughly 60 stations at Fn=0.2 or 40 at Fn=0.3."
0,st41_bp8_fs24_cp10_r3p0_h2_fsm_clipfs_onezonefs_noend_pr1p0_pl1p0_pf1p0_pm1p0_dt1p0_fv1p0_hr1p0_hqtrapezoid_hp1p0_hc1p0_ci1p0_cp1p0_cnm1p0_cd1p0_pg1p0,A33,OK,diagnostic_matched_wigley_sensitivity_not_hard_gate,wigley_iii,Fn0.4,0.4,2.1696064159197173,1.0,1.808005346599764,1.0,79.95,38,39,0,2.925,0.07500000000000018,0.03749999999999987,-0.8631093749999998,0.8631093749999998,0.07378124999999991,0.07378125000000002,heave,heave_force,-1.4249999999999998,9.129747836262178,1041.1413916589158,0.3423655438598304,39.042802187209205,0.001310002611027674,0.001310002611027674,0.0,2174028246.82429,2174028246.82429,0.0,0.0,2174028246.82429,0.7413405685264072,0.4324733758407617,0.028989922051719172,0.014649299625110412,0.039345548482727276,0.020001658647482174,40.296116318973056,89622.91106136182,54772.70159465829,1373.8564043357292,801.4620301767,89612.38031484844,54772.60685091115,0.41951335212540375,0.2928849985220154,0.0,0.0,initialize_eq21_22,0.0,0.0,0.0024580860476097837,0.0072509698483878195,,,690.6987294891596,1.7447639126794795e-15,a1_station_hull_matched_sweep_free_surface_marching_not_benchmark_validated,41,8,24,10,3.0,2,16,15.0,False,none,0.0,1.0,1.0,1.0,trapezoid,1.0,1.0,1.0,1.0,-1.0,1.0,1.0,True,False,True,3.0,11,9,40,True,True,True,True,A1_GRID_RECOMMENDED,"A1 Section 3.3 recommends control radius about 3B, inner free-surface panels greater than 10, outer/free-surface proxy panels greater than 8, and roughly 60 stations at Fn=0.2 or 40 at Fn=0.3."
0,st41_bp8_fs24_cp10_r3p0_h2_fsm_clipfs_onezonefs_noend_pr1p0_pl1p0_pf1p0_pm1p0_dt1p0_fv1p0_hr1p0_hqtrapezoid_hp1p0_hc1p0_ci1p0_cp1p0_cn1p0_cd1p0_pg1p0,A33,OK,diagnostic_matched_wigley_sensitivity_not_hard_gate,wigley_iii,Fn0.4,0.4,2.1696064159197173,1.0,1.808005346599764,1.0,79.95,0,1,38,0.075,2.925,0.0375,-0.8631093749999998,0.8631093749999998,0.07378124999999991,0.07378125000000002,heave,heave_force,1.425,179.598370274925,-8267.793292410395,6.734938885309687,-310.04224846538983,0.025770080205500128,0.025770080205500128,0.0,0.0,0.0,0.0,0.0,0.0,14.202431867690732,7.753946965845921,0.1521906674128098,0.05432279042670138,0.24028680359688936,0.13502687423743837,335.0358249915651,745533.0134594238,378778.6447707201,26320.02457029131,14369.657010787952,745068.2723512716,378505.9770885206,2.124735227278384,1.4697046801004894,0.022930551541992708,0.012795902276327277,advance_eq19_20,0.8178644852241252,0.3954094001698755,0.6826174368894363,0.43174169996089473,0.8346339145688345,1.0918852707482678,113.94877021527233,3.8267601590155196e-15,a1_station_hull_matched_sweep_free_surface_marching_not_benchmark_validated,41,8,24,10,3.0,2,16,15.0,False,none,0.0,1.0,1.0,1.0,trapezoid,1.0,1.0,1.0,1.0,1.0,1.0,1.0,True,False,True,3.0,11,9,40,True,True,True,True,A1_GRID_RECOMMENDED,"A1 Section 3.3 recommends control radius about 3B, inner free-surface panels greater than 10, outer/free-surface proxy panels greater than 8, and roughly 60 stations at Fn=0.2 or 40 at Fn=0.3."
0,st41_bp8_fs24_cp10_r3p0_h2_fsm_clipfs_onezonefs_noend_pr1p0_pl1p0_pf1p0_pm1p0_dt1p0_fv1p0_hr1p0_hqtrapezoid_hp1p0_hc1p0_ci1p0_cp1p0_cn1p0_cd1p0_pg1p0,A33,OK,diagnostic_matched_wigley_sensitivity_not_hard_gate,wigley_iii,Fn0.4,0.4,2.1696064159197173,1.0,1.808005346599764,1.0,79.95,1,2,37,0.15,2.85,0.07499999999999998,-0.8636874999999999,0.8636874999999999,0.07262499999999991,0.07262500000000005,heave,heave_force,1.35,-135.87678602449387,427.23670553474847,-10.190758951837038,32.04275291510613,-0.03899317870821083,-0.03899317870821083,0.0,0.00627349085139471,0.00627349085139471,0.0,0.0,0.00627349085139471,5.52166174161911,3.685958433242984,0.3113069514188431,0.121637132387568,0.4216006704959307,0.20554279415688964,77.73785263599592,173179.63692931418,89714.42605322094,10232.773799736784,6830.838368514,172877.0574348502,89453.99873254457,5.414801504451822,3.7766065077649085,0.022653465573682106,0.012908488603349373,advance_eq19_20,0.9243305875077477,0.378212197497213,0.7992313497476912,0.39239536551140175,0.8646596364431055,1.0375005568515363,77.78531556101733,7.06727887471196e-16,a1_station_hull_matched_sweep_free_surface_marching_not_benchmark_validated,41,8,24,10,3.0,2,16,15.0,False,none,0.0,1.0,1.0,1.0,trapezoid,1.0,1.0,1.0,1.0,1.0,1.0,1.0,True,False,True,3.0,11,9,40,True,True,True,True,A1_GRID_RECOMMENDED,"A1 Section 3.3 recommends control radius about 3B, inner free-surface panels greater than 10, outer/free-surface proxy panels greater than 8, and roughly 60 stations at Fn=0.2 or 40 at Fn=0.3."
0,st41_bp8_fs24_cp10_r3p0_h2_fsm_clipfs_onezonefs_noend_pr1p0_pl1p0_pf1p0_pm1p0_dt1p0_fv1p0_hr1p0_hqtrapezoid_hp1p0_hc1p0_ci1p0_cp1p0_cn1p0_cd1p0_pg1p0,A33,OK,diagnostic_matched_wigley_sensitivity_not_hard_gate,wigley_iii,Fn0.4,0.4,2.1696064159197173,1.0,1.808005346599764,1.0,79.95,2,3,36,0.22499999999999998,2.775,0.075,-0.8642343749999999,0.8642343749999999,0.07153124999999994,0.07153125000000006,heave,heave_force,1.275,590.8521773258416,4238.262854833418,44.31391329943812,317.8697141125063,0.16955953415360334,0.16955953415360334,0.0,0.07155666857409095,0.07155666857409095,0.0,0.0,0.07155666857409095,9.740167276751324,5.273584869061716,0.09215369962835461,0.04745305211605858,0.34666910864551154,0.23405640927642982,62.4419224500972,140029.53242334374,93546.58053523925,18050.531375971015,9773.036379986479,138861.25545934463,93034.67358867587,2.89617860243445,1.6849071126636899,0.028152842663880732,0.015916831700229825,advance_eq19_20,1.0069605238083266,0.33811780760534876,0.9052552064084144,0.3876701918756101,0.8989977114343446,1.1465536069253675,77.91010290862684,1.868737964582417e-15,a1_station_hull_matched_sweep_free_surface_marching_not_benchmark_validated,41,8,24,10,3.0,2,16,15.0,False,none,0.0,1.0,1.0,1.0,trapezoid,1.0,1.0,1.0,1.0,1.0,1.0,1.0,True,False,True,3.0,11,9,40,True,True,True,True,A1_GRID_RECOMMENDED,"A1 Section 3.3 recommends control radius about 3B, inner free-surface panels greater than 10, outer/free-surface proxy panels greater than 8, and roughly 60 stations at Fn=0.2 or 40 at Fn=0.3."
0,st41_bp8_fs24_cp10_r3p0_h2_fsm_clipfs_onezonefs_noend_pr1p0_pl1p0_pf1p0_pm1p0_dt1p0_fv1p0_hr1p0_hqtrapezoid_hp1p0_hc1p0_ci1p0_cp1p0_cn1p0_cd1p0_pg1p0,A33,OK,diagnostic_matched_wigley_sensitivity_not_hard_gate,wigley_iii,Fn0.4,0.4,2.1696064159197173,1.0,1.808005346599764,1.0,79.95,3,4,35,0.3,2.7,0.07500000000000001,-0.8647499999999999,0.8647499999999999,0.0704999999999999,0.07050000000000001,heave,heave_force,1.2,435.69246079783625,-3150.0613879247107,32.676934559837726,-236.25460409435334,0.12503264525735577,0.12503264525735577,0.0,0.21885275827957051,0.21885275827957051,0.0,0.0,0.21885275827957051,5.689708826357718,2.589295078808498,0.1693399599728666,0.06182659884856149,0.43285423070131923,0.2853410988761584,34.311607857269976,77028.8430546602,47939.9250089271,10544.199578116886,4798.495830070477,76303.75166134568,47699.170303374776,1.2696379697488929,0.47117156696392154,0.031247671811319412,0.01765656901596867,advance_eq19_20,1.0973565123295888,0.30526971782167084,0.9911546353406864,0.341402682558394,0.9032202608763442,1.1183640650456883,78.9850404442889,1.359625870484384e-15,a1_station_hull_matched_sweep_free_surface_marching_not_benchmark_validated,41,8,24,10,3.0,2,16,15.0,False,none,0.0,1.0,1.0,1.0,trapezoid,1.0,1.0,1.0,1.0,1.0,1.0,1.0,True,False,True,3.0,11,9,40,True,True,True,True,A1_GRID_RECOMMENDED,"A1 Section 3.3 recommends control radius about 3B, inner free-surface panels greater than 10, outer/free-surface proxy panels greater than 8, and roughly 60 stations at Fn=0.2 or 40 at Fn=0.3."
0,st41_bp8_fs24_cp10_r3p0_h2_fsm_clipfs_onezonefs_noend_pr1p0_pl1p0_pf1p0_pm1p0_dt1p0_fv1p0_hr1p0_hqtrapezoid_hp1p0_hc1p0_ci1p0_cp1p0_cn1p0_cd1p0_pg1p0,A33,OK,diagnostic_matched_wigley_sensitivity_not_hard_gate,wigley_iii,Fn0.4,0.4,2.1696064159197173,1.0,1.808005346599764,1.0,79.95,4,5,34,0.375,2.625,0.07499999999999998,-0.8652343749999999,0.8652343749999999,0.06953124999999993,0.06953125000000009,heave,heave_force,1.125,444.75844632221924,-944.6612860672919,33.35688347416644,-70.84959645504688,0.12763435231903578,0.12763435231903578,0.0,0.3451862570677663,0.3451862570677663,0.0,0.0,0.3451862570677663,4.870128742057666,2.0562426199604302,0.1961090742685945,0.06982510640298266,0.49063666133740197,0.3227632579160755,8.403795333606038,20753.94809264956,11795.30601516998,9025.34927437618,3810.6400920646333,18688.751480714534,11162.807267002989,1.2434723260040412,0.4214564964499267,0.03328583391103317,0.01881004211985484,advance_eq19_20,1.181736605573482,0.2692538923411686,1.0829044559662049,0.30703486089884136,0.9163670236318735,1.1403172605200482,80.04292683338196,7.966497231678194e-16,a1_station_hull_matched_sweep_free_surface_marching_not_benchmark_validated,41,8,24,10,3.0,2,16,15.0,False,none,0.0,1.0,1.0,1.0,trapezoid,1.0,1.0,1.0,1.0,1.0,1.0,1.0,True,False,True,3.0,11,9,40,True,True,True,True,A1_GRID_RECOMMENDED,"A1 Section 3.3 recommends control radius about 3B, inner free-surface panels greater than 10, outer/free-surface proxy panels greater than 8, and roughly 60 stations at Fn=0.2 or 40 at Fn=0.3."
0,st41_bp8_fs24_cp10_r3p0_h2_fsm_clipfs_onezonefs_noend_pr1p0_pl1p0_pf1p0_pm1p0_dt1p0_fv1p0_hr1p0_hqtrapezoid_hp1p0_hc1p0_ci1p0_cp1p0_cn1p0_cd1p0_pg1p0,A33,OK,diagnostic_matched_wigley_sensitivity_not_hard_gate,wigley_iii,Fn0.4,0.4,2.1696064159197173,1.0,1.808005346599764,1.0,79.95,5,6,33,0.44999999999999996,2.55,0.07500000000000001,-0.8656874999999999,0.8656874999999999,0.06862499999999994,0.06862500000000005,heave,heave_force,1.05,475.8818124167875,-512.7026894010576,35.69113593125907,-38.45270170507932,0.13656596611145952,0.13656596611145952,0.0,0.4772864162830139,0.4772864162830139,0.0,0.0,0.4772864162830139,4.522787152779871,1.8363559561721752,0.21064694206314885,0.07533000286396382,0.5318023129411659,0.35024875082902845,3.912797519176043,12081.70321802397,6065.805042432931,8381.653937602698,3403.144921695105,8701.461366844072,5021.214539804647,1.3175882965422048,0.412912905207391,0.034429762859120035,0.019458153922803038,advance_eq19_20,1.2565733087790765,0.23133781280626495,1.1682056529589064,0.2703480243424057,0.9296756860878809,1.1686287730610214,81.06571677861561,3.1238725278367087e-16,a1_station_hull_matched_sweep_free_surface_marching_not_benchmark_validated,41,8,24,10,3.0,2,16,15.0,False,none,0.0,1.0,1.0,1.0,trapezoid,1.0,1.0,1.0,1.0,1.0,1.0,1.0,True,False,True,3.0,11,9,40,True,True,True,True,A1_GRID_RECOMMENDED,"A1 Section 3.3 recommends control radius about 3B, inner free-surface panels greater than 10, outer/free-surface proxy panels greater than 8, and roughly 60 stations at Fn=0.2 or 40 at Fn=0.3."
0,st41_bp8_fs24_cp10_r3p0_h2_fsm_clipfs_onezonefs_noend_pr1p0_pl1p0_pf1p0_pm1p0_dt1p0_fv1p0_hr1p0_hqtrapezoid_hp1p0_hc1p0_ci1p0_cp1p0_cn1p0_cd1p0_pg1p0,A33,OK,diagnostic_matched_wigley_sensitivity_not_hard_gate,wigley_iii,Fn0.4,0.4,2.1696064159197173,1.0,1.808005346599764,1.0,79.95,6,7,32,0.525,2.475,0.07500000000000001,-0.866109375,0.866109375,0.0677812499999999,0.06778125000000006,heave,heave_force,0.975,511.8502803193418,-343.0746409414772,38.38877102395064,-25.730598070610792,0.14688800078581526,0.14688800078581526,0.0,0.6190133997316514,0.6190133997316514,0.0,0.0,0.6190133997316514,4.330197087714122,1.7175582030624668,0.2184827043545319,0.07872779405444151,0.5580868959187246,0.3678054172415991,2.3183899174125018,9538.25050660406,4293.757025707018,8024.744973578307,3182.9882745890536,5155.743480407291,2881.828419534548,1.382711641807126,0.4345002867835307,0.03474485113672881,0.019634882225443913,advance_eq19_20,1.3200150976202973,0.19350216354845626,1.2438003984987358,0.2320923390957069,0.9422622519553298,1.1994302019139285,82.0454186369934,1.0911759746676634e-15,a1_station_hull_matched_sweep_free_surface_marching_not_benchmark_validated,41,8,24,10,3.0,2,16,15.0,False,none,0.0,1.0,1.0,1.0,trapezoid,1.0,1.0,1.0,1.0,1.0,1.0,1.0,True,False,True,3.0,11,9,40,True,True,True,True,A1_GRID_RECOMMENDED,"A1 Section 3.3 recommends control radius about 3B, inner free-surface panels greater than 10, outer/free-surface proxy panels greater than 8, and roughly 60 stations at Fn=0.2 or 40 at Fn=0.3."
0,st41_bp8_fs24_cp10_r3p0_h2_fsm_clipfs_onezonefs_noend_pr1p0_pl1p0_pf1p0_pm1p0_dt1p0_fv1p0_hr1p0_hqtrapezoid_hp1p0_hc1p0_ci1p0_cp1p0_cn1p0_cd1p0_pg1p0,A33,OK,diagnostic_matched_wigley_sensitivity_not_hard_gate,wigley_iii,Fn0.4,0.4,2.1696064159197173,1.0,1.808005346599764,1.0,79.95,7,8,31,0.6,2.4,0.07499999999999996,-0.8664999999999999,0.8664999999999998,0.06699999999999995,0.06700000000000006,heave,heave_force,0.9,547.5201043892151,-262.4191421191016,41.06400782919111,-19.681435658932607,0.15712433228247188,0.15712433228247188,0.0,0.7710195662657949,0.7710195662657949,0.0,0.0,0.7710195662657949,4.2035320087460155,1.64197462270539,0.22122620329472661,0.08014396764953469,0.5700588987244131,0.3755056906917915,1.604648450967659,8568.45191294353,3601.550146751272,7790.0085550764425,3042.916369253287,3568.491963877945,1926.6093089400617,1.4209280960261352,0.4404581507253987,0.03429503650426593,0.019375735485390237,advance_eq19_20,1.3709471410871983,0.1584349233616026,1.3079388340087887,0.1941181686885819,0.9540403089294586,1.2252233571353328,82.97650322796618,5.336845439357917e-16,a1_station_hull_matched_sweep_free_surface_marching_not_benchmark_validated,41,8,24,10,3.0,2,16,15.0,False,none,0.0,1.0,1.0,1.0,trapezoid,1.0,1.0,1.0,1.0,1.0,1.0,1.0,True,False,True,3.0,11,9,40,True,True,True,True,A1_GRID_RECOMMENDED,"A1 Section 3.3 recommends control radius about 3B, inner free-surface panels greater than 10, outer/free-surface proxy panels greater than 8, and roughly 60 stations at Fn=0.2 or 40 at Fn=0.3."
0,st41_bp8_fs24_cp10_r3p0_h2_fsm_clipfs_onezonefs_noend_pr1p0_pl1p0_pf1p0_pm1p0_dt1p0_fv1p0_hr1p0_hqtrapezoid_hp1p0_hc1p0_ci1p0_cp1p0_cn1p0_cd1p0_pg1p0,A33,OK,diagnostic_matched_wigley_sensitivity_not_hard_gate,wigley_iii,Fn0.4,0.4,2.1696064159197173,1.0,1.808005346599764,1.0,79.95,8,9,30,0.6749999999999999,2.325,0.07500000000000001,-0.866859375,0.866859375,0.06628124999999993,0.06628125000000007,heave,heave_force,0.8250000000000001,580.6718721688075,-222.89634567687375,43.55039041266057,-16.717225925765533,0.1666380457234841,0.1666380457234841,0.0,0.9329007552687729,0.9329007552687729,0.0,0.0,0.9329007552687729,4.108047327654494,1.5876070637084534,0.21962832147200848,0.07970360521982857,0.5684741951112154,0.3737914951826338,1.2533878814720043,8107.274283083246,3278.3147373456627,7613.055820796302,2942.1621109715466,2787.3423490096247,1446.0392905662059,1.4300473729167351,0.4459557649559167,0.03315960092430392,0.018725939731182223,advance_eq19_20,1.4087527219572489,0.12993243772016444,1.3595567012812435,0.15908257387799962,0.9650783136676713,1.224348412677486,83.85411691935546,7.985766191587617e-16,a1_station_hull_matched_sweep_free_surface_marching_not_benchmark_validated,41,8,24,10,3.0,2,16,15.0,False,none,0.0,1.0,1.0,1.0,trapezoid,1.0,1.0,1.0,1.0,1.0,1.0,1.0,True,False,True,3.0,11,9,40,True,True,True,True,A1_GRID_RECOMMENDED,"A1 Section 3.3 recommends control radius about 3B, inner free-surface panels greater than 10, outer/free-surface proxy panels greater than 8, and roughly 60 stations at Fn=0.2 or 40 at Fn=0.3."
0,st41_bp8_fs24_cp10_r3p0_h2_fsm_clipfs_onezonefs_noend_pr1p0_pl1p0_pf1p0_pm1p0_dt1p0_fv1p0_hr1p0_hqtrapezoid_hp1p0_hc1p0_ci1p0_cp1p0_cn1p0_cd1p0_pg1p0,A33,OK,diagnostic_matched_wigley_sensitivity_not_hard_gate,wigley_iii,Fn0.4,0.4,2.1696064159197173,1.0,1.808005346599764,1.0,79.95,9,10,29,0.75,2.25,0.07500000000000001,-0.8671874999999999,0.8671874999999999,0.06562499999999982,0.0656250000000001,heave,heave_force,0.75,610.1525931026958,-205.5586490441679,45.761444482702196,-15.416898678312595,0.1750982621699842,0.1750982621699842,0.0,1.1037689092155072,1.1037689092155072,0.0,0.0,1.1037689092155072,4.027601993579517,1.5444382657036013,0.21421107402919243,0.07757546232057426,0.5545026773285568,0.3634809267781594,1.0782245115061126,7839.667228099583,3099.537783964507,7463.974086826827,2862.1614579325123,2397.8058884147044,1189.6076088144537,1.4138915037246291,0.44139138672706113,0.03143398342352759,0.01774039028451429,advance_eq19_20,1.4332135906475532,0.11290032516266409,1.398065477114209,0.13076314331685168,0.9754760115570327,1.1582175970569728,84.67363722110893,8.555218020680838e-16,a1_station_hull_matched_sweep_free_surface_marching_not_benchmark_validated,41,8,24,10,3.0,2,16,15.0,False,none,0.0,1.0,1.0,1.0,trapezoid,1.0,1.0,1.0,1.0,1.0,1.0,1.0,True,False,True,3.0,11,9,40,True,True,True,True,A1_GRID_RECOMMENDED,"A1 Section 3.3 recommends control radius about 3B, inner free-surface panels greater than 10, outer/free-surface proxy panels greater than 8, and roughly 60 stations at Fn=0.2 or 40 at Fn=0.3."
0,st41_bp8_fs24_cp10_r3p0_h2_fsm_clipfs_onezonefs_noend_pr1p0_pl1p0_pf1p0_pm1p0_dt1p0_fv1p0_hr1p0_hqtrapezoid_hp1p0_hc1p0_ci1p0_cp1p0_cn1p0_cd1p0_pg1p0,A33,OK,diagnostic_matched_wigley_sensitivity_not_hard_gate,wigley_iii,Fn0.4,0.4,2.1696064159197173,1.0,1.808005346599764,1.0,79.95,10,11,28,0.825,2.175,0.07499999999999996,-0.8674843749999999,0.8674843749999999,0.06503124999999987,0.0650312500000001,heave,heave_force,0.675,635.3155815785958,-201.19132196896325,47.64866861839466,-15.089349147672236,0.182319399313282,0.182319399313282,0.0,1.28247773995714,1.28247773995714,0.0,0.0,1.28247773995714,3.9539533194949485,1.5073672021899331,0.20544490458897557,0.07430699110056295,0.5297057535368808,0.3457032427883408,0.9976387429932067,7655.994110222248,2984.4462243494536,7327.487960399071,2793.4611598697397,2218.5955030073465,1050.4732335156937,1.3794480773518458,0.43423325325650025,0.029225979784986218,0.016481214023901722,advance_eq19_20,1.444438619822348,0.1109261738188911,1.423262352931317,0.11397365357286911,0.9853394484193206,1.0274730449005987,85.43060038090825,4.235976708648847e-16,a1_station_hull_matched_sweep_free_surface_marching_not_benchmark_validated,41,8,24,10,3.0,2,16,15.0,False,none,0.0,1.0,1.0,1.0,trapezoid,1.0,1.0,1.0,1.0,1.0,1.0,1.0,True,False,True,3.0,11,9,40,True,True,True,True,A1_GRID_RECOMMENDED,"A1 Section 3.3 recommends control radius about 3B, inner free-surface panels greater than 10, outer/free-surface proxy panels greater than 8, and roughly 60 stations at Fn=0.2 or 40 at Fn=0.3."
0,st41_bp8_fs24_cp10_r3p0_h2_fsm_clipfs_onezonefs_noend_pr1p0_pl1p0_pf1p0_pm1p0_dt1p0_fv1p0_hr1p0_hqtrapezoid_hp1p0_hc1p0_ci1p0_cp1p0_cn1p0_cd1p0_pg1p0,A33,OK,diagnostic_matched_wigley_sensitivity_not_hard_gate,wigley_iii,Fn0.4,0.4,2.1696064159197173,1.0,1.808005346599764,1.0,79.95,11,12,27,0.8999999999999999,2.1,0.07500000000000001,-0.8677499999999999,0.8677499999999999,0.06449999999999989,0.0645,heave,heave_force,0.6000000000000001,655.7948835298291,-204.850606956366,49.184616264737194,-15.363795521727452,0.18819643765197158,0.18819643765197158,0.0,1.467735658439767,1.467735658439767,0.0,0.0,1.467735658439767,3.8826349282239057,1.473583114675934,0.19380438785420365,0.07068630641332703,0.4959381378718537,0.3218088144167613,0.971363324477795,7512.585361092458,2900.6139968293455,7195.320326851908,2730.8523037430523,2160.1630035005337,977.7562343158862,1.3348507661071969,0.43042421944124704,0.026650610668852114,0.015014659523875122,advance_eq19_20,1.442795456335088,0.12226029583186537,1.435263827402972,0.11210886553851933,0.9947798359781037,0.9169687082443635,86.12073569235693,6.002196545309472e-16,a1_station_hull_matched_sweep_free_surface_marching_not_benchmark_validated,41,8,24,10,3.0,2,16,15.0,False,none,0.0,1.0,1.0,1.0,trapezoid,1.0,1.0,1.0,1.0,1.0,1.0,1.0,True,False,True,3.0,11,9,40,True,True,True,True,A1_GRID_RECOMMENDED,"A1 Section 3.3 recommends control radius about 3B, inner free-surface panels greater than 10, outer/free-surface proxy panels greater than 8, and roughly 60 stations at Fn=0.2 or 40 at Fn=0.3."
0,st41_bp8_fs24_cp10_r3p0_h2_fsm_clipfs_onezonefs_noend_pr1p0_pl1p0_pf1p0_pm1p0_dt1p0_fv1p0_hr1p0_hqtrapezoid_hp1p0_hc1p0_ci1p0_cp1p0_cn1p0_cd1p0_pg1p0,A33,OK,diagnostic_matched_wigley_sensitivity_not_hard_gate,wigley_iii,Fn0.4,0.4,2.1696064159197173,1.0,1.808005346599764,1.0,79.95,12,13,26,0.975,2.025,0.07500000000000007,-0.8679843749999999,0.8679843749999999,0.06403124999999998,0.0640312500000001,heave,heave_force,0.525,671.3840601072909,-213.93613471602936,50.35380450804686,-16.045210103702217,0.19267013449146897,0.19267013449146897,0.0,1.658168944511487,1.658168944511487,0.0,0.0,1.658168944511487,3.8110467999523148,1.441416863389929,0.1797847330900709,0.06613005834813532,0.45522804335939954,0.29327274573503065,0.9789510266374155,7390.571994387958,2833.8093771669587,7062.652815217099,2671.2416305802544,2177.0368889703236,946.0146601265415,1.287184178814165,0.41583845139353065,0.023824892517407107,0.01340797889301907,advance_eq19_20,1.4288442310709408,0.1413897746137049,1.4344417039931407,0.12333433032475254,1.0039174829561404,0.8723002116787996,86.74002633334426,6.574115252912982e-16,a1_station_hull_matched_sweep_free_surface_marching_not_benchmark_validated,41,8,24,10,3.0,2,16,15.0,False,none,0.0,1.0,1.0,1.0,trapezoid,1.0,1.0,1.0,1.0,1.0,1.0,1.0,True,False,True,3.0,11,9,40,True,True,True,True,A1_GRID_RECOMMENDED,"A1 Section 3.3 recommends control radius about 3B, inner free-surface panels greater than 10, outer/free-surface proxy panels greater than 8, and roughly 60 stations at Fn=0.2 or 40 at Fn=0.3."
0,st41_bp8_fs24_cp10_r3p0_h2_fsm_clipfs_onezonefs_noend_pr1p0_pl1p0_pf1p0_pm1p0_dt1p0_fv1p0_hr1p0_hqtrapezoid_hp1p0_hc1p0_ci1p0_cp1p0_cn1p0_cd1p0_pg1p0,A33,OK,diagnostic_matched_wigley_sensitivity_not_hard_gate,wigley_iii,Fn0.4,0.4,2.1696064159197173,1.0,1.808005346599764,1.0,79.95,13,14,25,1.05,1.95,0.07500000000000001,-0.8681874999999999,0.8681874999999999,0.06362499999999982,0.0636250000000001,heave,heave_force,0.44999999999999996,681.9544446439226,-227.32431438844924,51.1465833482942,-17.049323579133695,0.19570356577366801,0.19570356577366801,0.0,1.8523557946440559,1.8523557946440559,0.0,0.0,1.8523557946440559,3.737435153145664,1.4097737671561308,0.16390460834664203,0.0608141619236637,0.409659338635808,0.26160286142189737,1.0111035737251792,7282.078286325483,2777.455046338335,6926.235307943701,2612.6004712272347,2248.539220731341,942.6427277465806,1.2400809073046288,0.4230358425150529,0.02086298231458049,0.011726564820742875,advance_eq19_20,1.4032800011166622,0.16367356510997771,1.4213609767038111,0.1422446511243453,1.0128847953172289,0.8690752903730447,87.28477208365122,6.516364274813621e-16,a1_station_hull_matched_sweep_free_surface_marching_not_benchmark_validated,41,8,24,10,3.0,2,16,15.0,False,none,0.0,1.0,1.0,1.0,trapezoid,1.0,1.0,1.0,1.0,1.0,1.0,1.0,True,False,True,3.0,11,9,40,True,True,True,True,A1_GRID_RECOMMENDED,"A1 Section 3.3 recommends control radius about 3B, inner free-surface panels greater than 10, outer/free-surface proxy panels greater than 8, and roughly 60 stations at Fn=0.2 or 40 at Fn=0.3."
0,st41_bp8_fs24_cp10_r3p0_h2_fsm_clipfs_onezonefs_noend_pr1p0_pl1p0_pf1p0_pm1p0_dt1p0_fv1p0_hr1p0_hqtrapezoid_hp1p0_hc1p0_ci1p0_cp1p0_cn1p0_cd1p0_pg1p0,A33,OK,diagnostic_matched_wigley_sensitivity_not_hard_gate,wigley_iii,Fn0.4,0.4,2.1696064159197173,1.0,1.808005346599764,1.0,79.95,14,15,24,1.125,1.875,0.07499999999999996,-0.8683593749999999,0.8683593749999999,0.06328124999999996,0.06328125000000007,heave,heave_force,0.375,687.3984418885073,-244.78109620073474,51.554883141638015,-18.358582215055094,0.19726585440041558,0.19726585440041558,0.0,2.0488405047310976,2.0488405047310976,0.0,0.0,2.0488405047310976,3.660317153804447,1.377834955056975,0.1467029233440248,0.05492904873258435,0.3612671404264397,0.22825858917441283,1.064863412663352,7184.795849420184,2728.50614588891,6783.319808937503,2553.4112896119327,2368.0928544973885,961.6842383214357,1.1930133049640737,0.4050511312118052,0.01787182305307123,0.010031420663315336,advance_eq19_20,1.3668913921633092,0.18647832956704966,1.39672519405774,0.16431230934704988,1.0218260222176208,0.8811335329340249,87.75164677623461,5.26905297917e-16,a1_station_hull_matched_sweep_free_surface_marching_not_benchmark_validated,41,8,24,10,3.0,2,16,15.0,False,none,0.0,1.0,1.0,1.0,trapezoid,1.0,1.0,1.0,1.0,1.0,1.0,1.0,True,False,True,3.0,11,9,40,True,True,True,True,A1_GRID_RECOMMENDED,"A1 Section 3.3 recommends control radius about 3B, inner free-surface panels greater than 10, outer/free-surface proxy panels greater than 8, and roughly 60 stations at Fn=0.2 or 40 at Fn=0.3."
0,st41_bp8_fs24_cp10_r3p0_h2_fsm_clipfs_onezonefs_noend_pr1p0_pl1p0_pf1p0_pm1p0_dt1p0_fv1p0_hr1p0_hqtrapezoid_hp1p0_hc1p0_ci1p0_cp1p0_cn1p0_cd1p0_pg1p0,A33,OK,diagnostic_matched_wigley_sensitivity_not_hard_gate,wigley_iii,Fn0.4,0.4,2.1696064159197173,1.0,1.808005346599764,1.0,79.95,15,16,23,1.2,1.8,0.07499999999999996,-0.8684999999999999,0.8684999999999998,0.06299999999999994,0.06300000000000008,heave,heave_force,0.30000000000000004,687.6008076044973,-266.40209485035257,51.57006057033727,-19.980157113776432,0.19732392820948105,0.19732392820948105,0.0,2.246135396036046,2.246135396036046,0.0,0.0,2.246135396036046,3.578198954784925,1.344907495676616,0.1287302644541229,0.04867481544592525,0.3119514745749484,0.19458425107876642,1.1400216435249968,7099.253308568428,2685.5902997906064,6631.137912485052,2492.389941437056,2535.233228881153,1000.1938002971168,1.1447139617286597,0.41430917669320355,0.014947317139089032,0.008376982751172223,advance_eq19_20,1.320538586742421,0.2083966213771643,1.361335652403507,0.18694615019778782,1.03089426244009,0.8970690069847409,88.13774872231025,7.51426973525266e-16,a1_station_hull_matched_sweep_free_surface_marching_not_benchmark_validated,41,8,24,10,3.0,2,16,15.0,False,none,0.0,1.0,1.0,1.0,trapezoid,1.0,1.0,1.0,1.0,1.0,1.0,1.0,True,False,True,3.0,11,9,40,True,True,True,True,A1_GRID_RECOMMENDED,"A1 Section 3.3 recommends control radius about 3B, inner free-surface panels greater than 10, outer/free-surface proxy panels greater than 8, and roughly 60 stations at Fn=0.2 or 40 at Fn=0.3."
0,st41_bp8_fs24_cp10_r3p0_h2_fsm_clipfs_onezonefs_noend_pr1p0_pl1p0_pf1p0_pm1p0_dt1p0_fv1p0_hr1p0_hqtrapezoid_hp1p0_hc1p0_ci1p0_cp1p0_cn1p0_cd1p0_pg1p0,A33,OK,diagnostic_matched_wigley_sensitivity_not_hard_gate,wigley_iii,Fn0.4,0.4,2.1696064159197173,1.0,1.808005346599764,1.0,79.95,16,17,22,1.275,1.725,0.07499999999999996,-0.8686093749999999,0.8686093749999999,0.0627812499999999,0.06278125000000001,heave,heave_force,0.2250000000000001,682.4432541681726,-292.0660768051962,51.18324406261292,-21.9049557603897,0.19584384166398755,0.19584384166398755,0.0,2.4427192809727805,2.4427192809727805,0.0,0.0,2.4427192809727805,3.489527267448324,1.3103711868086327,0.11053364955741869,0.04225406230665846,0.2634095425229306,0.16175807542078033,1.2361986653669568,7026.897248609531,2647.992457658805,6466.811055568541,2428.3870645747934,2749.1161696248296,1055.8410488438767,1.0975649658790048,0.3953074519557029,0.01217119785602654,0.006809381861899421,advance_eq19_20,1.265145632751225,0.228588954449608,1.316066740608745,0.20872711843426375,1.0402492065255644,0.9131111296993016,88.44064379627237,5.134837592795019e-16,a1_station_hull_matched_sweep_free_surface_marching_not_benchmark_validated,41,8,24,10,3.0,2,16,15.0,False,none,0.0,1.0,1.0,1.0,trapezoid,1.0,1.0,1.0,1.0,1.0,1.0,1.0,True,False,True,3.0,11,9,40,True,True,True,True,A1_GRID_RECOMMENDED,"A1 Section 3.3 recommends control radius about 3B, inner free-surface panels greater than 10, outer/free-surface proxy panels greater than 8, and roughly 60 stations at Fn=0.2 or 40 at Fn=0.3."
0,st41_bp8_fs24_cp10_r3p0_h2_fsm_clipfs_onezonefs_noend_pr1p0_pl1p0_pf1p0_pm1p0_dt1p0_fv1p0_hr1p0_hqtrapezoid_hp1p0_hc1p0_ci1p0_cp1p0_cn1p0_cd1p0_pg1p0,A33,OK,diagnostic_matched_wigley_sensitivity_not_hard_gate,wigley_iii,Fn0.4,0.4,2.1696064159197173,1.0,1.808005346599764,1.0,79.95,17,18,21,1.3499999999999999,1.6500000000000001,0.07500000000000007,-0.8686874999999998,0.8686875,0.0626249999999999,0.06262500000000004,heave,heave_force,0.15000000000000013,671.8411695302218,-321.00744325990945,50.38808771476668,-24.07555824449323,0.1928013132596681,0.1928013132596681,0.0,2.6370418584346083,2.6370418584346083,0.0,0.0,2.6370418584346083,3.3928220296000644,1.2736902817675417,0.092634447065072,0.03586265061413758,0.2170857335986388,0.1307570444658814,1.3507682166690276,6968.3061849413225,2614.975799406753,6287.596378817839,2360.4098103315723,3003.9012740381954,1125.4172376383162,1.055128152145014,0.3879636322792967,0.009608716064730632,0.005365199952973743,advance_eq19_20,1.2016977120039383,0.2465200897472035,1.2618520573584082,0.22879276229607637,1.0500578013535178,0.9280897249822284,88.65840109908919,6.659235994454314e-16,a1_station_hull_matched_sweep_free_surface_marching_not_benchmark_validated,41,8,24,10,3.0,2,16,15.0,False,none,0.0,1.0,1.0,1.0,trapezoid,1.0,1.0,1.0,1.0,1.0,1.0,1.0,True,False,True,3.0,11,9,40,True,True,True,True,A1_GRID_RECOMMENDED,"A1 Section 3.3 recommends control radius about 3B, inner free-surface panels greater than 10, outer/free-surface proxy panels greater than 8, and roughly 60 stations at Fn=0.2 or 40 at Fn=0.3."
0,st41_bp8_fs24_cp10_r3p0_h2_fsm_clipfs_onezonefs_noend_pr1p0_pl1p0_pf1p0_pm1p0_dt1p0_fv1p0_hr1p0_hqtrapezoid_hp1p0_hc1p0_ci1p0_cp1p0_cn1p0_cd1p0_pg1p0,A33,OK,diagnostic_matched_wigley_sensitivity_not_hard_gate,wigley_iii,Fn0.4,0.4,2.1696064159197173,1.0,1.808005346599764,1.0,79.95,18,19,20,1.425,1.575,0.07500000000000007,-0.8687343749999998,0.868734375,0.06253124999999993,0.06253125000000004,heave,heave_force,0.07499999999999996,655.8008047011795,-351.6364021311775,49.1850603525885,-26.372730159838333,0.18819813687741985,0.18819813687741985,0.0,2.827541583503152,2.827541583503152,0.0,0.0,2.827541583503152,3.2869133127693906,1.234461010520631,0.07550196704679524,0.029679342453347475,0.17414098156864058,0.10233859477877913,1.4779556078386444,6921.484829448094,2585.293666640596,6091.325764379426,2287.7099098700046,3286.7465184415296,1204.2120706314797,1.0145174890398145,0.373374907048625,0.0073046746488378755,0.004069388051933953,advance_eq19_20,1.1312406374510382,0.26183529797804683,1.1996736772464638,0.24660982847296053,1.0604937955107605,0.9418509665325457,88.78962105356729,4.083436559791718e-16,a1_station_hull_matched_sweep_free_surface_marching_not_benchmark_validated,41,8,24,10,3.0,2,16,15.0,False,none,0.0,1.0,1.0,1.0,trapezoid,1.0,1.0,1.0,1.0,1.0,1.0,1.0,True,False,True,3.0,11,9,40,True,True,True,True,A1_GRID_RECOMMENDED,"A1 Section 3.3 recommends control radius about 3B, inner free-surface panels greater than 10, outer/free-surface proxy panels greater than 8, and roughly 60 stations at Fn=0.2 or 40 at Fn=0.3."
0,st41_bp8_fs24_cp10_r3p0_h2_fsm_clipfs_onezonefs_noend_pr1p0_pl1p0_pf1p0_pm1p0_dt1p0_fv1p0_hr1p0_hqtrapezoid_hp1p0_hc1p0_ci1p0_cp1p0_cn1p0_cd1p0_pg1p0,A33,OK,diagnostic_matched_wigley_sensitivity_not_hard_gate,wigley_iii,Fn0.4,0.4,2.1696064159197173,1.0,1.808005346599764,1.0,79.95,19,20,19,1.5,1.5,0.07499999999999996,-0.8687499999999999,0.8687499999999999,0.062499999999999944,0.06250000000000003,heave,heave_force,0.0,634.4770490605326,-379.5257418361048,47.58577867953992,-28.464430637707846,0.18207876182629001,0.18207876182629001,0.0,3.012680032855007,3.012680032855007,0.0,0.0,3.012680032855007,3.17118469295023,1.1924653391306195,0.05952941252943039,0.023856425033714813,0.1354385688274519,0.07703510323553729,1.5996449320268444,6869.664586285362,2553.7374237589597,5876.85685190708,2209.883301502637,3557.364905411874,1279.8400772154512,0.9679875350876184,0.3325939307647784,0.005283886097732317,0.002935580286586647,advance_eq19_20,1.0548879156649982,0.27421402510868764,1.1305561807167763,0.26184978010535964,1.0717310947714072,0.9549102384590749,88.83345571237246,7.912563719675411e-16,a1_station_hull_matched_sweep_free_surface_marching_not_benchmark_validated,41,8,24,10,3.0,2,16,15.0,False,none,0.0,1.0,1.0,1.0,trapezoid,1.0,1.0,1.0,1.0,1.0,1.0,1.0,True,False,True,3.0,11,9,40,True,True,True,True,A1_GRID_RECOMMENDED,"A1 Section 3.3 recommends control radius about 3B, inner free-surface panels greater than 10, outer/free-surface proxy panels greater than 8, and roughly 60 stations at Fn=0.2 or 40 at Fn=0.3."
0,st41_bp8_fs24_cp10_r3p0_h2_fsm_clipfs_onezonefs_noend_pr1p0_pl1p0_pf1p0_pm1p0_dt1p0_fv1p0_hr1p0_hqtrapezoid_hp1p0_hc1p0_ci1p0_cp1p0_cn1p0_cd1p0_pg1p0,A33,OK,diagnostic_matched_wigley_sensitivity_not_hard_gate,wigley_iii,Fn0.4,0.4,2.1696064159197173,1.0,1.808005346599764,1.0,79.95,20,21,18,1.575,1.425,0.07499999999999996,-0.8687343749999998,0.868734375,0.06253124999999993,0.06253125000000004,heave,heave_force,-0.07499999999999996,608.4782246286131,-400.48598566608473,45.635866847145955,-30.036448924956336,0.1746177610406629,0.1746177610406629,0.0,3.1910282942884836,3.1910282942884836,0.0,0.0,3.1910282942884836,3.0471605277529368,1.1481349061810981,0.044964775741843835,0.018496692835316894,0.10148024349412728,0.05512526502982012,1.6988018957990338,6794.196907911993,2514.985750449086,5647.014589278196,2127.729900218075,3777.8747798147165,1344.7280701132102,0.9178836664838308,0.3274796338181875,0.0035585426214493586,0.0019701367279497763,advance_eq19_20,0.9741140895442064,0.28336738867624,1.0558446554274374,0.27424558126197257,1.0839024573820437,0.9678092547738811,88.78962105356736,4.382260949349913e-16,a1_station_hull_matched_sweep_free_surface_marching_not_benchmark_validated,41,8,24,10,3.0,2,16,15.0,False,none,0.0,1.0,1.0,1.0,trapezoid,1.0,1.0,1.0,1.0,1.0,1.0,1.0,True,False,True,3.0,11,9,40,True,True,True,True,A1_GRID_RECOMMENDED,"A1 Section 3.3 recommends control radius about 3B, inner free-surface panels greater than 10, outer/free-surface proxy panels greater than 8, and roughly 60 stations at Fn=0.2 or 40 at Fn=0.3."
0,st41_bp8_fs24_cp10_r3p0_h2_fsm_clipfs_onezonefs_noend_pr1p0_pl1p0_pf1p0_pm1p0_dt1p0_fv1p0_hr1p0_hqtrapezoid_hp1p0_hc1p0_ci1p0_cp1p0_cn1p0_cd1p0_pg1p0,A33,OK,diagnostic_matched_wigley_sensitivity_not_hard_gate,wigley_iii,Fn0.4,0.4,2.1696064159197173,1.0,1.808005346599764,1.0,79.95,21,22,17,1.65,1.35,0.07499999999999996,-0.8686874999999998,0.8686875,0.0626249999999999,0.06262500000000004,heave,heave_force,-0.1499999999999999,578.529774759377,-415.6470403306926,43.38973310695325,-31.17352802480193,0.1660233182962304,0.1660233182962304,0.0,3.36134883395693,3.36134883395693,0.0,0.0,3.36134883395693,2.916733608071343,1.1020230650702811,0.03198315867236265,0.01367168183722359,0.07253063032467512,0.03669546970161304,1.7819071605667065,6702.256178180567,2471.1586260370073,5405.306706950213,2042.275183566411,3962.6881383422824,1406.5399192803884,0.8716192632244882,0.28488172075041857,0.0021304180096450875,0.0011734155565467888,advance_eq19_20,0.8904957625606437,0.28908257892725786,0.9770114855186893,0.28353508746883904,1.097154558837279,0.9808100111774126,88.65840109908919,6.139837662450803e-16,a1_station_hull_matched_sweep_free_surface_marching_not_benchmark_validated,41,8,24,10,3.0,2,16,15.0,False,none,0.0,1.0,1.0,1.0,trapezoid,1.0,1.0,1.0,1.0,1.0,1.0,1.0,True,False,True,3.0,11,9,40,True,True,True,True,A1_GRID_RECOMMENDED,"A1 Section 3.3 recommends control radius about 3B, inner free-surface panels greater than 10, outer/free-surface proxy panels greater than 8, and roughly 60 stations at Fn=0.2 or 40 at Fn=0.3."
0,st41_bp8_fs24_cp10_r3p0_h2_fsm_clipfs_onezonefs_noend_pr1p0_pl1p0_pf1p0_pm1p0_dt1p0_fv1p0_hr1p0_hqtrapezoid_hp1p0_hc1p0_ci1p0_cp1p0_cn1p0_cd1p0_pg1p0,A33,OK,diagnostic_matched_wigley_sensitivity_not_hard_gate,wigley_iii,Fn0.4,0.4,2.1696064159197173,1.0,1.808005346599764,1.0,79.95,22,23,16,1.7249999999999999,1.2750000000000001,0.07499999999999996,-0.8686093749999999,0.8686093749999999,0.0627812499999999,0.06278125000000001,heave,heave_force,-0.22499999999999987,545.1410281321344,-426.56030925473596,40.88557710991005,-31.992023194105176,0.1564415979584786,0.1564415979584786,0.0,3.522581292084285,3.522581292084285,0.0,0.0,3.522581292084285,2.780446342803686,1.0542902351673291,0.02077634190554753,0.00944254400351471,0.04878613285929852,0.02392538796450322,1.8571215402345422,6603.576904427896,2424.9167907955893,5152.738400065896,1953.8164416017148,4129.953379056459,1481.8434205126987,0.8339446752781421,0.2549335948762577,0.0009901467680646795,0.000539462809751556,advance_eq19_20,0.8053659221366152,0.29118094323051047,0.8953401260380506,0.28949362976085435,1.111718414485103,0.9942052750741989,88.44064379627237,6.37528471989365e-16,a1_station_hull_matched_sweep_free_surface_marching_not_benchmark_validated,41,8,24,10,3.0,2,16,15.0,False,none,0.0,1.0,1.0,1.0,trapezoid,1.0,1.0,1.0,1.0,1.0,1.0,1.0,True,False,True,3.0,11,9,40,True,True,True,True,A1_GRID_RECOMMENDED,"A1 Section 3.3 recommends control radius about 3B, inner free-surface panels greater than 10, outer/free-surface proxy panels greater than 8, and roughly 60 stations at Fn=0.2 or 40 at Fn=0.3."
0,st41_bp8_fs24_cp10_r3p0_h2_fsm_clipfs_onezonefs_noend_pr1p0_pl1p0_pf1p0_pm1p0_dt1p0_fv1p0_hr1p0_hqtrapezoid_hp1p0_hc1p0_ci1p0_cp1p0_cn1p0_cd1p0_pg1p0,A33,OK,diagnostic_matched_wigley_sensitivity_not_hard_gate,wigley_iii,Fn0.4,0.4,2.1696064159197173,1.0,1.808005346599764,1.0,79.95,23,24,15,1.7999999999999998,1.2000000000000002,0.07500000000000007,-0.8684999999999999,0.8684999999999998,0.06299999999999994,0.06300000000000008,heave,heave_force,-0.2999999999999998,508.87635024010336,-432.5992132731909,38.16572626800779,-32.44494099548935,0.1460345585574677,0.1460345585574677,0.0,3.673819370342258,3.673819370342258,0.0,0.0,3.673819370342258,2.638980111162611,1.0051467984247946,0.011585284371213535,0.005843643224011658,0.030498456816995482,0.01686432573714368,1.9224717902933806,6495.824602215618,2375.4859313505917,4890.572404316252,1862.7435553114055,4275.282308911313,1548.0633501110235,0.8095491629386928,0.23157846682924788,0.00012035622578459371,5.7189678453646464e-05,advance_eq19_20,0.7200527440609646,0.2895581482420144,0.812124629689211,0.29195411778197755,1.1278682518574652,1.008274571289082,88.13774872231025,3.388414877047846e-16,a1_station_hull_matched_sweep_free_surface_marching_not_benchmark_validated,41,8,24,10,3.0,2,16,15.0,False,none,0.0,1.0,1.0,1.0,trapezoid,1.0,1.0,1.0,1.0,1.0,1.0,1.0,True,False,True,3.0,11,9,40,True,True,True,True,A1_GRID_RECOMMENDED,"A1 Section 3.3 recommends control radius about 3B, inner free-surface panels greater than 10, outer/free-surface proxy panels greater than 8, and roughly 60 stations at Fn=0.2 or 40 at Fn=0.3."
0,st41_bp8_fs24_cp10_r3p0_h2_fsm_clipfs_onezonefs_noend_pr1p0_pl1p0_pf1p0_pm1p0_dt1p0_fv1p0_hr1p0_hqtrapezoid_hp1p0_hc1p0_ci1p0_cp1p0_cn1p0_cd1p0_pg1p0,A33,OK,diagnostic_matched_wigley_sensitivity_not_hard_gate,wigley_iii,Fn0.4,0.4,2.1696064159197173,1.0,1.808005346599764,1.0,79.95,24,25,14,1.875,1.125,0.07500000000000007,-0.8683593749999999,0.8683593749999999,0.06328124999999996,0.06328125000000007,heave,heave_force,-0.375,470.3499639841607,-433.20712486813835,35.27624729881208,-32.490534365110406,0.13497846643008451,0.13497846643008451,0.0,3.814325882836034,3.814325882836034,0.0,0.0,3.814325882836034,2.4931764645847707,0.9548577538430545,0.00534920794704557,0.00288367894717353,0.01849516921258954,0.010864018251369706,1.975826301372286,6376.08531870154,2321.9391592102315,4620.368287435612,1769.547622295246,4393.934555705243,1603.359722248293,0.8017881834831072,0.26155384851220015,0.0005091919197814258,0.00028839084820742034,advance_eq19_20,0.6358537340908088,0.28419827618731086,0.7286504475878105,0.2908261989332437,1.1459403452740422,1.0233214741301402,87.75164677623461,3.705149381069805e-16,a1_station_hull_matched_sweep_free_surface_marching_not_benchmark_validated,41,8,24,10,3.0,2,16,15.0,False,none,0.0,1.0,1.0,1.0,trapezoid,1.0,1.0,1.0,1.0,1.0,1.0,1.0,True,False,True,3.0,11,9,40,True,True,True,True,A1_GRID_RECOMMENDED,"A1 Section 3.3 recommends control radius about 3B, inner free-surface panels greater than 10, outer/free-surface proxy panels greater than 8, and roughly 60 stations at Fn=0.2 or 40 at Fn=0.3."
0,st41_bp8_fs24_cp10_r3p0_h2_fsm_clipfs_onezonefs_noend_pr1p0_pl1p0_pf1p0_pm1p0_dt1p0_fv1p0_hr1p0_hqtrapezoid_hp1p0_hc1p0_ci1p0_cp1p0_cn1p0_cd1p0_pg1p0,A33,OK,diagnostic_matched_wigley_sensitivity_not_hard_gate,wigley_iii,Fn0.4,0.4,2.1696064159197173,1.0,1.808005346599764,1.0,79.95,25,26,13,1.95,1.05,0.07499999999999996,-0.8681874999999999,0.8681874999999999,0.0636249999999999,0.06362500000000004,heave,heave_force,-0.44999999999999996,430.21521159020205,-427.9768096138155,32.266140869265136,-32.09826072103614,0.12346081416367506,0.12346081416367506,0.0,3.943545523132914,3.943545523132914,0.0,0.0,3.943545523132914,2.344040898965313,0.9037438643267445,0.005594698783701177,0.0031673243813489884,0.014394296556276465,0.005943895233064608,2.0151671053496734,6241.265223522901,2263.269026850193,4343.989439927248,1674.8230821259729,4481.422467939942,1645.9171286093151,0.8119088172729425,0.29099353989514165,0.0009235995332411468,0.000514924014563651,advance_eq19_20,0.5540040296705427,0.2751829704428772,0.6461685139338684,0.2861113525086605,1.166360674881976,1.0397131481217579,87.28477208365148,5.007191734132427e-16,a1_station_hull_matched_sweep_free_surface_marching_not_benchmark_validated,41,8,24,10,3.0,2,16,15.0,False,none,0.0,1.0,1.0,1.0,trapezoid,1.0,1.0,1.0,1.0,1.0,1.0,1.0,True,False,True,3.0,11,9,40,True,True,True,True,A1_GRID_RECOMMENDED,"A1 Section 3.3 recommends control radius about 3B, inner free-surface panels greater than 10, outer/free-surface proxy panels greater than 8, and roughly 60 stations at Fn=0.2 or 40 at Fn=0.3."
0,st41_bp8_fs24_cp10_r3p0_h2_fsm_clipfs_onezonefs_noend_pr1p0_pl1p0_pf1p0_pm1p0_dt1p0_fv1p0_hr1p0_hqtrapezoid_hp1p0_hc1p0_ci1p0_cp1p0_cn1p0_cd1p0_pg1p0,A33,OK,diagnostic_matched_wigley_sensitivity_not_hard_gate,wigley_iii,Fn0.4,0.4,2.1696064159197173,1.0,1.808005346599764,1.0,79.95,26,27,12,2.025,0.9750000000000001,0.07500000000000007,-0.8679843749999999,0.8679843749999999,0.06403124999999998,0.0640312500000001,heave,heave_force,-0.5249999999999999,389.1478390078666,-416.7258833397582,29.18608792559002,-31.254441250481893,0.11167552364399058,0.11167552364399058,0.0,4.061113692036747,4.061113692036747,0.0,0.0,4.061113692036747,2.1927239523569404,0.8521785106072707,0.008953972041293902,0.00431780705592877,0.016106396186370935,0.008692422873787055,2.0389057284304575,6088.651536731036,2198.473187505193,4063.5680452156826,1579.2618860212533,4534.213523604639,1674.325749925772,0.8391425763201573,0.32586027399401024,0.0011584542645829293,0.000641527567168635,advance_eq19_20,0.47564024772260954,0.2626971138887346,0.5658638393751326,0.27791030964337776,1.1896887239558014,1.0579115450849097,86.74002633334426,8.828277819845457e-16,a1_station_hull_matched_sweep_free_surface_marching_not_benchmark_validated,41,8,24,10,3.0,2,16,15.0,False,none,0.0,1.0,1.0,1.0,trapezoid,1.0,1.0,1.0,1.0,1.0,1.0,1.0,True,False,True,3.0,11,9,40,True,True,True,True,A1_GRID_RECOMMENDED,"A1 Section 3.3 recommends control radius about 3B, inner free-surface panels greater than 10, outer/free-surface proxy panels greater than 8, and roughly 60 stations at Fn=0.2 or 40 at Fn=0.3."
0,st41_bp8_fs24_cp10_r3p0_h2_fsm_clipfs_onezonefs_noend_pr1p0_pl1p0_pf1p0_pm1p0_dt1p0_fv1p0_hr1p0_hqtrapezoid_hp1p0_hc1p0_ci1p0_cp1p0_cn1p0_cd1p0_pg1p0,A33,OK,diagnostic_matched_wigley_sensitivity_not_hard_gate,wigley_iii,Fn0.4,0.4,2.1696064159197173,1.0,1.808005346599764,1.0,79.95,27,28,11,2.1,0.8999999999999999,0.07499999999999996,-0.8677499999999999,0.8677499999999999,0.06449999999999989,0.06450000000000003,heave,heave_force,-0.6000000000000001,347.82448163575486,-399.543255859578,26.0868361226816,-29.96574418946833,0.09981677200599137,0.09981677200599137,0.0,4.166859839861738,4.166859839861738,0.0,0.0,4.166859839861738,2.040480003726102,0.8005814200705014,0.01159006217916158,0.0050415943502159395,0.018611392276073915,0.010703264957068925,2.046155487418544,5916.482044464384,2127.7604403039404,3781.4287252758663,1483.6418750727955,4550.335875309424,1687.9398667244295,0.8810883326350443,0.354403707273543,0.0012479624238248437,0.0006877226520878869,advance_eq19_20,0.40176052469224416,0.24703481141028408,0.4888195991624557,0.26642447221754584,1.2166939485577892,1.078489588963471,86.12073569235677,5.79282354264444e-16,a1_station_hull_matched_sweep_free_surface_marching_not_benchmark_validated,41,8,24,10,3.0,2,16,15.0,False,none,0.0,1.0,1.0,1.0,trapezoid,1.0,1.0,1.0,1.0,1.0,1.0,1.0,True,False,True,3.0,11,9,40,True,True,True,True,A1_GRID_RECOMMENDED,"A1 Section 3.3 recommends control radius about 3B, inner free-surface panels greater than 10, outer/free-surface proxy panels greater than 8, and roughly 60 stations at Fn=0.2 or 40 at Fn=0.3."
0,st41_bp8_fs24_cp10_r3p0_h2_fsm_clipfs_onezonefs_noend_pr1p0_pl1p0_pf1p0_pm1p0_dt1p0_fv1p0_hr1p0_hqtrapezoid_hp1p0_hc1p0_ci1p0_cp1p0_cn1p0_cd1p0_pg1p0,A33,OK,diagnostic_matched_wigley_sensitivity_not_hard_gate,wigley_iii,Fn0.4,0.4,2.1696064159197173,1.0,1.808005346599764,1.0,79.95,28,29,10,2.175,0.8250000000000002,0.07499999999999996,-0.8674843749999999,0.8674843749999999,0.06503124999999987,0.0650312500000001,heave,heave_force,-0.6749999999999998,306.8992952588908,-376.7773141640728,23.017447144416796,-28.25829856230544,0.08807228530778359,0.08807228530778359,0.0,4.260804368518625,4.260804368518625,0.0,0.0,4.260804368518625,1.8886123784493005,0.7494136687535331,0.013092508734455662,0.005382174512169324,0.01993661483875645,0.01128508330885944,2.0368252126086857,5724.252267928878,2058.495760757727,3499.986809838103,1388.8175179193656,4529.5867756174175,1687.093257991663,0.9335746860771089,0.4020770592597577,0.0012257997877006613,0.0006725516753184535,advance_eq19_20,0.333180684672712,0.22860545895949233,0.4159764526503477,0.25195664167344056,1.2485011040149796,1.1021462165437,85.43060038090854,4.698503234571122e-16,a1_station_hull_matched_sweep_free_surface_marching_not_benchmark_validated,41,8,24,10,3.0,2,16,15.0,False,none,0.0,1.0,1.0,1.0,trapezoid,1.0,1.0,1.0,1.0,1.0,1.0,1.0,True,False,True,3.0,11,9,40,True,True,True,True,A1_GRID_RECOMMENDED,"A1 Section 3.3 recommends control radius about 3B, inner free-surface panels greater than 10, outer/free-surface proxy panels greater than 8, and roughly 60 stations at Fn=0.2 or 40 at Fn=0.3."
0,st41_bp8_fs24_cp10_r3p0_h2_fsm_clipfs_onezonefs_noend_pr1p0_pl1p0_pf1p0_pm1p0_dt1p0_fv1p0_hr1p0_hqtrapezoid_hp1p0_hc1p0_ci1p0_cp1p0_cn1p0_cd1p0_pg1p0,A33,OK,diagnostic_matched_wigley_sensitivity_not_hard_gate,wigley_iii,Fn0.4,0.4,2.1696064159197173,1.0,1.808005346599764,1.0,79.95,29,30,9,2.25,0.75,0.07499999999999996,-0.8671874999999999,0.8671874999999999,0.06562499999999982,0.0656250000000001,heave,heave_force,-0.75,266.98360007192355,-348.92965553413876,20.023770005394255,-26.16972416506039,0.07661749688345838,0.07661749688345838,0.0,4.343149259614246,4.343149259614246,0.0,0.0,4.343149259614246,1.7384271135928915,0.6991845720178118,0.013547322468802147,0.005393650899168663,0.019851183781002906,0.01082006284347388,2.0113026643947496,5512.2867705928775,1983.9575084448286,3221.6626539511917,1295.7326805799783,4472.828544152952,1673.0021847976066,0.990321628860375,0.41157888012706056,0.001124010825585364,0.0006139860871648977,advance_eq19_20,0.2704880943812596,0.20792687782319028,0.3480857236934629,0.23491266132775243,1.2868800177313076,1.1297849695387117,84.67363722110893,3.9784762744884205e-16,a1_station_hull_matched_sweep_free_surface_marching_not_benchmark_validated,41,8,24,10,3.0,2,16,15.0,False,none,0.0,1.0,1.0,1.0,trapezoid,1.0,1.0,1.0,1.0,1.0,1.0,1.0,True,False,True,3.0,11,9,40,True,True,True,True,A1_GRID_RECOMMENDED,"A1 Section 3.3 recommends control radius about 3B, inner free-surface panels greater than 10, outer/free-surface proxy panels greater than 8, and roughly 60 stations at Fn=0.2 or 40 at Fn=0.3."
0,st41_bp8_fs24_cp10_r3p0_h2_fsm_clipfs_onezonefs_noend_pr1p0_pl1p0_pf1p0_pm1p0_dt1p0_fv1p0_hr1p0_hqtrapezoid_hp1p0_hc1p0_ci1p0_cp1p0_cn1p0_cd1p0_pg1p0,A33,OK,diagnostic_matched_wigley_sensitivity_not_hard_gate,wigley_iii,Fn0.4,0.4,2.1696064159197173,1.0,1.808005346599764,1.0,79.95,30,31,8,2.3249999999999997,0.6750000000000003,0.07499999999999996,-0.866859375,0.866859375,0.06628124999999996,0.06628125000000007,heave,heave_force,-0.8249999999999997,228.63551573143127,-316.40347527280187,17.147663679857335,-23.730260645460127,0.06561257286695417,0.06561257286695417,0.0,4.414264294489453,4.414264294489453,0.0,0.0,4.414264294489453,1.5912432920666526,0.6504943025045516,0.013140306917903062,0.0051399756878119235,0.018591190794220995,0.009651336241855322,1.9692926742872718,5279.697152068745,1904.3621499485428,2948.9007892924556,1205.4996062824364,4379.404771481297,1647.1134275193015,1.0438323524965807,0.47880206001859305,0.0009727340225102721,0.0005287506581620007,advance_eq19_20,0.21400201641514105,0.18557504560430543,0.28565714203387577,0.21578900408322527,1.3348338806291031,1.162812615136541,83.85411691935549,2.9124264167278413e-16,a1_station_hull_matched_sweep_free_surface_marching_not_benchmark_validated,41,8,24,10,3.0,2,16,15.0,False,none,0.0,1.0,1.0,1.0,trapezoid,1.0,1.0,1.0,1.0,1.0,1.0,1.0,True,False,True,3.0,11,9,40,True,True,True,True,A1_GRID_RECOMMENDED,"A1 Section 3.3 recommends control radius about 3B, inner free-surface panels greater than 10, outer/free-surface proxy panels greater than 8, and roughly 60 stations at Fn=0.2 or 40 at Fn=0.3."
0,st41_bp8_fs24_cp10_r3p0_h2_fsm_clipfs_onezonefs_noend_pr1p0_pl1p0_pf1p0_pm1p0_dt1p0_fv1p0_hr1p0_hqtrapezoid_hp1p0_hc1p0_ci1p0_cp1p0_cn1p0_cd1p0_pg1p0,A33,OK,diagnostic_matched_wigley_sensitivity_not_hard_gate,wigley_iii,Fn0.4,0.4,2.1696064159197173,1.0,1.808005346599764,1.0,79.95,31,32,7,2.4,0.6000000000000001,0.07500000000000018,-0.8664999999999999,0.8664999999999998,0.06699999999999995,0.06700000000000006,heave,heave_force,-0.8999999999999999,192.36911040641053,-279.0102863014173,14.427683280480824,-20.925771472606346,0.055205037736648706,0.055205037736648706,0.0,4.474673099791254,4.474673099791254,0.0,0.0,4.474673099791254,1.448561181881697,0.6041672371370265,0.01209951732651384,0.004696316334283607,0.016511533823462,0.008074162132534398,1.9068837003703343,5018.891489388828,1817.996061758727,2684.481520761956,1119.6460348587552,4240.616788504613,1609.5214340381713,1.0884412397822474,0.5241066440880803,0.0007994996391770798,0.0004319592217429645,advance_eq19_20,0.16376402904794418,0.16205445338122867,0.2289118944732689,0.19510501996578142,1.3978154775750649,1.2039472899075607,82.97650322796612,3.8326980261148956e-16,a1_station_hull_matched_sweep_free_surface_marching_not_benchmark_validated,41,8,24,10,3.0,2,16,15.0,False,none,0.0,1.0,1.0,1.0,trapezoid,1.0,1.0,1.0,1.0,1.0,1.0,1.0,True,False,True,3.0,11,9,40,True,True,True,True,A1_GRID_RECOMMENDED,"A1 Section 3.3 recommends control radius about 3B, inner free-surface panels greater than 10, outer/free-surface proxy panels greater than 8, and roughly 60 stations at Fn=0.2 or 40 at Fn=0.3."
0,st41_bp8_fs24_cp10_r3p0_h2_fsm_clipfs_onezonefs_noend_pr1p0_pl1p0_pf1p0_pm1p0_dt1p0_fv1p0_hr1p0_hqtrapezoid_hp1p0_hc1p0_ci1p0_cp1p0_cn1p0_cd1p0_pg1p0,A33,OK,diagnostic_matched_wigley_sensitivity_not_hard_gate,wigley_iii,Fn0.4,0.4,2.1696064159197173,1.0,1.808005346599764,1.0,79.95,32,33,6,2.475,0.5249999999999999,0.07499999999999996,-0.866109375,0.866109375,0.06778124999999988,0.06778125000000013,heave,heave_force,-0.9750000000000001,158.69734263721864,-234.94858021000886,11.902300697791391,-17.621143515750653,0.045542097535746305,0.045542097535746305,0.0,4.525046667427452,4.525046667427452,0.0,0.0,4.525046667427452,1.3126227972152034,0.5616162740096626,0.010692213836920251,0.004154519243311075,0.014003524442659203,0.00633378823108177,1.809448436589259,4702.063971970132,1716.4735438147663,2432.5597613196715,1040.7903568005809,4023.9357107324568,1555.6579097528236,1.1242642042302633,0.5149801920762905,0.0006283002222271652,0.00033666343412100196,advance_eq19_20,0.1195993643582817,0.13758785184024586,0.17777295203518237,0.17322658168143984,1.48640381986171,1.259025265417868,82.0454186369934,6.758988152712913e-16,a1_station_hull_matched_sweep_free_surface_marching_not_benchmark_validated,41,8,24,10,3.0,2,16,15.0,False,none,0.0,1.0,1.0,1.0,trapezoid,1.0,1.0,1.0,1.0,1.0,1.0,1.0,True,False,True,3.0,11,9,40,True,True,True,True,A1_GRID_RECOMMENDED,"A1 Section 3.3 recommends control radius about 3B, inner free-surface panels greater than 10, outer/free-surface proxy panels greater than 8, and roughly 60 stations at Fn=0.2 or 40 at Fn=0.3."
0,st41_bp8_fs24_cp10_r3p0_h2_fsm_clipfs_onezonefs_noend_pr1p0_pl1p0_pf1p0_pm1p0_dt1p0_fv1p0_hr1p0_hqtrapezoid_hp1p0_hc1p0_ci1p0_cp1p0_cn1p0_cd1p0_pg1p0,A33,OK,diagnostic_matched_wigley_sensitivity_not_hard_gate,wigley_iii,Fn0.4,0.4,2.1696064159197173,1.0,1.808005346599764,1.0,79.95,33,34,5,2.55,0.4500000000000002,0.07499999999999996,-0.8656874999999999,0.8656874999999999,0.06862499999999994,0.06862500000000005,heave,heave_force,-1.0499999999999998,128.24020140411412,-177.9424219542529,9.618015105308553,-13.34568164656896,0.03680167331913601,0.03680167331913601,0.0,4.566218552854893,4.566218552854893,0.0,0.0,4.566218552854893,1.188032676399058,0.5258662754287696,0.009260565335570401,0.0036395986461855985,0.01148282780982367,0.004602244513083403,1.6328313931452583,4246.494447506139,1569.4151366279532,2201.668666636342,974.5382635110126,3631.16650335016,1468.170639805575,1.1580291817221433,0.6373732445633742,0.0005346869668826037,0.0002816341417899907,advance_eq19_20,0.08129304024853459,0.11191227507965791,0.1319499888046283,0.15007805833884028,1.623140042508213,1.3410330388870781,81.06571677861561,4.499908448452307e-16,a1_station_hull_matched_sweep_free_surface_marching_not_benchmark_validated,41,8,24,10,3.0,2,16,15.0,False,none,0.0,1.0,1.0,1.0,trapezoid,1.0,1.0,1.0,1.0,1.0,1.0,1.0,True,False,True,3.0,11,9,40,True,True,True,True,A1_GRID_RECOMMENDED,"A1 Section 3.3 recommends control radius about 3B, inner free-surface panels greater than 10, outer/free-surface proxy panels greater than 8, and roughly 60 stations at Fn=0.2 or 40 at Fn=0.3."
0,st41_bp8_fs24_cp10_r3p0_h2_fsm_clipfs_onezonefs_noend_pr1p0_pl1p0_pf1p0_pm1p0_dt1p0_fv1p0_hr1p0_hqtrapezoid_hp1p0_hc1p0_ci1p0_cp1p0_cn1p0_cd1p0_pg1p0,A33,OK,diagnostic_matched_wigley_sensitivity_not_hard_gate,wigley_iii,Fn0.4,0.4,2.1696064159197173,1.0,1.808005346599764,1.0,79.95,34,35,4,2.625,0.375,0.07499999999999996,-0.8652343749999999,0.8652343749999999,0.06953124999999993,0.06953125000000009,heave,heave_force,-1.125,102.02385455245678,-83.65902539221113,7.651789091434254,-6.274426904415831,0.029278249136297035,0.029278249136297035,0.0,4.599258514082609,4.599258514082609,0.0,0.0,4.599258514082609,1.0870936458996825,0.5049793503854887,0.008337094821094033,0.0033590013748005104,0.009504013304554963,0.003090305397942859,1.2757058878234329,3479.5211518877454,1357.5894365191389,2014.607902142288,935.8304995549252,2836.974171024486,1283.2127502164242,1.196842227775744,0.7566531014786216,0.000742828052780949,0.0003800936226085425,advance_eq19_20,0.048893325318704196,0.08423009793775928,0.09118033670468967,0.12487710579204814,1.8648831125791423,1.482571062476081,80.04292683338196,6.299319959077571e-16,a1_station_hull_matched_sweep_free_surface_marching_not_benchmark_validated,41,8,24,10,3.0,2,16,15.0,False,none,0.0,1.0,1.0,1.0,trapezoid,1.0,1.0,1.0,1.0,1.0,1.0,1.0,True,False,True,3.0,11,9,40,True,True,True,True,A1_GRID_RECOMMENDED,"A1 Section 3.3 recommends control radius about 3B, inner free-surface panels greater than 10, outer/free-surface proxy panels greater than 8, and roughly 60 stations at Fn=0.2 or 40 at Fn=0.3."
0,st41_bp8_fs24_cp10_r3p0_h2_fsm_clipfs_onezonefs_noend_pr1p0_pl1p0_pf1p0_pm1p0_dt1p0_fv1p0_hr1p0_hqtrapezoid_hp1p0_hc1p0_ci1p0_cp1p0_cn1p0_cd1p0_pg1p0,A33,OK,diagnostic_matched_wigley_sensitivity_not_hard_gate,wigley_iii,Fn0.4,0.4,2.1696064159197173,1.0,1.808005346599764,1.0,79.95,35,36,3,2.6999999999999997,0.30000000000000027,0.07499999999999996,-0.8647499999999999,0.8647499999999999,0.0704999999999999,0.07050000000000001,heave,heave_force,-1.1999999999999997,82.80269079276283,258.6393607655348,6.2102018094572085,19.397952057415097,0.02376226443140106,0.02376226443140106,0.0,4.625778770866457,4.625778770866457,0.0,0.0,4.625778770866457,1.0555850104550704,0.5288157379400719,0.008973160158994947,0.0037826846873487067,0.009890058621271652,0.0037581112221241257,3.3637306687620603,7731.977629352318,5274.726441628427,1956.2159262606683,980.0042236007934,7480.42093138139,5182.888263867811,1.2452684581935551,0.8506022227850021,9.07730550453871e-05,5.04989547255928e-05,advance_eq19_20,0.023107954207410093,0.05315648860431778,0.055640128678663706,0.09612582244297606,2.4078344702977397,1.8083553855204797,78.98504044428888,4.747391123723519e-16,a1_station_hull_matched_sweep_free_surface_marching_not_benchmark_validated,41,8,24,10,3.0,2,16,15.0,False,none,0.0,1.0,1.0,1.0,trapezoid,1.0,1.0,1.0,1.0,1.0,1.0,1.0,True,False,True,3.0,11,9,40,True,True,True,True,A1_GRID_RECOMMENDED,"A1 Section 3.3 recommends control radius about 3B, inner free-surface panels greater than 10, outer/free-surface proxy panels greater than 8, and roughly 60 stations at Fn=0.2 or 40 at Fn=0.3."
0,st41_bp8_fs24_cp10_r3p0_h2_fsm_clipfs_onezonefs_noend_pr1p0_pl1p0_pf1p0_pm1p0_dt1p0_fv1p0_hr1p0_hqtrapezoid_hp1p0_hc1p0_ci1p0_cp1p0_cn1p0_cd1p0_pg1p0,A33,OK,diagnostic_matched_wigley_sensitivity_not_hard_gate,wigley_iii,Fn0.4,0.4,2.1696064159197173,1.0,1.808005346599764,1.0,79.95,36,37,2,2.775,0.2250000000000001,0.07500000000000018,-0.8642343749999999,0.8642343749999999,0.07153124999999994,0.07153125000000005,heave,heave_force,-1.275,90.77609835552866,-740.8379392640553,6.808207376664666,-55.56284544480428,0.026050429430772567,0.026050429430772567,0.0,4.650685117797544,4.650685117797544,0.0,0.0,4.650685117797544,1.489012248983512,0.8545687725422387,0.0194206275165031,0.008530994889406437,0.020967685204114173,0.009095405324145713,10.36546367004194,23215.779182104347,14475.091844070315,2759.445659997597,1583.6915325384043,23051.200894568377,14388.196725929109,1.4596193963056374,1.0290710179452018,0.000423383709773352,0.00020982269189511623,advance_eq19_20,0.00592623059615382,0.013709339575411908,0.026465278243443118,0.061672386469461514,4.465786103669226,4.498567281831191,77.91010290862681,9.285900975700135e-16,a1_station_hull_matched_sweep_free_surface_marching_not_benchmark_validated,41,8,24,10,3.0,2,16,15.0,False,none,0.0,1.0,1.0,1.0,trapezoid,1.0,1.0,1.0,1.0,1.0,1.0,1.0,True,False,True,3.0,11,9,40,True,True,True,True,A1_GRID_RECOMMENDED,"A1 Section 3.3 recommends control radius about 3B, inner free-surface panels greater than 10, outer/free-surface proxy panels greater than 8, and roughly 60 stations at Fn=0.2 or 40 at Fn=0.3."
0,st41_bp8_fs24_cp10_r3p0_h2_fsm_clipfs_onezonefs_noend_pr1p0_pl1p0_pf1p0_pm1p0_dt1p0_fv1p0_hr1p0_hqtrapezoid_hp1p0_hc1p0_ci1p0_cp1p0_cn1p0_cd1p0_pg1p0,A33,OK,diagnostic_matched_wigley_sensitivity_not_hard_gate,wigley_iii,Fn0.4,0.4,2.1696064159197173,1.0,1.808005346599764,1.0,79.95,37,38,1,2.85,0.1499999999999999,0.07499999999999996,-0.8636874999999999,0.8636874999999999,0.07262499999999994,0.07262500000000005,heave,heave_force,-1.35,-19.851162675672725,-368.9797311127862,-1.4888372006754536,-27.673479833458952,-0.005696778356523202,-0.005696778356523202,0.0,4.66086194333467,4.66086194333467,0.0,0.0,4.66086194333467,0.6267894373040638,0.4416781494858364,0.018671882838075655,0.00838461110601847,0.020017729335870454,0.00927759597781137,8.637956189144619,19244.57645825416,13433.800437139776,1161.569620183955,818.5203671403491,19209.489297611635,13408.841060787965,0.3103861602008398,0.12332544428759734,2.9578433914142543e-05,1.3477640613174163e-05,advance_eq19_20,0.0018148638573706989,0.005353564868699338,0.006510027439494351,0.014604441229391705,3.587061042102527,2.7279843595020994,77.78531556101758,2.4346708193619053e-16,a1_station_hull_matched_sweep_free_surface_marching_not_benchmark_validated,41,8,24,10,3.0,2,16,15.0,False,none,0.0,1.0,1.0,1.0,trapezoid,1.0,1.0,1.0,1.0,1.0,1.0,1.0,True,False,True,3.0,11,9,40,True,True,True,True,A1_GRID_RECOMMENDED,"A1 Section 3.3 recommends control radius about 3B, inner free-surface panels greater than 10, outer/free-surface proxy panels greater than 8, and roughly 60 stations at Fn=0.2 or 40 at Fn=0.3."
0,st41_bp8_fs24_cp10_r3p0_h2_fsm_clipfs_onezonefs_noend_pr1p0_pl1p0_pf1p0_pm1p0_dt1p0_fv1p0_hr1p0_hqtrapezoid_hp1p0_hc1p0_ci1p0_cp1p0_cn1p0_cd1p0_pg1p0,A33,OK,diagnostic_matched_wigley_sensitivity_not_hard_gate,wigley_iii,Fn0.4,0.4,2.1696064159197173,1.0,1.808005346599764,1.0,79.95,38,39,0,2.925,0.07500000000000018,0.03749999999999987,-0.8631093749999998,0.8631093749999998,0.07378124999999991,0.07378125000000002,heave,heave_force,-1.4249999999999998,8.38708085842595,790.7099014119884,0.314515532190972,29.65162130294946,0.0012034393523771695,0.0012034393523771695,0.0,4.659216993508784,4.659216993508784,0.0,0.0,4.659216993508784,0.6799261259745584,0.3964484095076149,0.002152530445515223,0.0010281735308963103,0.002435381548069821,0.0012710079460324785,30.1261271027528,67007.73286184517,36644.374136662846,1260.0428228312378,734.700365141759,66995.884615169,36644.25760735574,0.3785305219891743,0.2668448968785692,0.0,0.0,initialize_eq21_22,0.0,0.0,0.002217952277280315,0.006542612738622768,,,113.94877021527233,1.0956202933659661e-15,a1_station_hull_matched_sweep_free_surface_marching_not_benchmark_validated,41,8,24,10,3.0,2,16,15.0,False,none,0.0,1.0,1.0,1.0,trapezoid,1.0,1.0,1.0,1.0,1.0,1.0,1.0,True,False,True,3.0,11,9,40,True,True,True,True,A1_GRID_RECOMMENDED,"A1 Section 3.3 recommends control radius about 3B, inner free-surface panels greater than 10, outer/free-surface proxy panels greater than 8, and roughly 60 stations at Fn=0.2 or 40 at Fn=0.3."
14,st41_bp8_fs24_cp10_r3p0_h2_fsm_clipfs_onezonefs_noend_pr1p0_pl1p0_pf1p0_pm1p0_dt1p0_fv0p0_hr1p0_hqtrapezoid_hp1p0_hc1p0_cim1p0_cp1p0_cnm1p0_cd1p0_pg1p0,A53,OK,diagnostic_matched_wigley_sensitivity_not_hard_gate,wigley_iii,Fn0.4,0.4,2.1696064159197173,2.0,3.616010693199528,0.15,239.85000000000002,0,1,38,0.075,2.925,0.0375,-0.8631093749999998,0.8631093749999998,0.07378124999999991,0.07378125000000002,heave,pitch_moment,1.425,47.610626026607676,-2199.3436953669916,1.785398475997788,-82.47538857626218,0.0005692932372110784,0.0005692932372110784,0.0,0.0,0.0,0.0,0.0,0.0,1.354236101049612,0.7896118714029418,0.011285420393818834,0.0050907750947603485,0.04206710493147402,0.023649163251543464,58.79709951411826,130852.03266629041,70542.7184554666,5019.355528075039,2926.626094732086,130755.72845188358,70541.75838403408,0.7529597230909322,0.5312402498263722,0.0003591378248248601,0.00018224848969373465,advance_eq19_20,0.0,0.0,0.0,0.0,,,418.23117884841605,1.7384109321765233e-15,a1_station_hull_matched_sweep_free_surface_marching_not_benchmark_validated,41,8,24,10,3.0,2,16,15.0,False,none,0.0,1.0,0.0,1.0,trapezoid,1.0,1.0,-1.0,1.0,-1.0,1.0,1.0,True,False,True,3.0,11,9,40,True,True,True,True,A1_GRID_RECOMMENDED,"A1 Section 3.3 recommends control radius about 3B, inner free-surface panels greater than 10, outer/free-surface proxy panels greater than 8, and roughly 60 stations at Fn=0.2 or 40 at Fn=0.3."
14,st41_bp8_fs24_cp10_r3p0_h2_fsm_clipfs_onezonefs_noend_pr1p0_pl1p0_pf1p0_pm1p0_dt1p0_fv0p0_hr1p0_hqtrapezoid_hp1p0_hc1p0_cim1p0_cp1p0_cnm1p0_cd1p0_pg1p0,A53,OK,diagnostic_matched_wigley_sensitivity_not_hard_gate,wigley_iii,Fn0.4,0.4,2.1696064159197173,2.0,3.616010693199528,0.15,239.85000000000002,1,2,37,0.15,2.85,0.07499999999999998,-0.8636874999999999,0.8636874999999999,0.07262499999999991,0.07262500000000005,heave,pitch_moment,1.35,-102.20999382386474,983.1209263954864,-7.665749536789853,73.73406947966147,-0.002444305530735665,-0.002444305530735665,0.0,-0.0006528595281567543,-0.0006528595281567543,0.0,0.0,-0.0006528595281567543,1.1913888992862913,0.8398223658248282,0.05199647064996175,0.025615154915386615,0.21623193327344897,0.1290524007382996,17.126901074216438,38342.7226902372,26808.04516417799,4415.776874567907,3112.726821590972,38087.600316828335,26626.71998686198,0.5690561637924354,0.2768671975224066,0.008133378617050558,0.0033423324329767646,advance_eq19_20,0.0,0.0,0.0,0.0,,,343.0542195004202,2.228277964386318e-16,a1_station_hull_matched_sweep_free_surface_marching_not_benchmark_validated,41,8,24,10,3.0,2,16,15.0,False,none,0.0,1.0,0.0,1.0,trapezoid,1.0,1.0,-1.0,1.0,-1.0,1.0,1.0,True,False,True,3.0,11,9,40,True,True,True,True,A1_GRID_RECOMMENDED,"A1 Section 3.3 recommends control radius about 3B, inner free-surface panels greater than 10, outer/free-surface proxy panels greater than 8, and roughly 60 stations at Fn=0.2 or 40 at Fn=0.3."
14,st41_bp8_fs24_cp10_r3p0_h2_fsm_clipfs_onezonefs_noend_pr1p0_pl1p0_pf1p0_pm1p0_dt1p0_fv0p0_hr1p0_hqtrapezoid_hp1p0_hc1p0_cim1p0_cp1p0_cnm1p0_cd1p0_pg1p0,A53,OK,diagnostic_matched_wigley_sensitivity_not_hard_gate,wigley_iii,Fn0.4,0.4,2.1696064159197173,2.0,3.616010693199528,0.15,239.85000000000002,2,3,36,0.22499999999999998,2.775,0.075,-0.8642343749999999,0.8642343749999999,0.07153124999999994,0.07153125000000006,heave,pitch_moment,1.275,457.92300265525654,1724.9692263899283,34.34422519914424,129.37269197924462,0.010951020405795028,0.010951020405795028,0.0,0.0036004979093729257,0.0036004979093729257,0.0,0.0,0.0036004979093729257,2.945790239673185,1.696693416331077,0.041626189660981534,0.020771778572611362,0.1897342576109313,0.11259695091466031,19.012707270477893,43668.31258919957,27444.372906550023,10918.309231745561,6288.643074947773,42281.34396998309,26714.164267475942,3.0594854448347752,2.157990773217569,0.004335515155541562,0.001794373457971705,advance_eq19_20,0.0,0.0,0.0,0.0,,,342.8446096912935,9.549070367319937e-16,a1_station_hull_matched_sweep_free_surface_marching_not_benchmark_validated,41,8,24,10,3.0,2,16,15.0,False,none,0.0,1.0,0.0,1.0,trapezoid,1.0,1.0,-1.0,1.0,-1.0,1.0,1.0,True,False,True,3.0,11,9,40,True,True,True,True,A1_GRID_RECOMMENDED,"A1 Section 3.3 recommends control radius about 3B, inner free-surface panels greater than 10, outer/free-surface proxy panels greater than 8, and roughly 60 stations at Fn=0.2 or 40 at Fn=0.3."
14,st41_bp8_fs24_cp10_r3p0_h2_fsm_clipfs_onezonefs_noend_pr1p0_pl1p0_pf1p0_pm1p0_dt1p0_fv0p0_hr1p0_hqtrapezoid_hp1p0_hc1p0_cim1p0_cp1p0_cnm1p0_cd1p0_pg1p0,A53,OK,diagnostic_matched_wigley_sensitivity_not_hard_gate,wigley_iii,Fn0.4,0.4,2.1696064159197173,2.0,3.616010693199528,0.15,239.85000000000002,3,4,35,0.3,2.7,0.07500000000000001,-0.8647499999999999,0.8647499999999999,0.0704999999999999,0.07050000000000001,heave,pitch_moment,1.2,355.62250444205705,-888.0772489852878,26.671687833154284,-66.6057936738966,0.008504550503737827,0.008504550503737827,0.0,0.013328283364139352,0.013328283364139352,0.0,0.0,0.013328283364139352,1.8820015316421856,0.9620666146445289,0.007824878438675293,0.004259407826164806,0.05738895913507436,0.029413910879116552,8.45520878804337,20055.255725081235,13008.82658679498,6975.471104611935,3565.8142452780085,18803.087115341663,12510.577042386029,2.9637436888978903,2.073715264084011,0.004019006563852885,0.0016682132720050279,advance_eq19_20,0.0,0.0,0.0,0.0,,,342.76452809793557,7.546568348567312e-16,a1_station_hull_matched_sweep_free_surface_marching_not_benchmark_validated,41,8,24,10,3.0,2,16,15.0,False,none,0.0,1.0,0.0,1.0,trapezoid,1.0,1.0,-1.0,1.0,-1.0,1.0,1.0,True,False,True,3.0,11,9,40,True,True,True,True,A1_GRID_RECOMMENDED,"A1 Section 3.3 recommends control radius about 3B, inner free-surface panels greater than 10, outer/free-surface proxy panels greater than 8, and roughly 60 stations at Fn=0.2 or 40 at Fn=0.3."
14,st41_bp8_fs24_cp10_r3p0_h2_fsm_clipfs_onezonefs_noend_pr1p0_pl1p0_pf1p0_pm1p0_dt1p0_fv0p0_hr1p0_hqtrapezoid_hp1p0_hc1p0_cim1p0_cp1p0_cnm1p0_cd1p0_pg1p0,A53,OK,diagnostic_matched_wigley_sensitivity_not_hard_gate,wigley_iii,Fn0.4,0.4,2.1696064159197173,2.0,3.616010693199528,0.15,239.85000000000002,4,5,34,0.375,2.625,0.07499999999999998,-0.8652343749999999,0.8652343749999999,0.06953124999999993,0.06953125000000009,heave,pitch_moment,1.125,376.0056359176282,-106.2168439467077,28.20042269382211,-7.966263296003076,0.00899200382542874,0.00899200382542874,0.0,0.022076560528722637,0.022076560528722637,0.0,0.0,0.022076560528722637,1.7644236841727,0.8528462839154974,0.003891016366790552,0.0020367417397865856,0.04370396244189461,0.01606888793355246,1.2859359083208948,7137.606561284125,3722.565758419679,6539.679282035564,3160.9988143512674,2859.7241670834264,1966.108420568042,3.3630387955359615,2.342730912045838,0.004390754133283295,0.0018237560215334358,advance_eq19_20,0.0,0.0,0.0,0.0,,,342.70650863905854,4.48889779422553e-16,a1_station_hull_matched_sweep_free_surface_marching_not_benchmark_validated,41,8,24,10,3.0,2,16,15.0,False,none,0.0,1.0,0.0,1.0,trapezoid,1.0,1.0,-1.0,1.0,-1.0,1.0,1.0,True,False,True,3.0,11,9,40,True,True,True,True,A1_GRID_RECOMMENDED,"A1 Section 3.3 recommends control radius about 3B, inner free-surface panels greater than 10, outer/free-surface proxy panels greater than 8, and roughly 60 stations at Fn=0.2 or 40 at Fn=0.3."
14,st41_bp8_fs24_cp10_r3p0_h2_fsm_clipfs_onezonefs_noend_pr1p0_pl1p0_pf1p0_pm1p0_dt1p0_fv0p0_hr1p0_hqtrapezoid_hp1p0_hc1p0_cim1p0_cp1p0_cnm1p0_cd1p0_pg1p0,A53,OK,diagnostic_matched_wigley_sensitivity_not_hard_gate,wigley_iii,Fn0.4,0.4,2.1696064159197173,2.0,3.616010693199528,0.15,239.85000000000002,5,6,33,0.44999999999999996,2.55,0.07500000000000001,-0.8656874999999999,0.8656874999999999,0.06862499999999994,0.06862500000000005,heave,pitch_moment,1.05,406.775161001299,31.842617981056705,30.50813707509743,2.3881963485792532,0.009727843027901776,0.009727843027901776,0.0,0.03143648395538789,0.03143648395538789,0.0,0.0,0.03143648395538789,1.769214454803774,0.8294512327086335,0.007353180594721074,0.004287269003398394,0.049993759784389524,0.022737084749548143,0.6224334996749297,6701.9374163403245,3090.2113088951373,6557.435846811961,3074.2871401359976,1384.1966072375428,589.4649421373667,3.8036839750125044,2.6424177663298165,0.0050490153409321215,0.002096626873004713,advance_eq19_20,0.0,0.0,0.0,0.0,,,342.6545414156471,5.601685770866535e-16,a1_station_hull_matched_sweep_free_surface_marching_not_benchmark_validated,41,8,24,10,3.0,2,16,15.0,False,none,0.0,1.0,0.0,1.0,trapezoid,1.0,1.0,-1.0,1.0,-1.0,1.0,1.0,True,False,True,3.0,11,9,40,True,True,True,True,A1_GRID_RECOMMENDED,"A1 Section 3.3 recommends control radius about 3B, inner free-surface panels greater than 10, outer/free-surface proxy panels greater than 8, and roughly 60 stations at Fn=0.2 or 40 at Fn=0.3."
14,st41_bp8_fs24_cp10_r3p0_h2_fsm_clipfs_onezonefs_noend_pr1p0_pl1p0_pf1p0_pm1p0_dt1p0_fv0p0_hr1p0_hqtrapezoid_hp1p0_hc1p0_cim1p0_cp1p0_cnm1p0_cd1p0_pg1p0,A53,OK,diagnostic_matched_wigley_sensitivity_not_hard_gate,wigley_iii,Fn0.4,0.4,2.1696064159197173,2.0,3.616010693199528,0.15,239.85000000000002,6,7,32,0.525,2.475,0.07500000000000001,-0.866109375,0.866109375,0.0677812499999999,0.06778125000000006,heave,pitch_moment,0.975,434.0022757042212,78.02118781458692,32.550170677816595,5.8515890860940205,0.010378967096738068,0.010378967096738068,0.0,0.041489889017707816,0.041489889017707816,0.0,0.0,0.041489889017707816,1.8074561298791094,0.8317131601373852,0.010318297573793687,0.005924952261627144,0.060314558778043016,0.028708621332043847,0.6766267551159881,6866.084255348483,3089.811022332097,6699.175210460192,3082.670772749845,1504.7140928096517,649.4271653468734,4.235752694508255,2.936925034128912,0.005850202627779939,0.0024279570922110705,advance_eq19_20,0.0,0.0,0.0,0.0,,,342.6062403202438,3.158823210763623e-16,a1_station_hull_matched_sweep_free_surface_marching_not_benchmark_validated,41,8,24,10,3.0,2,16,15.0,False,none,0.0,1.0,0.0,1.0,trapezoid,1.0,1.0,-1.0,1.0,-1.0,1.0,1.0,True,False,True,3.0,11,9,40,True,True,True,True,A1_GRID_RECOMMENDED,"A1 Section 3.3 recommends control radius about 3B, inner free-surface panels greater than 10, outer/free-surface proxy panels greater than 8, and roughly 60 stations at Fn=0.2 or 40 at Fn=0.3."
14,st41_bp8_fs24_cp10_r3p0_h2_fsm_clipfs_onezonefs_noend_pr1p0_pl1p0_pf1p0_pm1p0_dt1p0_fv0p0_hr1p0_hqtrapezoid_hp1p0_hc1p0_cim1p0_cp1p0_cnm1p0_cd1p0_pg1p0,A53,OK,diagnostic_matched_wigley_sensitivity_not_hard_gate,wigley_iii,Fn0.4,0.4,2.1696064159197173,2.0,3.616010693199528,0.15,239.85000000000002,7,8,31,0.6,2.4,0.07499999999999996,-0.8664999999999999,0.8664999999999998,0.06699999999999995,0.06700000000000006,heave,pitch_moment,0.9,453.3970599409147,93.46272875128449,34.004779495568584,7.009704656346332,0.010842784543580583,0.010842784543580583,0.0,0.052100764837867145,0.052100764837867145,0.0,0.0,0.052100764837867145,1.856168865446417,0.8436115518765847,0.01268007467050832,0.007241336560306117,0.07136419800251134,0.03428275379729099,0.7072456094760554,7057.218205899585,3153.247960970579,6879.724627484236,3126.7711023046877,1572.805727249058,641.5929625388676,4.645920795157862,3.216715200449561,0.006719578548178141,0.0027870587942429785,advance_eq19_20,0.0,0.0,0.0,0.0,,,342.56168396636383,5.722393749954205e-16,a1_station_hull_matched_sweep_free_surface_marching_not_benchmark_validated,41,8,24,10,3.0,2,16,15.0,False,none,0.0,1.0,0.0,1.0,trapezoid,1.0,1.0,-1.0,1.0,-1.0,1.0,1.0,True,False,True,3.0,11,9,40,True,True,True,True,A1_GRID_RECOMMENDED,"A1 Section 3.3 recommends control radius about 3B, inner free-surface panels greater than 10, outer/free-surface proxy panels greater than 8, and roughly 60 stations at Fn=0.2 or 40 at Fn=0.3."
14,st41_bp8_fs24_cp10_r3p0_h2_fsm_clipfs_onezonefs_noend_pr1p0_pl1p0_pf1p0_pm1p0_dt1p0_fv0p0_hr1p0_hqtrapezoid_hp1p0_hc1p0_cim1p0_cp1p0_cnm1p0_cd1p0_pg1p0,A53,OK,diagnostic_matched_wigley_sensitivity_not_hard_gate,wigley_iii,Fn0.4,0.4,2.1696064159197173,2.0,3.616010693199528,0.15,239.85000000000002,8,9,30,0.6749999999999999,2.325,0.07500000000000001,-0.866859375,0.866859375,0.06628124999999993,0.06628125000000007,heave,pitch_moment,0.8250000000000001,463.20499281833855,94.87248430409367,34.740374461375396,7.115436322807026,0.011077336798995887,0.011077336798995887,0.0,0.06306082550915537,0.06306082550915537,0.0,0.0,0.06306082550915537,1.907082198815563,0.8592174316646441,0.01463562906858675,0.008353549817003026,0.0824380368977376,0.03954050495789139,0.6933840489763532,7234.667189599982,3220.3896154558015,7068.430364320733,3184.6129061998577,1541.9797433893743,620.7872772431118,5.029048398281146,3.4781381953560606,0.007609256980462417,0.003154249075501896,advance_eq19_20,0.0,0.0,0.0,0.0,,,342.5212065841895,5.39441726907775e-16,a1_station_hull_matched_sweep_free_surface_marching_not_benchmark_validated,41,8,24,10,3.0,2,16,15.0,False,none,0.0,1.0,0.0,1.0,trapezoid,1.0,1.0,-1.0,1.0,-1.0,1.0,1.0,True,False,True,3.0,11,9,40,True,True,True,True,A1_GRID_RECOMMENDED,"A1 Section 3.3 recommends control radius about 3B, inner free-surface panels greater than 10, outer/free-surface proxy panels greater than 8, and roughly 60 stations at Fn=0.2 or 40 at Fn=0.3."
14,st41_bp8_fs24_cp10_r3p0_h2_fsm_clipfs_onezonefs_noend_pr1p0_pl1p0_pf1p0_pm1p0_dt1p0_fv0p0_hr1p0_hqtrapezoid_hp1p0_hc1p0_cim1p0_cp1p0_cnm1p0_cd1p0_pg1p0,A53,OK,diagnostic_matched_wigley_sensitivity_not_hard_gate,wigley_iii,Fn0.4,0.4,2.1696064159197173,2.0,3.616010693199528,0.15,239.85000000000002,9,10,29,0.75,2.25,0.07500000000000001,-0.8671874999999999,0.8671874999999999,0.06562499999999982,0.0656250000000001,heave,pitch_moment,0.75,462.72195694143755,88.90550751603334,34.70414677060782,6.6679130637025015,0.011065785215620514,0.011065785215620514,0.0,0.07413238651646359,0.07413238651646359,0.0,0.0,0.07413238651646359,1.9566285510474726,0.8758999340893822,0.01630316578728166,0.009317752485062971,0.09328275735414068,0.0444903232803369,0.6546445682735094,7396.752696563285,3283.3913075957166,7252.069507287339,3246.4451160359667,1455.8290818600292,581.2866518147819,5.3826039358374524,3.719411119652449,0.008484649338165538,0.0035153009621725394,advance_eq19_20,0.0,0.0,0.0,0.0,,,342.4849787194831,3.6415954775831183e-16,a1_station_hull_matched_sweep_free_surface_marching_not_benchmark_validated,41,8,24,10,3.0,2,16,15.0,False,none,0.0,1.0,0.0,1.0,trapezoid,1.0,1.0,-1.0,1.0,-1.0,1.0,1.0,True,False,True,3.0,11,9,40,True,True,True,True,A1_GRID_RECOMMENDED,"A1 Section 3.3 recommends control radius about 3B, inner free-surface panels greater than 10, outer/free-surface proxy panels greater than 8, and roughly 60 stations at Fn=0.2 or 40 at Fn=0.3."
14,st41_bp8_fs24_cp10_r3p0_h2_fsm_clipfs_onezonefs_noend_pr1p0_pl1p0_pf1p0_pm1p0_dt1p0_fv0p0_hr1p0_hqtrapezoid_hp1p0_hc1p0_cim1p0_cp1p0_cnm1p0_cd1p0_pg1p0,A53,OK,diagnostic_matched_wigley_sensitivity_not_hard_gate,wigley_iii,Fn0.4,0.4,2.1696064159197173,2.0,3.616010693199528,0.15,239.85000000000002,10,11,28,0.825,2.175,0.07499999999999996,-0.8674843749999999,0.8674843749999999,0.06503124999999987,0.0650312500000001,heave,pitch_moment,0.675,451.8238388127422,78.91000071642628,33.88678791095565,5.918250053731968,0.01080516167559285,0.01080516167559285,0.0,0.08506785996207027,0.08506785996207027,0.0,0.0,0.08506785996207027,2.0030845086222175,0.8923475072753742,0.017749984906620143,0.010163607391899055,0.10371902404671621,0.049112144129288174,0.6025536666821253,7544.210891747199,3341.154577178766,7424.254377624266,3307.406581566639,1339.986908698727,532.4567674806425,5.705090808073652,3.9394871642298783,0.009318995323451915,0.0038592024894864452,advance_eq19_20,0.0,0.0,0.0,0.0,,,342.4529909421924,4.318019972486046e-16,a1_station_hull_matched_sweep_free_surface_marching_not_benchmark_validated,41,8,24,10,3.0,2,16,15.0,False,none,0.0,1.0,0.0,1.0,trapezoid,1.0,1.0,-1.0,1.0,-1.0,1.0,1.0,True,False,True,3.0,11,9,40,True,True,True,True,A1_GRID_RECOMMENDED,"A1 Section 3.3 recommends control radius about 3B, inner free-surface panels greater than 10, outer/free-surface proxy panels greater than 8, and roughly 60 stations at Fn=0.2 or 40 at Fn=0.3."
14,st41_bp8_fs24_cp10_r3p0_h2_fsm_clipfs_onezonefs_noend_pr1p0_pl1p0_pf1p0_pm1p0_dt1p0_fv0p0_hr1p0_hqtrapezoid_hp1p0_hc1p0_cim1p0_cp1p0_cnm1p0_cd1p0_pg1p0,A53,OK,diagnostic_matched_wigley_sensitivity_not_hard_gate,wigley_iii,Fn0.4,0.4,2.1696064159197173,2.0,3.616010693199528,0.15,239.85000000000002,11,12,27,0.8999999999999999,2.1,0.07500000000000001,-0.8677499999999999,0.8677499999999999,0.06449999999999989,0.0645,heave,pitch_moment,0.6000000000000001,430.7710955223316,66.86605409828461,32.307832164174876,5.014954057371346,0.010301694891800784,0.010301694891800784,0.0,0.09562128824576709,0.09562128824576709,0.0,0.0,0.09562128824576709,2.0455511734217797,0.9078501842735396,0.019014554889309088,0.010907552197915038,0.11357876815663102,0.05337430583673797,0.543115100022958,7677.255934805862,3393.45996986937,7581.653289494496,3364.865873510188,1207.804655732506,478.5981482997927,5.99550156762629,4.137666068832296,0.010090801879710695,0.004177107005961373,advance_eq19_20,0.0,0.0,0.0,0.0,,,342.4251138934239,3.3675454299815094e-16,a1_station_hull_matched_sweep_free_surface_marching_not_benchmark_validated,41,8,24,10,3.0,2,16,15.0,False,none,0.0,1.0,0.0,1.0,trapezoid,1.0,1.0,-1.0,1.0,-1.0,1.0,1.0,True,False,True,3.0,11,9,40,True,True,True,True,A1_GRID_RECOMMENDED,"A1 Section 3.3 recommends control radius about 3B, inner free-surface panels greater than 10, outer/free-surface proxy panels greater than 8, and roughly 60 stations at Fn=0.2 or 40 at Fn=0.3."
14,st41_bp8_fs24_cp10_r3p0_h2_fsm_clipfs_onezonefs_noend_pr1p0_pl1p0_pf1p0_pm1p0_dt1p0_fv0p0_hr1p0_hqtrapezoid_hp1p0_hc1p0_cim1p0_cp1p0_cnm1p0_cd1p0_pg1p0,A53,OK,diagnostic_matched_wigley_sensitivity_not_hard_gate,wigley_iii,Fn0.4,0.4,2.1696064159197173,2.0,3.616010693199528,0.15,239.85000000000002,12,13,26,0.975,2.025,0.07500000000000007,-0.8679843749999999,0.8679843749999999,0.06403124999999998,0.0640312500000001,heave,pitch_moment,0.525,400.1087899792216,54.08590691064866,30.00815924844165,4.056443018298653,0.009568419795891028,0.009568419795891028,0.0,0.10555634558961298,0.10555634558961298,0.0,0.0,0.10555634558961298,2.0835329973800705,0.9219988379947353,0.020118588173188484,0.011558812972180806,0.12270018143572041,0.05724122658356469,0.479505942284816,7795.704925001655,3440.148946240283,7722.429538114409,3417.3065987391647,1066.3476480740856,421.87247973725965,6.2530994672530635,4.31343951063029,0.010782515824698248,0.004461789214192347,advance_eq19_20,0.0,0.0,0.0,0.0,,,342.4011560901492,4.3136849219310705e-16,a1_station_hull_matched_sweep_free_surface_marching_not_benchmark_validated,41,8,24,10,3.0,2,16,15.0,False,none,0.0,1.0,0.0,1.0,trapezoid,1.0,1.0,-1.0,1.0,-1.0,1.0,1.0,True,False,True,3.0,11,9,40,True,True,True,True,A1_GRID_RECOMMENDED,"A1 Section 3.3 recommends control radius about 3B, inner free-surface panels greater than 10, outer/free-surface proxy panels greater than 8, and roughly 60 stations at Fn=0.2 or 40 at Fn=0.3."
14,st41_bp8_fs24_cp10_r3p0_h2_fsm_clipfs_onezonefs_noend_pr1p0_pl1p0_pf1p0_pm1p0_dt1p0_fv0p0_hr1p0_hqtrapezoid_hp1p0_hc1p0_cim1p0_cp1p0_cnm1p0_cd1p0_pg1p0,A53,OK,diagnostic_matched_wigley_sensitivity_not_hard_gate,wigley_iii,Fn0.4,0.4,2.1696064159197173,2.0,3.616010693199528,0.15,239.85000000000002,13,14,25,1.05,1.95,0.07500000000000001,-0.8681874999999999,0.8681874999999999,0.06362499999999982,0.0636250000000001,heave,pitch_moment,0.44999999999999996,360.6059087603044,41.50898517061412,27.04544315702283,3.113173887796059,0.008623726352216742,0.008623726352216742,0.0,0.11465241866366688,0.11465241866366688,0.0,0.0,0.11465241866366688,2.1167450116793867,0.9345456993467046,0.021073800559798142,0.01212246699600527,0.13093203964010872,0.06067735203887218,0.4134619477167089,7899.22328614461,3481.0453711873715,7845.526911934658,3463.8104231743478,919.4759368674552,363.4402442176167,6.4773200781360725,4.466421711291253,0.01137978691894946,0.004707343382099012,advance_eq19_20,0.0,0.0,0.0,0.0,,,342.3809050598612,3.617538967755505e-16,a1_station_hull_matched_sweep_free_surface_marching_not_benchmark_validated,41,8,24,10,3.0,2,16,15.0,False,none,0.0,1.0,0.0,1.0,trapezoid,1.0,1.0,-1.0,1.0,-1.0,1.0,1.0,True,False,True,3.0,11,9,40,True,True,True,True,A1_GRID_RECOMMENDED,"A1 Section 3.3 recommends control radius about 3B, inner free-surface panels greater than 10, outer/free-surface proxy panels greater than 8, and roughly 60 stations at Fn=0.2 or 40 at Fn=0.3."
14,st41_bp8_fs24_cp10_r3p0_h2_fsm_clipfs_onezonefs_noend_pr1p0_pl1p0_pf1p0_pm1p0_dt1p0_fv0p0_hr1p0_hqtrapezoid_hp1p0_hc1p0_cim1p0_cp1p0_cnm1p0_cd1p0_pg1p0,A53,OK,diagnostic_matched_wigley_sensitivity_not_hard_gate,wigley_iii,Fn0.4,0.4,2.1696064159197173,2.0,3.616010693199528,0.15,239.85000000000002,14,15,24,1.125,1.875,0.07499999999999996,-0.8683593749999999,0.8683593749999999,0.06328124999999996,0.06328125000000007,heave,pitch_moment,0.375,313.21288276962923,29.84039720058509,23.490966207722177,2.2380297900438806,0.0074903436837182435,0.0074903436837182435,0.0,0.12270945368163436,0.12270945368163436,0.0,0.0,0.12270945368163436,2.1450177972367883,0.9453346567055574,0.021885893245516073,0.012601140969009647,0.13813804141283303,0.06364938756581356,0.34596197986452243,7987.457201354945,3515.9734996616935,7950.317474209312,3503.798732981885,769.3663644578147,303.95721604327275,6.667721833916519,4.596314254614137,0.011871039706141779,0.004909008221557548,advance_eq19_20,0.0,0.0,0.0,0.0,,,342.3641533741088,4.304513495834484e-16,a1_station_hull_matched_sweep_free_surface_marching_not_benchmark_validated,41,8,24,10,3.0,2,16,15.0,False,none,0.0,1.0,0.0,1.0,trapezoid,1.0,1.0,-1.0,1.0,-1.0,1.0,1.0,True,False,True,3.0,11,9,40,True,True,True,True,A1_GRID_RECOMMENDED,"A1 Section 3.3 recommends control radius about 3B, inner free-surface panels greater than 10, outer/free-surface proxy panels greater than 8, and roughly 60 stations at Fn=0.2 or 40 at Fn=0.3."
14,st41_bp8_fs24_cp10_r3p0_h2_fsm_clipfs_onezonefs_noend_pr1p0_pl1p0_pf1p0_pm1p0_dt1p0_fv0p0_hr1p0_hqtrapezoid_hp1p0_hc1p0_cim1p0_cp1p0_cnm1p0_cd1p0_pg1p0,A53,OK,diagnostic_matched_wigley_sensitivity_not_hard_gate,wigley_iii,Fn0.4,0.4,2.1696064159197173,2.0,3.616010693199528,0.15,239.85000000000002,15,16,23,1.2,1.8,0.07499999999999996,-0.8684999999999999,0.8684999999999998,0.06299999999999994,0.06300000000000008,heave,pitch_moment,0.30000000000000004,259.02825863286336,19.62110318996471,19.42711939746474,1.4715827392473524,0.00619454303347492,0.00619454303347492,0.0,0.12955189704023096,0.12955189704023096,0.0,0.0,0.12955189704023096,2.168247997845595,0.9542643989611735,0.022557004212868353,0.012996011857659702,0.1441998204124402,0.06612765306137108,0.27757503219461144,8060.090351822706,3544.7757097726926,8036.418144361092,3536.8960275528048,617.2842850172648,243.81083368642228,6.823958476297614,4.702886010978692,0.012247217741460162,0.005063062469086199,advance_eq19_20,0.0,0.0,0.0,0.0,,,342.35071396278477,2.32349967712791e-16,a1_station_hull_matched_sweep_free_surface_marching_not_benchmark_validated,41,8,24,10,3.0,2,16,15.0,False,none,0.0,1.0,0.0,1.0,trapezoid,1.0,1.0,-1.0,1.0,-1.0,1.0,1.0,True,False,True,3.0,11,9,40,True,True,True,True,A1_GRID_RECOMMENDED,"A1 Section 3.3 recommends control radius about 3B, inner free-surface panels greater than 10, outer/free-surface proxy panels greater than 8, and roughly 60 stations at Fn=0.2 or 40 at Fn=0.3."
14,st41_bp8_fs24_cp10_r3p0_h2_fsm_clipfs_onezonefs_noend_pr1p0_pl1p0_pf1p0_pm1p0_dt1p0_fv0p0_hr1p0_hqtrapezoid_hp1p0_hc1p0_cim1p0_cp1p0_cnm1p0_cd1p0_pg1p0,A53,OK,diagnostic_matched_wigley_sensitivity_not_hard_gate,wigley_iii,Fn0.4,0.4,2.1696064159197173,2.0,3.616010693199528,0.15,239.85000000000002,16,17,22,1.275,1.725,0.07499999999999996,-0.8686093749999999,0.8686093749999999,0.0627812499999999,0.06278125000000001,heave,pitch_moment,0.2250000000000001,199.27022565935485,11.265418624182656,14.945266924451605,0.8449063968136987,0.004765456844948742,0.004765456844948742,0.0,0.1350318969794428,0.1350318969794428,0.0,0.0,0.1350318969794428,2.1863714784000368,0.9612680649817185,0.02308726540745351,0.013307421982027785,0.14901883628609042,0.06808694680629558,0.20864247406679026,8116.863690785764,3567.321140480396,8103.591211331019,3562.8544920552404,463.98885162788815,183.24043295565568,6.9457623261906924,4.785960506634904,0.012501629060293508,0.005166761957974919,advance_eq19_20,0.0,0.0,0.0,0.0,,,342.34042855322906,2.61369523649808e-16,a1_station_hull_matched_sweep_free_surface_marching_not_benchmark_validated,41,8,24,10,3.0,2,16,15.0,False,none,0.0,1.0,0.0,1.0,trapezoid,1.0,1.0,-1.0,1.0,-1.0,1.0,1.0,True,False,True,3.0,11,9,40,True,True,True,True,A1_GRID_RECOMMENDED,"A1 Section 3.3 recommends control radius about 3B, inner free-surface panels greater than 10, outer/free-surface proxy panels greater than 8, and roughly 60 stations at Fn=0.2 or 40 at Fn=0.3."
14,st41_bp8_fs24_cp10_r3p0_h2_fsm_clipfs_onezonefs_noend_pr1p0_pl1p0_pf1p0_pm1p0_dt1p0_fv0p0_hr1p0_hqtrapezoid_hp1p0_hc1p0_cim1p0_cp1p0_cnm1p0_cd1p0_pg1p0,A53,OK,diagnostic_matched_wigley_sensitivity_not_hard_gate,wigley_iii,Fn0.4,0.4,2.1696064159197173,2.0,3.616010693199528,0.15,239.85000000000002,17,18,21,1.3499999999999999,1.6500000000000001,0.07500000000000007,-0.8686874999999998,0.8686875,0.0626249999999999,0.06262500000000004,heave,pitch_moment,0.15000000000000013,135.25080802064176,5.0817822839028315,10.143810601548141,0.3811336712927127,0.0032344615796673017,0.0032344615796673017,0.0,0.1390318561917508,0.1390318561917508,0.0,0.0,0.1390318561917508,2.1993483438904153,0.9663016532738445,0.023475808705558293,0.013535266192297968,0.15251751750485276,0.06950711166946352,0.1393772124744149,8157.5793967612935,3583.5084932773098,8151.6888078178745,3581.5110388719695,309.9535367779336,122.40173175178573,7.03293353087709,4.845407477262026,0.012629853891806427,0.005218302168133187,advance_eq19_20,0.0,0.0,0.0,0.0,,,342.3331719804855,3.53821985739638e-16,a1_station_hull_matched_sweep_free_surface_marching_not_benchmark_validated,41,8,24,10,3.0,2,16,15.0,False,none,0.0,1.0,0.0,1.0,trapezoid,1.0,1.0,-1.0,1.0,-1.0,1.0,1.0,True,False,True,3.0,11,9,40,True,True,True,True,A1_GRID_RECOMMENDED,"A1 Section 3.3 recommends control radius about 3B, inner free-surface panels greater than 10, outer/free-surface proxy panels greater than 8, and roughly 60 stations at Fn=0.2 or 40 at Fn=0.3."
14,st41_bp8_fs24_cp10_r3p0_h2_fsm_clipfs_onezonefs_noend_pr1p0_pl1p0_pf1p0_pm1p0_dt1p0_fv0p0_hr1p0_hqtrapezoid_hp1p0_hc1p0_cim1p0_cp1p0_cnm1p0_cd1p0_pg1p0,A53,OK,diagnostic_matched_wigley_sensitivity_not_hard_gate,wigley_iii,Fn0.4,0.4,2.1696064159197173,2.0,3.616010693199528,0.15,239.85000000000002,18,19,20,1.425,1.575,0.07500000000000007,-0.8687343749999998,0.868734375,0.06253124999999993,0.06253125000000004,heave,pitch_moment,0.07499999999999996,68.35154512938506,1.2844524283602219,5.126365884703884,0.09633393212701673,0.0016345961245433055,0.0016345961245433055,0.0,0.14146638504385609,0.14146638504385609,0.0,0.0,0.14146638504385609,2.207154464509573,0.9693373222830709,0.02372141413091752,0.013679236030794647,0.15463993786401214,0.07037340671346853,0.06991976545671713,8182.099089220071,3593.266146685262,8180.621498839937,3592.762475760306,155.4908310278577,61.403155162424305,7.08533301880585,4.881137128183952,0.012629692834645795,0.005216797313087107,advance_eq19_20,0.0,0.0,0.0,0.0,,,342.3288541718238,4.1513642104060277e-16,a1_station_hull_matched_sweep_free_surface_marching_not_benchmark_validated,41,8,24,10,3.0,2,16,15.0,False,none,0.0,1.0,0.0,1.0,trapezoid,1.0,1.0,-1.0,1.0,-1.0,1.0,1.0,True,False,True,3.0,11,9,40,True,True,True,True,A1_GRID_RECOMMENDED,"A1 Section 3.3 recommends control radius about 3B, inner free-surface panels greater than 10, outer/free-surface proxy panels greater than 8, and roughly 60 stations at Fn=0.2 or 40 at Fn=0.3."
14,st41_bp8_fs24_cp10_r3p0_h2_fsm_clipfs_onezonefs_noend_pr1p0_pl1p0_pf1p0_pm1p0_dt1p0_fv0p0_hr1p0_hqtrapezoid_hp1p0_hc1p0_cim1p0_cp1p0_cnm1p0_cd1p0_pg1p0,A53,OK,diagnostic_matched_wigley_sensitivity_not_hard_gate,wigley_iii,Fn0.4,0.4,2.1696064159197173,2.0,3.616010693199528,0.15,239.85000000000002,19,20,19,1.5,1.5,0.07499999999999996,-0.8687499999999999,0.8687499999999999,0.062499999999999944,0.06250000000000003,heave,pitch_moment,0.0,0.0,0.0,0.0,0.0,0.0,0.0,0.0,0.14228368310612774,0.14228368310612774,0.0,0.0,0.14228368310612774,2.2097767558747896,0.9703595813875286,0.023822912262834988,0.013738968148954827,0.15535220444345751,0.07067674131748426,0.00037590472051804896,8190.340830958893,3596.55140878572,8190.340788297677,3596.5513881095694,0.8359544257457288,0.3856496801252248,7.102878029842109,4.893096384235573,0.01250114375937348,0.005162271161036644,advance_eq19_20,0.0,0.0,0.0,0.0,,,342.3274209292955,5.09805637727768e-16,a1_station_hull_matched_sweep_free_surface_marching_not_benchmark_validated,41,8,24,10,3.0,2,16,15.0,False,none,0.0,1.0,0.0,1.0,trapezoid,1.0,1.0,-1.0,1.0,-1.0,1.0,1.0,True,False,True,3.0,11,9,40,True,True,True,True,A1_GRID_RECOMMENDED,"A1 Section 3.3 recommends control radius about 3B, inner free-surface panels greater than 10, outer/free-surface proxy panels greater than 8, and roughly 60 stations at Fn=0.2 or 40 at Fn=0.3."
14,st41_bp8_fs24_cp10_r3p0_h2_fsm_clipfs_onezonefs_noend_pr1p0_pl1p0_pf1p0_pm1p0_dt1p0_fv0p0_hr1p0_hqtrapezoid_hp1p0_hc1p0_cim1p0_cp1p0_cnm1p0_cd1p0_pg1p0,A53,OK,diagnostic_matched_wigley_sensitivity_not_hard_gate,wigley_iii,Fn0.4,0.4,2.1696064159197173,2.0,3.616010693199528,0.15,239.85000000000002,20,21,18,1.575,1.425,0.07499999999999996,-0.8687343749999998,0.868734375,0.06253124999999993,0.06253125000000004,heave,pitch_moment,-0.07499999999999996,-68.35329371915154,1.27057702228697,-5.126497028936362,0.09529327667152268,-0.0016346379412725414,-0.0016346379412725414,0.0,0.1414663641354915,0.1414663641354915,0.0,0.0,0.1414663641354915,2.2072107949318505,0.9693633346225168,0.023779404890977733,0.013714123132863723,0.1546426594577355,0.0704138033877021,0.06918257805161442,8182.276845537579,3593.3498129892555,8180.830282534476,3592.858888180337,153.85143934091548,60.753390375648976,7.085539632476442,4.88126676340309,0.012246402291517518,0.005055657511517918,advance_eq19_20,0.0,0.0,0.0,0.0,,,342.32885417182297,3.1537214106832094e-16,a1_station_hull_matched_sweep_free_surface_marching_not_benchmark_validated,41,8,24,10,3.0,2,16,15.0,False,none,0.0,1.0,0.0,1.0,trapezoid,1.0,1.0,-1.0,1.0,-1.0,1.0,1.0,True,False,True,3.0,11,9,40,True,True,True,True,A1_GRID_RECOMMENDED,"A1 Section 3.3 recommends control radius about 3B, inner free-surface panels greater than 10, outer/free-surface proxy panels greater than 8, and roughly 60 stations at Fn=0.2 or 40 at Fn=0.3."
14,st41_bp8_fs24_cp10_r3p0_h2_fsm_clipfs_onezonefs_noend_pr1p0_pl1p0_pf1p0_pm1p0_dt1p0_fv0p0_hr1p0_hqtrapezoid_hp1p0_hc1p0_cim1p0_cp1p0_cnm1p0_cd1p0_pg1p0,A53,OK,diagnostic_matched_wigley_sensitivity_not_hard_gate,wigley_iii,Fn0.4,0.4,2.1696064159197173,2.0,3.616010693199528,0.15,239.85000000000002,21,22,17,1.65,1.35,0.07499999999999996,-0.8686874999999998,0.8686875,0.0626249999999999,0.06262500000000004,heave,pitch_moment,-0.1499999999999999,-135.2576967194757,5.054902893936982,-10.14432725396067,0.3791177170452734,-0.0032346263197678424,-0.0032346263197678424,0.0,0.1390317320049713,0.1390317320049713,0.0,0.0,0.1390317320049713,2.199460092171805,0.9663532779474073,0.02359033701734376,0.013604407725495066,0.1525219482882797,0.06958709731005215,0.13865838214558476,8157.932703384527,3583.6748513248504,8152.102992872838,3581.7023811278964,308.3549684122114,121.7680852140501,7.033341937368642,4.845663694957316,0.011869885901440001,0.004898810402855553,advance_eq19_20,0.0,0.0,0.0,0.0,,,342.3331719804855,3.1166158598414685e-16,a1_station_hull_matched_sweep_free_surface_marching_not_benchmark_validated,41,8,24,10,3.0,2,16,15.0,False,none,0.0,1.0,0.0,1.0,trapezoid,1.0,1.0,-1.0,1.0,-1.0,1.0,1.0,True,False,True,3.0,11,9,40,True,True,True,True,A1_GRID_RECOMMENDED,"A1 Section 3.3 recommends control radius about 3B, inner free-surface panels greater than 10, outer/free-surface proxy panels greater than 8, and roughly 60 stations at Fn=0.2 or 40 at Fn=0.3."
14,st41_bp8_fs24_cp10_r3p0_h2_fsm_clipfs_onezonefs_noend_pr1p0_pl1p0_pf1p0_pm1p0_dt1p0_fv0p0_hr1p0_hqtrapezoid_hp1p0_hc1p0_cim1p0_cp1p0_cnm1p0_cd1p0_pg1p0,A53,OK,diagnostic_matched_wigley_sensitivity_not_hard_gate,wigley_iii,Fn0.4,0.4,2.1696064159197173,2.0,3.616010693199528,0.15,239.85000000000002,22,23,16,1.7249999999999999,1.2750000000000001,0.07499999999999996,-0.8686093749999999,0.8686093749999999,0.0627812499999999,0.06278125000000001,heave,pitch_moment,-0.22499999999999987,-199.28533275054812,11.227249063039519,-14.946399956291101,0.8420436797279635,-0.0047658181241659265,-0.0047658181241659265,0.0,0.1350315097830044,0.1350315097830044,0.0,0.0,0.1350315097830044,2.186536817857829,0.9613445011992598,0.0232554303097533,0.013409543850637988,0.14902297071170598,0.06820489564219852,0.20795429481424657,8117.388171761244,3567.568253903478,8104.204027309587,3563.137796089717,462.45844655322594,182.63369453709646,6.94636291664105,4.786337226253271,0.011378286812569045,0.00469452630408054,advance_eq19_20,0.0,0.0,0.0,0.0,,,342.34042855322906,3.864403297634471e-16,a1_station_hull_matched_sweep_free_surface_marching_not_benchmark_validated,41,8,24,10,3.0,2,16,15.0,False,none,0.0,1.0,0.0,1.0,trapezoid,1.0,1.0,-1.0,1.0,-1.0,1.0,1.0,True,False,True,3.0,11,9,40,True,True,True,True,A1_GRID_RECOMMENDED,"A1 Section 3.3 recommends control radius about 3B, inner free-surface panels greater than 10, outer/free-surface proxy panels greater than 8, and roughly 60 stations at Fn=0.2 or 40 at Fn=0.3."
14,st41_bp8_fs24_cp10_r3p0_h2_fsm_clipfs_onezonefs_noend_pr1p0_pl1p0_pf1p0_pm1p0_dt1p0_fv0p0_hr1p0_hqtrapezoid_hp1p0_hc1p0_cim1p0_cp1p0_cnm1p0_cd1p0_pg1p0,A53,OK,diagnostic_matched_wigley_sensitivity_not_hard_gate,wigley_iii,Fn0.4,0.4,2.1696064159197173,2.0,3.616010693199528,0.15,239.85000000000002,23,24,15,1.7999999999999998,1.2000000000000002,0.07500000000000007,-0.8684999999999999,0.8684999999999998,0.06299999999999994,0.06300000000000008,heave,pitch_moment,-0.2999999999999998,-259.05415251080933,19.574146376709475,-19.42906143831072,1.468060978253212,-0.006195162273792903,-0.006195162273792903,0.0,0.129551019584025,0.129551019584025,0.0,0.0,0.129551019584025,2.168464181738172,0.9543644422907221,0.022774467331512834,0.013129179146863594,0.14420070218034442,0.06628109790179038,0.2769299525479202,8060.779536866122,3545.1007061792257,8037.219410710029,3537.2668292459716,615.8497268535182,243.24192391031843,6.824736911862686,4.703374169151947,0.010780665573801659,0.004446583355440804,advance_eq19_20,0.0,0.0,0.0,0.0,,,342.35071396278477,3.745045856001987e-16,a1_station_hull_matched_sweep_free_surface_marching_not_benchmark_validated,41,8,24,10,3.0,2,16,15.0,False,none,0.0,1.0,0.0,1.0,trapezoid,1.0,1.0,-1.0,1.0,-1.0,1.0,1.0,True,False,True,3.0,11,9,40,True,True,True,True,A1_GRID_RECOMMENDED,"A1 Section 3.3 recommends control radius about 3B, inner free-surface panels greater than 10, outer/free-surface proxy panels greater than 8, and roughly 60 stations at Fn=0.2 or 40 at Fn=0.3."
14,st41_bp8_fs24_cp10_r3p0_h2_fsm_clipfs_onezonefs_noend_pr1p0_pl1p0_pf1p0_pm1p0_dt1p0_fv0p0_hr1p0_hqtrapezoid_hp1p0_hc1p0_cim1p0_cp1p0_cnm1p0_cd1p0_pg1p0,A53,OK,diagnostic_matched_wigley_sensitivity_not_hard_gate,wigley_iii,Fn0.4,0.4,2.1696064159197173,2.0,3.616010693199528,0.15,239.85000000000002,24,25,14,1.875,1.125,0.07500000000000007,-0.8683593749999999,0.8683593749999999,0.06328124999999996,0.06328125000000007,heave,pitch_moment,-0.375,-313.2514423985027,29.787878436887866,-23.493858179887724,2.234090882766592,-0.007491265819710954,-0.007491265819710954,0.0,0.12270780553727305,0.12270780553727305,0.0,0.0,0.12270780553727305,2.145281141885804,0.9454566911169262,0.022146892382519906,0.012762723600833109,0.13813183807384707,0.06383497743619036,0.3453728309359782,7988.302650129848,3516.3726101671573,7951.29353770282,3504.2510426617446,768.0561876301305,303.4373884922067,6.668659111623261,4.596901859142569,0.010088607316338859,0.0041598070693949305,advance_eq19_20,0.0,0.0,0.0,0.0,,,342.3641533741088,1.7305526981008024e-16,a1_station_hull_matched_sweep_free_surface_marching_not_benchmark_validated,41,8,24,10,3.0,2,16,15.0,False,none,0.0,1.0,0.0,1.0,trapezoid,1.0,1.0,-1.0,1.0,-1.0,1.0,1.0,True,False,True,3.0,11,9,40,True,True,True,True,A1_GRID_RECOMMENDED,"A1 Section 3.3 recommends control radius about 3B, inner free-surface panels greater than 10, outer/free-surface proxy panels greater than 8, and roughly 60 stations at Fn=0.2 or 40 at Fn=0.3."
14,st41_bp8_fs24_cp10_r3p0_h2_fsm_clipfs_onezonefs_noend_pr1p0_pl1p0_pf1p0_pm1p0_dt1p0_fv0p0_hr1p0_hqtrapezoid_hp1p0_hc1p0_cim1p0_cp1p0_cnm1p0_cd1p0_pg1p0,A53,OK,diagnostic_matched_wigley_sensitivity_not_hard_gate,wigley_iii,Fn0.4,0.4,2.1696064159197173,2.0,3.616010693199528,0.15,239.85000000000002,25,26,13,1.95,1.05,0.07499999999999996,-0.8681874999999999,0.8681874999999999,0.0636249999999999,0.06362500000000004,heave,pitch_moment,-0.44999999999999996,-360.658165562727,41.45479222300445,-27.04936241720451,3.109109416725332,-0.008624976049887205,-0.008624976049887205,0.0,0.11464968460247399,0.11464968460247399,0.0,0.0,0.11464968460247399,2.1170508561006147,0.9346876783335639,0.02137116253606135,0.012309082381548066,0.13091416684922763,0.06089077967449,0.41294240630177,7900.214781915548,3481.513985133966,7846.660497049716,3464.336655647408,918.320556470588,362.9815020728232,6.478392572335153,4.467093883555962,0.009316480153672133,0.003840179389117076,advance_eq19_20,0.0,0.0,0.0,0.0,,,342.3809050598591,2.9734427565903707e-16,a1_station_hull_matched_sweep_free_surface_marching_not_benchmark_validated,41,8,24,10,3.0,2,16,15.0,False,none,0.0,1.0,0.0,1.0,trapezoid,1.0,1.0,-1.0,1.0,-1.0,1.0,1.0,True,False,True,3.0,11,9,40,True,True,True,True,A1_GRID_RECOMMENDED,"A1 Section 3.3 recommends control radius about 3B, inner free-surface panels greater than 10, outer/free-surface proxy panels greater than 8, and roughly 60 stations at Fn=0.2 or 40 at Fn=0.3."
14,st41_bp8_fs24_cp10_r3p0_h2_fsm_clipfs_onezonefs_noend_pr1p0_pl1p0_pf1p0_pm1p0_dt1p0_fv0p0_hr1p0_hqtrapezoid_hp1p0_hc1p0_cim1p0_cp1p0_cnm1p0_cd1p0_pg1p0,A53,OK,diagnostic_matched_wigley_sensitivity_not_hard_gate,wigley_iii,Fn0.4,0.4,2.1696064159197173,2.0,3.616010693199528,0.15,239.85000000000002,26,27,12,2.025,0.9750000000000001,0.07500000000000007,-0.8679843749999999,0.8679843749999999,0.06403124999999998,0.0640312500000001,heave,pitch_moment,-0.5249999999999999,-400.1747922146496,54.0345744435959,-30.013109416098747,4.052593083269696,-0.009569998209342219,-0.009569998209342219,0.0,0.10555219747285928,0.10555219747285928,0.0,0.0,0.10555219747285928,2.08387561582131,0.9221582437366161,0.020443731608797117,0.0117662310547646,0.12266550955402344,0.05747710588432054,0.47907143827445864,7796.83078275362,3440.6816827088246,7723.699422860298,3417.897421928043,1065.381377818256,421.4884004400107,6.254278888347908,4.314178479169199,0.008481868570770983,0.0034950226587959774,advance_eq19_20,0.0,0.0,0.0,0.0,,,342.4011560901492,2.8660423645800087e-16,a1_station_hull_matched_sweep_free_surface_marching_not_benchmark_validated,41,8,24,10,3.0,2,16,15.0,False,none,0.0,1.0,0.0,1.0,trapezoid,1.0,1.0,-1.0,1.0,-1.0,1.0,1.0,True,False,True,3.0,11,9,40,True,True,True,True,A1_GRID_RECOMMENDED,"A1 Section 3.3 recommends control radius about 3B, inner free-surface panels greater than 10, outer/free-surface proxy panels greater than 8, and roughly 60 stations at Fn=0.2 or 40 at Fn=0.3."
14,st41_bp8_fs24_cp10_r3p0_h2_fsm_clipfs_onezonefs_noend_pr1p0_pl1p0_pf1p0_pm1p0_dt1p0_fv0p0_hr1p0_hqtrapezoid_hp1p0_hc1p0_cim1p0_cp1p0_cnm1p0_cd1p0_pg1p0,A53,OK,diagnostic_matched_wigley_sensitivity_not_hard_gate,wigley_iii,Fn0.4,0.4,2.1696064159197173,2.0,3.616010693199528,0.15,239.85000000000002,27,28,11,2.1,0.8999999999999999,0.07499999999999996,-0.8677499999999999,0.8677499999999999,0.06449999999999989,0.06450000000000003,heave,pitch_moment,-0.6000000000000001,-430.8497904318854,66.82286907810683,-32.31373428239139,5.011715180858009,-0.010303576844782739,-0.010303576844782739,0.0,0.09561540994579679,0.09561540994579679,0.0,0.0,0.09561540994579679,2.0459235952904553,0.9080239433224242,0.019357461310589238,0.011130535729842657,0.11352196988046453,0.053625962410179,0.5427846210717325,7678.50353043155,3394.050766314574,7583.033637990497,3365.5098959534653,1207.069721248278,478.305541636983,5.996754730733566,4.138451045304496,0.00760631917900758,0.0031333177396853894,advance_eq19_20,0.0,0.0,0.0,0.0,,,342.4251138934241,3.3708972808432053e-16,a1_station_hull_matched_sweep_free_surface_marching_not_benchmark_validated,41,8,24,10,3.0,2,16,15.0,False,none,0.0,1.0,0.0,1.0,trapezoid,1.0,1.0,-1.0,1.0,-1.0,1.0,1.0,True,False,True,3.0,11,9,40,True,True,True,True,A1_GRID_RECOMMENDED,"A1 Section 3.3 recommends control radius about 3B, inner free-surface panels greater than 10, outer/free-surface proxy panels greater than 8, and roughly 60 stations at Fn=0.2 or 40 at Fn=0.3."
14,st41_bp8_fs24_cp10_r3p0_h2_fsm_clipfs_onezonefs_noend_pr1p0_pl1p0_pf1p0_pm1p0_dt1p0_fv0p0_hr1p0_hqtrapezoid_hp1p0_hc1p0_cim1p0_cp1p0_cnm1p0_cd1p0_pg1p0,A53,OK,diagnostic_matched_wigley_sensitivity_not_hard_gate,wigley_iii,Fn0.4,0.4,2.1696064159197173,2.0,3.616010693199528,0.15,239.85000000000002,28,29,10,2.175,0.8250000000000002,0.07499999999999996,-0.8674843749999999,0.8674843749999999,0.06503124999999987,0.0650312500000001,heave,pitch_moment,-0.6749999999999998,-451.9129558816072,78.88139414642744,-33.893471691120524,5.916104560982054,-0.01080729286977612,-0.01080729286977612,0.0,0.08505997508851738,0.08505997508851738,0.0,0.0,0.08505997508851738,2.003478149430269,0.8925318166935174,0.018099087695430106,0.010395633822888202,0.10363519210178011,0.049371249920151794,0.6023534533834984,7545.567636625479,3341.796764381651,7425.71337222974,3308.089708014174,1339.5416650400423,532.2791225539619,5.706378991255294,3.9402939604806106,0.006716703883275732,0.0027662958950786303,advance_eq19_20,0.0,0.0,0.0,0.0,,,342.45299094219155,4.026605881929426e-16,a1_station_hull_matched_sweep_free_surface_marching_not_benchmark_validated,41,8,24,10,3.0,2,16,15.0,False,none,0.0,1.0,0.0,1.0,trapezoid,1.0,1.0,-1.0,1.0,-1.0,1.0,1.0,True,False,True,3.0,11,9,40,True,True,True,True,A1_GRID_RECOMMENDED,"A1 Section 3.3 recommends control radius about 3B, inner free-surface panels greater than 10, outer/free-surface proxy panels greater than 8, and roughly 60 stations at Fn=0.2 or 40 at Fn=0.3."
14,st41_bp8_fs24_cp10_r3p0_h2_fsm_clipfs_onezonefs_noend_pr1p0_pl1p0_pf1p0_pm1p0_dt1p0_fv0p0_hr1p0_hqtrapezoid_hp1p0_hc1p0_cim1p0_cp1p0_cnm1p0_cd1p0_pg1p0,A53,OK,diagnostic_matched_wigley_sensitivity_not_hard_gate,wigley_iii,Fn0.4,0.4,2.1696064159197173,2.0,3.616010693199528,0.15,239.85000000000002,29,30,9,2.25,0.75,0.07499999999999996,-0.8671874999999999,0.8671874999999999,0.06562499999999982,0.0656250000000001,heave,pitch_moment,-0.75,-462.81785075369044,88.90024625986044,-34.71133880652676,6.667518469489529,-0.011068078472540733,-0.011068078472540733,0.0,0.07412228941735893,0.07412228941735893,0.0,0.0,0.07412228941735893,1.957032443918559,0.8760898958653388,0.016645021657077517,0.009550499471665376,0.0931684431189926,0.044746209357875336,0.6546168656125351,7398.208290929798,3284.0776098189654,7253.5665002516125,3247.149192444454,1455.7674753922665,581.2624658582681,5.3838813776186445,3.720211214895721,0.005847804115044862,0.00240854488419882,advance_eq19_20,0.0,0.0,0.0,0.0,,,342.4849787194831,4.8919844459733485e-16,a1_station_hull_matched_sweep_free_surface_marching_not_benchmark_validated,41,8,24,10,3.0,2,16,15.0,False,none,0.0,1.0,0.0,1.0,trapezoid,1.0,1.0,-1.0,1.0,-1.0,1.0,1.0,True,False,True,3.0,11,9,40,True,True,True,True,A1_GRID_RECOMMENDED,"A1 Section 3.3 recommends control radius about 3B, inner free-surface panels greater than 10, outer/free-surface proxy panels greater than 8, and roughly 60 stations at Fn=0.2 or 40 at Fn=0.3."
14,st41_bp8_fs24_cp10_r3p0_h2_fsm_clipfs_onezonefs_noend_pr1p0_pl1p0_pf1p0_pm1p0_dt1p0_fv0p0_hr1p0_hqtrapezoid_hp1p0_hc1p0_cim1p0_cp1p0_cnm1p0_cd1p0_pg1p0,A53,OK,diagnostic_matched_wigley_sensitivity_not_hard_gate,wigley_iii,Fn0.4,0.4,2.1696064159197173,2.0,3.616010693199528,0.15,239.85000000000002,30,31,8,2.3249999999999997,0.6750000000000003,0.07499999999999996,-0.866859375,0.866859375,0.06628124999999996,0.06628125000000007,heave,pitch_moment,-0.8249999999999997,-463.3023124882618,94.90425182133434,-34.747673436619614,7.117818886600071,-0.011079664154654004,-0.011079664154654004,0.0,0.0630484181037616,0.0630484181037616,0.0,0.0,0.0630484181037616,1.9074811915096868,0.8594061850918381,0.014954006774484097,0.008575844257502454,0.08229363983321743,0.03977883660793753,0.6936035622345472,7236.2160880756055,3221.110226362058,7069.909195215404,3185.3125039712468,1542.4679071970654,620.9868815656747,5.030258509236282,3.4788963416011605,0.005048527483060892,0.0020808722825782747,advance_eq19_20,0.0,0.0,0.0,0.0,,,342.52120658418943,3.2079894433635947e-16,a1_station_hull_matched_sweep_free_surface_marching_not_benchmark_validated,41,8,24,10,3.0,2,16,15.0,False,none,0.0,1.0,0.0,1.0,trapezoid,1.0,1.0,-1.0,1.0,-1.0,1.0,1.0,True,False,True,3.0,11,9,40,True,True,True,True,A1_GRID_RECOMMENDED,"A1 Section 3.3 recommends control radius about 3B, inner free-surface panels greater than 10, outer/free-surface proxy panels greater than 8, and roughly 60 stations at Fn=0.2 or 40 at Fn=0.3."
14,st41_bp8_fs24_cp10_r3p0_h2_fsm_clipfs_onezonefs_noend_pr1p0_pl1p0_pf1p0_pm1p0_dt1p0_fv0p0_hr1p0_hqtrapezoid_hp1p0_hc1p0_cim1p0_cp1p0_cnm1p0_cd1p0_pg1p0,A53,OK,diagnostic_matched_wigley_sensitivity_not_hard_gate,wigley_iii,Fn0.4,0.4,2.1696064159197173,2.0,3.616010693199528,0.15,239.85000000000002,31,32,7,2.4,0.6000000000000001,0.07500000000000018,-0.8664999999999999,0.8664999999999998,0.06699999999999995,0.06700000000000006,heave,pitch_moment,-0.8999999999999999,-453.4880991242475,93.5594930725101,-34.01160743431865,7.016961980438274,-0.010844961704257462,-0.010844961704257462,0.0,0.05208610517430585,0.05208610517430585,0.0,0.0,0.05208610517430585,1.8565399188209477,0.8437884523227251,0.01295354939014425,0.0074370274471264805,0.07119603454638995,0.034482425236680575,0.7078718863102234,7058.869364946772,3153.9828928846355,6881.099903778539,3127.4267680571857,1574.1984708425493,642.1772043602585,4.646989130949622,3.217384874982151,0.004390948359804256,0.001813867365880344,advance_eq19_20,0.0,0.0,0.0,0.0,,,342.56168396636383,3.371517356465283e-16,a1_station_hull_matched_sweep_free_surface_marching_not_benchmark_validated,41,8,24,10,3.0,2,16,15.0,False,none,0.0,1.0,0.0,1.0,trapezoid,1.0,1.0,-1.0,1.0,-1.0,1.0,1.0,True,False,True,3.0,11,9,40,True,True,True,True,A1_GRID_RECOMMENDED,"A1 Section 3.3 recommends control radius about 3B, inner free-surface panels greater than 10, outer/free-surface proxy panels greater than 8, and roughly 60 stations at Fn=0.2 or 40 at Fn=0.3."
14,st41_bp8_fs24_cp10_r3p0_h2_fsm_clipfs_onezonefs_noend_pr1p0_pl1p0_pf1p0_pm1p0_dt1p0_fv0p0_hr1p0_hqtrapezoid_hp1p0_hc1p0_cim1p0_cp1p0_cnm1p0_cd1p0_pg1p0,A53,OK,diagnostic_matched_wigley_sensitivity_not_hard_gate,wigley_iii,Fn0.4,0.4,2.1696064159197173,2.0,3.616010693199528,0.15,239.85000000000002,32,33,6,2.475,0.5249999999999999,0.07499999999999996,-0.866109375,0.866109375,0.06778124999999988,0.06778125000000013,heave,pitch_moment,-0.9750000000000001,-434.0746442484637,78.27672153361307,-32.55559831863476,5.8707541150209765,-0.010380697757569994,-0.010380697757569994,0.0,0.041473275443392105,0.041473275443392105,0.0,0.0,0.041473275443392105,1.80775615292618,0.8318577237727282,0.01051316898626306,0.006067510065206269,0.06015630208133971,0.02883636916716473,0.6781244451247699,6867.899803710791,3090.472377023478,6700.287219170265,3083.2065849923742,1508.0447256080665,650.5819029493147,4.236562422316505,2.9374326071105776,0.004014820951136025,0.001674161032211375,advance_eq19_20,0.0,0.0,0.0,0.0,,,342.6062403202417,4.663665920959945e-16,a1_station_hull_matched_sweep_free_surface_marching_not_benchmark_validated,41,8,24,10,3.0,2,16,15.0,False,none,0.0,1.0,0.0,1.0,trapezoid,1.0,1.0,-1.0,1.0,-1.0,1.0,1.0,True,False,True,3.0,11,9,40,True,True,True,True,A1_GRID_RECOMMENDED,"A1 Section 3.3 recommends control radius about 3B, inner free-surface panels greater than 10, outer/free-surface proxy panels greater than 8, and roughly 60 stations at Fn=0.2 or 40 at Fn=0.3."
14,st41_bp8_fs24_cp10_r3p0_h2_fsm_clipfs_onezonefs_noend_pr1p0_pl1p0_pf1p0_pm1p0_dt1p0_fv0p0_hr1p0_hqtrapezoid_hp1p0_hc1p0_cim1p0_cp1p0_cnm1p0_cd1p0_pg1p0,A53,OK,diagnostic_matched_wigley_sensitivity_not_hard_gate,wigley_iii,Fn0.4,0.4,2.1696064159197173,2.0,3.616010693199528,0.15,239.85000000000002,33,34,5,2.55,0.4500000000000002,0.07499999999999996,-0.8656874999999999,0.8656874999999999,0.06862499999999994,0.06862500000000005,heave,pitch_moment,-1.0499999999999998,-406.79959999903366,32.9064045297248,-30.509969999927506,2.4679803397293587,-0.009728427475420975,-0.009728427475420975,0.0,0.03141871282689665,0.03141871282689665,0.0,0.0,0.03141871282689665,1.7693203404604325,0.8295028044953872,0.007356768927347292,0.004303242537807308,0.04977929741313873,0.022681869852576694,0.6256263882487917,6703.79143998418,3089.549684131763,6557.828302570362,3074.4782863716755,1391.2971015610897,594.1546378145213,3.8039567720298675,2.642584731202149,0.004325164311220169,0.00178732460012614,advance_eq19_20,0.0,0.0,0.0,0.0,,,342.6545414156471,4.87769957464228e-16,a1_station_hull_matched_sweep_free_surface_marching_not_benchmark_validated,41,8,24,10,3.0,2,16,15.0,False,none,0.0,1.0,0.0,1.0,trapezoid,1.0,1.0,-1.0,1.0,-1.0,1.0,1.0,True,False,True,3.0,11,9,40,True,True,True,True,A1_GRID_RECOMMENDED,"A1 Section 3.3 recommends control radius about 3B, inner free-surface panels greater than 10, outer/free-surface proxy panels greater than 8, and roughly 60 stations at Fn=0.2 or 40 at Fn=0.3."
14,st41_bp8_fs24_cp10_r3p0_h2_fsm_clipfs_onezonefs_noend_pr1p0_pl1p0_pf1p0_pm1p0_dt1p0_fv0p0_hr1p0_hqtrapezoid_hp1p0_hc1p0_cim1p0_cp1p0_cnm1p0_cd1p0_pg1p0,A53,OK,diagnostic_matched_wigley_sensitivity_not_hard_gate,wigley_iii,Fn0.4,0.4,2.1696064159197173,2.0,3.616010693199528,0.15,239.85000000000002,34,35,4,2.625,0.375,0.07499999999999996,-0.8652343749999999,0.8652343749999999,0.06953124999999993,0.06953125000000009,heave,pitch_moment,-1.125,-375.82360007243034,-106.92973902137331,-28.18677000543226,-8.019730426602994,-0.008987650520956611,-0.008987650520956611,0.0,0.02206067382870783,0.02206067382870783,0.0,0.0,0.02206067382870783,1.7635730877331204,0.85241641687292,0.0029747464676554143,0.0015433942822235941,0.043234980654933294,0.015274706104376192,1.2895931153335132,7137.9818855041985,3724.702584301385,6536.52662206892,3159.405550433088,2867.8572343773235,1972.705226179018,3.3612719468264705,2.3415790324827936,0.008113096037267665,0.0032805252586890475,advance_eq19_20,0.0,0.0,0.0,0.0,,,342.70650863905854,3.703350196035612e-16,a1_station_hull_matched_sweep_free_surface_marching_not_benchmark_validated,41,8,24,10,3.0,2,16,15.0,False,none,0.0,1.0,0.0,1.0,trapezoid,1.0,1.0,-1.0,1.0,-1.0,1.0,1.0,True,False,True,3.0,11,9,40,True,True,True,True,A1_GRID_RECOMMENDED,"A1 Section 3.3 recommends control radius about 3B, inner free-surface panels greater than 10, outer/free-surface proxy panels greater than 8, and roughly 60 stations at Fn=0.2 or 40 at Fn=0.3."
14,st41_bp8_fs24_cp10_r3p0_h2_fsm_clipfs_onezonefs_noend_pr1p0_pl1p0_pf1p0_pm1p0_dt1p0_fv0p0_hr1p0_hqtrapezoid_hp1p0_hc1p0_cim1p0_cp1p0_cnm1p0_cd1p0_pg1p0,A53,OK,diagnostic_matched_wigley_sensitivity_not_hard_gate,wigley_iii,Fn0.4,0.4,2.1696064159197173,2.0,3.616010693199528,0.15,239.85000000000002,35,36,3,2.6999999999999997,0.30000000000000027,0.07499999999999996,-0.8647499999999999,0.8647499999999999,0.0704999999999999,0.07050000000000001,heave,pitch_moment,-1.1999999999999997,-355.8001244585809,-892.871935064486,-26.685009334393552,-66.96539512983641,-0.008508798205674939,-0.008508798205674939,0.0,0.013312449465392083,0.013312449465392083,0.0,0.0,0.013312449465392083,1.8829394876625172,0.9625631455629879,0.008050296718865148,0.004420750609820308,0.05816450629555612,0.029951818827364616,8.496019068180228,20141.574147836378,13061.696571007617,6978.947555086185,3567.6545929164267,18893.842917102582,12565.021210436315,2.965337855191675,2.0747673670140427,0.00039794839951794853,0.00014157295179264466,advance_eq19_20,0.0,0.0,0.0,0.0,,,342.76452809793597,5.014042917689463e-16,a1_station_hull_matched_sweep_free_surface_marching_not_benchmark_validated,41,8,24,10,3.0,2,16,15.0,False,none,0.0,1.0,0.0,1.0,trapezoid,1.0,1.0,-1.0,1.0,-1.0,1.0,1.0,True,False,True,3.0,11,9,40,True,True,True,True,A1_GRID_RECOMMENDED,"A1 Section 3.3 recommends control radius about 3B, inner free-surface panels greater than 10, outer/free-surface proxy panels greater than 8, and roughly 60 stations at Fn=0.2 or 40 at Fn=0.3."
14,st41_bp8_fs24_cp10_r3p0_h2_fsm_clipfs_onezonefs_noend_pr1p0_pl1p0_pf1p0_pm1p0_dt1p0_fv0p0_hr1p0_hqtrapezoid_hp1p0_hc1p0_cim1p0_cp1p0_cnm1p0_cd1p0_pg1p0,A53,OK,diagnostic_matched_wigley_sensitivity_not_hard_gate,wigley_iii,Fn0.4,0.4,2.1696064159197173,2.0,3.616010693199528,0.15,239.85000000000002,36,37,2,2.775,0.2250000000000001,0.07500000000000018,-0.8642343749999999,0.8642343749999999,0.07153124999999994,0.07153125000000005,heave,pitch_moment,-1.275,-458.78132970265693,1726.8657442658086,-34.408599727699354,129.51493081993596,-0.010971546906880224,-0.010971546906880224,0.0,0.0035722769091144886,0.0035722769091144886,0.0,0.0,0.0035722769091144886,2.9513225240459695,1.6999358463320633,0.04127552975531383,0.021057437752267066,0.19122810402254667,0.11305884304031102,19.035025158758383,43721.49522039451,27481.419399170063,10938.814151181617,6300.660853042179,42330.97552942631,26749.39410543765,3.06522227968472,2.1620414464632765,0.006105141690525761,0.0024867260461092448,advance_eq19_20,0.0,0.0,0.0,0.0,,,342.84460969129094,1.2708869627668653e-15,a1_station_hull_matched_sweep_free_surface_marching_not_benchmark_validated,41,8,24,10,3.0,2,16,15.0,False,none,0.0,1.0,0.0,1.0,trapezoid,1.0,1.0,-1.0,1.0,-1.0,1.0,1.0,True,False,True,3.0,11,9,40,True,True,True,True,A1_GRID_RECOMMENDED,"A1 Section 3.3 recommends control radius about 3B, inner free-surface panels greater than 10, outer/free-surface proxy panels greater than 8, and roughly 60 stations at Fn=0.2 or 40 at Fn=0.3."
14,st41_bp8_fs24_cp10_r3p0_h2_fsm_clipfs_onezonefs_noend_pr1p0_pl1p0_pf1p0_pm1p0_dt1p0_fv0p0_hr1p0_hqtrapezoid_hp1p0_hc1p0_cim1p0_cp1p0_cnm1p0_cd1p0_pg1p0,A53,OK,diagnostic_matched_wigley_sensitivity_not_hard_gate,wigley_iii,Fn0.4,0.4,2.1696064159197173,2.0,3.616010693199528,0.15,239.85000000000002,37,38,1,2.85,0.1499999999999999,0.07499999999999996,-0.8636874999999999,0.8636874999999999,0.07262499999999994,0.07262500000000005,heave,pitch_moment,-1.35,102.45202755108464,985.595547322473,7.683902066331344,73.91966604918542,0.002450093657277259,0.002450093657277259,0.0,-0.0006884497156869898,-0.0006884497156869898,0.0,0.0,-0.0006884497156869898,1.1940491944322027,0.8417021120068415,0.052621953253496855,0.025468027764417304,0.21587145919975226,0.12915301634338225,17.160048303838746,38417.08214304533,26856.76493262922,4425.637021654955,3119.693933443,38161.314669938314,26674.957027296998,0.5720937210334962,0.277415095904973,0.0007025313826802202,0.00028222610736231604,advance_eq19_20,0.0,0.0,0.0,0.0,,,343.0542195004204,5.554311994977695e-16,a1_station_hull_matched_sweep_free_surface_marching_not_benchmark_validated,41,8,24,10,3.0,2,16,15.0,False,none,0.0,1.0,0.0,1.0,trapezoid,1.0,1.0,-1.0,1.0,-1.0,1.0,1.0,True,False,True,3.0,11,9,40,True,True,True,True,A1_GRID_RECOMMENDED,"A1 Section 3.3 recommends control radius about 3B, inner free-surface panels greater than 10, outer/free-surface proxy panels greater than 8, and roughly 60 stations at Fn=0.2 or 40 at Fn=0.3."
14,st41_bp8_fs24_cp10_r3p0_h2_fsm_clipfs_onezonefs_noend_pr1p0_pl1p0_pf1p0_pm1p0_dt1p0_fv0p0_hr1p0_hqtrapezoid_hp1p0_hc1p0_cim1p0_cp1p0_cnm1p0_cd1p0_pg1p0,A53,OK,diagnostic_matched_wigley_sensitivity_not_hard_gate,wigley_iii,Fn0.4,0.4,2.1696064159197173,2.0,3.616010693199528,0.15,239.85000000000002,38,39,0,2.925,0.07500000000000018,0.03749999999999987,-0.8631093749999998,0.8631093749999998,0.07378124999999991,0.07378125000000002,heave,pitch_moment,-1.4249999999999998,-47.61536507665114,-2202.893958518781,-1.7855761903744114,-82.608523444454,-0.0005693499033246251,-0.0005693499033246251,0.0,-3.2752790372988785e-05,-3.2752790372988785e-05,0.0,0.0,-3.2752790372988785e-05,1.3543731817634503,0.7896922180716583,0.011223414908182806,0.005094185475337254,0.04157895424014196,0.02332804418383987,58.89206772450553,131063.09167047807,70701.76362952142,5019.863605535286,2926.9238925056593,130966.92318141233,70700.80550187096,0.7530552401820433,0.5312989585586861,0.0,0.0,initialize_eq21_22,0.0,0.0,0.0,0.0,,,418.23117884841605,1.351989908607372e-15,a1_station_hull_matched_sweep_free_surface_marching_not_benchmark_validated,41,8,24,10,3.0,2,16,15.0,False,none,0.0,1.0,0.0,1.0,trapezoid,1.0,1.0,-1.0,1.0,-1.0,1.0,1.0,True,False,True,3.0,11,9,40,True,True,True,True,A1_GRID_RECOMMENDED,"A1 Section 3.3 recommends control radius about 3B, inner free-surface panels greater than 10, outer/free-surface proxy panels greater than 8, and roughly 60 stations at Fn=0.2 or 40 at Fn=0.3."
14,st41_bp8_fs24_cp10_r3p0_h2_fsm_clipfs_onezonefs_noend_pr1p0_pl1p0_pf1p0_pm1p0_dt1p0_fv0p0_hr1p0_hqtrapezoid_hp1p0_hc1p0_cim1p0_cp1p0_cn1p0_cd1p0_pg1p0,A53,OK,diagnostic_matched_wigley_sensitivity_not_hard_gate,wigley_iii,Fn0.4,0.4,2.1696064159197173,2.0,3.616010693199528,0.15,239.85000000000002,0,1,38,0.075,2.925,0.0375,-0.8631093749999998,0.8631093749999998,0.07378124999999991,0.07378125000000002,heave,pitch_moment,1.425,47.55562907874471,-2198.5263211204156,1.7833360904529265,-82.44473704201557,0.0005686356237096693,0.0005686356237096693,0.0,0.0,0.0,0.0,0.0,0.0,1.352583626220581,0.7886340249706139,0.0015161898350169558,0.0008104372658239509,0.008574215607640844,0.0038663713846091756,58.77529552833236,130803.3447637289,70636.89210806855,5013.230777256719,2923.0017939975914,130707.23973274353,70635.9364970753,0.7523162434859303,0.5306030656598072,0.0002875091415381526,0.00012474008169844936,advance_eq19_20,0.0,0.0,0.0,0.0,,,113.95001957184003,1.2016457111131952e-15,a1_station_hull_matched_sweep_free_surface_marching_not_benchmark_validated,41,8,24,10,3.0,2,16,15.0,False,none,0.0,1.0,0.0,1.0,trapezoid,1.0,1.0,-1.0,1.0,1.0,1.0,1.0,True,False,True,3.0,11,9,40,True,True,True,True,A1_GRID_RECOMMENDED,"A1 Section 3.3 recommends control radius about 3B, inner free-surface panels greater than 10, outer/free-surface proxy panels greater than 8, and roughly 60 stations at Fn=0.2 or 40 at Fn=0.3."
14,st41_bp8_fs24_cp10_r3p0_h2_fsm_clipfs_onezonefs_noend_pr1p0_pl1p0_pf1p0_pm1p0_dt1p0_fv0p0_hr1p0_hqtrapezoid_hp1p0_hc1p0_cim1p0_cp1p0_cn1p0_cd1p0_pg1p0,A53,OK,diagnostic_matched_wigley_sensitivity_not_hard_gate,wigley_iii,Fn0.4,0.4,2.1696064159197173,2.0,3.616010693199528,0.15,239.85000000000002,1,2,37,0.15,2.85,0.07499999999999998,-0.8636874999999999,0.8636874999999999,0.07262499999999991,0.07262500000000005,heave,pitch_moment,1.35,-102.7028317215633,975.2844140272082,-7.702712379117246,73.1463310520406,-0.0024560915249817526,-0.0024560915249817526,0.0,-0.0006594101387812074,-0.0006594101387812074,0.0,0.0,-0.0006594101387812074,1.197202837739618,0.8439190484783634,0.009643583623903473,0.005046732070775191,0.07490130386414119,0.029813739950842848,17.01888279322745,38106.61822812005,26652.361173424266,4437.325719775159,3127.910811079846,37847.38423247125,26468.17957617378,0.5863292517469476,0.27913096288047345,0.0048975361651165715,0.0020608357853481416,advance_eq19_20,0.0,0.0,0.0,0.0,,,94.99248929002052,5.616214491641936e-16,a1_station_hull_matched_sweep_free_surface_marching_not_benchmark_validated,41,8,24,10,3.0,2,16,15.0,False,none,0.0,1.0,0.0,1.0,trapezoid,1.0,1.0,-1.0,1.0,1.0,1.0,1.0,True,False,True,3.0,11,9,40,True,True,True,True,A1_GRID_RECOMMENDED,"A1 Section 3.3 recommends control radius about 3B, inner free-surface panels greater than 10, outer/free-surface proxy panels greater than 8, and roughly 60 stations at Fn=0.2 or 40 at Fn=0.3."
14,st41_bp8_fs24_cp10_r3p0_h2_fsm_clipfs_onezonefs_noend_pr1p0_pl1p0_pf1p0_pm1p0_dt1p0_fv0p0_hr1p0_hqtrapezoid_hp1p0_hc1p0_cim1p0_cp1p0_cn1p0_cd1p0_pg1p0,A53,OK,diagnostic_matched_wigley_sensitivity_not_hard_gate,wigley_iii,Fn0.4,0.4,2.1696064159197173,2.0,3.616010693199528,0.15,239.85000000000002,2,3,36,0.22499999999999998,2.775,0.075,-0.8642343749999999,0.8642343749999999,0.07153124999999994,0.07153125000000006,heave,pitch_moment,1.275,455.10191130264815,1723.0127458905256,34.13264334769861,129.2259559417894,0.01088355528875594,0.01088355528875594,0.0,0.003554321743105886,0.003554321743105886,0.0,0.0,0.003554321743105886,2.927629950089423,1.6861645826848857,0.01032119878465178,0.005229197043150903,0.0826161694129188,0.03154352923695928,18.999217787829085,43622.47569679637,27438.432223115724,10850.999735385918,6249.618890519938,42251.34543017825,26717.219664212284,3.0377707422338327,2.1438097145941715,0.0029234610528468177,0.0012465763818465334,advance_eq19_20,0.0,0.0,0.0,0.0,,,96.31469922371299,1.0392924092381088e-15,a1_station_hull_matched_sweep_free_surface_marching_not_benchmark_validated,41,8,24,10,3.0,2,16,15.0,False,none,0.0,1.0,0.0,1.0,trapezoid,1.0,1.0,-1.0,1.0,1.0,1.0,1.0,True,False,True,3.0,11,9,40,True,True,True,True,A1_GRID_RECOMMENDED,"A1 Section 3.3 recommends control radius about 3B, inner free-surface panels greater than 10, outer/free-surface proxy panels greater than 8, and roughly 60 stations at Fn=0.2 or 40 at Fn=0.3."
14,st41_bp8_fs24_cp10_r3p0_h2_fsm_clipfs_onezonefs_noend_pr1p0_pl1p0_pf1p0_pm1p0_dt1p0_fv0p0_hr1p0_hqtrapezoid_hp1p0_hc1p0_cim1p0_cp1p0_cn1p0_cd1p0_pg1p0,A53,OK,diagnostic_matched_wigley_sensitivity_not_hard_gate,wigley_iii,Fn0.4,0.4,2.1696064159197173,2.0,3.616010693199528,0.15,239.85000000000002,3,4,35,0.3,2.7,0.07500000000000001,-0.8647499999999999,0.8647499999999999,0.0704999999999999,0.07050000000000001,heave,pitch_moment,1.2,354.2227811930337,-879.7671202561951,26.566708589477532,-65.98253401921464,0.0084710767586461,0.0084710767586461,0.0,0.013231637766806905,0.013231637766806905,0.0,0.0,0.013231637766806905,1.8746073729929218,0.9581760206282819,0.004231537104680653,0.0019069716124836063,0.03735155613224231,0.013199712553536165,8.38118867837105,19891.41685161465,12905.503092116325,6948.065313950408,3551.39410497322,18638.47774786821,12407.240223828403,2.9503055121131845,2.0652441221564897,0.0029126045635945973,0.0012515607285288263,advance_eq19_20,0.0,0.0,0.0,0.0,,,97.66111149943426,4.107760918198371e-16,a1_station_hull_matched_sweep_free_surface_marching_not_benchmark_validated,41,8,24,10,3.0,2,16,15.0,False,none,0.0,1.0,0.0,1.0,trapezoid,1.0,1.0,-1.0,1.0,1.0,1.0,1.0,True,False,True,3.0,11,9,40,True,True,True,True,A1_GRID_RECOMMENDED,"A1 Section 3.3 recommends control radius about 3B, inner free-surface panels greater than 10, outer/free-surface proxy panels greater than 8, and roughly 60 stations at Fn=0.2 or 40 at Fn=0.3."
14,st41_bp8_fs24_cp10_r3p0_h2_fsm_clipfs_onezonefs_noend_pr1p0_pl1p0_pf1p0_pm1p0_dt1p0_fv0p0_hr1p0_hqtrapezoid_hp1p0_hc1p0_cim1p0_cp1p0_cn1p0_cd1p0_pg1p0,A53,OK,diagnostic_matched_wigley_sensitivity_not_hard_gate,wigley_iii,Fn0.4,0.4,2.1696064159197173,2.0,3.616010693199528,0.15,239.85000000000002,4,5,34,0.375,2.625,0.07499999999999998,-0.8652343749999999,0.8652343749999999,0.06953124999999993,0.06953125000000009,heave,pitch_moment,1.125,374.4951722053973,-106.50420548450114,28.087137915404792,-7.987815411337584,0.008955881772509493,0.008955881772509493,0.0,0.021945117032384706,0.021945117032384706,0.0,0.0,0.021945117032384706,1.757364096655615,0.8492875906327252,0.0036470365457069043,0.0013769929671104582,0.033564474138908604,0.011113170885645476,1.2845571118116645,7112.408404893289,3710.755111255544,6513.513549485424,3147.8088345628375,2856.657935186936,1964.9435199916795,3.347973305248599,2.3331022995617965,0.003293886038507465,0.0014203797251966218,advance_eq19_20,0.0,0.0,0.0,0.0,,,98.98004886155589,5.542227404197604e-16,a1_station_hull_matched_sweep_free_surface_marching_not_benchmark_validated,41,8,24,10,3.0,2,16,15.0,False,none,0.0,1.0,0.0,1.0,trapezoid,1.0,1.0,-1.0,1.0,1.0,1.0,1.0,True,False,True,3.0,11,9,40,True,True,True,True,A1_GRID_RECOMMENDED,"A1 Section 3.3 recommends control radius about 3B, inner free-surface panels greater than 10, outer/free-surface proxy panels greater than 8, and roughly 60 stations at Fn=0.2 or 40 at Fn=0.3."
14,st41_bp8_fs24_cp10_r3p0_h2_fsm_clipfs_onezonefs_noend_pr1p0_pl1p0_pf1p0_pm1p0_dt1p0_fv0p0_hr1p0_hqtrapezoid_hp1p0_hc1p0_cim1p0_cp1p0_cn1p0_cd1p0_pg1p0,A53,OK,diagnostic_matched_wigley_sensitivity_not_hard_gate,wigley_iii,Fn0.4,0.4,2.1696064159197173,2.0,3.616010693199528,0.15,239.85000000000002,5,6,33,0.44999999999999996,2.55,0.07500000000000001,-0.8656874999999999,0.8656874999999999,0.06862499999999994,0.06862500000000005,heave,pitch_moment,1.05,404.98595680323893,30.301803107993273,30.373946760242923,2.272635233099496,0.009685055022998164,0.009685055022998164,0.0,0.03126558543013853,0.03126558543013853,0.0,0.0,0.03126558543013853,1.761470999805004,0.8256392120473635,0.003962747014277877,0.0013573301904415496,0.03674275284729545,0.0121973932951309,0.6158894098454237,6670.8552418527315,3077.199796732441,6528.735420332153,3060.1582249753014,1369.6435554750803,581.0042729637722,3.7852976561721317,2.6305846158646666,0.0038380646594458113,0.0016572770189190204,advance_eq19_20,0.0,0.0,0.0,0.0,,,100.2548122089833,3.926458671595385e-16,a1_station_hull_matched_sweep_free_surface_marching_not_benchmark_validated,41,8,24,10,3.0,2,16,15.0,False,none,0.0,1.0,0.0,1.0,trapezoid,1.0,1.0,-1.0,1.0,1.0,1.0,1.0,True,False,True,3.0,11,9,40,True,True,True,True,A1_GRID_RECOMMENDED,"A1 Section 3.3 recommends control radius about 3B, inner free-surface panels greater than 10, outer/free-surface proxy panels greater than 8, and roughly 60 stations at Fn=0.2 or 40 at Fn=0.3."
14,st41_bp8_fs24_cp10_r3p0_h2_fsm_clipfs_onezonefs_noend_pr1p0_pl1p0_pf1p0_pm1p0_dt1p0_fv0p0_hr1p0_hqtrapezoid_hp1p0_hc1p0_cim1p0_cp1p0_cn1p0_cd1p0_pg1p0,A53,OK,diagnostic_matched_wigley_sensitivity_not_hard_gate,wigley_iii,Fn0.4,0.4,2.1696064159197173,2.0,3.616010693199528,0.15,239.85000000000002,6,7,32,0.525,2.475,0.07500000000000001,-0.866109375,0.866109375,0.0677812499999999,0.06778125000000006,heave,pitch_moment,0.975,431.8924824365466,75.97778856648239,32.391936182741,5.69833414248618,0.010328512349996054,0.010328512349996054,0.0,0.04127236911663564,0.04127236911663564,0.0,0.0,0.04127236911663564,1.7987152606453016,0.8274737573186759,0.004583459738962902,0.001577382007958983,0.042600945877845756,0.014312842402625318,0.6640244079354644,6828.362686319195,3073.2265495318884,6666.777956927452,3066.9578036764815,1476.6884061786768,639.3360830068785,4.213241354788747,2.9224088459125235,0.004461224010719356,0.0019270832595363772,advance_eq19_20,0.0,0.0,0.0,0.0,,,101.47605820213124,5.684298448636982e-16,a1_station_hull_matched_sweep_free_surface_marching_not_benchmark_validated,41,8,24,10,3.0,2,16,15.0,False,none,0.0,1.0,0.0,1.0,trapezoid,1.0,1.0,-1.0,1.0,1.0,1.0,1.0,True,False,True,3.0,11,9,40,True,True,True,True,A1_GRID_RECOMMENDED,"A1 Section 3.3 recommends control radius about 3B, inner free-surface panels greater than 10, outer/free-surface proxy panels greater than 8, and roughly 60 stations at Fn=0.2 or 40 at Fn=0.3."
14,st41_bp8_fs24_cp10_r3p0_h2_fsm_clipfs_onezonefs_noend_pr1p0_pl1p0_pf1p0_pm1p0_dt1p0_fv0p0_hr1p0_hqtrapezoid_hp1p0_hc1p0_cim1p0_cp1p0_cn1p0_cd1p0_pg1p0,A53,OK,diagnostic_matched_wigley_sensitivity_not_hard_gate,wigley_iii,Fn0.4,0.4,2.1696064159197173,2.0,3.616010693199528,0.15,239.85000000000002,7,8,31,0.6,2.4,0.07499999999999996,-0.8664999999999999,0.8664999999999998,0.06699999999999995,0.06700000000000006,heave,pitch_moment,0.9,450.97348772374835,91.19660458806207,33.82301157928111,6.839745344104651,0.010784825915926562,0.010784825915926562,0.0,0.05182903824959695,0.05182903824959695,0.0,0.0,0.05182903824959695,1.8462976419620931,0.8388724912056404,0.005336601705953852,0.0018378149146760399,0.0497567500237406,0.01677362013774455,0.6925670683900934,7014.316570210102,3133.8827777850342,6843.137816568102,3109.206195891286,1540.1629039097027,628.3447954699209,4.618801440499914,3.199233374693365,0.005118424774810473,0.0022108878599906203,advance_eq19_20,0.0,0.0,0.0,0.0,,,102.63663006147286,3.3853322032534637e-16,a1_station_hull_matched_sweep_free_surface_marching_not_benchmark_validated,41,8,24,10,3.0,2,16,15.0,False,none,0.0,1.0,0.0,1.0,trapezoid,1.0,1.0,-1.0,1.0,1.0,1.0,1.0,True,False,True,3.0,11,9,40,True,True,True,True,A1_GRID_RECOMMENDED,"A1 Section 3.3 recommends control radius about 3B, inner free-surface panels greater than 10, outer/free-surface proxy panels greater than 8, and roughly 60 stations at Fn=0.2 or 40 at Fn=0.3."
14,st41_bp8_fs24_cp10_r3p0_h2_fsm_clipfs_onezonefs_noend_pr1p0_pl1p0_pf1p0_pm1p0_dt1p0_fv0p0_hr1p0_hqtrapezoid_hp1p0_hc1p0_cim1p0_cp1p0_cn1p0_cd1p0_pg1p0,A53,OK,diagnostic_matched_wigley_sensitivity_not_hard_gate,wigley_iii,Fn0.4,0.4,2.1696064159197173,2.0,3.616010693199528,0.15,239.85000000000002,8,9,30,0.6749999999999999,2.325,0.07500000000000001,-0.866859375,0.866859375,0.06628124999999993,0.06628125000000007,heave,pitch_moment,0.8250000000000001,460.5062799061292,92.55440807698952,34.53797099295969,6.941580605774215,0.011012798306717446,0.011012798306717446,0.0,0.06272785036091894,0.06272785036091894,0.0,0.0,0.06272785036091894,1.8960252787160388,0.8539483142542209,0.0061488771325588,0.002116819955534446,0.05753568751765448,0.019391928894097177,0.6779753319070037,7187.366453552137,3198.75143394492,7027.448874474157,3165.083391677548,1507.7131206892532,606.7616078793325,4.997035630092036,3.457527089395911,0.005780113318516164,0.0024962079686217773,advance_eq19_20,0.0,0.0,0.0,0.0,,,103.73019523740942,2.7903351531902134e-16,a1_station_hull_matched_sweep_free_surface_marching_not_benchmark_validated,41,8,24,10,3.0,2,16,15.0,False,none,0.0,1.0,0.0,1.0,trapezoid,1.0,1.0,-1.0,1.0,1.0,1.0,1.0,True,False,True,3.0,11,9,40,True,True,True,True,A1_GRID_RECOMMENDED,"A1 Section 3.3 recommends control radius about 3B, inner free-surface panels greater than 10, outer/free-surface proxy panels greater than 8, and roughly 60 stations at Fn=0.2 or 40 at Fn=0.3."
14,st41_bp8_fs24_cp10_r3p0_h2_fsm_clipfs_onezonefs_noend_pr1p0_pl1p0_pf1p0_pm1p0_dt1p0_fv0p0_hr1p0_hqtrapezoid_hp1p0_hc1p0_cim1p0_cp1p0_cn1p0_cd1p0_pg1p0,A53,OK,diagnostic_matched_wigley_sensitivity_not_hard_gate,wigley_iii,Fn0.4,0.4,2.1696064159197173,2.0,3.616010693199528,0.15,239.85000000000002,9,10,29,0.75,2.25,0.07500000000000001,-0.8671874999999999,0.8671874999999999,0.06562499999999982,0.0656250000000001,heave,pitch_moment,0.75,459.8112431167183,86.6617176449237,34.485843233753876,6.499628823369278,0.010996176817909322,0.010996176817909322,0.0,0.07373233792323233,0.07373233792323233,0.0,0.0,0.07373233792323233,1.9443767098746891,0.8700940669870093,0.006977939383382637,0.0024006065458905754,0.06551986357067678,0.022047747824934058,0.6391912859875486,7345.508433859471,3259.7788787389254,7206.659148877867,3224.9261865723543,1421.4633529555242,567.3909736666643,5.345569838927684,3.695602190533561,0.0064244993785668395,0.002773811861233246,advance_eq19_20,0.0,0.0,0.0,0.0,,,104.75084920458065,4.2780111711093456e-16,a1_station_hull_matched_sweep_free_surface_marching_not_benchmark_validated,41,8,24,10,3.0,2,16,15.0,False,none,0.0,1.0,0.0,1.0,trapezoid,1.0,1.0,-1.0,1.0,1.0,1.0,1.0,True,False,True,3.0,11,9,40,True,True,True,True,A1_GRID_RECOMMENDED,"A1 Section 3.3 recommends control radius about 3B, inner free-surface panels greater than 10, outer/free-surface proxy panels greater than 8, and roughly 60 stations at Fn=0.2 or 40 at Fn=0.3."
14,st41_bp8_fs24_cp10_r3p0_h2_fsm_clipfs_onezonefs_noend_pr1p0_pl1p0_pf1p0_pm1p0_dt1p0_fv0p0_hr1p0_hqtrapezoid_hp1p0_hc1p0_cim1p0_cp1p0_cn1p0_cd1p0_pg1p0,A53,OK,diagnostic_matched_wigley_sensitivity_not_hard_gate,wigley_iii,Fn0.4,0.4,2.1696064159197173,2.0,3.616010693199528,0.15,239.85000000000002,10,11,28,0.825,2.175,0.07499999999999996,-0.8674843749999999,0.8674843749999999,0.06503124999999987,0.0650312500000001,heave,pitch_moment,0.675,448.78329526509447,76.83784880684742,33.658747144882064,5.762838660513553,0.010732448459087177,0.010732448459087177,0.0,0.08459665056173059,0.08459665056173059,0.0,0.0,0.08459665056173059,1.9896620165958987,0.886014678143668,0.007794056209263303,0.0026792349134733178,0.07341181014761583,0.024653614882985987,0.5875212445106146,7489.353579320802,3315.7731587614167,7374.505106060298,3283.9345142617226,1306.5571081188507,519.0251041282254,5.663047138035719,3.9124968216314016,0.007034470356384998,0.0030364326849440784,advance_eq19_20,0.0,0.0,0.0,0.0,,,105.69301673551143,3.564785133107342e-16,a1_station_hull_matched_sweep_free_surface_marching_not_benchmark_validated,41,8,24,10,3.0,2,16,15.0,False,none,0.0,1.0,0.0,1.0,trapezoid,1.0,1.0,-1.0,1.0,1.0,1.0,1.0,True,False,True,3.0,11,9,40,True,True,True,True,A1_GRID_RECOMMENDED,"A1 Section 3.3 recommends control radius about 3B, inner free-surface panels greater than 10, outer/free-surface proxy panels greater than 8, and roughly 60 stations at Fn=0.2 or 40 at Fn=0.3."
14,st41_bp8_fs24_cp10_r3p0_h2_fsm_clipfs_onezonefs_noend_pr1p0_pl1p0_pf1p0_pm1p0_dt1p0_fv0p0_hr1p0_hqtrapezoid_hp1p0_hc1p0_cim1p0_cp1p0_cn1p0_cd1p0_pg1p0,A53,OK,diagnostic_matched_wigley_sensitivity_not_hard_gate,wigley_iii,Fn0.4,0.4,2.1696064159197173,2.0,3.616010693199528,0.15,239.85000000000002,11,12,27,0.8999999999999999,2.1,0.07500000000000001,-0.8677499999999999,0.8677499999999999,0.06449999999999989,0.0645,heave,pitch_moment,0.6000000000000001,427.69665059009554,65.03780441684604,32.07724879425717,4.877835331263454,0.010228170939096542,0.010228170939096542,0.0,0.09507696026082244,0.09507696026082244,0.0,0.0,0.09507696026082244,2.0310094723506364,0.901013112015932,0.008574154294671326,0.0029449937772844602,0.08098245197211866,0.027141003879048636,0.5288686420902862,7619.079443860052,3366.4781653640243,7527.755769259668,3339.524873956659,1176.1227190342793,465.91482133852315,5.9485885687852695,4.107589413770691,0.007596138173020264,0.0032781625715311395,advance_eq19_20,0.0,0.0,0.0,0.0,,,106.55145429053391,4.22931075291866e-16,a1_station_hull_matched_sweep_free_surface_marching_not_benchmark_validated,41,8,24,10,3.0,2,16,15.0,False,none,0.0,1.0,0.0,1.0,trapezoid,1.0,1.0,-1.0,1.0,1.0,1.0,1.0,True,False,True,3.0,11,9,40,True,True,True,True,A1_GRID_RECOMMENDED,"A1 Section 3.3 recommends control radius about 3B, inner free-surface panels greater than 10, outer/free-surface proxy panels greater than 8, and roughly 60 stations at Fn=0.2 or 40 at Fn=0.3."
14,st41_bp8_fs24_cp10_r3p0_h2_fsm_clipfs_onezonefs_noend_pr1p0_pl1p0_pf1p0_pm1p0_dt1p0_fv0p0_hr1p0_hqtrapezoid_hp1p0_hc1p0_cim1p0_cp1p0_cn1p0_cd1p0_pg1p0,A53,OK,diagnostic_matched_wigley_sensitivity_not_hard_gate,wigley_iii,Fn0.4,0.4,2.1696064159197173,2.0,3.616010693199528,0.15,239.85000000000002,12,13,26,0.975,2.025,0.07500000000000007,-0.8679843749999999,0.8679843749999999,0.06403124999999998,0.0640312500000001,heave,pitch_moment,0.525,397.1047049392132,52.549397063317116,29.782852870441015,3.9412047797487872,0.009496578468019053,0.009496578468019053,0.0,0.10493933496438022,0.10493933496438022,0.0,0.0,0.10493933496438022,2.067946776706922,0.9146910506682345,0.009299483947096022,0.003191659237090895,0.08804766062422176,0.029454130316624576,0.46635129787573953,7734.506158582389,3411.7254081922706,7664.660598978219,3390.2209356950034,1037.093737142284,410.1868839516976,6.201576262542616,4.280444850583388,0.00809807967161134,0.0034941358532486165,advance_eq19_20,0.0,0.0,0.0,0.0,,,107.32128791426383,3.3580092852123614e-16,a1_station_hull_matched_sweep_free_surface_marching_not_benchmark_validated,41,8,24,10,3.0,2,16,15.0,False,none,0.0,1.0,0.0,1.0,trapezoid,1.0,1.0,-1.0,1.0,1.0,1.0,1.0,True,False,True,3.0,11,9,40,True,True,True,True,A1_GRID_RECOMMENDED,"A1 Section 3.3 recommends control radius about 3B, inner free-surface panels greater than 10, outer/free-surface proxy panels greater than 8, and roughly 60 stations at Fn=0.2 or 40 at Fn=0.3."
14,st41_bp8_fs24_cp10_r3p0_h2_fsm_clipfs_onezonefs_noend_pr1p0_pl1p0_pf1p0_pm1p0_dt1p0_fv0p0_hr1p0_hqtrapezoid_hp1p0_hc1p0_cim1p0_cp1p0_cn1p0_cd1p0_pg1p0,A53,OK,diagnostic_matched_wigley_sensitivity_not_hard_gate,wigley_iii,Fn0.4,0.4,2.1696064159197173,2.0,3.616010693199528,0.15,239.85000000000002,13,14,25,1.05,1.95,0.07500000000000001,-0.8681874999999999,0.8681874999999999,0.06362499999999982,0.0636250000000001,heave,pitch_moment,0.44999999999999996,357.779237998489,40.287811578809055,26.83344284988668,3.0215858684106798,0.008556127806143248,0.008556127806143248,0.0,0.11396568810146139,0.11396568810146139,0.0,0.0,0.11396568810146139,2.1002092401829078,0.9268100069557244,0.009954536670058859,0.003414116343678097,0.09445638115837837,0.031546799403095294,0.4016613825865562,7835.319742759683,3451.3413350693504,7784.238547219297,3435.1387681091337,893.2332905041509,352.9720649051555,6.421554762692379,4.430744733625937,0.008530909833239324,0.0036803510418794688,advance_eq19_20,0.0,0.0,0.0,0.0,,,107.99806268512654,3.567210203420904e-16,a1_station_hull_matched_sweep_free_surface_marching_not_benchmark_validated,41,8,24,10,3.0,2,16,15.0,False,none,0.0,1.0,0.0,1.0,trapezoid,1.0,1.0,-1.0,1.0,1.0,1.0,1.0,True,False,True,3.0,11,9,40,True,True,True,True,A1_GRID_RECOMMENDED,"A1 Section 3.3 recommends control radius about 3B, inner free-surface panels greater than 10, outer/free-surface proxy panels greater than 8, and roughly 60 stations at Fn=0.2 or 40 at Fn=0.3."
14,st41_bp8_fs24_cp10_r3p0_h2_fsm_clipfs_onezonefs_noend_pr1p0_pl1p0_pf1p0_pm1p0_dt1p0_fv0p0_hr1p0_hqtrapezoid_hp1p0_hc1p0_cim1p0_cp1p0_cn1p0_cd1p0_pg1p0,A53,OK,diagnostic_matched_wigley_sensitivity_not_hard_gate,wigley_iii,Fn0.4,0.4,2.1696064159197173,2.0,3.616010693199528,0.15,239.85000000000002,14,15,24,1.125,1.875,0.07499999999999996,-0.8683593749999999,0.8683593749999999,0.06328124999999996,0.06328125000000007,heave,pitch_moment,0.375,310.6679820810732,28.93457885623894,23.300098656080475,2.170093414217919,0.007429483540835053,0.007429483540835053,0.0,0.12195849377495054,0.12195849377495054,0.0,0.0,0.12195849377495054,2.12764511062792,0.9372218706780864,0.010526474195260793,0.0036081503003024505,0.10008410546036113,0.03338067151408636,0.3357401177939021,7921.193738153831,3485.15834962586,7885.927158148357,3473.729413929236,746.6345114884739,294.89769741852547,6.608180557121552,4.55825145268509,0.008887029809506695,0.00383356570780047,advance_eq19_20,0.0,0.0,0.0,0.0,,,108.57779417676022,3.060036637868835e-16,a1_station_hull_matched_sweep_free_surface_marching_not_benchmark_validated,41,8,24,10,3.0,2,16,15.0,False,none,0.0,1.0,0.0,1.0,trapezoid,1.0,1.0,-1.0,1.0,1.0,1.0,1.0,True,False,True,3.0,11,9,40,True,True,True,True,A1_GRID_RECOMMENDED,"A1 Section 3.3 recommends control radius about 3B, inner free-surface panels greater than 10, outer/free-surface proxy panels greater than 8, and roughly 60 stations at Fn=0.2 or 40 at Fn=0.3."
14,st41_bp8_fs24_cp10_r3p0_h2_fsm_clipfs_onezonefs_noend_pr1p0_pl1p0_pf1p0_pm1p0_dt1p0_fv0p0_hr1p0_hqtrapezoid_hp1p0_hc1p0_cim1p0_cp1p0_cn1p0_cd1p0_pg1p0,A53,OK,diagnostic_matched_wigley_sensitivity_not_hard_gate,wigley_iii,Fn0.4,0.4,2.1696064159197173,2.0,3.616010693199528,0.15,239.85000000000002,15,16,23,1.2,1.8,0.07499999999999996,-0.8684999999999999,0.8684999999999998,0.06299999999999994,0.06300000000000008,heave,pitch_moment,0.30000000000000004,256.8615491553842,19.008573876875705,19.264616186653804,1.425643040765677,0.006142727161453382,0.006142727161453382,0.0,0.12874459912609476,0.12874459912609476,0.0,0.0,0.12874459912609476,2.1501661769225064,0.9458321414423517,0.011004799369842186,0.003770324934962158,0.10482907465215294,0.03492425461917696,0.26912069363080676,7991.840226997798,3513.0288995590117,7969.399485105425,3505.642615863036,598.4831331471169,236.32237965896329,6.761193281036206,4.6627872520540175,0.00916047328951972,0.00395123236899822,advance_eq19_20,0.0,0.0,0.0,0.0,,,109.05701762428855,2.9447793280369205e-16,a1_station_hull_matched_sweep_free_surface_marching_not_benchmark_validated,41,8,24,10,3.0,2,16,15.0,False,none,0.0,1.0,0.0,1.0,trapezoid,1.0,1.0,-1.0,1.0,1.0,1.0,1.0,True,False,True,3.0,11,9,40,True,True,True,True,A1_GRID_RECOMMENDED,"A1 Section 3.3 recommends control radius about 3B, inner free-surface panels greater than 10, outer/free-surface proxy panels greater than 8, and roughly 60 stations at Fn=0.2 or 40 at Fn=0.3."
14,st41_bp8_fs24_cp10_r3p0_h2_fsm_clipfs_onezonefs_noend_pr1p0_pl1p0_pf1p0_pm1p0_dt1p0_fv0p0_hr1p0_hqtrapezoid_hp1p0_hc1p0_cim1p0_cp1p0_cn1p0_cd1p0_pg1p0,A53,OK,diagnostic_matched_wigley_sensitivity_not_hard_gate,wigley_iii,Fn0.4,0.4,2.1696064159197173,2.0,3.616010693199528,0.15,239.85000000000002,16,17,22,1.275,1.725,0.07499999999999996,-0.8686093749999999,0.8686093749999999,0.0627812499999999,0.06278125000000001,heave,pitch_moment,0.2250000000000001,197.5654274827441,10.904437130800835,14.817407061205799,0.8178327848100622,0.004724687371671416,0.004724687371671416,0.0,0.13417830639265715,0.13417830639265715,0.0,0.0,0.13417830639265715,2.167720900813427,0.95257959572074,0.011381155735905259,0.003897909404528718,0.10860998294965349,0.036152297226008843,0.20210874968534503,8047.02635507398,3534.832092133722,8034.464506143802,3530.651454356126,449.45885103160765,177.45557217990023,6.880397745143815,4.744220767860073,0.00934681136006598,0.004031458775770208,advance_eq19_20,0.0,0.0,0.0,0.0,,,109.43283246067818,3.075670637240744e-16,a1_station_hull_matched_sweep_free_surface_marching_not_benchmark_validated,41,8,24,10,3.0,2,16,15.0,False,none,0.0,1.0,0.0,1.0,trapezoid,1.0,1.0,-1.0,1.0,1.0,1.0,1.0,True,False,True,3.0,11,9,40,True,True,True,True,A1_GRID_RECOMMENDED,"A1 Section 3.3 recommends control radius about 3B, inner free-surface panels greater than 10, outer/free-surface proxy panels greater than 8, and roughly 60 stations at Fn=0.2 or 40 at Fn=0.3."
14,st41_bp8_fs24_cp10_r3p0_h2_fsm_clipfs_onezonefs_noend_pr1p0_pl1p0_pf1p0_pm1p0_dt1p0_fv0p0_hr1p0_hqtrapezoid_hp1p0_hc1p0_cim1p0_cp1p0_cn1p0_cd1p0_pg1p0,A53,OK,diagnostic_matched_wigley_sensitivity_not_hard_gate,wigley_iii,Fn0.4,0.4,2.1696064159197173,2.0,3.616010693199528,0.15,239.85000000000002,17,18,21,1.3499999999999999,1.6500000000000001,0.07500000000000007,-0.8686874999999998,0.8686875,0.0626249999999999,0.06262500000000004,heave,pitch_moment,0.15000000000000013,134.07484380030724,4.914214881125211,10.055613285023052,0.36856611608439116,0.00320633893001071,0.00320633893001071,0.0,0.13814381954349822,0.13814381954349822,0.0,0.0,0.13814381954349822,2.1802793644724447,0.9574246827532251,0.011649202013875625,0.003988833108238013,0.11136455764012361,0.03704541467793943,0.13488085199384123,8086.576331596944,3550.4753176286276,8081.011333496997,3548.6093380380485,299.95432091731965,118.42195427432013,6.965652062497703,4.802457845866378,0.009443094080381048,0.004072983509213085,advance_eq19_20,0.0,0.0,0.0,0.0,,,109.70294068380586,3.424652139803998e-16,a1_station_hull_matched_sweep_free_surface_marching_not_benchmark_validated,41,8,24,10,3.0,2,16,15.0,False,none,0.0,1.0,0.0,1.0,trapezoid,1.0,1.0,-1.0,1.0,1.0,1.0,1.0,True,False,True,3.0,11,9,40,True,True,True,True,A1_GRID_RECOMMENDED,"A1 Section 3.3 recommends control radius about 3B, inner free-surface panels greater than 10, outer/free-surface proxy panels greater than 8, and roughly 60 stations at Fn=0.2 or 40 at Fn=0.3."
14,st41_bp8_fs24_cp10_r3p0_h2_fsm_clipfs_onezonefs_noend_pr1p0_pl1p0_pf1p0_pm1p0_dt1p0_fv0p0_hr1p0_hqtrapezoid_hp1p0_hc1p0_cim1p0_cp1p0_cn1p0_cd1p0_pg1p0,A53,OK,diagnostic_matched_wigley_sensitivity_not_hard_gate,wigley_iii,Fn0.4,0.4,2.1696064159197173,2.0,3.616010693199528,0.15,239.85000000000002,18,19,20,1.425,1.575,0.07500000000000007,-0.8687343749999998,0.868734375,0.06253124999999993,0.06253125000000004,heave,pitch_moment,0.07499999999999996,67.75128736451724,1.2398013407795252,5.081346552338798,0.09298510055846447,0.0016202412330141873,0.0016202412330141873,0.0,0.14055710962501067,0.14055710962501067,0.0,0.0,0.14055710962501067,2.187824716324996,0.9603428008068605,0.011804533433918322,0.004041657968442242,0.1130486775947059,0.03758985832231194,0.06754041790974614,8110.368433563071,3559.893656656207,8108.977508304345,3559.4250827761616,150.19952713165634,59.29788586598582,7.016859676516529,4.837435200591432,0.009447816639004732,0.004075161834395104,advance_eq19_20,0.0,0.0,0.0,0.0,,,109.86567790060892,3.3834339755042845e-16,a1_station_hull_matched_sweep_free_surface_marching_not_benchmark_validated,41,8,24,10,3.0,2,16,15.0,False,none,0.0,1.0,0.0,1.0,trapezoid,1.0,1.0,-1.0,1.0,1.0,1.0,1.0,True,False,True,3.0,11,9,40,True,True,True,True,A1_GRID_RECOMMENDED,"A1 Section 3.3 recommends control radius about 3B, inner free-surface panels greater than 10, outer/free-surface proxy panels greater than 8, and roughly 60 stations at Fn=0.2 or 40 at Fn=0.3."
14,st41_bp8_fs24_cp10_r3p0_h2_fsm_clipfs_onezonefs_noend_pr1p0_pl1p0_pf1p0_pm1p0_dt1p0_fv0p0_hr1p0_hqtrapezoid_hp1p0_hc1p0_cim1p0_cp1p0_cn1p0_cd1p0_pg1p0,A53,OK,diagnostic_matched_wigley_sensitivity_not_hard_gate,wigley_iii,Fn0.4,0.4,2.1696064159197173,2.0,3.616010693199528,0.15,239.85000000000002,19,20,19,1.5,1.5,0.07499999999999996,-0.8687499999999999,0.8687499999999999,0.062499999999999944,0.06250000000000003,heave,pitch_moment,0.0,0.0,0.0,0.0,0.0,0.0,0.0,0.0,0.14136723024151776,0.14136723024151776,0.0,0.0,0.14136723024151776,2.190348384251893,0.9613204651752651,0.011844634485585818,0.004055562043435121,0.11363584207855158,0.03777737707052426,0.00015299809822489764,8118.331265899256,3563.0487121304386,8118.331258769332,3563.048708706936,0.34024429692055935,0.15619287494180223,7.033964201026128,4.849116220961406,0.009360903549007678,0.004037959078991016,advance_eq19_20,0.0,0.0,0.0,0.0,,,109.92003615667433,4.482763751301368e-16,a1_station_hull_matched_sweep_free_surface_marching_not_benchmark_validated,41,8,24,10,3.0,2,16,15.0,False,none,0.0,1.0,0.0,1.0,trapezoid,1.0,1.0,-1.0,1.0,1.0,1.0,1.0,True,False,True,3.0,11,9,40,True,True,True,True,A1_GRID_RECOMMENDED,"A1 Section 3.3 recommends control radius about 3B, inner free-surface panels greater than 10, outer/free-surface proxy panels greater than 8, and roughly 60 stations at Fn=0.2 or 40 at Fn=0.3."
14,st41_bp8_fs24_cp10_r3p0_h2_fsm_clipfs_onezonefs_noend_pr1p0_pl1p0_pf1p0_pm1p0_dt1p0_fv0p0_hr1p0_hqtrapezoid_hp1p0_hc1p0_cim1p0_cp1p0_cn1p0_cd1p0_pg1p0,A53,OK,diagnostic_matched_wigley_sensitivity_not_hard_gate,wigley_iii,Fn0.4,0.4,2.1696064159197173,2.0,3.616010693199528,0.15,239.85000000000002,20,21,18,1.575,1.425,0.07499999999999996,-0.8687343749999998,0.868734375,0.06253124999999993,0.06253125000000004,heave,pitch_moment,-0.07499999999999996,-67.75199902557354,1.2341492255171058,-5.081399926918013,0.09256119191378288,-0.0016202582520647771,-0.0016202582520647771,0.0,0.14055710111548536,0.14055710111548536,0.0,0.0,0.14055710111548536,2.1878476477405466,0.9603533361250297,0.011768854615780823,0.004030331159045144,0.11311688533973453,0.037605143351423315,0.06724007967852647,8110.441070606949,3559.927679305551,8109.062501554281,3559.4641309948965,149.53162098442112,59.033000121971234,7.016946510124101,4.837488569685521,0.009183707950723003,0.0039619503128330074,advance_eq19_20,0.0,0.0,0.0,0.0,,,109.86567790060924,4.455453127881528e-16,a1_station_hull_matched_sweep_free_surface_marching_not_benchmark_validated,41,8,24,10,3.0,2,16,15.0,False,none,0.0,1.0,0.0,1.0,trapezoid,1.0,1.0,-1.0,1.0,1.0,1.0,1.0,True,False,True,3.0,11,9,40,True,True,True,True,A1_GRID_RECOMMENDED,"A1 Section 3.3 recommends control radius about 3B, inner free-surface panels greater than 10, outer/free-surface proxy panels greater than 8, and roughly 60 stations at Fn=0.2 or 40 at Fn=0.3."
14,st41_bp8_fs24_cp10_r3p0_h2_fsm_clipfs_onezonefs_noend_pr1p0_pl1p0_pf1p0_pm1p0_dt1p0_fv0p0_hr1p0_hqtrapezoid_hp1p0_hc1p0_cim1p0_cp1p0_cn1p0_cd1p0_pg1p0,A53,OK,diagnostic_matched_wigley_sensitivity_not_hard_gate,wigley_iii,Fn0.4,0.4,2.1696064159197173,2.0,3.616010693199528,0.15,239.85000000000002,21,22,17,1.65,1.35,0.07499999999999996,-0.8686874999999998,0.8686875,0.0626249999999999,0.06262500000000004,heave,pitch_moment,-0.1499999999999999,-134.07764987483142,4.903235751288939,-10.05582374061235,0.3677426813466702,-0.00320640603600712,-0.00320640603600712,0.0,0.1381437689714494,0.1381437689714494,0.0,0.0,0.1381437689714494,2.180324895387519,0.9574456107967898,0.011578402755990874,0.003966356945176291,0.1114998838418613,0.03707572925730449,0.13458720236485247,8086.720775763518,3550.5430055463853,8081.180089779671,3548.686905968099,299.30128919525595,118.16292946331453,6.965823802208945,4.802563404431529,0.008919025871181513,0.0038483262599226355,advance_eq19_20,0.0,0.0,0.0,0.0,,,109.70294068380586,4.6872090147072e-16,a1_station_hull_matched_sweep_free_surface_marching_not_benchmark_validated,41,8,24,10,3.0,2,16,15.0,False,none,0.0,1.0,0.0,1.0,trapezoid,1.0,1.0,-1.0,1.0,1.0,1.0,1.0,True,False,True,3.0,11,9,40,True,True,True,True,A1_GRID_RECOMMENDED,"A1 Section 3.3 recommends control radius about 3B, inner free-surface panels greater than 10, outer/free-surface proxy panels greater than 8, and roughly 60 stations at Fn=0.2 or 40 at Fn=0.3."
14,st41_bp8_fs24_cp10_r3p0_h2_fsm_clipfs_onezonefs_noend_pr1p0_pl1p0_pf1p0_pm1p0_dt1p0_fv0p0_hr1p0_hqtrapezoid_hp1p0_hc1p0_cim1p0_cp1p0_cn1p0_cd1p0_pg1p0,A53,OK,diagnostic_matched_wigley_sensitivity_not_hard_gate,wigley_iii,Fn0.4,0.4,2.1696064159197173,2.0,3.616010693199528,0.15,239.85000000000002,22,23,16,1.7249999999999999,1.2750000000000001,0.07499999999999996,-0.8686093749999999,0.8686093749999999,0.0627812499999999,0.06278125000000001,heave,pitch_moment,-0.22499999999999987,-197.57159046367929,10.888769331582626,-14.817869284775938,0.8166576998686965,-0.004724834756558374,-0.004724834756558374,0.0,0.13417814857516666,0.13417814857516666,0.0,0.0,0.13417814857516666,2.167788367823524,0.9526106314632109,0.011276359774401737,0.0038646409000282025,0.10881023919152114,0.03619712838706659,0.20182624580279246,8047.240960697986,3534.9327360507027,8034.714566609499,3530.7664855721882,448.83060573959665,177.20631238157463,6.880650553914882,4.744376168316,0.008571128026156253,0.003698906510856478,advance_eq19_20,0.0,0.0,0.0,0.0,,,109.43283246067818,2.891984259633311e-16,a1_station_hull_matched_sweep_free_surface_marching_not_benchmark_validated,41,8,24,10,3.0,2,16,15.0,False,none,0.0,1.0,0.0,1.0,trapezoid,1.0,1.0,-1.0,1.0,1.0,1.0,1.0,True,False,True,3.0,11,9,40,True,True,True,True,A1_GRID_RECOMMENDED,"A1 Section 3.3 recommends control radius about 3B, inner free-surface panels greater than 10, outer/free-surface proxy panels greater than 8, and roughly 60 stations at Fn=0.2 or 40 at Fn=0.3."
14,st41_bp8_fs24_cp10_r3p0_h2_fsm_clipfs_onezonefs_noend_pr1p0_pl1p0_pf1p0_pm1p0_dt1p0_fv0p0_hr1p0_hqtrapezoid_hp1p0_hc1p0_cim1p0_cp1p0_cn1p0_cd1p0_pg1p0,A53,OK,diagnostic_matched_wigley_sensitivity_not_hard_gate,wigley_iii,Fn0.4,0.4,2.1696064159197173,2.0,3.616010693199528,0.15,239.85000000000002,23,24,15,1.7999999999999998,1.2000000000000002,0.07500000000000007,-0.8684999999999999,0.8684999999999998,0.06299999999999994,0.06300000000000008,heave,pitch_moment,-0.2999999999999998,-256.87213584174737,18.989146662427935,-19.26541018813107,1.4241859996820962,-0.006142980337244344,-0.006142980337244344,0.0,0.1287442410282653,0.1287442410282653,0.0,0.0,0.1287442410282653,2.150254585233807,0.9458728574094084,0.010867710927790965,0.003726805237732473,0.10509095133125779,0.03498282734734279,0.2688538091618355,7992.122562138617,3513.161449511227,7969.727162639431,3505.7935259696037,597.8896230345227,236.08680156901627,6.76152144578523,4.662989000753446,0.008145815213738167,0.0035161625402890407,advance_eq19_20,0.0,0.0,0.0,0.0,,,109.05701762428855,3.3877758554803483e-16,a1_station_hull_matched_sweep_free_surface_marching_not_benchmark_validated,41,8,24,10,3.0,2,16,15.0,False,none,0.0,1.0,0.0,1.0,trapezoid,1.0,1.0,-1.0,1.0,1.0,1.0,1.0,True,False,True,3.0,11,9,40,True,True,True,True,A1_GRID_RECOMMENDED,"A1 Section 3.3 recommends control radius about 3B, inner free-surface panels greater than 10, outer/free-surface proxy panels greater than 8, and roughly 60 stations at Fn=0.2 or 40 at Fn=0.3."
14,st41_bp8_fs24_cp10_r3p0_h2_fsm_clipfs_onezonefs_noend_pr1p0_pl1p0_pf1p0_pm1p0_dt1p0_fv0p0_hr1p0_hqtrapezoid_hp1p0_hc1p0_cim1p0_cp1p0_cn1p0_cd1p0_pg1p0,A53,OK,diagnostic_matched_wigley_sensitivity_not_hard_gate,wigley_iii,Fn0.4,0.4,2.1696064159197173,2.0,3.616010693199528,0.15,239.85000000000002,24,25,14,1.875,1.125,0.07500000000000007,-0.8683593749999999,0.8683593749999999,0.06328124999999996,0.06328125000000007,heave,pitch_moment,-0.375,-310.6837949080469,28.91258267551119,-23.301284618103537,2.168443700663341,-0.007429861697402561,-0.007429861697402561,0.0,0.12195782001094184,0.12195782001094184,0.0,0.0,0.12195782001094184,2.1277531320697354,0.9372716959829342,0.01035940392180242,0.0035551126227859617,0.1004031320680443,0.03345194042700088,0.3354933950905094,7921.540632240735,3485.3214323487928,7886.327530004274,3473.914086985236,746.0858380492341,294.67977638069914,6.608576532319713,4.558494938765879,0.007650508607303466,0.0033032552143291097,advance_eq19_20,0.0,0.0,0.0,0.0,,,108.57779417676022,3.631035261865698e-16,a1_station_hull_matched_sweep_free_surface_marching_not_benchmark_validated,41,8,24,10,3.0,2,16,15.0,False,none,0.0,1.0,0.0,1.0,trapezoid,1.0,1.0,-1.0,1.0,1.0,1.0,1.0,True,False,True,3.0,11,9,40,True,True,True,True,A1_GRID_RECOMMENDED,"A1 Section 3.3 recommends control radius about 3B, inner free-surface panels greater than 10, outer/free-surface proxy panels greater than 8, and roughly 60 stations at Fn=0.2 or 40 at Fn=0.3."
14,st41_bp8_fs24_cp10_r3p0_h2_fsm_clipfs_onezonefs_noend_pr1p0_pl1p0_pf1p0_pm1p0_dt1p0_fv0p0_hr1p0_hqtrapezoid_hp1p0_hc1p0_cim1p0_cp1p0_cn1p0_cd1p0_pg1p0,A53,OK,diagnostic_matched_wigley_sensitivity_not_hard_gate,wigley_iii,Fn0.4,0.4,2.1696064159197173,2.0,3.616010693199528,0.15,239.85000000000002,25,26,13,1.95,1.05,0.07499999999999996,-0.8681874999999999,0.8681874999999999,0.0636249999999999,0.06362500000000004,heave,pitch_moment,-0.44999999999999996,-357.80075508547986,40.264666724091384,-26.835056631410975,3.019850004306852,-0.008556642377495509,-0.008556642377495509,0.0,0.11396456797349282,0.11396456797349282,0.0,0.0,0.11396456797349282,2.1003352057523266,0.9268682238751974,0.00976044331732343,0.0033524988671376392,0.0948268587058146,0.03162943438735385,0.40143954947318206,7835.727358777804,3451.533278536358,7784.705427386439,3435.354543937557,892.7399676944599,352.77593960238414,6.422009214099351,4.431024258803993,0.007094395233394686,0.0030640951929092114,advance_eq19_20,0.0,0.0,0.0,0.0,,,107.99806268512636,3.2091314146424767e-16,a1_station_hull_matched_sweep_free_surface_marching_not_benchmark_validated,41,8,24,10,3.0,2,16,15.0,False,none,0.0,1.0,0.0,1.0,trapezoid,1.0,1.0,-1.0,1.0,1.0,1.0,1.0,True,False,True,3.0,11,9,40,True,True,True,True,A1_GRID_RECOMMENDED,"A1 Section 3.3 recommends control radius about 3B, inner free-surface panels greater than 10, outer/free-surface proxy panels greater than 8, and roughly 60 stations at Fn=0.2 or 40 at Fn=0.3."
14,st41_bp8_fs24_cp10_r3p0_h2_fsm_clipfs_onezonefs_noend_pr1p0_pl1p0_pf1p0_pm1p0_dt1p0_fv0p0_hr1p0_hqtrapezoid_hp1p0_hc1p0_cim1p0_cp1p0_cn1p0_cd1p0_pg1p0,A53,OK,diagnostic_matched_wigley_sensitivity_not_hard_gate,wigley_iii,Fn0.4,0.4,2.1696064159197173,2.0,3.616010693199528,0.15,239.85000000000002,26,27,12,2.025,0.9750000000000001,0.07500000000000007,-0.8679843749999999,0.8679843749999999,0.06403124999999998,0.0640312500000001,heave,pitch_moment,-0.5249999999999999,-397.13202985926125,52.526731118275436,-29.78490223944462,3.9395048338706613,-0.00949723193105825,-0.00949723193105825,0.0,0.10493763081921596,0.10493763081921596,0.0,0.0,0.10493763081921596,2.0680886572915513,0.9147567858898046,0.009082040603797152,0.0031226259610226807,0.0884625477448938,0.02954649201008512,0.4661595061266526,7734.97010326207,3411.9442746652194,7665.186466732176,3390.4645774407236,1036.6672217177108,410.0170725784769,6.202078093524262,4.280753649120882,0.0064886655454665185,0.0028034415151691446,advance_eq19_20,0.0,0.0,0.0,0.0,,,107.32128791426383,2.868019573314593e-16,a1_station_hull_matched_sweep_free_surface_marching_not_benchmark_validated,41,8,24,10,3.0,2,16,15.0,False,none,0.0,1.0,0.0,1.0,trapezoid,1.0,1.0,-1.0,1.0,1.0,1.0,1.0,True,False,True,3.0,11,9,40,True,True,True,True,A1_GRID_RECOMMENDED,"A1 Section 3.3 recommends control radius about 3B, inner free-surface panels greater than 10, outer/free-surface proxy panels greater than 8, and roughly 60 stations at Fn=0.2 or 40 at Fn=0.3."
14,st41_bp8_fs24_cp10_r3p0_h2_fsm_clipfs_onezonefs_noend_pr1p0_pl1p0_pf1p0_pm1p0_dt1p0_fv0p0_hr1p0_hqtrapezoid_hp1p0_hc1p0_cim1p0_cp1p0_cn1p0_cd1p0_pg1p0,A53,OK,diagnostic_matched_wigley_sensitivity_not_hard_gate,wigley_iii,Fn0.4,0.4,2.1696064159197173,2.0,3.616010693199528,0.15,239.85000000000002,27,28,11,2.1,0.8999999999999999,0.07499999999999996,-0.8677499999999999,0.8677499999999999,0.06449999999999989,0.06450000000000003,heave,pitch_moment,-0.6000000000000001,-427.7294712290424,65.01745854154066,-32.07971034217816,4.876309390615547,-0.01022895582975447,-0.01022895582975447,0.0,0.09507453693880957,0.09507453693880957,0.0,0.0,0.09507453693880957,2.0311648354443848,0.901085316972944,0.008337855128415441,0.002869968769010861,0.08143317094791783,0.027241101464096487,0.5287129440913508,7619.5949446019185,3366.721793795814,7528.3316087332,3339.792495200733,1175.7764705724073,465.7766587254577,5.949124897792179,4.107919643129439,0.005846911640588639,0.00252706665633269,advance_eq19_20,0.0,0.0,0.0,0.0,,,106.55145429053415,3.678190927839823e-16,a1_station_hull_matched_sweep_free_surface_marching_not_benchmark_validated,41,8,24,10,3.0,2,16,15.0,False,none,0.0,1.0,0.0,1.0,trapezoid,1.0,1.0,-1.0,1.0,1.0,1.0,1.0,True,False,True,3.0,11,9,40,True,True,True,True,A1_GRID_RECOMMENDED,"A1 Section 3.3 recommends control radius about 3B, inner free-surface panels greater than 10, outer/free-surface proxy panels greater than 8, and roughly 60 stations at Fn=0.2 or 40 at Fn=0.3."
14,st41_bp8_fs24_cp10_r3p0_h2_fsm_clipfs_onezonefs_noend_pr1p0_pl1p0_pf1p0_pm1p0_dt1p0_fv0p0_hr1p0_hqtrapezoid_hp1p0_hc1p0_cim1p0_cp1p0_cn1p0_cd1p0_pg1p0,A53,OK,diagnostic_matched_wigley_sensitivity_not_hard_gate,wigley_iii,Fn0.4,0.4,2.1696064159197173,2.0,3.616010693199528,0.15,239.85000000000002,28,29,10,2.175,0.8250000000000002,0.07499999999999996,-0.8674843749999999,0.8674843749999999,0.06503124999999987,0.0650312500000001,heave,pitch_moment,-0.6749999999999998,-448.82084808437634,76.82196261658476,-33.66156360632821,5.761647196243853,-0.010733346517686258,-0.010733346517686258,0.0,0.08459338576508924,0.08459338576508924,0.0,0.0,0.08459338576508924,1.9898279342827283,0.8860920869225307,0.007544394168925765,0.0025999604865851915,0.07388790835248112,0.024759031660805484,0.5874096183471025,7489.9158096970405,3316.039218186312,7375.1200651933095,3284.2214230081404,1306.3088686572967,518.9256943294431,5.663603167733929,3.9128394865185925,0.0051858225408938,0.0022420441197399154,advance_eq19_20,0.0,0.0,0.0,0.0,,,105.69301673551156,2.8479861601759977e-16,a1_station_hull_matched_sweep_free_surface_marching_not_benchmark_validated,41,8,24,10,3.0,2,16,15.0,False,none,0.0,1.0,0.0,1.0,trapezoid,1.0,1.0,-1.0,1.0,1.0,1.0,1.0,True,False,True,3.0,11,9,40,True,True,True,True,A1_GRID_RECOMMENDED,"A1 Section 3.3 recommends control radius about 3B, inner free-surface panels greater than 10, outer/free-surface proxy panels greater than 8, and roughly 60 stations at Fn=0.2 or 40 at Fn=0.3."
14,st41_bp8_fs24_cp10_r3p0_h2_fsm_clipfs_onezonefs_noend_pr1p0_pl1p0_pf1p0_pm1p0_dt1p0_fv0p0_hr1p0_hqtrapezoid_hp1p0_hc1p0_cim1p0_cp1p0_cn1p0_cd1p0_pg1p0,A53,OK,diagnostic_matched_wigley_sensitivity_not_hard_gate,wigley_iii,Fn0.4,0.4,2.1696064159197173,2.0,3.616010693199528,0.15,239.85000000000002,29,30,9,2.25,0.75,0.07499999999999996,-0.8671874999999999,0.8671874999999999,0.06562499999999982,0.0656250000000001,heave,pitch_moment,-0.75,-459.85227077699824,86.65302947889504,-34.48892030827485,6.498977210917124,-0.010997157975750967,-0.010997157975750967,0.0,0.07372813351837058,0.07372813351837058,0.0,0.0,0.07372813351837058,1.9445495558199866,0.8701751023137944,0.006721730191983704,0.0023192509311295013,0.06600837465245246,0.022155499776723372,0.6391360490586204,7346.113195263155,3260.0649095784647,7207.299786984001,3225.2265367957407,1421.340514500241,567.3414777500282,5.346128468774786,3.6959469070910274,0.0045265621843449825,0.0019573209029252825,advance_eq19_20,0.0,0.0,0.0,0.0,,,104.75084920458065,3.592794816991905e-16,a1_station_hull_matched_sweep_free_surface_marching_not_benchmark_validated,41,8,24,10,3.0,2,16,15.0,False,none,0.0,1.0,0.0,1.0,trapezoid,1.0,1.0,-1.0,1.0,1.0,1.0,1.0,True,False,True,3.0,11,9,40,True,True,True,True,A1_GRID_RECOMMENDED,"A1 Section 3.3 recommends control radius about 3B, inner free-surface panels greater than 10, outer/free-surface proxy panels greater than 8, and roughly 60 stations at Fn=0.2 or 40 at Fn=0.3."
14,st41_bp8_fs24_cp10_r3p0_h2_fsm_clipfs_onezonefs_noend_pr1p0_pl1p0_pf1p0_pm1p0_dt1p0_fv0p0_hr1p0_hqtrapezoid_hp1p0_hc1p0_cim1p0_cp1p0_cn1p0_cd1p0_pg1p0,A53,OK,diagnostic_matched_wigley_sensitivity_not_hard_gate,wigley_iii,Fn0.4,0.4,2.1696064159197173,2.0,3.616010693199528,0.15,239.85000000000002,30,31,8,2.3249999999999997,0.6750000000000003,0.07499999999999996,-0.866859375,0.866859375,0.06628124999999996,0.06628125000000007,heave,pitch_moment,-0.8249999999999997,-460.54894765600625,92.55674032657129,-34.54117107420045,6.941755524492843,-0.011013818686556109,-0.011013818686556109,0.0,0.06272264518721708,0.06272264518721708,0.0,0.0,0.06272264518721708,1.8962002482713767,0.8540308615402336,0.005894926098748873,0.0020361994122102974,0.058019802019148636,0.019498168310638615,0.6779964656813706,7188.010392940268,3199.0542005914317,7028.097383551821,3165.389345843187,1507.7601189610239,606.7807471435182,4.997576434240415,3.4578614506067757,0.0038978117284397514,0.0016849874871347151,advance_eq19_20,0.0,0.0,0.0,0.0,,,103.73019523740956,5.31463429596714e-16,a1_station_hull_matched_sweep_free_surface_marching_not_benchmark_validated,41,8,24,10,3.0,2,16,15.0,False,none,0.0,1.0,0.0,1.0,trapezoid,1.0,1.0,-1.0,1.0,1.0,1.0,1.0,True,False,True,3.0,11,9,40,True,True,True,True,A1_GRID_RECOMMENDED,"A1 Section 3.3 recommends control radius about 3B, inner free-surface panels greater than 10, outer/free-surface proxy panels greater than 8, and roughly 60 stations at Fn=0.2 or 40 at Fn=0.3."
14,st41_bp8_fs24_cp10_r3p0_h2_fsm_clipfs_onezonefs_noend_pr1p0_pl1p0_pf1p0_pm1p0_dt1p0_fv0p0_hr1p0_hqtrapezoid_hp1p0_hc1p0_cim1p0_cp1p0_cn1p0_cd1p0_pg1p0,A53,OK,diagnostic_matched_wigley_sensitivity_not_hard_gate,wigley_iii,Fn0.4,0.4,2.1696064159197173,2.0,3.616010693199528,0.15,239.85000000000002,31,32,7,2.4,0.6000000000000001,0.07500000000000018,-0.8664999999999999,0.8664999999999998,0.06699999999999995,0.06700000000000006,heave,pitch_moment,-0.8999999999999999,-451.0152656635585,91.21547470194436,-33.82614492476697,6.841160602645843,-0.010785825016362084,-0.010785825016362084,0.0,0.05182282333575797,0.05182282333575797,0.0,0.0,0.05182282333575797,1.8464679506972548,0.8389535114029069,0.0050966431123173,0.0017617130777848147,0.050213991946111036,0.01687318179294581,0.6926949951753578,7014.994867548872,3134.1950012807224,6843.769050730779,3109.506490038458,1540.447393453132,628.4460559494747,4.619299265024995,3.1995420573373474,0.003338472850693776,0.0014412145873210786,advance_eq19_20,0.0,0.0,0.0,0.0,,,102.63663006147284,5.167954798531158e-16,a1_station_hull_matched_sweep_free_surface_marching_not_benchmark_validated,41,8,24,10,3.0,2,16,15.0,False,none,0.0,1.0,0.0,1.0,trapezoid,1.0,1.0,-1.0,1.0,1.0,1.0,1.0,True,False,True,3.0,11,9,40,True,True,True,True,A1_GRID_RECOMMENDED,"A1 Section 3.3 recommends control radius about 3B, inner free-surface panels greater than 10, outer/free-surface proxy panels greater than 8, and roughly 60 stations at Fn=0.2 or 40 at Fn=0.3."
14,st41_bp8_fs24_cp10_r3p0_h2_fsm_clipfs_onezonefs_noend_pr1p0_pl1p0_pf1p0_pm1p0_dt1p0_fv0p0_hr1p0_hqtrapezoid_hp1p0_hc1p0_cim1p0_cp1p0_cn1p0_cd1p0_pg1p0,A53,OK,diagnostic_matched_wigley_sensitivity_not_hard_gate,wigley_iii,Fn0.4,0.4,2.1696064159197173,2.0,3.616010693199528,0.15,239.85000000000002,32,33,6,2.475,0.5249999999999999,0.07499999999999996,-0.866109375,0.866109375,0.06778124999999988,0.06778125000000013,heave,pitch_moment,-0.9750000000000001,-431.9299942689197,76.05026537610111,-32.39474957016896,5.70376990320758,-0.01032940942841184,-0.01032940942841184,0.0,0.041265206113371,0.041265206113371,0.0,0.0,0.041265206113371,1.798870792592615,0.8275486070992143,0.004373421393203839,0.0015109762319928494,0.043001084241256135,0.014398540390522897,0.66445540231874,6829.132834322651,3073.536142182255,6667.354422241687,3067.2352277234622,1477.6468715623366,639.67596552913,4.213664611740345,2.922672468259002,0.0029005930808114625,0.0012467881274288999,advance_eq19_20,0.0,0.0,0.0,0.0,,,101.4760582021312,2.527298615458326e-16,a1_station_hull_matched_sweep_free_surface_marching_not_benchmark_validated,41,8,24,10,3.0,2,16,15.0,False,none,0.0,1.0,0.0,1.0,trapezoid,1.0,1.0,-1.0,1.0,1.0,1.0,1.0,True,False,True,3.0,11,9,40,True,True,True,True,A1_GRID_RECOMMENDED,"A1 Section 3.3 recommends control radius about 3B, inner free-surface panels greater than 10, outer/free-surface proxy panels greater than 8, and roughly 60 stations at Fn=0.2 or 40 at Fn=0.3."
14,st41_bp8_fs24_cp10_r3p0_h2_fsm_clipfs_onezonefs_noend_pr1p0_pl1p0_pf1p0_pm1p0_dt1p0_fv0p0_hr1p0_hqtrapezoid_hp1p0_hc1p0_cim1p0_cp1p0_cn1p0_cd1p0_pg1p0,A53,OK,diagnostic_matched_wigley_sensitivity_not_hard_gate,wigley_iii,Fn0.4,0.4,2.1696064159197173,2.0,3.616010693199528,0.15,239.85000000000002,33,34,5,2.55,0.4500000000000002,0.07499999999999996,-0.8656874999999999,0.8656874999999999,0.06862499999999994,0.06862500000000005,heave,pitch_moment,-1.0499999999999998,-405.007881978046,30.646201131937666,-30.375591148353433,2.2984650848953234,-0.009685579353585003,-0.009685579353585003,0.0,0.0312577117223726,0.0312577117223726,0.0,0.0,0.0312577117223726,1.7615659437035525,0.8256856876700355,0.0038423238523085557,0.0013195974436018415,0.036973935626831336,0.012243838785829075,0.6169050583808109,6671.663728246586,3077.0853748604786,6529.087321438367,3060.33048273257,1371.9022019932434,582.5447946927119,3.7855325390886954,2.6307319699679526,0.0029344898847651923,0.0012515874010055434,advance_eq19_20,0.0,0.0,0.0,0.0,,,100.2548122089833,3.855259296589527e-16,a1_station_hull_matched_sweep_free_surface_marching_not_benchmark_validated,41,8,24,10,3.0,2,16,15.0,False,none,0.0,1.0,0.0,1.0,trapezoid,1.0,1.0,-1.0,1.0,1.0,1.0,1.0,True,False,True,3.0,11,9,40,True,True,True,True,A1_GRID_RECOMMENDED,"A1 Section 3.3 recommends control radius about 3B, inner free-surface panels greater than 10, outer/free-surface proxy panels greater than 8, and roughly 60 stations at Fn=0.2 or 40 at Fn=0.3."
14,st41_bp8_fs24_cp10_r3p0_h2_fsm_clipfs_onezonefs_noend_pr1p0_pl1p0_pf1p0_pm1p0_dt1p0_fv0p0_hr1p0_hqtrapezoid_hp1p0_hc1p0_cim1p0_cp1p0_cn1p0_cd1p0_pg1p0,A53,OK,diagnostic_matched_wigley_sensitivity_not_hard_gate,wigley_iii,Fn0.4,0.4,2.1696064159197173,2.0,3.616010693199528,0.15,239.85000000000002,34,35,4,2.625,0.375,0.07499999999999996,-0.8652343749999999,0.8652343749999999,0.06953124999999993,0.06953125000000009,heave,pitch_moment,-1.125,-374.44870222122455,-106.73495038956933,-28.083652666591824,-8.005121279217695,-0.008954770463966387,-0.008954770463966387,0.0,0.021937536813596874,0.021937536813596874,0.0,0.0,0.021937536813596874,1.7571468698527541,0.84917828393467,0.0038866193733654445,0.0014619995470817324,0.03313805285919401,0.01102506161156534,1.285765431686517,7112.750879022231,3711.5581336254727,6512.708417682379,3147.403699019106,2859.345053203723,1967.1079621317824,3.3475053655633924,2.332804508972409,0.005035871310388809,0.002120911094456548,advance_eq19_20,0.0,0.0,0.0,0.0,,,98.98004886155589,6.33161067423497e-16,a1_station_hull_matched_sweep_free_surface_marching_not_benchmark_validated,41,8,24,10,3.0,2,16,15.0,False,none,0.0,1.0,0.0,1.0,trapezoid,1.0,1.0,-1.0,1.0,1.0,1.0,1.0,True,False,True,3.0,11,9,40,True,True,True,True,A1_GRID_RECOMMENDED,"A1 Section 3.3 recommends control radius about 3B, inner free-surface panels greater than 10, outer/free-surface proxy panels greater than 8, and roughly 60 stations at Fn=0.2 or 40 at Fn=0.3."
14,st41_bp8_fs24_cp10_r3p0_h2_fsm_clipfs_onezonefs_noend_pr1p0_pl1p0_pf1p0_pm1p0_dt1p0_fv0p0_hr1p0_hqtrapezoid_hp1p0_hc1p0_cim1p0_cp1p0_cn1p0_cd1p0_pg1p0,A53,OK,diagnostic_matched_wigley_sensitivity_not_hard_gate,wigley_iii,Fn0.4,0.4,2.1696064159197173,2.0,3.616010693199528,0.15,239.85000000000002,35,36,3,2.6999999999999997,0.30000000000000027,0.07499999999999996,-0.8647499999999999,0.8647499999999999,0.0704999999999999,0.07050000000000001,heave,pitch_moment,-1.1999999999999997,-354.29173228590946,-881.3307959078497,-26.571879921443195,-66.09980969308869,-0.008472725692682396,-0.008472725692682396,0.0,0.013223788735272508,0.013223788735272508,0.0,0.0,0.013223788735272508,1.8749715126482334,0.9583684893803682,0.003927937504766095,0.0017935792032863812,0.0379352282806287,0.013315240126209818,8.394510123250438,19919.649167269243,12922.821629909364,6949.414965160018,3552.107473265512,18668.102597454843,12425.049351082054,2.9509340284511345,2.0656542794424997,0.0005167489419321484,0.0002364455319719286,advance_eq19_20,0.0,0.0,0.0,0.0,,,97.66111149943443,5.318950711795521e-16,a1_station_hull_matched_sweep_free_surface_marching_not_benchmark_validated,41,8,24,10,3.0,2,16,15.0,False,none,0.0,1.0,0.0,1.0,trapezoid,1.0,1.0,-1.0,1.0,1.0,1.0,1.0,True,False,True,3.0,11,9,40,True,True,True,True,A1_GRID_RECOMMENDED,"A1 Section 3.3 recommends control radius about 3B, inner free-surface panels greater than 10, outer/free-surface proxy panels greater than 8, and roughly 60 stations at Fn=0.2 or 40 at Fn=0.3."
14,st41_bp8_fs24_cp10_r3p0_h2_fsm_clipfs_onezonefs_noend_pr1p0_pl1p0_pf1p0_pm1p0_dt1p0_fv0p0_hr1p0_hqtrapezoid_hp1p0_hc1p0_cim1p0_cp1p0_cn1p0_cd1p0_pg1p0,A53,OK,diagnostic_matched_wigley_sensitivity_not_hard_gate,wigley_iii,Fn0.4,0.4,2.1696064159197173,2.0,3.616010693199528,0.15,239.85000000000002,36,37,2,2.775,0.2250000000000001,0.07500000000000018,-0.8642343749999999,0.8642343749999999,0.07153124999999994,0.07153125000000005,heave,pitch_moment,-1.275,-455.3912549998432,1723.680856246049,-34.15434412498832,129.27606421845397,-0.010890474811719213,-0.010890474811719213,0.0,0.0035421884830716907,0.0035421884830716907,0.0,0.0,0.0035421884830716907,2.9294946914353712,1.6872565140202913,0.009649929177478157,0.0049354734303632105,0.08410682288043943,0.031858091561171344,19.00704463153447,43641.05358966693,27451.28517636502,10857.911233149092,6253.666036789631,42268.751129755845,26729.472851787068,3.0397256200353775,2.1451811069263402,0.0033012844023470322,0.0013677352456906854,advance_eq19_20,0.0,0.0,0.0,0.0,,,96.3146992237131,1.5978330465293974e-15,a1_station_hull_matched_sweep_free_surface_marching_not_benchmark_validated,41,8,24,10,3.0,2,16,15.0,False,none,0.0,1.0,0.0,1.0,trapezoid,1.0,1.0,-1.0,1.0,1.0,1.0,1.0,True,False,True,3.0,11,9,40,True,True,True,True,A1_GRID_RECOMMENDED,"A1 Section 3.3 recommends control radius about 3B, inner free-surface panels greater than 10, outer/free-surface proxy panels greater than 8, and roughly 60 stations at Fn=0.2 or 40 at Fn=0.3."
14,st41_bp8_fs24_cp10_r3p0_h2_fsm_clipfs_onezonefs_noend_pr1p0_pl1p0_pf1p0_pm1p0_dt1p0_fv0p0_hr1p0_hqtrapezoid_hp1p0_hc1p0_cim1p0_cp1p0_cn1p0_cd1p0_pg1p0,A53,OK,diagnostic_matched_wigley_sensitivity_not_hard_gate,wigley_iii,Fn0.4,0.4,2.1696064159197173,2.0,3.616010693199528,0.15,239.85000000000002,37,38,1,2.85,0.1499999999999999,0.07499999999999996,-0.8636874999999999,0.8636874999999999,0.07262499999999994,0.07262500000000005,heave,pitch_moment,-1.35,102.7842177503681,976.1085765247398,7.708816331277603,73.20814323935544,0.0024580378348570365,0.0024580378348570365,0.0,-0.0006740300053593935,-0.0006740300053593935,0.0,0.0,-0.0006740300053593935,1.1981002330080532,0.8445530657598925,0.010145079902188311,0.005300204674479948,0.07379075640853087,0.02958971531721158,17.030029250673376,38131.62492184221,26668.81721504656,4440.651835434016,3130.260739681271,37872.17224370044,26484.472419724993,0.5874086385864254,0.2793220974604384,0.00032762493207579604,0.00013295634105313145,advance_eq19_20,0.0,0.0,0.0,0.0,,,94.99248929002074,4.924847700773764e-16,a1_station_hull_matched_sweep_free_surface_marching_not_benchmark_validated,41,8,24,10,3.0,2,16,15.0,False,none,0.0,1.0,0.0,1.0,trapezoid,1.0,1.0,-1.0,1.0,1.0,1.0,1.0,True,False,True,3.0,11,9,40,True,True,True,True,A1_GRID_RECOMMENDED,"A1 Section 3.3 recommends control radius about 3B, inner free-surface panels greater than 10, outer/free-surface proxy panels greater than 8, and roughly 60 stations at Fn=0.2 or 40 at Fn=0.3."
14,st41_bp8_fs24_cp10_r3p0_h2_fsm_clipfs_onezonefs_noend_pr1p0_pl1p0_pf1p0_pm1p0_dt1p0_fv0p0_hr1p0_hqtrapezoid_hp1p0_hc1p0_cim1p0_cp1p0_cn1p0_cd1p0_pg1p0,A53,OK,diagnostic_matched_wigley_sensitivity_not_hard_gate,wigley_iii,Fn0.4,0.4,2.1696064159197173,2.0,3.616010693199528,0.15,239.85000000000002,38,39,0,2.925,0.07500000000000018,0.03749999999999987,-0.8631093749999998,0.8631093749999998,0.07378124999999991,0.07378125000000002,heave,pitch_moment,-1.4249999999999998,-47.55856809715636,-2199.737460510115,-1.7834463036433572,-82.49015476912902,-0.0005686707663541865,-0.0005686707663541865,0.0,-1.3681854285065343e-05,-1.3681854285065343e-05,0.0,0.0,-1.3681854285065343e-05,1.3526688004850982,0.7886839727845547,0.0015366268150546994,0.0008239586505968437,0.00851675677713366,0.003853498738785419,58.807717376714926,130875.40512759556,70690.36618794755,5013.546468084281,2923.1869211226362,130779.340949267,70689.41116435853,0.752371207944583,0.5306392395023662,0.0,0.0,initialize_eq21_22,0.0,0.0,0.0,0.0,,,113.95001957184003,1.0977799932066088e-15,a1_station_hull_matched_sweep_free_surface_marching_not_benchmark_validated,41,8,24,10,3.0,2,16,15.0,False,none,0.0,1.0,0.0,1.0,trapezoid,1.0,1.0,-1.0,1.0,1.0,1.0,1.0,True,False,True,3.0,11,9,40,True,True,True,True,A1_GRID_RECOMMENDED,"A1 Section 3.3 recommends control radius about 3B, inner free-surface panels greater than 10, outer/free-surface proxy panels greater than 8, and roughly 60 stations at Fn=0.2 or 40 at Fn=0.3."
14,st41_bp8_fs24_cp10_r3p0_h2_fsm_clipfs_onezonefs_noend_pr1p0_pl1p0_pf1p0_pm1p0_dt1p0_fv0p0_hr1p0_hqtrapezoid_hp1p0_hc1p0_ci1p0_cp1p0_cnm1p0_cd1p0_pg1p0,A53,OK,diagnostic_matched_wigley_sensitivity_not_hard_gate,wigley_iii,Fn0.4,0.4,2.1696064159197173,2.0,3.616010693199528,0.15,239.85000000000002,0,1,38,0.075,2.925,0.0375,-0.8631093749999998,0.8631093749999998,0.07378124999999991,0.07378125000000002,heave,pitch_moment,1.425,-460.41929106327945,14132.562126844681,-17.26572341487298,529.9710797566755,-0.005505359004045847,-0.005505359004045847,0.0,0.0,0.0,0.0,0.0,0.0,13.330607592643481,7.814931267243245,16.944131192755723,10.747501262237526,103.45877122462076,73.09316200528919,384.24907943188316,855938.2391989344,402460.8364670403,49408.710091891786,28965.346904695183,854510.9997478252,401417.1565447103,163.95650200734187,79.01196282747888,6.0199483237990705,3.179247903427379,advance_eq19_20,0.0,0.0,0.0,0.0,,,690.6987294891596,4.980879993804217e-15,a1_station_hull_matched_sweep_free_surface_marching_not_benchmark_validated,41,8,24,10,3.0,2,16,15.0,False,none,0.0,1.0,0.0,1.0,trapezoid,1.0,1.0,1.0,1.0,-1.0,1.0,1.0,True,False,True,3.0,11,9,40,True,True,True,True,A1_GRID_RECOMMENDED,"A1 Section 3.3 recommends control radius about 3B, inner free-surface panels greater than 10, outer/free-surface proxy panels greater than 8, and roughly 60 stations at Fn=0.2 or 40 at Fn=0.3."
14,st41_bp8_fs24_cp10_r3p0_h2_fsm_clipfs_onezonefs_noend_pr1p0_pl1p0_pf1p0_pm1p0_dt1p0_fv0p0_hr1p0_hqtrapezoid_hp1p0_hc1p0_ci1p0_cp1p0_cnm1p0_cd1p0_pg1p0,A53,OK,diagnostic_matched_wigley_sensitivity_not_hard_gate,wigley_iii,Fn0.4,0.4,2.1696064159197173,2.0,3.616010693199528,0.15,239.85000000000002,1,2,37,0.15,2.85,0.07499999999999998,-0.8636874999999999,0.8636874999999999,0.07262499999999991,0.07262500000000005,heave,pitch_moment,1.35,835.6067879651638,1110.534884818278,62.67050909738727,83.29011636137083,0.019983156410940135,0.019983156410940135,0.0,0.004486219201424222,0.004486219201424222,0.0,0.0,0.004486219201424222,9.217620692481145,6.497125943195614,16.10485361482019,9.749552725232455,92.68402139235145,65.5015807371922,79.38589362672295,179817.38892492733,92194.53163819337,34164.29036461578,24081.018807800894,176542.04774970975,92175.2761275818,151.23011532912727,71.52237204090417,5.328960069817079,2.84455601033965,advance_eq19_20,0.0,0.0,0.0,0.0,,,467.1647912208976,7.023109797081848e-15,a1_station_hull_matched_sweep_free_surface_marching_not_benchmark_validated,41,8,24,10,3.0,2,16,15.0,False,none,0.0,1.0,0.0,1.0,trapezoid,1.0,1.0,1.0,1.0,-1.0,1.0,1.0,True,False,True,3.0,11,9,40,True,True,True,True,A1_GRID_RECOMMENDED,"A1 Section 3.3 recommends control radius about 3B, inner free-surface panels greater than 10, outer/free-surface proxy panels greater than 8, and roughly 60 stations at Fn=0.2 or 40 at Fn=0.3."
14,st41_bp8_fs24_cp10_r3p0_h2_fsm_clipfs_onezonefs_noend_pr1p0_pl1p0_pf1p0_pm1p0_dt1p0_fv0p0_hr1p0_hqtrapezoid_hp1p0_hc1p0_ci1p0_cp1p0_cnm1p0_cd1p0_pg1p0,A53,OK,diagnostic_matched_wigley_sensitivity_not_hard_gate,wigley_iii,Fn0.4,0.4,2.1696064159197173,2.0,3.616010693199528,0.15,239.85000000000002,2,3,36,0.22499999999999998,2.775,0.075,-0.8642343749999999,0.8642343749999999,0.07153124999999994,0.07153125000000006,heave,pitch_moment,1.275,-795.8963175311851,-6001.926502032534,-59.69222381483888,-450.14448765244003,-0.01903349856557173,-0.01903349856557173,0.0,0.004961048124108423,0.004961048124108423,0.0,0.0,0.004961048124108423,5.133389134254681,3.014940735437961,13.40558065653467,8.712889281898457,84.7356219044803,59.824840115792504,74.49912487726225,166763.56544649127,115617.96882072359,19026.449751864675,11174.609387174178,165674.62379696517,115076.68234387838,134.03199612159193,64.11275709136565,4.850439619068046,2.584621752246659,advance_eq19_20,0.0,0.0,0.0,0.0,,,461.5326042201192,5.9842013232739095e-15,a1_station_hull_matched_sweep_free_surface_marching_not_benchmark_validated,41,8,24,10,3.0,2,16,15.0,False,none,0.0,1.0,0.0,1.0,trapezoid,1.0,1.0,1.0,1.0,-1.0,1.0,1.0,True,False,True,3.0,11,9,40,True,True,True,True,A1_GRID_RECOMMENDED,"A1 Section 3.3 recommends control radius about 3B, inner free-surface panels greater than 10, outer/free-surface proxy panels greater than 8, and roughly 60 stations at Fn=0.2 or 40 at Fn=0.3."
14,st41_bp8_fs24_cp10_r3p0_h2_fsm_clipfs_onezonefs_noend_pr1p0_pl1p0_pf1p0_pm1p0_dt1p0_fv0p0_hr1p0_hqtrapezoid_hp1p0_hc1p0_ci1p0_cp1p0_cnm1p0_cd1p0_pg1p0,A53,OK,diagnostic_matched_wigley_sensitivity_not_hard_gate,wigley_iii,Fn0.4,0.4,2.1696064159197173,2.0,3.616010693199528,0.15,239.85000000000002,3,4,35,0.3,2.7,0.07500000000000001,-0.8647499999999999,0.8647499999999999,0.0704999999999999,0.07050000000000001,heave,pitch_moment,1.2,-447.8041540609075,2804.781203237412,-33.585311554568065,210.35859024280592,-0.010709032742372733,-0.010709032742372733,0.0,-0.00991021752986381,-0.00991021752986381,0.0,0.0,-0.00991021752986381,2.366042406516148,1.2648764068782354,12.252691525342263,7.917285157073743,76.76021863752179,54.20741572371863,25.191874720802318,56705.07832195372,34463.31071345912,8769.525508589084,4688.151778168683,56022.864348880896,34142.94975887818,122.86733522371014,58.21555921418835,4.39719047056598,2.342522379132465,advance_eq19_20,0.0,0.0,0.0,0.0,,,463.56398367166815,7.110660894325938e-15,a1_station_hull_matched_sweep_free_surface_marching_not_benchmark_validated,41,8,24,10,3.0,2,16,15.0,False,none,0.0,1.0,0.0,1.0,trapezoid,1.0,1.0,1.0,1.0,-1.0,1.0,1.0,True,False,True,3.0,11,9,40,True,True,True,True,A1_GRID_RECOMMENDED,"A1 Section 3.3 recommends control radius about 3B, inner free-surface panels greater than 10, outer/free-surface proxy panels greater than 8, and roughly 60 stations at Fn=0.2 or 40 at Fn=0.3."
14,st41_bp8_fs24_cp10_r3p0_h2_fsm_clipfs_onezonefs_noend_pr1p0_pl1p0_pf1p0_pm1p0_dt1p0_fv0p0_hr1p0_hqtrapezoid_hp1p0_hc1p0_ci1p0_cp1p0_cnm1p0_cd1p0_pg1p0,A53,OK,diagnostic_matched_wigley_sensitivity_not_hard_gate,wigley_iii,Fn0.4,0.4,2.1696064159197173,2.0,3.616010693199528,0.15,239.85000000000002,4,5,34,0.375,2.625,0.07499999999999998,-0.8652343749999999,0.8652343749999999,0.06953124999999993,0.06953125000000009,heave,pitch_moment,1.125,-295.3227679111852,1350.5211603287355,-22.149207593338886,101.28908702465515,-0.0070625097209323015,-0.0070625097209323015,0.0,-0.01879598876151633,-0.01879598876151633,0.0,0.0,-0.01879598876151633,1.3799572620408167,0.711975001033785,11.117823115104576,7.1772762599594895,69.55064156283132,49.11739519810085,10.531069644972225,23971.487915744936,13011.581415864508,5114.688721090384,2638.871947454634,23419.483174934845,12741.177566716806,112.15176420584174,52.75632723479907,3.9825750119971914,2.12151530096407,advance_eq19_20,0.0,0.0,0.0,0.0,,,465.55753958209425,4.787289206306426e-15,a1_station_hull_matched_sweep_free_surface_marching_not_benchmark_validated,41,8,24,10,3.0,2,16,15.0,False,none,0.0,1.0,0.0,1.0,trapezoid,1.0,1.0,1.0,1.0,-1.0,1.0,1.0,True,False,True,3.0,11,9,40,True,True,True,True,A1_GRID_RECOMMENDED,"A1 Section 3.3 recommends control radius about 3B, inner free-surface panels greater than 10, outer/free-surface proxy panels greater than 8, and roughly 60 stations at Fn=0.2 or 40 at Fn=0.3."
14,st41_bp8_fs24_cp10_r3p0_h2_fsm_clipfs_onezonefs_noend_pr1p0_pl1p0_pf1p0_pm1p0_dt1p0_fv0p0_hr1p0_hqtrapezoid_hp1p0_hc1p0_ci1p0_cp1p0_cnm1p0_cd1p0_pg1p0,A53,OK,diagnostic_matched_wigley_sensitivity_not_hard_gate,wigley_iii,Fn0.4,0.4,2.1696064159197173,2.0,3.616010693199528,0.15,239.85000000000002,5,6,33,0.44999999999999996,2.55,0.07500000000000001,-0.8656874999999999,0.8656874999999999,0.06862499999999994,0.06862500000000005,heave,pitch_moment,1.05,-182.07244640130412,937.860250532915,-13.65543348009781,70.33951878996864,-0.004354179773263711,-0.004354179773263711,0.0,-0.02450433350861433,-0.02450433350861433,0.0,0.0,-0.02450433350861433,0.7874158510514936,0.40547510853323643,10.074081177323771,6.501995296382438,62.994982210875484,44.48754018345648,6.764247423614067,15323.147130399775,7774.3998946372385,2918.4867408319324,1502.8573864894827,15042.648474370033,7627.759395629198,102.24214708731137,47.77988676517044,3.6050074077186203,1.9202158252789334,advance_eq19_20,0.0,0.0,0.0,0.0,,,467.4627559098952,3.5992463791902525e-15,a1_station_hull_matched_sweep_free_surface_marching_not_benchmark_validated,41,8,24,10,3.0,2,16,15.0,False,none,0.0,1.0,0.0,1.0,trapezoid,1.0,1.0,1.0,1.0,-1.0,1.0,1.0,True,False,True,3.0,11,9,40,True,True,True,True,A1_GRID_RECOMMENDED,"A1 Section 3.3 recommends control radius about 3B, inner free-surface panels greater than 10, outer/free-surface proxy panels greater than 8, and roughly 60 stations at Fn=0.2 or 40 at Fn=0.3."
14,st41_bp8_fs24_cp10_r3p0_h2_fsm_clipfs_onezonefs_noend_pr1p0_pl1p0_pf1p0_pm1p0_dt1p0_fv0p0_hr1p0_hqtrapezoid_hp1p0_hc1p0_ci1p0_cp1p0_cnm1p0_cd1p0_pg1p0,A53,OK,diagnostic_matched_wigley_sensitivity_not_hard_gate,wigley_iii,Fn0.4,0.4,2.1696064159197173,2.0,3.616010693199528,0.15,239.85000000000002,6,7,32,0.525,2.475,0.07500000000000001,-0.866109375,0.866109375,0.0677812499999999,0.06778125000000006,heave,pitch_moment,0.975,-88.23329739350625,722.2644488028546,-6.61749730451297,54.16983366021411,-0.002110059190353225,-0.002110059190353225,0.0,-0.0277364529904228,-0.0277364529904228,0.0,0.0,-0.0277364529904228,0.3660640418332173,0.19747731871664023,9.123323055864104,5.886985973135898,57.02430144384439,40.27057407888457,4.992753259634726,11185.708503509188,5442.475175348282,1356.783776906372,731.932098547336,11103.117242837772,5393.033602472584,93.12125427215625,43.25002754263865,3.2612623274678416,1.7368009416210155,advance_eq19_20,0.0,0.0,0.0,0.0,,,469.26868604625724,3.824139158924731e-15,a1_station_hull_matched_sweep_free_surface_marching_not_benchmark_validated,41,8,24,10,3.0,2,16,15.0,False,none,0.0,1.0,0.0,1.0,trapezoid,1.0,1.0,1.0,1.0,-1.0,1.0,1.0,True,False,True,3.0,11,9,40,True,True,True,True,A1_GRID_RECOMMENDED,"A1 Section 3.3 recommends control radius about 3B, inner free-surface panels greater than 10, outer/free-surface proxy panels greater than 8, and roughly 60 stations at Fn=0.2 or 40 at Fn=0.3."
14,st41_bp8_fs24_cp10_r3p0_h2_fsm_clipfs_onezonefs_noend_pr1p0_pl1p0_pf1p0_pm1p0_dt1p0_fv0p0_hr1p0_hqtrapezoid_hp1p0_hc1p0_ci1p0_cp1p0_cnm1p0_cd1p0_pg1p0,A53,OK,diagnostic_matched_wigley_sensitivity_not_hard_gate,wigley_iii,Fn0.4,0.4,2.1696064159197173,2.0,3.616010693199528,0.15,239.85000000000002,7,8,31,0.6,2.4,0.07499999999999996,-0.8664999999999999,0.8664999999999998,0.06699999999999995,0.06700000000000006,heave,pitch_moment,0.9,-9.555083226489751,578.9027330685551,-0.7166312419867309,43.41770498014161,-0.0002285054709757281,-0.0002285054709757281,0.0,-0.02890573532108728,-0.02890573532108728,0.0,0.0,-0.02890573532108728,0.06154059419976664,0.04171123696689347,8.25861218605801,5.326611319890469,51.57889475679017,36.424642232241084,3.9384895891324114,8761.566150521165,4140.456485528637,228.09473285951427,154.59898587133787,8758.596588655057,4137.5692214298615,84.73031780612685,39.124174865851614,2.9480423395297626,1.5695114425699168,advance_eq19_20,0.0,0.0,0.0,0.0,,,470.9710640470017,2.757248869786163e-15,a1_station_hull_matched_sweep_free_surface_marching_not_benchmark_validated,41,8,24,10,3.0,2,16,15.0,False,none,0.0,1.0,0.0,1.0,trapezoid,1.0,1.0,1.0,1.0,-1.0,1.0,1.0,True,False,True,3.0,11,9,40,True,True,True,True,A1_GRID_RECOMMENDED,"A1 Section 3.3 recommends control radius about 3B, inner free-surface panels greater than 10, outer/free-surface proxy panels greater than 8, and roughly 60 stations at Fn=0.2 or 40 at Fn=0.3."
14,st41_bp8_fs24_cp10_r3p0_h2_fsm_clipfs_onezonefs_noend_pr1p0_pl1p0_pf1p0_pm1p0_dt1p0_fv0p0_hr1p0_hqtrapezoid_hp1p0_hc1p0_ci1p0_cp1p0_cnm1p0_cd1p0_pg1p0,A53,OK,diagnostic_matched_wigley_sensitivity_not_hard_gate,wigley_iii,Fn0.4,0.4,2.1696064159197173,2.0,3.616010693199528,0.15,239.85000000000002,8,9,30,0.6749999999999999,2.325,0.07500000000000001,-0.866859375,0.866859375,0.06628124999999993,0.06628125000000007,heave,pitch_moment,0.8250000000000001,55.013695194601645,471.282327256317,4.126027139595124,35.34617454422378,0.0013156275076398039,0.0013156275076398039,0.0,-0.028362174302755245,-0.028362174302755245,0.0,0.0,-0.028362174302755245,0.23474189739920892,0.09859894283826329,7.471806217168764,4.815476888389068,46.60604948857137,32.91257878364266,3.227617264166647,7230.264983145754,3339.960870892631,870.0499414159231,365.4482024323623,7177.725602580932,3326.2375805691086,77.0067991022269,35.36210742118924,2.6623027098087992,1.4167505955667477,advance_eq19_20,0.0,0.0,0.0,0.0,,,472.56584172229344,1.6538963794786998e-15,a1_station_hull_matched_sweep_free_surface_marching_not_benchmark_validated,41,8,24,10,3.0,2,16,15.0,False,none,0.0,1.0,0.0,1.0,trapezoid,1.0,1.0,1.0,1.0,-1.0,1.0,1.0,True,False,True,3.0,11,9,40,True,True,True,True,A1_GRID_RECOMMENDED,"A1 Section 3.3 recommends control radius about 3B, inner free-surface panels greater than 10, outer/free-surface proxy panels greater than 8, and roughly 60 stations at Fn=0.2 or 40 at Fn=0.3."
14,st41_bp8_fs24_cp10_r3p0_h2_fsm_clipfs_onezonefs_noend_pr1p0_pl1p0_pf1p0_pm1p0_dt1p0_fv0p0_hr1p0_hqtrapezoid_hp1p0_hc1p0_ci1p0_cp1p0_cnm1p0_cd1p0_pg1p0,A53,OK,diagnostic_matched_wigley_sensitivity_not_hard_gate,wigley_iii,Fn0.4,0.4,2.1696064159197173,2.0,3.616010693199528,0.15,239.85000000000002,9,10,29,0.75,2.25,0.07500000000000001,-0.8671874999999999,0.8671874999999999,0.06562499999999982,0.0656250000000001,heave,pitch_moment,0.75,105.82721212338394,384.9774968161818,7.937040909253797,28.87331226121364,0.0025308096617370776,0.0025308096617370776,0.0,-0.0264389557180668,-0.0264389557180668,0.0,0.0,-0.0264389557180668,0.4523515084876338,0.1848826482302639,6.7551432307934265,4.348699641034622,42.05927445926073,29.701536936795332,2.709809035242413,6255.083572378546,2835.5338072954096,1676.6005890706263,685.2510738123731,6026.199545498637,2753.5389186635666,69.89225352353697,31.92756277338866,2.401316780207956,1.2770973147195297,advance_eq19_20,0.0,0.0,0.0,0.0,,,474.0481182363453,1.7544236846567027e-15,a1_station_hull_matched_sweep_free_surface_marching_not_benchmark_validated,41,8,24,10,3.0,2,16,15.0,False,none,0.0,1.0,0.0,1.0,trapezoid,1.0,1.0,1.0,1.0,-1.0,1.0,1.0,True,False,True,3.0,11,9,40,True,True,True,True,A1_GRID_RECOMMENDED,"A1 Section 3.3 recommends control radius about 3B, inner free-surface panels greater than 10, outer/free-surface proxy panels greater than 8, and roughly 60 stations at Fn=0.2 or 40 at Fn=0.3."
14,st41_bp8_fs24_cp10_r3p0_h2_fsm_clipfs_onezonefs_noend_pr1p0_pl1p0_pf1p0_pm1p0_dt1p0_fv0p0_hr1p0_hqtrapezoid_hp1p0_hc1p0_ci1p0_cp1p0_cnm1p0_cd1p0_pg1p0,A53,OK,diagnostic_matched_wigley_sensitivity_not_hard_gate,wigley_iii,Fn0.4,0.4,2.1696064159197173,2.0,3.616010693199528,0.15,239.85000000000002,10,11,28,0.825,2.175,0.07499999999999996,-0.8674843749999999,0.8674843749999999,0.06503124999999987,0.0650312500000001,heave,pitch_moment,0.675,143.1971085583455,313.1656569272002,10.739783141875906,23.48742426954,0.0034244937441019053,0.0034244937441019053,0.0,-0.02346130401514731,-0.02346130401514731,0.0,0.0,-0.02346130401514731,0.6383253272154698,0.2673327234966033,6.101610974171275,3.921937415404546,37.89763276025793,26.762568203572094,2.312290442087518,5660.341913929141,2526.7226376154476,2365.895989175007,990.844936476017,5142.179183088491,2324.3393898693457,63.33409615147554,28.788346396932145,2.1626708307532447,1.149296381752709,advance_eq19_20,0.0,0.0,0.0,0.0,,,475.4122985160682,1.7919246278158466e-15,a1_station_hull_matched_sweep_free_surface_marching_not_benchmark_validated,41,8,24,10,3.0,2,16,15.0,False,none,0.0,1.0,0.0,1.0,trapezoid,1.0,1.0,1.0,1.0,-1.0,1.0,1.0,True,False,True,3.0,11,9,40,True,True,True,True,A1_GRID_RECOMMENDED,"A1 Section 3.3 recommends control radius about 3B, inner free-surface panels greater than 10, outer/free-surface proxy panels greater than 8, and roughly 60 stations at Fn=0.2 or 40 at Fn=0.3."
14,st41_bp8_fs24_cp10_r3p0_h2_fsm_clipfs_onezonefs_noend_pr1p0_pl1p0_pf1p0_pm1p0_dt1p0_fv0p0_hr1p0_hqtrapezoid_hp1p0_hc1p0_ci1p0_cp1p0_cnm1p0_cd1p0_pg1p0,A53,OK,diagnostic_matched_wigley_sensitivity_not_hard_gate,wigley_iii,Fn0.4,0.4,2.1696064159197173,2.0,3.616010693199528,0.15,239.85000000000002,11,12,27,0.8999999999999999,2.1,0.07500000000000001,-0.8677499999999999,0.8677499999999999,0.06449999999999989,0.0645,heave,pitch_moment,0.6000000000000001,167.5736945741199,252.1941545576352,12.568027093058996,18.914561591822643,0.004007448715427805,0.004007448715427805,0.0,-0.019745332785382458,-0.019745332785382458,0.0,0.0,-0.019745332785382458,0.7984135436694004,0.33942411409191026,5.504991897843674,3.531355337963301,34.085107992272114,24.07019254175081,1.995238780923955,5333.390394494092,2353.1199768209353,2959.248709291477,1258.0452567382772,4437.104931894059,1988.5914002911932,57.285707755940685,25.91604714055861,1.944238365299008,1.0322425071065489,advance_eq19_20,0.0,0.0,0.0,0.0,,,476.65246731613325,1.1983965666219104e-15,a1_station_hull_matched_sweep_free_surface_marching_not_benchmark_validated,41,8,24,10,3.0,2,16,15.0,False,none,0.0,1.0,0.0,1.0,trapezoid,1.0,1.0,1.0,1.0,-1.0,1.0,1.0,True,False,True,3.0,11,9,40,True,True,True,True,A1_GRID_RECOMMENDED,"A1 Section 3.3 recommends control radius about 3B, inner free-surface panels greater than 10, outer/free-surface proxy panels greater than 8, and roughly 60 stations at Fn=0.2 or 40 at Fn=0.3."
14,st41_bp8_fs24_cp10_r3p0_h2_fsm_clipfs_onezonefs_noend_pr1p0_pl1p0_pf1p0_pm1p0_dt1p0_fv0p0_hr1p0_hqtrapezoid_hp1p0_hc1p0_ci1p0_cp1p0_cnm1p0_cd1p0_pg1p0,A53,OK,diagnostic_matched_wigley_sensitivity_not_hard_gate,wigley_iii,Fn0.4,0.4,2.1696064159197173,2.0,3.616010693199528,0.15,239.85000000000002,12,13,26,0.975,2.025,0.07500000000000007,-0.8679843749999999,0.8679843749999999,0.06403124999999998,0.0640312500000001,heave,pitch_moment,0.525,179.58413566728422,199.91134479121308,13.468810175046329,14.993350859340994,0.0042946729534136426,0.0042946729534136426,0.0,-0.015594271950961733,-0.015594271950961733,0.0,0.0,-0.015594271950961733,0.937310848226738,0.40146459806934925,4.959811996516754,3.173575988343988,30.590019498608736,21.60199235046589,1.73486387938027,5191.704916059881,2272.3334601450188,3474.0592012907996,1487.992786548813,3858.0710985370742,1717.3749798088163,51.70603605955504,23.28565545538713,1.7441495662959678,0.9249635408683343,advance_eq19_20,0.0,0.0,0.0,0.0,,,477.76272938128045,1.4632947675090114e-15,a1_station_hull_matched_sweep_free_surface_marching_not_benchmark_validated,41,8,24,10,3.0,2,16,15.0,False,none,0.0,1.0,0.0,1.0,trapezoid,1.0,1.0,1.0,1.0,-1.0,1.0,1.0,True,False,True,3.0,11,9,40,True,True,True,True,A1_GRID_RECOMMENDED,"A1 Section 3.3 recommends control radius about 3B, inner free-surface panels greater than 10, outer/free-surface proxy panels greater than 8, and roughly 60 stations at Fn=0.2 or 40 at Fn=0.3."
14,st41_bp8_fs24_cp10_r3p0_h2_fsm_clipfs_onezonefs_noend_pr1p0_pl1p0_pf1p0_pm1p0_dt1p0_fv0p0_hr1p0_hqtrapezoid_hp1p0_hc1p0_ci1p0_cp1p0_cnm1p0_cd1p0_pg1p0,A53,OK,diagnostic_matched_wigley_sensitivity_not_hard_gate,wigley_iii,Fn0.4,0.4,2.1696064159197173,2.0,3.616010693199528,0.15,239.85000000000002,13,14,25,1.05,1.95,0.07500000000000001,-0.8681874999999999,0.8681874999999999,0.06362499999999982,0.0636250000000001,heave,pitch_moment,0.44999999999999996,180.0247441745101,154.94527806479996,13.501855813088259,11.620895854859999,0.004305209905533579,0.004305209905533579,0.0,-0.01129433052148812,-0.01129433052148812,0.0,0.0,-0.01129433052148812,1.0585101650821649,0.4552622522596395,4.461263047816017,2.8456278478095114,27.384494433569653,19.33824254774709,1.5159756126669521,5172.786579692908,2252.8922921389067,3923.273677692443,1687.3890016904813,3371.297176010544,1492.7297266929797,46.55905397371258,20.87517680393825,1.5607612595558122,0.826604584289123,advance_eq19_20,0.0,0.0,0.0,0.0,,,478.7374711729425,1.09382978678315e-15,a1_station_hull_matched_sweep_free_surface_marching_not_benchmark_validated,41,8,24,10,3.0,2,16,15.0,False,none,0.0,1.0,0.0,1.0,trapezoid,1.0,1.0,1.0,1.0,-1.0,1.0,1.0,True,False,True,3.0,11,9,40,True,True,True,True,A1_GRID_RECOMMENDED,"A1 Section 3.3 recommends control radius about 3B, inner free-surface panels greater than 10, outer/free-surface proxy panels greater than 8, and roughly 60 stations at Fn=0.2 or 40 at Fn=0.3."
14,st41_bp8_fs24_cp10_r3p0_h2_fsm_clipfs_onezonefs_noend_pr1p0_pl1p0_pf1p0_pm1p0_dt1p0_fv0p0_hr1p0_hqtrapezoid_hp1p0_hc1p0_ci1p0_cp1p0_cnm1p0_cd1p0_pg1p0,A53,OK,diagnostic_matched_wigley_sensitivity_not_hard_gate,wigley_iii,Fn0.4,0.4,2.1696064159197173,2.0,3.616010693199528,0.15,239.85000000000002,14,15,24,1.125,1.875,0.07499999999999996,-0.8683593749999999,0.8683593749999999,0.06328124999999996,0.06328125000000007,heave,pitch_moment,0.375,169.83947924784823,116.35948882844396,12.73796094358861,8.726961662133291,0.004061633925721368,0.004061633925721368,0.0,-0.007110908605860649,-0.007110908605860649,0.0,0.0,-0.007110908605860649,1.1646428219396436,0.5021502574976632,4.005121895122704,2.5448969617167134,24.443998148876688,17.26158015961663,1.3283519558965435,5230.663474086793,2271.867331094867,4316.644920339121,1861.1752182220575,2954.0509492654624,1302.8461064808055,41.81320327181637,18.665271545417237,1.3926292701120557,0.7364135831771959,advance_eq19_20,0.0,0.0,0.0,0.0,,,479.5715522185469,1.3179002271423775e-15,a1_station_hull_matched_sweep_free_surface_marching_not_benchmark_validated,41,8,24,10,3.0,2,16,15.0,False,none,0.0,1.0,0.0,1.0,trapezoid,1.0,1.0,1.0,1.0,-1.0,1.0,1.0,True,False,True,3.0,11,9,40,True,True,True,True,A1_GRID_RECOMMENDED,"A1 Section 3.3 recommends control radius about 3B, inner free-surface panels greater than 10, outer/free-surface proxy panels greater than 8, and roughly 60 stations at Fn=0.2 or 40 at Fn=0.3."
14,st41_bp8_fs24_cp10_r3p0_h2_fsm_clipfs_onezonefs_noend_pr1p0_pl1p0_pf1p0_pm1p0_dt1p0_fv0p0_hr1p0_hqtrapezoid_hp1p0_hc1p0_ci1p0_cp1p0_cnm1p0_cd1p0_pg1p0,A53,OK,diagnostic_matched_wigley_sensitivity_not_hard_gate,wigley_iii,Fn0.4,0.4,2.1696064159197173,2.0,3.616010693199528,0.15,239.85000000000002,15,16,23,1.2,1.8,0.07499999999999996,-0.8684999999999999,0.8684999999999998,0.06299999999999994,0.06300000000000008,heave,pitch_moment,0.30000000000000004,150.0958777169054,83.47577401292337,11.257190828767898,6.260683050969249,0.00358947467188276,0.00358947467188276,0.0,-0.0032853543070585846,-0.0032853543070585846,0.0,0.0,-0.0032853543070585846,1.257728862025597,0.5431401292918361,3.5876744011465553,2.2690829937007386,21.746916696949487,15.356709991340889,1.164813254743196,5333.016986285194,2313.27463839179,4661.660039585988,2013.1005283106797,2590.365968610145,1139.590196317049,37.44086505300892,16.63892815047641,1.2384835115424986,0.6537284179790035,advance_eq19_20,0.0,0.0,0.0,0.0,,,480.2604432484979,7.601173837516332e-16,a1_station_hull_matched_sweep_free_surface_marching_not_benchmark_validated,41,8,24,10,3.0,2,16,15.0,False,none,0.0,1.0,0.0,1.0,trapezoid,1.0,1.0,1.0,1.0,-1.0,1.0,1.0,True,False,True,3.0,11,9,40,True,True,True,True,A1_GRID_RECOMMENDED,"A1 Section 3.3 recommends control radius about 3B, inner free-surface panels greater than 10, outer/free-surface proxy panels greater than 8, and roughly 60 stations at Fn=0.2 or 40 at Fn=0.3."
14,st41_bp8_fs24_cp10_r3p0_h2_fsm_clipfs_onezonefs_noend_pr1p0_pl1p0_pf1p0_pm1p0_dt1p0_fv0p0_hr1p0_hqtrapezoid_hp1p0_hc1p0_ci1p0_cp1p0_cnm1p0_cd1p0_pg1p0,A53,OK,diagnostic_matched_wigley_sensitivity_not_hard_gate,wigley_iii,Fn0.4,0.4,2.1696064159197173,2.0,3.616010693199528,0.15,239.85000000000002,16,17,22,1.275,1.725,0.07499999999999996,-0.8686093749999999,0.8686093749999999,0.0627812499999999,0.06278125000000001,heave,pitch_moment,0.2250000000000001,121.96221897770413,55.77716460276778,9.147166423327803,4.183287345207582,0.0029166710145949615,0.0029166710145949615,0.0,-3.2281463819724095e-05,-3.2281463819724095e-05,0.0,0.0,-3.2281463819724095e-05,1.3393443980909783,0.5790164097169411,3.2056471817809435,2.016160314699859,19.274190657503425,13.610146230800922,1.020134134448519,5457.979195928853,2366.414615175736,4964.16075700821,2146.07276730132,2268.6218022781695,997.1408167179715,33.41787931338986,14.781173809705011,1.0972060403935255,0.5779655464125497,advance_eq19_20,0.0,0.0,0.0,0.0,,,480.80032593830697,8.622661648328121e-16,a1_station_hull_matched_sweep_free_surface_marching_not_benchmark_validated,41,8,24,10,3.0,2,16,15.0,False,none,0.0,1.0,0.0,1.0,trapezoid,1.0,1.0,1.0,1.0,-1.0,1.0,1.0,True,False,True,3.0,11,9,40,True,True,True,True,A1_GRID_RECOMMENDED,"A1 Section 3.3 recommends control radius about 3B, inner free-surface panels greater than 10, outer/free-surface proxy panels greater than 8, and roughly 60 stations at Fn=0.2 or 40 at Fn=0.3."
14,st41_bp8_fs24_cp10_r3p0_h2_fsm_clipfs_onezonefs_noend_pr1p0_pl1p0_pf1p0_pm1p0_dt1p0_fv0p0_hr1p0_hqtrapezoid_hp1p0_hc1p0_ci1p0_cp1p0_cnm1p0_cd1p0_pg1p0,A53,OK,diagnostic_matched_wigley_sensitivity_not_hard_gate,wigley_iii,Fn0.4,0.4,2.1696064159197173,2.0,3.616010693199528,0.15,239.85000000000002,17,18,21,1.3499999999999999,1.6500000000000001,0.07500000000000007,-0.8686874999999998,0.8686875,0.0626249999999999,0.06262500000000004,heave,pitch_moment,0.15000000000000013,86.68702052553878,32.85157474577026,6.501526539415415,2.4638681059327716,0.0020730806820976177,0.0020730806820976177,0.0,0.002462594384526564,0.002462594384526564,0.0,0.0,0.002462594384526564,1.4107345177536124,0.6103979716720234,2.856146007188493,1.7843429249976561,17.00898574396396,12.009979901203224,0.8903941594076444,5591.131084945693,2424.3286303394248,5228.761878999309,2262.3857324901724,1980.1000029719755,871.1946426076901,29.723101154918112,13.078813403689503,0.9678113409803246,0.5086097836159329,advance_eq19_20,0.0,0.0,0.0,0.0,,,481.18816478284884,8.784455327008886e-16,a1_station_hull_matched_sweep_free_surface_marching_not_benchmark_validated,41,8,24,10,3.0,2,16,15.0,False,none,0.0,1.0,0.0,1.0,trapezoid,1.0,1.0,1.0,1.0,-1.0,1.0,1.0,True,False,True,3.0,11,9,40,True,True,True,True,A1_GRID_RECOMMENDED,"A1 Section 3.3 recommends control radius about 3B, inner free-surface panels greater than 10, outer/free-surface proxy panels greater than 8, and roughly 60 stations at Fn=0.2 or 40 at Fn=0.3."
14,st41_bp8_fs24_cp10_r3p0_h2_fsm_clipfs_onezonefs_noend_pr1p0_pl1p0_pf1p0_pm1p0_dt1p0_fv0p0_hr1p0_hqtrapezoid_hp1p0_hc1p0_ci1p0_cp1p0_cnm1p0_cd1p0_pg1p0,A53,OK,diagnostic_matched_wigley_sensitivity_not_hard_gate,wigley_iii,Fn0.4,0.4,2.1696064159197173,2.0,3.616010693199528,0.15,239.85000000000002,18,19,20,1.425,1.575,0.07500000000000007,-0.8687343749999998,0.868734375,0.06253124999999993,0.06253125000000004,heave,pitch_moment,0.07499999999999996,45.580828674962184,14.357284164306392,3.418562150622167,1.0767963123229805,0.0010900447936404369,0.0010900447936404369,0.0,0.004044157122395593,0.004044157122395593,0.0,0.0,0.004044157122395593,1.472890815145137,0.6377790949591644,2.5366030566365816,1.5720545160537673,14.936411807509026,10.545680455907622,0.7725773371952456,5723.114543492374,2482.5766783714735,5459.13866091719,2363.871427953242,1718.0934662623,758.4845654990224,26.33801865528632,11.520206388182775,0.8494295457840157,0.44520558518895514,advance_eq19_20,0.0,0.0,0.0,0.0,,,481.4217579468673,5.260008192214446e-16,a1_station_hull_matched_sweep_free_surface_marching_not_benchmark_validated,41,8,24,10,3.0,2,16,15.0,False,none,0.0,1.0,0.0,1.0,trapezoid,1.0,1.0,1.0,1.0,-1.0,1.0,1.0,True,False,True,3.0,11,9,40,True,True,True,True,A1_GRID_RECOMMENDED,"A1 Section 3.3 recommends control radius about 3B, inner free-surface panels greater than 10, outer/free-surface proxy panels greater than 8, and roughly 60 stations at Fn=0.2 or 40 at Fn=0.3."
14,st41_bp8_fs24_cp10_r3p0_h2_fsm_clipfs_onezonefs_noend_pr1p0_pl1p0_pf1p0_pm1p0_dt1p0_fv0p0_hr1p0_hqtrapezoid_hp1p0_hc1p0_ci1p0_cp1p0_cnm1p0_cd1p0_pg1p0,A53,OK,diagnostic_matched_wigley_sensitivity_not_hard_gate,wigley_iii,Fn0.4,0.4,2.1696064159197173,2.0,3.616010693199528,0.15,239.85000000000002,19,20,19,1.5,1.5,0.07499999999999996,-0.8687499999999999,0.8687499999999999,0.062499999999999944,0.06250000000000003,heave,pitch_moment,0.0,0.0,0.0,0.0,0.0,0.0,0.0,0.0,0.0045891795192158115,0.0045891795192158115,0.0,0.0,0.0045891795192158115,1.5266067084885544,0.6615582837351157,2.244727153220972,1.3778997951506988,13.043252140705842,9.207904644591222,0.6643108490714983,5847.912266581235,2538.3639473362127,5658.231836759865,2452.0068738649284,1477.3254073183625,656.4707302351153,23.246370942248618,10.095053175619448,0.7412903973590954,0.38734866774223986,advance_eq19_20,0.0,0.0,0.0,0.0,,,481.49977128544,6.813051455404256e-16,a1_station_hull_matched_sweep_free_surface_marching_not_benchmark_validated,41,8,24,10,3.0,2,16,15.0,False,none,0.0,1.0,0.0,1.0,trapezoid,1.0,1.0,1.0,1.0,-1.0,1.0,1.0,True,False,True,3.0,11,9,40,True,True,True,True,A1_GRID_RECOMMENDED,"A1 Section 3.3 recommends control radius about 3B, inner free-surface panels greater than 10, outer/free-surface proxy panels greater than 8, and roughly 60 stations at Fn=0.2 or 40 at Fn=0.3."
14,st41_bp8_fs24_cp10_r3p0_h2_fsm_clipfs_onezonefs_noend_pr1p0_pl1p0_pf1p0_pm1p0_dt1p0_fv0p0_hr1p0_hqtrapezoid_hp1p0_hc1p0_ci1p0_cp1p0_cnm1p0_cd1p0_pg1p0,A53,OK,diagnostic_matched_wigley_sensitivity_not_hard_gate,wigley_iii,Fn0.4,0.4,2.1696064159197173,2.0,3.616010693199528,0.15,239.85000000000002,20,21,18,1.575,1.425,0.07499999999999996,-0.8687343749999998,0.868734375,0.06253124999999993,0.06253125000000004,heave,pitch_moment,-0.07499999999999996,-48.668101058779236,-10.483459445784229,-3.6501075794084406,-0.7862594584338167,-0.001163875509017013,-0.001163875509017013,0.0,0.004007241764707304,0.004007241764707304,0.0,0.0,0.004007241764707304,1.5725163737885448,0.6820585028031697,1.9784662198670622,1.2006431625128229,11.317762292123097,7.988354488752643,0.5637062618798837,5961.682308483298,2589.9551257350668,5828.391923421992,2527.98911051202,1253.596240530434,563.1506108085073,20.43386158695181,8.794235745333845,0.6427113717513623,0.3346797788914611,advance_eq19_20,0.0,0.0,0.0,0.0,,,481.4217579468676,6.462257313425537e-16,a1_station_hull_matched_sweep_free_surface_marching_not_benchmark_validated,41,8,24,10,3.0,2,16,15.0,False,none,0.0,1.0,0.0,1.0,trapezoid,1.0,1.0,1.0,1.0,-1.0,1.0,1.0,True,False,True,3.0,11,9,40,True,True,True,True,A1_GRID_RECOMMENDED,"A1 Section 3.3 recommends control radius about 3B, inner free-surface panels greater than 10, outer/free-surface proxy panels greater than 8, and roughly 60 stations at Fn=0.2 or 40 at Fn=0.3."
14,st41_bp8_fs24_cp10_r3p0_h2_fsm_clipfs_onezonefs_noend_pr1p0_pl1p0_pf1p0_pm1p0_dt1p0_fv0p0_hr1p0_hqtrapezoid_hp1p0_hc1p0_ci1p0_cp1p0_cnm1p0_cd1p0_pg1p0,A53,OK,diagnostic_matched_wigley_sensitivity_not_hard_gate,wigley_iii,Fn0.4,0.4,2.1696064159197173,2.0,3.616010693199528,0.15,239.85000000000002,21,22,17,1.65,1.35,0.07499999999999996,-0.8686874999999998,0.8686875,0.0626249999999999,0.06262500000000004,heave,pitch_moment,-0.1499999999999999,-99.01897149778915,-17.338224040098744,-7.426422862334182,-1.3003668030074051,-0.0023679936826617003,-0.0023679936826617003,0.0,0.002241307168867948,0.002241307168867948,0.0,0.0,0.002241307168867948,1.611125678434033,0.6995431845465498,1.7359622700814932,1.0391816382485244,9.749410949924501,6.8795943045867896,0.46924352320875323,6061.986865912022,2636.2915329020166,5971.493873338453,2592.7945265670546,1043.5256025470458,476.91675317061464,17.88775085500541,7.609616380878283,0.5530825992165644,0.28687670990586367,advance_eq19_20,0.0,0.0,0.0,0.0,,,481.18816478284884,4.923451529342146e-16,a1_station_hull_matched_sweep_free_surface_marching_not_benchmark_validated,41,8,24,10,3.0,2,16,15.0,False,none,0.0,1.0,0.0,1.0,trapezoid,1.0,1.0,1.0,1.0,-1.0,1.0,1.0,True,False,True,3.0,11,9,40,True,True,True,True,A1_GRID_RECOMMENDED,"A1 Section 3.3 recommends control radius about 3B, inner free-surface panels greater than 10, outer/free-surface proxy panels greater than 8, and roughly 60 stations at Fn=0.2 or 40 at Fn=0.3."
14,st41_bp8_fs24_cp10_r3p0_h2_fsm_clipfs_onezonefs_noend_pr1p0_pl1p0_pf1p0_pm1p0_dt1p0_fv0p0_hr1p0_hqtrapezoid_hp1p0_hc1p0_ci1p0_cp1p0_cnm1p0_cd1p0_pg1p0,A53,OK,diagnostic_matched_wigley_sensitivity_not_hard_gate,wigley_iii,Fn0.4,0.4,2.1696064159197173,2.0,3.616010693199528,0.15,239.85000000000002,22,23,16,1.7249999999999999,1.2750000000000001,0.07499999999999996,-0.8686093749999999,0.8686093749999999,0.0627812499999999,0.06278125000000001,heave,pitch_moment,-0.22499999999999987,-149.64430118766782,-20.803903701114642,-11.22332258907508,-1.5602927775835973,-0.0035786754245032133,-0.0035786754245032133,0.0,-0.0007320273847145091,-0.0007320273847145091,0.0,0.0,-0.0007320273847145091,1.6428316378942793,0.7142268698737276,1.5155353576277433,0.8925361185946563,8.328797222555217,5.874992341800818,0.3797567844323502,6147.296017547582,2676.748081976192,6089.009188996014,2647.2182988046725,844.5208248933047,396.504190188352,15.596690849073894,6.53397124457432,0.4718621413015012,0.24365173042682503,advance_eq19_20,0.0,0.0,0.0,0.0,,,480.80032593830697,5.020174501342439e-16,a1_station_hull_matched_sweep_free_surface_marching_not_benchmark_validated,41,8,24,10,3.0,2,16,15.0,False,none,0.0,1.0,0.0,1.0,trapezoid,1.0,1.0,1.0,1.0,-1.0,1.0,1.0,True,False,True,3.0,11,9,40,True,True,True,True,A1_GRID_RECOMMENDED,"A1 Section 3.3 recommends control radius about 3B, inner free-surface panels greater than 10, outer/free-surface proxy panels greater than 8, and roughly 60 stations at Fn=0.2 or 40 at Fn=0.3."
14,st41_bp8_fs24_cp10_r3p0_h2_fsm_clipfs_onezonefs_noend_pr1p0_pl1p0_pf1p0_pm1p0_dt1p0_fv0p0_hr1p0_hqtrapezoid_hp1p0_hc1p0_ci1p0_cp1p0_cnm1p0_cd1p0_pg1p0,A53,OK,diagnostic_matched_wigley_sensitivity_not_hard_gate,wigley_iii,Fn0.4,0.4,2.1696064159197173,2.0,3.616010693199528,0.15,239.85000000000002,23,24,15,1.7999999999999998,1.2000000000000002,0.07500000000000007,-0.8684999999999999,0.8684999999999998,0.06299999999999994,0.06300000000000008,heave,pitch_moment,-0.2999999999999998,-199.14593806905765,-21.124398866095458,-14.935945355179337,-1.5843299149571608,-0.00476248456373632,-0.00476248456373632,0.0,-0.004902607378834273,-0.004902607378834273,0.0,0.0,-0.004902607378834273,1.6679457882846425,0.7262876682540237,1.315625818562441,0.7598133017983563,7.047280972351791,4.968459345196634,0.2944308493647807,6216.670395264671,2710.9794427840443,6182.092551267243,2691.9205741141386,654.7690363221831,320.8943157157761,13.550035171820008,5.560709070452026,0.39855484616852727,0.20474023736699548,advance_eq19_20,0.0,0.0,0.0,0.0,,,480.2604432484979,3.440504806608471e-16,a1_station_hull_matched_sweep_free_surface_marching_not_benchmark_validated,41,8,24,10,3.0,2,16,15.0,False,none,0.0,1.0,0.0,1.0,trapezoid,1.0,1.0,1.0,1.0,-1.0,1.0,1.0,True,False,True,3.0,11,9,40,True,True,True,True,A1_GRID_RECOMMENDED,"A1 Section 3.3 recommends control radius about 3B, inner free-surface panels greater than 10, outer/free-surface proxy panels greater than 8, and roughly 60 stations at Fn=0.2 or 40 at Fn=0.3."
14,st41_bp8_fs24_cp10_r3p0_h2_fsm_clipfs_onezonefs_noend_pr1p0_pl1p0_pf1p0_pm1p0_dt1p0_fv0p0_hr1p0_hqtrapezoid_hp1p0_hc1p0_ci1p0_cp1p0_cnm1p0_cd1p0_pg1p0,A53,OK,diagnostic_matched_wigley_sensitivity_not_hard_gate,wigley_iii,Fn0.4,0.4,2.1696064159197173,2.0,3.616010693199528,0.15,239.85000000000002,24,25,14,1.875,1.125,0.07500000000000007,-0.8683593749999999,0.8683593749999999,0.06328124999999996,0.06328125000000007,heave,pitch_moment,-0.375,-246.14903509806564,-18.56792487136372,-18.46117763235494,-1.39259436535228,-0.005886542258404569,-0.005886542258404569,0.0,-0.010227120789904726,-0.010227120789904726,0.0,0.0,-0.010227120789904726,1.6866979851592987,0.7358714149021289,1.1348306016303231,0.640229311802572,5.897210867584615,4.1546096142521405,0.21321247474874674,6269.5511201281615,2738.822116899352,6251.595899297476,2727.4418777336136,474.1518319982266,249.4140966384788,11.73797150817619,4.684042888716315,0.3327260476599488,0.16990775555485427,advance_eq19_20,0.0,0.0,0.0,0.0,,,479.5715522185469,5.040874113222639e-16,a1_station_hull_matched_sweep_free_surface_marching_not_benchmark_validated,41,8,24,10,3.0,2,16,15.0,False,none,0.0,1.0,0.0,1.0,trapezoid,1.0,1.0,1.0,1.0,-1.0,1.0,1.0,True,False,True,3.0,11,9,40,True,True,True,True,A1_GRID_RECOMMENDED,"A1 Section 3.3 recommends control radius about 3B, inner free-surface panels greater than 10, outer/free-surface proxy panels greater than 8, and roughly 60 stations at Fn=0.2 or 40 at Fn=0.3."
14,st41_bp8_fs24_cp10_r3p0_h2_fsm_clipfs_onezonefs_noend_pr1p0_pl1p0_pf1p0_pm1p0_dt1p0_fv0p0_hr1p0_hqtrapezoid_hp1p0_hc1p0_ci1p0_cp1p0_cnm1p0_cd1p0_pg1p0,A53,OK,diagnostic_matched_wigley_sensitivity_not_hard_gate,wigley_iii,Fn0.4,0.4,2.1696064159197173,2.0,3.616010693199528,0.15,239.85000000000002,25,26,13,1.95,1.05,0.07499999999999996,-0.8681874999999999,0.8681874999999999,0.0636249999999999,0.06362500000000004,heave,pitch_moment,-0.44999999999999996,-289.3203335236177,-13.428458761537648,-21.699025014271314,-1.007134407115323,-0.00691896423166544,-0.00691896423166544,0.0,-0.016629874034939724,-0.016629874034939724,0.0,0.0,-0.016629874034939724,1.6992717342533474,0.7431108227351748,0.9717753895785983,0.5330181577724618,4.871032998007118,3.4281287359860464,0.1380352062258492,6305.675656172628,2760.25236108204,6298.199380754606,2754.274098273758,306.96912077666383,181.56896330940575,10.14978572981845,3.8983168633789536,0.2739507119044098,0.1389225700239859,advance_eq19_20,0.0,0.0,0.0,0.0,,,478.73747117294215,4.53958706737562e-16,a1_station_hull_matched_sweep_free_surface_marching_not_benchmark_validated,41,8,24,10,3.0,2,16,15.0,False,none,0.0,1.0,0.0,1.0,trapezoid,1.0,1.0,1.0,1.0,-1.0,1.0,1.0,True,False,True,3.0,11,9,40,True,True,True,True,A1_GRID_RECOMMENDED,"A1 Section 3.3 recommends control radius about 3B, inner free-surface panels greater than 10, outer/free-surface proxy panels greater than 8, and roughly 60 stations at Fn=0.2 or 40 at Fn=0.3."
14,st41_bp8_fs24_cp10_r3p0_h2_fsm_clipfs_onezonefs_noend_pr1p0_pl1p0_pf1p0_pm1p0_dt1p0_fv0p0_hr1p0_hqtrapezoid_hp1p0_hc1p0_ci1p0_cp1p0_cnm1p0_cd1p0_pg1p0,A53,OK,diagnostic_matched_wigley_sensitivity_not_hard_gate,wigley_iii,Fn0.4,0.4,2.1696064159197173,2.0,3.616010693199528,0.15,239.85000000000002,26,27,12,2.025,0.9750000000000001,0.07500000000000007,-0.8679843749999999,0.8679843749999999,0.06403124999999998,0.0640312500000001,heave,pitch_moment,-0.5249999999999999,-327.37942101807243,-6.086248171795429,-24.553456576355455,-0.45646861288465757,-0.007829130004865287,-0.007829130004865287,0.0,-0.024003921153205085,-0.024003921153205085,0.0,0.0,-0.024003921153205085,1.7057772086176541,0.7481183679007958,0.8253196644069543,0.4375656829065074,3.962584433745746,2.7846880100083444,0.08167471335543895,6324.919833734522,2775.325010282253,6322.311342241916,2772.8341185609625,181.6320316672233,117.55791611984228,8.775110801954876,3.4791569539079568,0.22188989116804275,0.11159552497148015,advance_eq19_20,0.0,0.0,0.0,0.0,,,477.76272938128045,3.98554268512797e-16,a1_station_hull_matched_sweep_free_surface_marching_not_benchmark_validated,41,8,24,10,3.0,2,16,15.0,False,none,0.0,1.0,0.0,1.0,trapezoid,1.0,1.0,1.0,1.0,-1.0,1.0,1.0,True,False,True,3.0,11,9,40,True,True,True,True,A1_GRID_RECOMMENDED,"A1 Section 3.3 recommends control radius about 3B, inner free-surface panels greater than 10, outer/free-surface proxy panels greater than 8, and roughly 60 stations at Fn=0.2 or 40 at Fn=0.3."
14,st41_bp8_fs24_cp10_r3p0_h2_fsm_clipfs_onezonefs_noend_pr1p0_pl1p0_pf1p0_pm1p0_dt1p0_fv0p0_hr1p0_hqtrapezoid_hp1p0_hc1p0_ci1p0_cp1p0_cnm1p0_cd1p0_pg1p0,A53,OK,diagnostic_matched_wigley_sensitivity_not_hard_gate,wigley_iii,Fn0.4,0.4,2.1696064159197173,2.0,3.616010693199528,0.15,239.85000000000002,27,28,11,2.1,0.8999999999999999,0.07499999999999996,-0.8677499999999999,0.8677499999999999,0.06449999999999989,0.06450000000000003,heave,pitch_moment,-0.6000000000000001,-359.13412838575226,3.0423355029953627,-26.935059628931405,0.22817516272465208,-0.008588529393730024,-0.008588529393730024,0.0,-0.032212750852502754,-0.032212750852502754,0.0,0.0,-0.032212750852502754,1.7063532434140882,0.7510401860310791,0.6941545198959592,0.3531099297731904,3.1641896858865217,2.2188773694475126,0.08866554924879713,6327.51935610157,2784.2615243458035,6324.446363925066,2783.6635773037187,197.17857813426684,90.7697941285443,7.599044710269297,3.4080023002404705,0.1761239841310196,0.08769057376098288,advance_eq19_20,0.0,0.0,0.0,0.0,,,476.6524673161357,4.2766215112457653e-16,a1_station_hull_matched_sweep_free_surface_marching_not_benchmark_validated,41,8,24,10,3.0,2,16,15.0,False,none,0.0,1.0,0.0,1.0,trapezoid,1.0,1.0,1.0,1.0,-1.0,1.0,1.0,True,False,True,3.0,11,9,40,True,True,True,True,A1_GRID_RECOMMENDED,"A1 Section 3.3 recommends control radius about 3B, inner free-surface panels greater than 10, outer/free-surface proxy panels greater than 8, and roughly 60 stations at Fn=0.2 or 40 at Fn=0.3."
14,st41_bp8_fs24_cp10_r3p0_h2_fsm_clipfs_onezonefs_noend_pr1p0_pl1p0_pf1p0_pm1p0_dt1p0_fv0p0_hr1p0_hqtrapezoid_hp1p0_hc1p0_ci1p0_cp1p0_cnm1p0_cd1p0_pg1p0,A53,OK,diagnostic_matched_wigley_sensitivity_not_hard_gate,wigley_iii,Fn0.4,0.4,2.1696064159197173,2.0,3.616010693199528,0.15,239.85000000000002,28,29,10,2.175,0.8250000000000002,0.07499999999999996,-0.8674843749999999,0.8674843749999999,0.06503124999999987,0.0650312500000001,heave,pitch_moment,-0.6749999999999998,-383.4745696884515,13.261095575446708,-28.760592726633845,0.9945821681585025,-0.009170619980676552,-0.009170619980676552,0.0,-0.041092325539706015,-0.041092325539706015,0.0,0.0,-0.041092325539706015,1.7010362422567356,0.7520102931508149,0.5775915013529805,0.2792794453897779,2.4718531306966938,1.7278850340869827,0.14970681825580287,6313.523390970807,2787.262878877122,6304.739372558306,2787.259192965195,332.92499522958485,160.44701018898107,6.607776279654216,3.3097100462141498,0.136459465370048,0.06708499806839432,advance_eq19_20,0.0,0.0,0.0,0.0,,,475.4122985160682,4.510174866655763e-16,a1_station_hull_matched_sweep_free_surface_marching_not_benchmark_validated,41,8,24,10,3.0,2,16,15.0,False,none,0.0,1.0,0.0,1.0,trapezoid,1.0,1.0,1.0,1.0,-1.0,1.0,1.0,True,False,True,3.0,11,9,40,True,True,True,True,A1_GRID_RECOMMENDED,"A1 Section 3.3 recommends control radius about 3B, inner free-surface panels greater than 10, outer/free-surface proxy panels greater than 8, and roughly 60 stations at Fn=0.2 or 40 at Fn=0.3."
14,st41_bp8_fs24_cp10_r3p0_h2_fsm_clipfs_onezonefs_noend_pr1p0_pl1p0_pf1p0_pm1p0_dt1p0_fv0p0_hr1p0_hqtrapezoid_hp1p0_hc1p0_ci1p0_cp1p0_cnm1p0_cd1p0_pg1p0,A53,OK,diagnostic_matched_wigley_sensitivity_not_hard_gate,wigley_iii,Fn0.4,0.4,2.1696064159197173,2.0,3.616010693199528,0.15,239.85000000000002,29,30,9,2.25,0.75,0.07499999999999996,-0.8671874999999999,0.8671874999999999,0.06562499999999982,0.0656250000000001,heave,pitch_moment,-0.75,-399.47588475357793,23.912124344224225,-29.96069135651833,1.7934093258168158,-0.00955328415518118,-0.00955328415518118,0.0,-0.050454277607634906,-0.050454277607634906,0.0,0.0,-0.050454277607634906,1.690136504009614,0.751345933403727,0.474162438411807,0.21501265829328647,1.8748763653151888,1.3040606757561235,0.22444396059992053,6284.1937535098405,2785.076447654832,6264.340463252272,2784.7968027168536,499.12893335532027,232.32575988137077,5.7754116714632815,3.184070683438548,0.10232535346730429,0.049447109074952054,advance_eq19_20,0.0,0.0,0.0,0.0,,,474.0481182363453,3.417372863919865e-16,a1_station_hull_matched_sweep_free_surface_marching_not_benchmark_validated,41,8,24,10,3.0,2,16,15.0,False,none,0.0,1.0,0.0,1.0,trapezoid,1.0,1.0,1.0,1.0,-1.0,1.0,1.0,True,False,True,3.0,11,9,40,True,True,True,True,A1_GRID_RECOMMENDED,"A1 Section 3.3 recommends control radius about 3B, inner free-surface panels greater than 10, outer/free-surface proxy panels greater than 8, and roughly 60 stations at Fn=0.2 or 40 at Fn=0.3."
14,st41_bp8_fs24_cp10_r3p0_h2_fsm_clipfs_onezonefs_noend_pr1p0_pl1p0_pf1p0_pm1p0_dt1p0_fv0p0_hr1p0_hqtrapezoid_hp1p0_hc1p0_ci1p0_cp1p0_cnm1p0_cd1p0_pg1p0,A53,OK,diagnostic_matched_wigley_sensitivity_not_hard_gate,wigley_iii,Fn0.4,0.4,2.1696064159197173,2.0,3.616010693199528,0.15,239.85000000000002,30,31,8,2.3249999999999997,0.6750000000000003,0.07499999999999996,-0.866859375,0.866859375,0.06628124999999996,0.06628125000000007,heave,pitch_moment,-0.8249999999999997,-406.29900476077074,33.24563835616086,-30.472425357057787,2.493422876712063,-0.0097164559679023,-0.0097164559679023,0.0,-0.06008914766917662,-0.06008914766917662,0.0,0.0,-0.06008914766917662,1.6737020028657503,0.7493482654246871,0.38444542396955167,0.16059774746130065,1.375425775773229,0.9488481240253637,0.2995020167551932,6239.080868991524,2778.0963703270418,6203.42744808182,2777.3926242238413,666.0465345612857,304.1162889126058,5.084078829852266,3.0298437282723834,0.0739450793980792,0.03484447136246263,advance_eq19_20,0.0,0.0,0.0,0.0,,,472.56584172230123,2.447602127379889e-16,a1_station_hull_matched_sweep_free_surface_marching_not_benchmark_validated,41,8,24,10,3.0,2,16,15.0,False,none,0.0,1.0,0.0,1.0,trapezoid,1.0,1.0,1.0,1.0,-1.0,1.0,1.0,True,False,True,3.0,11,9,40,True,True,True,True,A1_GRID_RECOMMENDED,"A1 Section 3.3 recommends control radius about 3B, inner free-surface panels greater than 10, outer/free-surface proxy panels greater than 8, and roughly 60 stations at Fn=0.2 or 40 at Fn=0.3."
14,st41_bp8_fs24_cp10_r3p0_h2_fsm_clipfs_onezonefs_noend_pr1p0_pl1p0_pf1p0_pm1p0_dt1p0_fv0p0_hr1p0_hqtrapezoid_hp1p0_hc1p0_ci1p0_cp1p0_cnm1p0_cd1p0_pg1p0,A53,OK,diagnostic_matched_wigley_sensitivity_not_hard_gate,wigley_iii,Fn0.4,0.4,2.1696064159197173,2.0,3.616010693199528,0.15,239.85000000000002,31,32,7,2.4,0.6000000000000001,0.07500000000000018,-0.8664999999999999,0.8664999999999998,0.06699999999999995,0.06700000000000006,heave,pitch_moment,-0.8999999999999999,-403.5854276728621,40.131046785907664,-30.268907075464732,3.009828508943082,-0.009651562005620298,-0.009651562005620298,0.0,-0.06977315665593793,-0.06977315665593793,0.0,0.0,-0.06977315665593793,1.6531032465266988,0.7471284286135784,0.306149047816015,0.1136867143338665,0.9509381957275858,0.6454729073160473,0.37612188563256144,6183.909499343374,2769.6821775333365,6127.0799918134835,2769.164996736561,836.4373676421332,379.246742889155,4.490796234580564,2.8474742217301046,0.05006037751340888,0.022551328107002375,advance_eq19_20,0.0,0.0,0.0,0.0,,,470.9710640469985,5.565321982821836e-16,a1_station_hull_matched_sweep_free_surface_marching_not_benchmark_validated,41,8,24,10,3.0,2,16,15.0,False,none,0.0,1.0,0.0,1.0,trapezoid,1.0,1.0,1.0,1.0,-1.0,1.0,1.0,True,False,True,3.0,11,9,40,True,True,True,True,A1_GRID_RECOMMENDED,"A1 Section 3.3 recommends control radius about 3B, inner free-surface panels greater than 10, outer/free-surface proxy panels greater than 8, and roughly 60 stations at Fn=0.2 or 40 at Fn=0.3."
14,st41_bp8_fs24_cp10_r3p0_h2_fsm_clipfs_onezonefs_noend_pr1p0_pl1p0_pf1p0_pm1p0_dt1p0_fv0p0_hr1p0_hqtrapezoid_hp1p0_hc1p0_ci1p0_cp1p0_cnm1p0_cd1p0_pg1p0,A53,OK,diagnostic_matched_wigley_sensitivity_not_hard_gate,wigley_iii,Fn0.4,0.4,2.1696064159197173,2.0,3.616010693199528,0.15,239.85000000000002,32,33,6,2.475,0.5249999999999999,0.07499999999999996,-0.866109375,0.866109375,0.06778124999999988,0.06778125000000013,heave,pitch_moment,-0.9750000000000001,-390.89309933615914,36.927480881405394,-29.316982450211917,2.769561066105403,-0.009348030744237174,-0.009348030744237174,0.0,-0.07927295303086669,-0.07927295303086669,0.0,0.0,-0.07927295303086669,1.6287212547335712,0.7457381812867355,0.244127744604695,0.080202280108507,0.6260214753929004,0.4105396756112198,0.4363664343907116,6114.210564016681,2764.6226700618654,6036.710310191895,2764.0121688065037,970.4120011397506,438.34179682249356,3.981941894097094,2.6335134675611678,0.032536331998181615,0.013332359423532017,advance_eq19_20,0.0,0.0,0.0,0.0,,,469.2686860462597,4.379512777439799e-16,a1_station_hull_matched_sweep_free_surface_marching_not_benchmark_validated,41,8,24,10,3.0,2,16,15.0,False,none,0.0,1.0,0.0,1.0,trapezoid,1.0,1.0,1.0,1.0,-1.0,1.0,1.0,True,False,True,3.0,11,9,40,True,True,True,True,A1_GRID_RECOMMENDED,"A1 Section 3.3 recommends control radius about 3B, inner free-surface panels greater than 10, outer/free-surface proxy panels greater than 8, and roughly 60 stations at Fn=0.2 or 40 at Fn=0.3."
14,st41_bp8_fs24_cp10_r3p0_h2_fsm_clipfs_onezonefs_noend_pr1p0_pl1p0_pf1p0_pm1p0_dt1p0_fv0p0_hr1p0_hqtrapezoid_hp1p0_hc1p0_ci1p0_cp1p0_cnm1p0_cd1p0_pg1p0,A53,OK,diagnostic_matched_wigley_sensitivity_not_hard_gate,wigley_iii,Fn0.4,0.4,2.1696064159197173,2.0,3.616010693199528,0.15,239.85000000000002,33,34,5,2.55,0.4500000000000002,0.07499999999999996,-0.8656874999999999,0.8656874999999999,0.06862499999999994,0.06862500000000005,heave,pitch_moment,-1.0499999999999998,-369.79696960397666,21.65771082134468,-27.734772720298235,1.62432831160085,-0.008843526393416533,-0.008843526393416533,0.0,-0.08836873159969351,-0.08836873159969351,0.0,0.0,-0.08836873159969351,1.60910244241179,0.7510470984223926,0.19236665161003685,0.06639652005022319,0.3441966853687068,0.19544084521492672,0.5434441499523636,6085.211235035169,2804.313187183217,5963.994929169872,2783.689197466646,1208.5364122914518,501.487471129707,3.5031413614808495,2.394020836925301,0.016755314454495455,0.005420283420769638,advance_eq19_20,0.0,0.0,0.0,0.0,,,467.4627559098952,4.0177390558340943e-16,a1_station_hull_matched_sweep_free_surface_marching_not_benchmark_validated,41,8,24,10,3.0,2,16,15.0,False,none,0.0,1.0,0.0,1.0,trapezoid,1.0,1.0,1.0,1.0,-1.0,1.0,1.0,True,False,True,3.0,11,9,40,True,True,True,True,A1_GRID_RECOMMENDED,"A1 Section 3.3 recommends control radius about 3B, inner free-surface panels greater than 10, outer/free-surface proxy panels greater than 8, and roughly 60 stations at Fn=0.2 or 40 at Fn=0.3."
14,st41_bp8_fs24_cp10_r3p0_h2_fsm_clipfs_onezonefs_noend_pr1p0_pl1p0_pf1p0_pm1p0_dt1p0_fv0p0_hr1p0_hqtrapezoid_hp1p0_hc1p0_ci1p0_cp1p0_cnm1p0_cd1p0_pg1p0,A53,OK,diagnostic_matched_wigley_sensitivity_not_hard_gate,wigley_iii,Fn0.4,0.4,2.1696064159197173,2.0,3.616010693199528,0.15,239.85000000000002,34,35,4,2.625,0.375,0.07499999999999996,-0.8652343749999999,0.8652343749999999,0.06953124999999993,0.06953125000000009,heave,pitch_moment,-1.125,-340.2227486002362,-98.43185907300126,-25.516706145017697,-7.38238943047509,-0.008136272344549117,-0.008136272344549117,0.0,-0.09685863096867636,-0.09685863096867636,0.0,0.0,-0.09685863096867636,1.5971763525143015,0.768636366839695,0.1739545911314575,0.06590111940728077,0.22059777495121258,0.08746850016769517,1.1786316493521676,6474.108480802679,3372.0975883666933,5919.791938857562,2848.8822547162317,2621.095958151514,1804.1374793045654,3.0489850006956516,2.113715272617735,0.013533526872690799,0.005317233952281952,advance_eq19_20,0.0,0.0,0.0,0.0,,,465.55753958209425,4.3857414576683526e-16,a1_station_hull_matched_sweep_free_surface_marching_not_benchmark_validated,41,8,24,10,3.0,2,16,15.0,False,none,0.0,1.0,0.0,1.0,trapezoid,1.0,1.0,1.0,1.0,-1.0,1.0,1.0,True,False,True,3.0,11,9,40,True,True,True,True,A1_GRID_RECOMMENDED,"A1 Section 3.3 recommends control radius about 3B, inner free-surface panels greater than 10, outer/free-surface proxy panels greater than 8, and roughly 60 stations at Fn=0.2 or 40 at Fn=0.3."
14,st41_bp8_fs24_cp10_r3p0_h2_fsm_clipfs_onezonefs_noend_pr1p0_pl1p0_pf1p0_pm1p0_dt1p0_fv0p0_hr1p0_hqtrapezoid_hp1p0_hc1p0_ci1p0_cp1p0_cnm1p0_cd1p0_pg1p0,A53,OK,diagnostic_matched_wigley_sensitivity_not_hard_gate,wigley_iii,Fn0.4,0.4,2.1696064159197173,2.0,3.616010693199528,0.15,239.85000000000002,35,36,3,2.6999999999999997,0.30000000000000027,0.07499999999999996,-0.8647499999999999,0.8647499999999999,0.0704999999999999,0.07050000000000001,heave,pitch_moment,-1.1999999999999997,-323.65863384808716,-508.4732352831338,-24.27439753860652,-38.135492646235015,-0.0077401490714160675,-0.0077401490714160675,0.0,-0.10479684167665894,-0.10479684167665894,0.0,0.0,-0.10479684167665894,1.7132202277718025,0.8727374275923935,0.1398960962329657,0.06261927942279374,0.20516979532368765,0.09561934097209683,5.158117353738375,13111.135487671188,8538.282903251828,6349.898230014283,3234.7235672927823,11470.861617356053,7901.825003071323,2.683563184161894,1.8842734418949196,0.025075040199787523,0.007966707194033371,advance_eq19_20,0.0,0.0,0.0,0.0,,,463.5639836716682,7.372537424959484e-16,a1_station_hull_matched_sweep_free_surface_marching_not_benchmark_validated,41,8,24,10,3.0,2,16,15.0,False,none,0.0,1.0,0.0,1.0,trapezoid,1.0,1.0,1.0,1.0,-1.0,1.0,1.0,True,False,True,3.0,11,9,40,True,True,True,True,A1_GRID_RECOMMENDED,"A1 Section 3.3 recommends control radius about 3B, inner free-surface panels greater than 10, outer/free-surface proxy panels greater than 8, and roughly 60 stations at Fn=0.2 or 40 at Fn=0.3."
14,st41_bp8_fs24_cp10_r3p0_h2_fsm_clipfs_onezonefs_noend_pr1p0_pl1p0_pf1p0_pm1p0_dt1p0_fv0p0_hr1p0_hqtrapezoid_hp1p0_hc1p0_ci1p0_cp1p0_cnm1p0_cd1p0_pg1p0,A53,OK,diagnostic_matched_wigley_sensitivity_not_hard_gate,wigley_iii,Fn0.4,0.4,2.1696064159197173,2.0,3.616010693199528,0.15,239.85000000000002,36,37,2,2.775,0.2250000000000001,0.07500000000000018,-0.8642343749999999,0.8642343749999999,0.07153124999999994,0.07153125000000005,heave,pitch_moment,-1.275,-353.2895320106296,2107.6414665011393,-26.496714900797283,158.07310998758584,-0.008448758528766994,-0.008448758528766994,0.0,-0.11289129547675048,-0.11289129547675048,0.0,0.0,-0.11289129547675048,2.2714819699956776,1.3016199652061355,0.28870467307842784,0.13548678606882106,0.3689689745901507,0.157246055160788,24.174758521916942,54416.17867882978,36111.87430898278,8419.045670237158,4824.338505484068,53760.953972272386,35788.171566765945,2.390956922336817,1.663085460220224,0.03596002528643017,0.012384942089466626,advance_eq19_20,0.0,0.0,0.0,0.0,,,461.53260422011545,7.904929224241728e-16,a1_station_hull_matched_sweep_free_surface_marching_not_benchmark_validated,41,8,24,10,3.0,2,16,15.0,False,none,0.0,1.0,0.0,1.0,trapezoid,1.0,1.0,1.0,1.0,-1.0,1.0,1.0,True,False,True,3.0,11,9,40,True,True,True,True,A1_GRID_RECOMMENDED,"A1 Section 3.3 recommends control radius about 3B, inner free-surface panels greater than 10, outer/free-surface proxy panels greater than 8, and roughly 60 stations at Fn=0.2 or 40 at Fn=0.3."
14,st41_bp8_fs24_cp10_r3p0_h2_fsm_clipfs_onezonefs_noend_pr1p0_pl1p0_pf1p0_pm1p0_dt1p0_fv0p0_hr1p0_hqtrapezoid_hp1p0_hc1p0_ci1p0_cp1p0_cnm1p0_cd1p0_pg1p0,A53,OK,diagnostic_matched_wigley_sensitivity_not_hard_gate,wigley_iii,Fn0.4,0.4,2.1696064159197173,2.0,3.616010693199528,0.15,239.85000000000002,37,38,1,2.85,0.1499999999999999,0.07499999999999996,-0.8636874999999999,0.8636874999999999,0.07262499999999994,0.07262500000000005,heave,pitch_moment,-1.35,192.37919845093603,644.0705056127881,14.428439883820193,48.30528792095908,0.004600661062385499,0.004600661062385499,0.0,-0.11481534420994122,-0.11481534420994122,0.0,0.0,-0.11481534420994122,2.185144494768492,1.5411996632943892,0.748557374615168,0.3485147665899269,0.837644181236775,0.40935584924268276,13.370947082920745,30818.19038762629,21692.981650474714,8099.043505750671,5712.319324398723,29734.934892478566,20927.37109203957,2.048099281700801,0.5777109635589034,0.0017599237575182186,0.0006936876353798211,advance_eq19_20,0.0,0.0,0.0,0.0,,,467.16479122089714,2.434886171505382e-15,a1_station_hull_matched_sweep_free_surface_marching_not_benchmark_validated,41,8,24,10,3.0,2,16,15.0,False,none,0.0,1.0,0.0,1.0,trapezoid,1.0,1.0,1.0,1.0,-1.0,1.0,1.0,True,False,True,3.0,11,9,40,True,True,True,True,A1_GRID_RECOMMENDED,"A1 Section 3.3 recommends control radius about 3B, inner free-surface panels greater than 10, outer/free-surface proxy panels greater than 8, and roughly 60 stations at Fn=0.2 or 40 at Fn=0.3."
14,st41_bp8_fs24_cp10_r3p0_h2_fsm_clipfs_onezonefs_noend_pr1p0_pl1p0_pf1p0_pm1p0_dt1p0_fv0p0_hr1p0_hqtrapezoid_hp1p0_hc1p0_ci1p0_cp1p0_cnm1p0_cd1p0_pg1p0,A53,OK,diagnostic_matched_wigley_sensitivity_not_hard_gate,wigley_iii,Fn0.4,0.4,2.1696064159197173,2.0,3.616010693199528,0.15,239.85000000000002,38,39,0,2.925,0.07500000000000018,0.03749999999999987,-0.8631093749999998,0.8631093749999998,0.07378124999999991,0.07378125000000002,heave,pitch_moment,-1.4249999999999998,-52.03956266669441,-2877.7481624082748,-1.9514836000010334,-107.91555609030992,-0.000622251240238145,-0.000622251240238145,0.0,-0.11313726491898661,-0.11313726491898661,0.0,0.0,-0.11313726491898661,1.4826811370528143,0.8649467516815234,0.057979844103438344,0.029298599250220825,0.07869109696545455,0.04000331729496435,78.08775662918518,173742.1215401662,105805.19674769307,5495.425617342917,3205.8481207068,173655.19023214403,105804.41200200486,0.8390267042508075,0.5857699970440308,0.0,0.0,initialize_eq21_22,0.0,0.0,0.0,0.0,,,690.6987294891596,1.7447639126794795e-15,a1_station_hull_matched_sweep_free_surface_marching_not_benchmark_validated,41,8,24,10,3.0,2,16,15.0,False,none,0.0,1.0,0.0,1.0,trapezoid,1.0,1.0,1.0,1.0,-1.0,1.0,1.0,True,False,True,3.0,11,9,40,True,True,True,True,A1_GRID_RECOMMENDED,"A1 Section 3.3 recommends control radius about 3B, inner free-surface panels greater than 10, outer/free-surface proxy panels greater than 8, and roughly 60 stations at Fn=0.2 or 40 at Fn=0.3."
14,st41_bp8_fs24_cp10_r3p0_h2_fsm_clipfs_onezonefs_noend_pr1p0_pl1p0_pf1p0_pm1p0_dt1p0_fv0p0_hr1p0_hqtrapezoid_hp1p0_hc1p0_ci1p0_cp1p0_cn1p0_cd1p0_pg1p0,A53,OK,diagnostic_matched_wigley_sensitivity_not_hard_gate,wigley_iii,Fn0.4,0.4,2.1696064159197173,2.0,3.616010693199528,0.15,239.85000000000002,0,1,38,0.075,2.925,0.0375,-0.8631093749999998,0.8631093749999998,0.07378124999999991,0.07378125000000002,heave,pitch_moment,1.425,47.80559866707041,-2214.60592640246,1.7927099500151404,-83.04772224009226,0.0005716245782355503,0.0005716245782355503,0.0,0.0,0.0,0.0,0.0,0.0,1.3598301930759227,0.7928838878380815,0.004296782698725647,0.0020540753048538273,0.004862167383757563,0.0025423645853376946,59.207315639182276,131764.4150992197,71588.9102117187,5040.089532075567,2938.7535323103207,131667.98617715752,71587.95587161006,0.7570448859348399,0.5336804220520427,0.00010801561944435679,6.205072403310145e-05,advance_eq19_20,0.0,0.0,0.0,0.0,,,113.94877021527233,4.729644729091849e-16,a1_station_hull_matched_sweep_free_surface_marching_not_benchmark_validated,41,8,24,10,3.0,2,16,15.0,False,none,0.0,1.0,0.0,1.0,trapezoid,1.0,1.0,1.0,1.0,1.0,1.0,1.0,True,False,True,3.0,11,9,40,True,True,True,True,A1_GRID_RECOMMENDED,"A1 Section 3.3 recommends control radius about 3B, inner free-surface panels greater than 10, outer/free-surface proxy panels greater than 8, and roughly 60 stations at Fn=0.2 or 40 at Fn=0.3."
14,st41_bp8_fs24_cp10_r3p0_h2_fsm_clipfs_onezonefs_noend_pr1p0_pl1p0_pf1p0_pm1p0_dt1p0_fv0p0_hr1p0_hqtrapezoid_hp1p0_hc1p0_ci1p0_cp1p0_cn1p0_cd1p0_pg1p0,A53,OK,diagnostic_matched_wigley_sensitivity_not_hard_gate,wigley_iii,Fn0.4,0.4,2.1696064159197173,2.0,3.616010693199528,0.15,239.85000000000002,1,2,37,0.15,2.85,0.07499999999999998,-0.8636874999999999,0.8636874999999999,0.07262499999999991,0.07262500000000005,heave,pitch_moment,1.35,-106.09459719881366,942.7477646593253,-7.9570947899110225,70.70608234944937,-0.002537204054244675,-0.002537204054244675,0.0,-0.0006969774488867874,-0.0006969774488867874,0.0,0.0,-0.0006969774488867874,1.2345731823862887,0.8703205755740085,0.0366039190667704,0.01646604365153785,0.03958249887348597,0.018287820573077762,16.615333041640675,37232.20631372932,26090.250404859085,4575.835574772346,3225.7657204818624,36949.95149903114,25890.06762650136,0.634638027343776,0.2870263972723285,0.0014180728245461966,0.0007294424337922135,advance_eq19_20,0.0,0.0,0.0,0.0,,,77.78531556101733,4.674858683653122e-16,a1_station_hull_matched_sweep_free_surface_marching_not_benchmark_validated,41,8,24,10,3.0,2,16,15.0,False,none,0.0,1.0,0.0,1.0,trapezoid,1.0,1.0,1.0,1.0,1.0,1.0,1.0,True,False,True,3.0,11,9,40,True,True,True,True,A1_GRID_RECOMMENDED,"A1 Section 3.3 recommends control radius about 3B, inner free-surface panels greater than 10, outer/free-surface proxy panels greater than 8, and roughly 60 stations at Fn=0.2 or 40 at Fn=0.3."
14,st41_bp8_fs24_cp10_r3p0_h2_fsm_clipfs_onezonefs_noend_pr1p0_pl1p0_pf1p0_pm1p0_dt1p0_fv0p0_hr1p0_hqtrapezoid_hp1p0_hc1p0_ci1p0_cp1p0_cn1p0_cd1p0_pg1p0,A53,OK,diagnostic_matched_wigley_sensitivity_not_hard_gate,wigley_iii,Fn0.4,0.4,2.1696064159197173,2.0,3.616010693199528,0.15,239.85000000000002,2,3,36,0.22499999999999998,2.775,0.075,-0.8642343749999999,0.8642343749999999,0.07153124999999994,0.07153125000000006,heave,pitch_moment,1.275,444.613792964417,1731.5896413800315,33.34603447233127,129.86922310350235,0.010632736707303655,0.010632736707303655,0.0,0.003350788877642701,0.003350788877642701,0.0,0.0,0.003350788877642701,2.860035009313273,1.6465711078597935,0.03852454636126368,0.016821180031021135,0.04112524857584147,0.01774392959688723,19.127202536909834,43836.94883708121,27667.323897803544,10600.465106016854,6102.869201462767,42535.96387624236,26985.844422137478,2.9682577558529792,2.0941680024818012,0.0009793123946683208,0.0005150510860660671,advance_eq19_20,0.0,0.0,0.0,0.0,,,77.91010290862684,8.590277748497819e-16,a1_station_hull_matched_sweep_free_surface_marching_not_benchmark_validated,41,8,24,10,3.0,2,16,15.0,False,none,0.0,1.0,0.0,1.0,trapezoid,1.0,1.0,1.0,1.0,1.0,1.0,1.0,True,False,True,3.0,11,9,40,True,True,True,True,A1_GRID_RECOMMENDED,"A1 Section 3.3 recommends control radius about 3B, inner free-surface panels greater than 10, outer/free-surface proxy panels greater than 8, and roughly 60 stations at Fn=0.2 or 40 at Fn=0.3."
14,st41_bp8_fs24_cp10_r3p0_h2_fsm_clipfs_onezonefs_noend_pr1p0_pl1p0_pf1p0_pm1p0_dt1p0_fv0p0_hr1p0_hqtrapezoid_hp1p0_hc1p0_ci1p0_cp1p0_cn1p0_cd1p0_pg1p0,A53,OK,diagnostic_matched_wigley_sensitivity_not_hard_gate,wigley_iii,Fn0.4,0.4,2.1696064159197173,2.0,3.616010693199528,0.15,239.85000000000002,3,4,35,0.3,2.7,0.07500000000000001,-0.8647499999999999,0.8647499999999999,0.0704999999999999,0.07050000000000001,heave,pitch_moment,1.2,351.25763487158684,-837.487851069607,26.344322615369016,-62.811588830220536,0.008400166632524353,0.008400166632524353,0.0,0.012867240547556705,0.012867240547556705,0.0,0.0,0.012867240547556705,1.8589488181020077,0.9498934204936405,0.017367878402307337,0.00724691138457113,0.018909688340645003,0.007061262388336704,8.01327676698118,19105.902598801677,12413.404457040804,6890.028274476671,3520.6953850525015,17820.298103337347,11903.668099361244,2.9236726143367817,2.0476441116749577,0.0010484838822747834,0.000556875836454647,advance_eq19_20,0.0,0.0,0.0,0.0,,,78.9850404442889,5.913600918530423e-16,a1_station_hull_matched_sweep_free_surface_marching_not_benchmark_validated,41,8,24,10,3.0,2,16,15.0,False,none,0.0,1.0,0.0,1.0,trapezoid,1.0,1.0,1.0,1.0,1.0,1.0,1.0,True,False,True,3.0,11,9,40,True,True,True,True,A1_GRID_RECOMMENDED,"A1 Section 3.3 recommends control radius about 3B, inner free-surface panels greater than 10, outer/free-surface proxy panels greater than 8, and roughly 60 stations at Fn=0.2 or 40 at Fn=0.3."
14,st41_bp8_fs24_cp10_r3p0_h2_fsm_clipfs_onezonefs_noend_pr1p0_pl1p0_pf1p0_pm1p0_dt1p0_fv0p0_hr1p0_hqtrapezoid_hp1p0_hc1p0_ci1p0_cp1p0_cn1p0_cd1p0_pg1p0,A53,OK,diagnostic_matched_wigley_sensitivity_not_hard_gate,wigley_iii,Fn0.4,0.4,2.1696064159197173,2.0,3.616010693199528,0.15,239.85000000000002,4,5,34,0.375,2.625,0.07499999999999998,-0.8652343749999999,0.8652343749999999,0.06953124999999993,0.06953125000000009,heave,pitch_moment,1.125,372.10497768783205,-102.35019098909102,27.907873326587396,-7.676264324181824,0.008898721357365677,0.008898721357365677,0.0,0.021516684542501722,0.021516684542501722,0.0,0.0,0.021516684542501722,1.7461920599329475,0.8436604062318347,0.015356187281952502,0.006162174281863534,0.01736473374601199,0.0056959010456820005,1.2591835234525464,7051.910496646404,3669.830285853727,6472.10539012509,3126.952176622456,2800.230967585617,1920.8915669775145,3.3242209238903784,2.3178247057319123,0.001222756046781392,0.0006519523782905609,advance_eq19_20,0.0,0.0,0.0,0.0,,,80.04292683338196,5.162663687120091e-16,a1_station_hull_matched_sweep_free_surface_marching_not_benchmark_validated,41,8,24,10,3.0,2,16,15.0,False,none,0.0,1.0,0.0,1.0,trapezoid,1.0,1.0,1.0,1.0,1.0,1.0,1.0,True,False,True,3.0,11,9,40,True,True,True,True,A1_GRID_RECOMMENDED,"A1 Section 3.3 recommends control radius about 3B, inner free-surface panels greater than 10, outer/free-surface proxy panels greater than 8, and roughly 60 stations at Fn=0.2 or 40 at Fn=0.3."
14,st41_bp8_fs24_cp10_r3p0_h2_fsm_clipfs_onezonefs_noend_pr1p0_pl1p0_pf1p0_pm1p0_dt1p0_fv0p0_hr1p0_hqtrapezoid_hp1p0_hc1p0_ci1p0_cp1p0_cn1p0_cd1p0_pg1p0,A53,OK,diagnostic_matched_wigley_sensitivity_not_hard_gate,wigley_iii,Fn0.4,0.4,2.1696064159197173,2.0,3.616010693199528,0.15,239.85000000000002,5,6,33,0.44999999999999996,2.55,0.07500000000000001,-0.8656874999999999,0.8656874999999999,0.06862499999999994,0.06862500000000005,heave,pitch_moment,1.05,402.48351644591395,29.86055533761845,30.18626373344355,2.2395416503213843,0.00962521029963103,0.00962521029963103,0.0,0.030778650371000072,0.030778650371000072,0.0,0.0,0.030778650371000072,1.7506361275182118,0.8203279468161692,0.01662477557211253,0.006527307334727502,0.019315645133916894,0.006595506202387987,0.6113932723317232,6629.4995789439445,3057.626372988748,6488.576930932448,3040.4724933081234,1359.644835458584,576.3575744957853,3.758915672035742,2.6138241230562786,0.0014406998793900145,0.0007691817778314856,advance_eq19_20,0.0,0.0,0.0,0.0,,,81.06571677861561,3.859736398013374e-16,a1_station_hull_matched_sweep_free_surface_marching_not_benchmark_validated,41,8,24,10,3.0,2,16,15.0,False,none,0.0,1.0,0.0,1.0,trapezoid,1.0,1.0,1.0,1.0,1.0,1.0,1.0,True,False,True,3.0,11,9,40,True,True,True,True,A1_GRID_RECOMMENDED,"A1 Section 3.3 recommends control radius about 3B, inner free-surface panels greater than 10, outer/free-surface proxy panels greater than 8, and roughly 60 stations at Fn=0.2 or 40 at Fn=0.3."
14,st41_bp8_fs24_cp10_r3p0_h2_fsm_clipfs_onezonefs_noend_pr1p0_pl1p0_pf1p0_pm1p0_dt1p0_fv0p0_hr1p0_hqtrapezoid_hp1p0_hc1p0_ci1p0_cp1p0_cn1p0_cd1p0_pg1p0,A53,OK,diagnostic_matched_wigley_sensitivity_not_hard_gate,wigley_iii,Fn0.4,0.4,2.1696064159197173,2.0,3.616010693199528,0.15,239.85000000000002,6,7,32,0.525,2.475,0.07500000000000001,-0.866109375,0.866109375,0.0677812499999999,0.06778125000000006,heave,pitch_moment,0.975,429.0755473161648,73.90127148058073,32.18066604871236,5.542595361043555,0.010261146627360962,0.010261146627360962,0.0,0.04072182883449607,0.04072182883449607,0.0,0.0,0.04072182883449607,1.7870375518326544,0.8218449224920269,0.019156611981401193,0.0074527630376287285,0.022552666053719788,0.007834408823966731,0.6507883332079045,6779.766660857472,3051.5888690081774,6623.495568990384,3046.095028579979,1447.2534067119075,628.3882533400783,4.181992963401496,2.9026869777078645,0.0016788242511383991,0.0008965743016030093,advance_eq19_20,0.0,0.0,0.0,0.0,,,82.0454186369934,3.4673231875476185e-16,a1_station_hull_matched_sweep_free_surface_marching_not_benchmark_validated,41,8,24,10,3.0,2,16,15.0,False,none,0.0,1.0,0.0,1.0,trapezoid,1.0,1.0,1.0,1.0,1.0,1.0,1.0,True,False,True,3.0,11,9,40,True,True,True,True,A1_GRID_RECOMMENDED,"A1 Section 3.3 recommends control radius about 3B, inner free-surface panels greater than 10, outer/free-surface proxy panels greater than 8, and roughly 60 stations at Fn=0.2 or 40 at Fn=0.3."
14,st41_bp8_fs24_cp10_r3p0_h2_fsm_clipfs_onezonefs_noend_pr1p0_pl1p0_pf1p0_pm1p0_dt1p0_fv0p0_hr1p0_hqtrapezoid_hp1p0_hc1p0_ci1p0_cp1p0_cn1p0_cd1p0_pg1p0,A53,OK,diagnostic_matched_wigley_sensitivity_not_hard_gate,wigley_iii,Fn0.4,0.4,2.1696064159197173,2.0,3.616010693199528,0.15,239.85000000000002,7,8,31,0.6,2.4,0.07499999999999996,-0.8664999999999999,0.8664999999999998,0.06699999999999995,0.06700000000000006,heave,pitch_moment,0.9,447.7820566432439,88.3795750218511,33.58365424824327,6.628468126638828,0.010708504292676278,0.010708504292676278,0.0,0.05120665429451469,0.05120665429451469,0.0,0.0,0.05120665429451469,1.8332899507343523,0.8326733964243576,0.022297826963790908,0.008651351503360176,0.026383888163345734,0.00920703142018553,0.6742022848376547,6958.375290818345,3108.7952374620395,6794.92596723042,3086.2298030485777,1499.322442881796,614.5622081590103,4.581454096852021,3.175751052699851,0.001923995863859839,0.0010273716424274437,advance_eq19_20,0.0,0.0,0.0,0.0,,,82.97650322796618,3.659000585586605e-16,a1_station_hull_matched_sweep_free_surface_marching_not_benchmark_validated,41,8,24,10,3.0,2,16,15.0,False,none,0.0,1.0,0.0,1.0,trapezoid,1.0,1.0,1.0,1.0,1.0,1.0,1.0,True,False,True,3.0,11,9,40,True,True,True,True,A1_GRID_RECOMMENDED,"A1 Section 3.3 recommends control radius about 3B, inner free-surface panels greater than 10, outer/free-surface proxy panels greater than 8, and roughly 60 stations at Fn=0.2 or 40 at Fn=0.3."
14,st41_bp8_fs24_cp10_r3p0_h2_fsm_clipfs_onezonefs_noend_pr1p0_pl1p0_pf1p0_pm1p0_dt1p0_fv0p0_hr1p0_hqtrapezoid_hp1p0_hc1p0_ci1p0_cp1p0_cn1p0_cd1p0_pg1p0,A53,OK,diagnostic_matched_wigley_sensitivity_not_hard_gate,wigley_iii,Fn0.4,0.4,2.1696064159197173,2.0,3.616010693199528,0.15,239.85000000000002,8,9,30,0.6749999999999999,2.325,0.07500000000000001,-0.866859375,0.866859375,0.06628124999999993,0.06628125000000007,heave,pitch_moment,0.8250000000000001,456.9542042954237,89.43874023659708,34.27156532215678,6.707905517744782,0.01092785203350075,0.01092785203350075,0.0,0.06202483245760321,0.06202483245760321,0.0,0.0,0.06202483245760321,1.881461732238413,0.8470640361875735,0.02573052383044203,0.009984396816755621,0.03048261578992465,0.010632713164788669,0.6572142964630118,7124.9841682946335,3170.5077916838723,6973.470386185304,3139.567427995993,1461.543763096321,587.861512095715,4.9528672520565395,3.4298178237955335,0.0021672744472985748,0.0011569426694688382,advance_eq19_20,0.0,0.0,0.0,0.0,,,83.85411691935546,5.674334761668759e-16,a1_station_hull_matched_sweep_free_surface_marching_not_benchmark_validated,41,8,24,10,3.0,2,16,15.0,False,none,0.0,1.0,0.0,1.0,trapezoid,1.0,1.0,1.0,1.0,1.0,1.0,1.0,True,False,True,3.0,11,9,40,True,True,True,True,A1_GRID_RECOMMENDED,"A1 Section 3.3 recommends control radius about 3B, inner free-surface panels greater than 10, outer/free-surface proxy panels greater than 8, and roughly 60 stations at Fn=0.2 or 40 at Fn=0.3."
14,st41_bp8_fs24_cp10_r3p0_h2_fsm_clipfs_onezonefs_noend_pr1p0_pl1p0_pf1p0_pm1p0_dt1p0_fv0p0_hr1p0_hqtrapezoid_hp1p0_hc1p0_ci1p0_cp1p0_cn1p0_cd1p0_pg1p0,A53,OK,diagnostic_matched_wigley_sensitivity_not_hard_gate,wigley_iii,Fn0.4,0.4,2.1696064159197173,2.0,3.616010693199528,0.15,239.85000000000002,9,10,29,0.75,2.25,0.07500000000000001,-0.8671874999999999,0.8671874999999999,0.06562499999999982,0.0656250000000001,heave,pitch_moment,0.75,455.9622032241057,83.52722648202476,34.19716524180793,6.264541986151857,0.010904128778910826,0.010904128778910826,0.0,0.072940822863809,0.072940822863809,0.0,0.0,0.072940822863809,1.9281639893095188,0.8624768376587356,0.02925967454189313,0.011367724837114946,0.03464874455508672,0.012057944788945122,0.6175722122610298,7277.336389421832,3228.709862174903,7146.568143675117,3196.6936043011738,1373.385849865645,547.9528369715589,5.294204959849346,3.6634205261539794,0.0024019058379652933,0.0012817715449335485,advance_eq19_20,0.0,0.0,0.0,0.0,,,84.67363722110893,3.421244819636106e-16,a1_station_hull_matched_sweep_free_surface_marching_not_benchmark_validated,41,8,24,10,3.0,2,16,15.0,False,none,0.0,1.0,0.0,1.0,trapezoid,1.0,1.0,1.0,1.0,1.0,1.0,1.0,True,False,True,3.0,11,9,40,True,True,True,True,A1_GRID_RECOMMENDED,"A1 Section 3.3 recommends control radius about 3B, inner free-surface panels greater than 10, outer/free-surface proxy panels greater than 8, and roughly 60 stations at Fn=0.2 or 40 at Fn=0.3."
14,st41_bp8_fs24_cp10_r3p0_h2_fsm_clipfs_onezonefs_noend_pr1p0_pl1p0_pf1p0_pm1p0_dt1p0_fv0p0_hr1p0_hqtrapezoid_hp1p0_hc1p0_ci1p0_cp1p0_cn1p0_cd1p0_pg1p0,A53,OK,diagnostic_matched_wigley_sensitivity_not_hard_gate,wigley_iii,Fn0.4,0.4,2.1696064159197173,2.0,3.616010693199528,0.15,239.85000000000002,10,11,28,0.825,2.175,0.07499999999999996,-0.8674843749999999,0.8674843749999999,0.06503124999999987,0.0650312500000001,heave,pitch_moment,0.675,444.7373529627211,73.88060589125752,33.35530147220406,5.541045441844311,0.010635691588484377,0.010635691588484377,0.0,0.08371073304750659,0.08371073304750659,0.0,0.0,0.08371073304750659,1.9717892912885309,0.8776570260976332,0.03274822646833494,0.012742860269049236,0.038739719079920236,0.013442701812516951,0.5660434532270473,7415.878040453249,3282.1453075174722,7308.261441086537,3252.9576211140075,1258.7937955060231,499.8403251670247,5.6043850941753295,3.875771043750868,0.0026225008899563294,0.0013990431377597745,advance_eq19_20,0.0,0.0,0.0,0.0,,,85.43060038090825,3.259882062058645e-16,a1_station_hull_matched_sweep_free_surface_marching_not_benchmark_validated,41,8,24,10,3.0,2,16,15.0,False,none,0.0,1.0,0.0,1.0,trapezoid,1.0,1.0,1.0,1.0,1.0,1.0,1.0,True,False,True,3.0,11,9,40,True,True,True,True,A1_GRID_RECOMMENDED,"A1 Section 3.3 recommends control radius about 3B, inner free-surface panels greater than 10, outer/free-surface proxy panels greater than 8, and roughly 60 stations at Fn=0.2 or 40 at Fn=0.3."
14,st41_bp8_fs24_cp10_r3p0_h2_fsm_clipfs_onezonefs_noend_pr1p0_pl1p0_pf1p0_pm1p0_dt1p0_fv0p0_hr1p0_hqtrapezoid_hp1p0_hc1p0_ci1p0_cp1p0_cn1p0_cd1p0_pg1p0,A53,OK,diagnostic_matched_wigley_sensitivity_not_hard_gate,wigley_iii,Fn0.4,0.4,2.1696064159197173,2.0,3.616010693199528,0.15,239.85000000000002,11,12,27,0.8999999999999999,2.1,0.07500000000000001,-0.8677499999999999,0.8677499999999999,0.06449999999999989,0.0645,heave,pitch_moment,0.6000000000000001,423.5797418389286,62.39593630875942,31.76848063791965,4.679695223156957,0.01012971693813698,0.01012971693813698,0.0,0.09409343731081726,0.09409343731081726,0.0,0.0,0.09409343731081726,2.0115247737592967,0.8919354638118978,0.03609205223705764,0.014065826738880759,0.0426453880603083,0.014755097610017658,0.5082611788012054,7540.729770408215,3330.5237957965396,7455.5374688381125,3305.8793791573958,1130.2948823522638,447.57730304108804,5.882763356587516,4.066395927974994,0.00282464300168337,0.001506444576173296,advance_eq19_20,0.0,0.0,0.0,0.0,,,86.12073569235693,3.3604739325331457e-16,a1_station_hull_matched_sweep_free_surface_marching_not_benchmark_validated,41,8,24,10,3.0,2,16,15.0,False,none,0.0,1.0,0.0,1.0,trapezoid,1.0,1.0,1.0,1.0,1.0,1.0,1.0,True,False,True,3.0,11,9,40,True,True,True,True,A1_GRID_RECOMMENDED,"A1 Section 3.3 recommends control radius about 3B, inner free-surface panels greater than 10, outer/free-surface proxy panels greater than 8, and roughly 60 stations at Fn=0.2 or 40 at Fn=0.3."
14,st41_bp8_fs24_cp10_r3p0_h2_fsm_clipfs_onezonefs_noend_pr1p0_pl1p0_pf1p0_pm1p0_dt1p0_fv0p0_hr1p0_hqtrapezoid_hp1p0_hc1p0_ci1p0_cp1p0_cn1p0_cd1p0_pg1p0,A53,OK,diagnostic_matched_wigley_sensitivity_not_hard_gate,wigley_iii,Fn0.4,0.4,2.1696064159197173,2.0,3.616010693199528,0.15,239.85000000000002,12,13,26,0.975,2.025,0.07500000000000007,-0.8679843749999999,0.8679843749999999,0.06403124999999998,0.0640312500000001,heave,pitch_moment,0.525,393.0590099267797,50.31292701599336,29.479425744508504,3.7734695261995053,0.009399827511242732,0.009399827511242732,0.0,0.10385820953550713,0.10385820953550713,0.0,0.0,0.10385820953550713,2.0469438423127606,0.9049349987465959,0.039208531154158954,0.015302017125972853,0.04627702741473024,0.01596891617893927,0.44718567590186153,7651.714740835951,3373.6693482993787,7586.815092736418,3354.0609979211467,994.4723343326758,393.1722693770191,6.128928401216686,4.234990582733783,0.0030046787956626007,0.001602059265307247,advance_eq19_20,0.0,0.0,0.0,0.0,,,86.74002633334426,3.994482012699989e-16,a1_station_hull_matched_sweep_free_surface_marching_not_benchmark_validated,41,8,24,10,3.0,2,16,15.0,False,none,0.0,1.0,0.0,1.0,trapezoid,1.0,1.0,1.0,1.0,1.0,1.0,1.0,True,False,True,3.0,11,9,40,True,True,True,True,A1_GRID_RECOMMENDED,"A1 Section 3.3 recommends control radius about 3B, inner free-surface panels greater than 10, outer/free-surface proxy panels greater than 8, and roughly 60 stations at Fn=0.2 or 40 at Fn=0.3."
14,st41_bp8_fs24_cp10_r3p0_h2_fsm_clipfs_onezonefs_noend_pr1p0_pl1p0_pf1p0_pm1p0_dt1p0_fv0p0_hr1p0_hqtrapezoid_hp1p0_hc1p0_ci1p0_cp1p0_cn1p0_cd1p0_pg1p0,A53,OK,diagnostic_matched_wigley_sensitivity_not_hard_gate,wigley_iii,Fn0.4,0.4,2.1696064159197173,2.0,3.616010693199528,0.15,239.85000000000002,13,14,25,1.05,1.95,0.07500000000000001,-0.8681874999999999,0.8681874999999999,0.06362499999999982,0.0636250000000001,heave,pitch_moment,0.44999999999999996,353.9539258939333,38.503437507737175,26.546544442045,2.8877578130802886,0.008464647206407879,0.008464647206407879,0.0,0.11279044689433244,0.11279044689433244,0.0,0.0,0.11279044689433244,2.0778189651532384,0.9164340631228997,0.04203068376640457,0.016423553543981676,0.04956183757666599,0.017062332357712436,0.3844025388863316,7748.550778030675,3411.415972896951,7701.250986440059,3396.6812561613137,854.852270030204,337.67323448544073,6.342607624430776,4.381352404808757,0.003159597393140498,0.0016843056786351126,advance_eq19_20,0.0,0.0,0.0,0.0,,,87.28477208365122,3.8495448767690167e-16,a1_station_hull_matched_sweep_free_surface_marching_not_benchmark_validated,41,8,24,10,3.0,2,16,15.0,False,none,0.0,1.0,0.0,1.0,trapezoid,1.0,1.0,1.0,1.0,1.0,1.0,1.0,True,False,True,3.0,11,9,40,True,True,True,True,A1_GRID_RECOMMENDED,"A1 Section 3.3 recommends control radius about 3B, inner free-surface panels greater than 10, outer/free-surface proxy panels greater than 8, and roughly 60 stations at Fn=0.2 or 40 at Fn=0.3."
14,st41_bp8_fs24_cp10_r3p0_h2_fsm_clipfs_onezonefs_noend_pr1p0_pl1p0_pf1p0_pm1p0_dt1p0_fv0p0_hr1p0_hqtrapezoid_hp1p0_hc1p0_ci1p0_cp1p0_cn1p0_cd1p0_pg1p0,A53,OK,diagnostic_matched_wigley_sensitivity_not_hard_gate,wigley_iii,Fn0.4,0.4,2.1696064159197173,2.0,3.616010693199528,0.15,239.85000000000002,14,15,24,1.125,1.875,0.07499999999999996,-0.8683593749999999,0.8683593749999999,0.06328124999999996,0.06328125000000007,heave,pitch_moment,0.375,307.21034550659317,27.609236178031423,23.040775912994473,2.0706927133523556,0.007346795734231329,0.007346795734231329,0.0,0.12069616836465204,0.12069616836465204,0.0,0.0,0.12069616836465204,2.1040291584423207,0.9262983906506199,0.04450388878788316,0.01740780988525089,0.05243989265126366,0.018017189859777398,0.3207706360479313,7830.954747434512,3443.610661540616,7798.396734124313,3433.242507828309,713.3446807584463,281.6413778129042,6.523617968931805,4.505345593950558,0.003286956767889395,0.001751899964365886,advance_eq19_20,0.0,0.0,0.0,0.0,,,87.75164677623461,2.367598176613966e-16,a1_station_hull_matched_sweep_free_surface_marching_not_benchmark_validated,41,8,24,10,3.0,2,16,15.0,False,none,0.0,1.0,0.0,1.0,trapezoid,1.0,1.0,1.0,1.0,1.0,1.0,1.0,True,False,True,3.0,11,9,40,True,True,True,True,A1_GRID_RECOMMENDED,"A1 Section 3.3 recommends control radius about 3B, inner free-surface panels greater than 10, outer/free-surface proxy panels greater than 8, and roughly 60 stations at Fn=0.2 or 40 at Fn=0.3."
14,st41_bp8_fs24_cp10_r3p0_h2_fsm_clipfs_onezonefs_noend_pr1p0_pl1p0_pf1p0_pm1p0_dt1p0_fv0p0_hr1p0_hqtrapezoid_hp1p0_hc1p0_ci1p0_cp1p0_cn1p0_cd1p0_pg1p0,A53,OK,diagnostic_matched_wigley_sensitivity_not_hard_gate,wigley_iii,Fn0.4,0.4,2.1696064159197173,2.0,3.616010693199528,0.15,239.85000000000002,15,16,23,1.2,1.8,0.07499999999999996,-0.8684999999999999,0.8684999999999998,0.06299999999999994,0.06300000000000008,heave,pitch_moment,0.30000000000000004,253.90872959439264,18.113273641577944,19.043154719579437,1.358495523118345,0.006072111824203347,0.006072111824203347,0.0,0.12740562214386938,0.12740562214386938,0.0,0.0,0.12740562214386938,2.125511628774001,0.9344448226029599,0.046583928886593205,0.01823653368335602,0.05486232423018692,0.018818568442928164,0.25675255938106656,7898.684004296551,3470.122675134866,7878.019597620902,3463.43653250567,570.9783001403944,225.376951597839,6.671836991358286,4.606880046421258,0.003384837066289724,0.0018038322059342536,advance_eq19_20,0.0,0.0,0.0,0.0,,,88.13774872231025,3.8474090513822603e-16,a1_station_hull_matched_sweep_free_surface_marching_not_benchmark_validated,41,8,24,10,3.0,2,16,15.0,False,none,0.0,1.0,0.0,1.0,trapezoid,1.0,1.0,1.0,1.0,1.0,1.0,1.0,True,False,True,3.0,11,9,40,True,True,True,True,A1_GRID_RECOMMENDED,"A1 Section 3.3 recommends control radius about 3B, inner free-surface panels greater than 10, outer/free-surface proxy panels greater than 8, and roughly 60 stations at Fn=0.2 or 40 at Fn=0.3."
14,st41_bp8_fs24_cp10_r3p0_h2_fsm_clipfs_onezonefs_noend_pr1p0_pl1p0_pf1p0_pm1p0_dt1p0_fv0p0_hr1p0_hqtrapezoid_hp1p0_hc1p0_ci1p0_cp1p0_cn1p0_cd1p0_pg1p0,A53,OK,diagnostic_matched_wigley_sensitivity_not_hard_gate,wigley_iii,Fn0.4,0.4,2.1696064159197173,2.0,3.616010693199528,0.15,239.85000000000002,16,17,22,1.275,1.725,0.07499999999999996,-0.8686093749999999,0.8686093749999999,0.0627812499999999,0.06278125000000001,heave,pitch_moment,0.2250000000000001,195.23699204903463,10.378941008233452,14.642774403677588,0.7784205756175084,0.004669003896938165,0.004669003896938165,0.0,0.1327761800044401,0.1327761800044401,0.0,0.0,0.1327761800044401,2.1422354005028033,0.940821257974166,0.04823577654038024,0.01889530177618474,0.056790186498290623,0.019454512897203374,0.1925889954184257,7951.547437948681,3490.847321659844,7940.004768457929,3487.0702224546167,428.28837809773313,169.03459923177536,6.787184172202747,4.685897359255327,0.0034518104375542585,0.001839351052851866,advance_eq19_20,0.0,0.0,0.0,0.0,,,88.44064379627237,2.719542788244109e-16,a1_station_hull_matched_sweep_free_surface_marching_not_benchmark_validated,41,8,24,10,3.0,2,16,15.0,False,none,0.0,1.0,0.0,1.0,trapezoid,1.0,1.0,1.0,1.0,1.0,1.0,1.0,True,False,True,3.0,11,9,40,True,True,True,True,A1_GRID_RECOMMENDED,"A1 Section 3.3 recommends control radius about 3B, inner free-surface panels greater than 10, outer/free-surface proxy panels greater than 8, and roughly 60 stations at Fn=0.2 or 40 at Fn=0.3."
14,st41_bp8_fs24_cp10_r3p0_h2_fsm_clipfs_onezonefs_noend_pr1p0_pl1p0_pf1p0_pm1p0_dt1p0_fv0p0_hr1p0_hqtrapezoid_hp1p0_hc1p0_ci1p0_cp1p0_cn1p0_cd1p0_pg1p0,A53,OK,diagnostic_matched_wigley_sensitivity_not_hard_gate,wigley_iii,Fn0.4,0.4,2.1696064159197173,2.0,3.616010693199528,0.15,239.85000000000002,17,18,21,1.3499999999999999,1.6500000000000001,0.07500000000000007,-0.8686874999999998,0.8686875,0.0626249999999999,0.06262500000000004,heave,pitch_moment,0.15000000000000013,132.46647549922042,4.672687324646914,9.934985662441541,0.35045154934851885,0.0031678755333630084,0.0031678755333630084,0.0,0.1366946197195907,0.1366946197195907,0.0,0.0,0.1366946197195907,2.1541864880941914,0.9453951864487631,0.04943282013115817,0.019373174285113523,0.058193726441484246,0.019915858715639164,0.1283941461780864,7989.404219824155,3505.705880768355,7984.300410496897,3504.023081085541,285.528882397373,112.68561821729789,6.869608154553178,4.7423610247821975,0.003486921688035508,0.0018579538493205326,advance_eq19_20,0.0,0.0,0.0,0.0,,,88.65840109908919,3.6307253552299026e-16,a1_station_hull_matched_sweep_free_surface_marching_not_benchmark_validated,41,8,24,10,3.0,2,16,15.0,False,none,0.0,1.0,0.0,1.0,trapezoid,1.0,1.0,1.0,1.0,1.0,1.0,1.0,True,False,True,3.0,11,9,40,True,True,True,True,A1_GRID_RECOMMENDED,"A1 Section 3.3 recommends control radius about 3B, inner free-surface panels greater than 10, outer/free-surface proxy panels greater than 8, and roughly 60 stations at Fn=0.2 or 40 at Fn=0.3."
14,st41_bp8_fs24_cp10_r3p0_h2_fsm_clipfs_onezonefs_noend_pr1p0_pl1p0_pf1p0_pm1p0_dt1p0_fv0p0_hr1p0_hqtrapezoid_hp1p0_hc1p0_ci1p0_cp1p0_cn1p0_cd1p0_pg1p0,A53,OK,diagnostic_matched_wigley_sensitivity_not_hard_gate,wigley_iii,Fn0.4,0.4,2.1696064159197173,2.0,3.616010693199528,0.15,239.85000000000002,18,19,20,1.425,1.575,0.07500000000000007,-0.8687343749999998,0.868734375,0.06253124999999993,0.06253125000000004,heave,pitch_moment,0.07499999999999996,66.92982246683773,1.177364691822187,5.019736685012835,0.0883023518866641,0.0016005962734795707,0.0016005962734795707,0.0,0.139078855623012,0.139078855623012,0.0,0.0,0.139078855623012,2.1613594331594506,0.9481470276610324,0.0501563687410211,0.019662473820909552,0.059051911991707055,0.020196119368871616,0.06421014728614308,8012.158834105604,3514.643983056865,8010.886292706049,3514.2225355163328,142.7935162071452,56.35344309269183,6.919077934687113,4.776249516127578,0.0034896766151398403,0.001859380673069537,advance_eq19_20,0.0,0.0,0.0,0.0,,,88.78962105356729,3.7292927226471746e-16,a1_station_hull_matched_sweep_free_surface_marching_not_benchmark_validated,41,8,24,10,3.0,2,16,15.0,False,none,0.0,1.0,0.0,1.0,trapezoid,1.0,1.0,1.0,1.0,1.0,1.0,1.0,True,False,True,3.0,11,9,40,True,True,True,True,A1_GRID_RECOMMENDED,"A1 Section 3.3 recommends control radius about 3B, inner free-surface panels greater than 10, outer/free-surface proxy panels greater than 8, and roughly 60 stations at Fn=0.2 or 40 at Fn=0.3."
14,st41_bp8_fs24_cp10_r3p0_h2_fsm_clipfs_onezonefs_noend_pr1p0_pl1p0_pf1p0_pm1p0_dt1p0_fv0p0_hr1p0_hqtrapezoid_hp1p0_hc1p0_ci1p0_cp1p0_cn1p0_cd1p0_pg1p0,A53,OK,diagnostic_matched_wigley_sensitivity_not_hard_gate,wigley_iii,Fn0.4,0.4,2.1696064159197173,2.0,3.616010693199528,0.15,239.85000000000002,19,20,19,1.5,1.5,0.07499999999999996,-0.8687499999999999,0.8687499999999999,0.062499999999999944,0.06250000000000003,heave,pitch_moment,0.0,0.0,0.0,0.0,0.0,0.0,0.0,0.0,0.1398791537597518,0.1398791537597518,0.0,0.0,0.1398791537597518,2.16375254704806,0.9490663256056646,0.05039534589503544,0.01975864925548484,0.05935213676743153,0.020291415789481956,4.038946690593584e-05,8019.756156755571,3517.6298317320297,8019.756156252587,3517.62983149431,0.08981997769806288,0.04089521226970294,6.935577037412928,4.787551643815264,0.0034600363351945805,0.0018436114340660255,advance_eq19_20,0.0,0.0,0.0,0.0,,,88.83345571237246,2.974261180138924e-16,a1_station_hull_matched_sweep_free_surface_marching_not_benchmark_validated,41,8,24,10,3.0,2,16,15.0,False,none,0.0,1.0,0.0,1.0,trapezoid,1.0,1.0,1.0,1.0,1.0,1.0,1.0,True,False,True,3.0,11,9,40,True,True,True,True,A1_GRID_RECOMMENDED,"A1 Section 3.3 recommends control radius about 3B, inner free-surface panels greater than 10, outer/free-surface proxy panels greater than 8, and roughly 60 stations at Fn=0.2 or 40 at Fn=0.3."
14,st41_bp8_fs24_cp10_r3p0_h2_fsm_clipfs_onezonefs_noend_pr1p0_pl1p0_pf1p0_pm1p0_dt1p0_fv0p0_hr1p0_hqtrapezoid_hp1p0_hc1p0_ci1p0_cp1p0_cn1p0_cd1p0_pg1p0,A53,OK,diagnostic_matched_wigley_sensitivity_not_hard_gate,wigley_iii,Fn0.4,0.4,2.1696064159197173,2.0,3.616010693199528,0.15,239.85000000000002,20,21,18,1.575,1.425,0.07499999999999996,-0.8687343749999998,0.868734375,0.06253124999999993,0.06253125000000004,heave,pitch_moment,-0.07499999999999996,-66.93001031010223,1.1758716342879885,-5.019750773257664,0.08819037257159908,-0.0016006007656658324,-0.0016006007656658324,0.0,0.13907885337691886,0.13907885337691886,0.0,0.0,0.13907885337691886,2.1613654883634803,0.9481497860715741,0.0501461226890291,0.019660201574286034,0.059090056516929154,0.020200437434134664,0.06413077977450887,8012.178129945992,3514.652947470375,8010.908735780633,3514.232759319398,142.61701503812657,56.28337799298784,6.919100181478846,4.776263870799276,0.0033984168462349055,0.0018108656503023283,advance_eq19_20,0.0,0.0,0.0,0.0,,,88.78962105356736,2.802960785887344e-16,a1_station_hull_matched_sweep_free_surface_marching_not_benchmark_validated,41,8,24,10,3.0,2,16,15.0,False,none,0.0,1.0,0.0,1.0,trapezoid,1.0,1.0,1.0,1.0,1.0,1.0,1.0,True,False,True,3.0,11,9,40,True,True,True,True,A1_GRID_RECOMMENDED,"A1 Section 3.3 recommends control radius about 3B, inner free-surface panels greater than 10, outer/free-surface proxy panels greater than 8, and roughly 60 stations at Fn=0.2 or 40 at Fn=0.3."
14,st41_bp8_fs24_cp10_r3p0_h2_fsm_clipfs_onezonefs_noend_pr1p0_pl1p0_pf1p0_pm1p0_dt1p0_fv0p0_hr1p0_hqtrapezoid_hp1p0_hc1p0_ci1p0_cp1p0_cn1p0_cd1p0_pg1p0,A53,OK,diagnostic_matched_wigley_sensitivity_not_hard_gate,wigley_iii,Fn0.4,0.4,2.1696064159197173,2.0,3.616010693199528,0.15,239.85000000000002,21,22,17,1.65,1.35,0.07499999999999996,-0.8686874999999998,0.8686875,0.0626249999999999,0.06262500000000004,heave,pitch_moment,-0.1499999999999999,-132.46721673998888,4.669780039654719,-9.93504125549916,0.3502335029741037,-0.0031678932597989633,-0.0031678932597989633,0.0,0.13669460636418646,0.13669460636418646,0.0,0.0,0.13669460636418646,2.1541985202583853,0.9454006706853681,0.0494124653900737,0.019368660484091214,0.05826953450102734,0.019924429598565403,0.1283163609001665,7989.4426072589,3505.7237246878217,7984.345006642145,3504.043407920204,285.35589987338295,112.61693449040895,6.869652193722404,4.742389433896709,0.003305693765174439,0.0017616048697134102,advance_eq19_20,0.0,0.0,0.0,0.0,,,88.65840109908919,3.85399995566307e-16,a1_station_hull_matched_sweep_free_surface_marching_not_benchmark_validated,41,8,24,10,3.0,2,16,15.0,False,none,0.0,1.0,0.0,1.0,trapezoid,1.0,1.0,1.0,1.0,1.0,1.0,1.0,True,False,True,3.0,11,9,40,True,True,True,True,A1_GRID_RECOMMENDED,"A1 Section 3.3 recommends control radius about 3B, inner free-surface panels greater than 10, outer/free-surface proxy panels greater than 8, and roughly 60 stations at Fn=0.2 or 40 at Fn=0.3."
14,st41_bp8_fs24_cp10_r3p0_h2_fsm_clipfs_onezonefs_noend_pr1p0_pl1p0_pf1p0_pm1p0_dt1p0_fv0p0_hr1p0_hqtrapezoid_hp1p0_hc1p0_ci1p0_cp1p0_cn1p0_cd1p0_pg1p0,A53,OK,diagnostic_matched_wigley_sensitivity_not_hard_gate,wigley_iii,Fn0.4,0.4,2.1696064159197173,2.0,3.616010693199528,0.15,239.85000000000002,22,23,16,1.7249999999999999,1.2750000000000001,0.07499999999999996,-0.8686093749999999,0.8686093749999999,0.0627812499999999,0.06278125000000001,heave,pitch_moment,-0.22499999999999987,-195.23862219037608,10.37477428425685,-14.642896664278197,0.7781080713192633,-0.004669042881027174,-0.004669042881027174,0.0,0.1327761382937734,0.1327761382937734,0.0,0.0,0.1327761382937734,2.1422532532897516,0.9408294029138653,0.04820559000042825,0.018888608339186548,0.05690268846723228,0.019467205332349854,0.19251384572538277,7951.604511949957,3490.8738766582433,7940.070938223149,3487.1004109483906,428.1212567101484,168.96821628789783,6.787249098767563,4.685939225474234,0.003183212859018972,0.0016965380497588841,advance_eq19_20,0.0,0.0,0.0,0.0,,,88.44064379627237,3.3924635666687685e-16,a1_station_hull_matched_sweep_free_surface_marching_not_benchmark_validated,41,8,24,10,3.0,2,16,15.0,False,none,0.0,1.0,0.0,1.0,trapezoid,1.0,1.0,1.0,1.0,1.0,1.0,1.0,True,False,True,3.0,11,9,40,True,True,True,True,A1_GRID_RECOMMENDED,"A1 Section 3.3 recommends control radius about 3B, inner free-surface panels greater than 10, outer/free-surface proxy panels greater than 8, and roughly 60 stations at Fn=0.2 or 40 at Fn=0.3."
14,st41_bp8_fs24_cp10_r3p0_h2_fsm_clipfs_onezonefs_noend_pr1p0_pl1p0_pf1p0_pm1p0_dt1p0_fv0p0_hr1p0_hqtrapezoid_hp1p0_hc1p0_ci1p0_cp1p0_cn1p0_cd1p0_pg1p0,A53,OK,diagnostic_matched_wigley_sensitivity_not_hard_gate,wigley_iii,Fn0.4,0.4,2.1696064159197173,2.0,3.616010693199528,0.15,239.85000000000002,23,24,15,1.7999999999999998,1.2000000000000002,0.07500000000000007,-0.8684999999999999,0.8684999999999998,0.06299999999999994,0.06300000000000008,heave,pitch_moment,-0.2999999999999998,-253.9115351890825,18.108072731324825,-19.043365139181205,1.358105454849363,-0.006072178918724751,-0.006072178918724751,0.0,0.12740552739389746,0.12740552739389746,0.0,0.0,0.12740552739389746,2.1255350679219314,0.9344555306225839,0.046544331576179016,0.018227754881839822,0.055010045185214795,0.018835183478302035,0.25668109992917526,7898.759166247245,3470.157692124768,7878.106472735695,3463.47622082697,570.8193852829604,225.31378969457955,6.671921456940462,4.606934481247749,0.0030328078514988764,0.0016166306405623993,advance_eq19_20,0.0,0.0,0.0,0.0,,,88.13774872231025,2.924896774852472e-16,a1_station_hull_matched_sweep_free_surface_marching_not_benchmark_validated,41,8,24,10,3.0,2,16,15.0,False,none,0.0,1.0,0.0,1.0,trapezoid,1.0,1.0,1.0,1.0,1.0,1.0,1.0,True,False,True,3.0,11,9,40,True,True,True,True,A1_GRID_RECOMMENDED,"A1 Section 3.3 recommends control radius about 3B, inner free-surface panels greater than 10, outer/free-surface proxy panels greater than 8, and roughly 60 stations at Fn=0.2 or 40 at Fn=0.3."
14,st41_bp8_fs24_cp10_r3p0_h2_fsm_clipfs_onezonefs_noend_pr1p0_pl1p0_pf1p0_pm1p0_dt1p0_fv0p0_hr1p0_hqtrapezoid_hp1p0_hc1p0_ci1p0_cp1p0_cn1p0_cd1p0_pg1p0,A53,OK,diagnostic_matched_wigley_sensitivity_not_hard_gate,wigley_iii,Fn0.4,0.4,2.1696064159197173,2.0,3.616010693199528,0.15,239.85000000000002,24,25,14,1.875,1.125,0.07500000000000007,-0.8683593749999999,0.8683593749999999,0.06328124999999996,0.06328125000000007,heave,pitch_moment,-0.375,-307.214546896638,27.603289250470702,-23.041091017247872,2.0702466937853043,-0.0073468962085640275,-0.0073468962085640275,0.0,0.12069598983025305,0.12069598983025305,0.0,0.0,0.12069598983025305,2.104057871644115,0.9263115315297705,0.044455453582722154,0.01739707419921001,0.052620823494850054,0.018037457995724496,0.32070393166094785,7831.047216722187,3443.6538153000665,7798.503157050156,3433.291213326824,713.1963404358277,281.5823658082269,6.523720191087839,4.505411425861585,0.002856828301306612,0.0015231187810855712,advance_eq19_20,0.0,0.0,0.0,0.0,,,87.75164677623461,2.3611816877121667e-16,a1_station_hull_matched_sweep_free_surface_marching_not_benchmark_validated,41,8,24,10,3.0,2,16,15.0,False,none,0.0,1.0,0.0,1.0,trapezoid,1.0,1.0,1.0,1.0,1.0,1.0,1.0,True,False,True,3.0,11,9,40,True,True,True,True,A1_GRID_RECOMMENDED,"A1 Section 3.3 recommends control radius about 3B, inner free-surface panels greater than 10, outer/free-surface proxy panels greater than 8, and roughly 60 stations at Fn=0.2 or 40 at Fn=0.3."
14,st41_bp8_fs24_cp10_r3p0_h2_fsm_clipfs_onezonefs_noend_pr1p0_pl1p0_pf1p0_pm1p0_dt1p0_fv0p0_hr1p0_hqtrapezoid_hp1p0_hc1p0_ci1p0_cp1p0_cn1p0_cd1p0_pg1p0,A53,OK,diagnostic_matched_wigley_sensitivity_not_hard_gate,wigley_iii,Fn0.4,0.4,2.1696064159197173,2.0,3.616010693199528,0.15,239.85000000000002,25,26,13,1.95,1.05,0.07499999999999996,-0.8681874999999999,0.8681874999999999,0.0636249999999999,0.06362500000000004,heave,pitch_moment,-0.44999999999999996,-353.9596621025191,38.49708712200689,-26.546974657688914,2.887281534150515,-0.008464784385228134,-0.008464784385228134,0.0,0.11279014953335698,0.11279014953335698,0.0,0.0,0.11279014953335698,2.0778525610378997,0.9164494735563654,0.04197414744133749,0.016411026504908652,0.04977338786497963,0.01708590893828216,0.3843416855750071,7748.659609496741,3411.4668686318482,7701.375506595197,3396.7383735608178,854.7169416021572,337.619328513449,6.342725396019919,4.381428188358405,0.0026581826653164294,0.0014175311877764856,advance_eq19_20,0.0,0.0,0.0,0.0,,,87.28477208365148,3.2111267755223306e-16,a1_station_hull_matched_sweep_free_surface_marching_not_benchmark_validated,41,8,24,10,3.0,2,16,15.0,False,none,0.0,1.0,0.0,1.0,trapezoid,1.0,1.0,1.0,1.0,1.0,1.0,1.0,True,False,True,3.0,11,9,40,True,True,True,True,A1_GRID_RECOMMENDED,"A1 Section 3.3 recommends control radius about 3B, inner free-surface panels greater than 10, outer/free-surface proxy panels greater than 8, and roughly 60 stations at Fn=0.2 or 40 at Fn=0.3."
14,st41_bp8_fs24_cp10_r3p0_h2_fsm_clipfs_onezonefs_noend_pr1p0_pl1p0_pf1p0_pm1p0_dt1p0_fv0p0_hr1p0_hqtrapezoid_hp1p0_hc1p0_ci1p0_cp1p0_cn1p0_cd1p0_pg1p0,A53,OK,diagnostic_matched_wigley_sensitivity_not_hard_gate,wigley_iii,Fn0.4,0.4,2.1696064159197173,2.0,3.616010693199528,0.15,239.85000000000002,26,27,12,2.025,0.9750000000000001,0.07500000000000007,-0.8679843749999999,0.8679843749999999,0.06403124999999998,0.0640312500000001,heave,pitch_moment,-0.5249999999999999,-393.06632603290944,50.306562478917506,-29.479974452468234,3.7729921859188162,-0.009400002472594428,-0.009400002472594428,0.0,0.1038577561044457,0.1038577561044457,0.0,0.0,0.1038577561044457,2.046981847360472,0.9049524809648234,0.03914481307908863,0.015287905625626649,0.04651594868031023,0.01599537401872988,0.4471318441143337,7651.838850781781,3373.7275307255595,7586.955955061811,3354.1257942064,994.352620696285,393.12449172639054,6.129059096063892,4.235074606445001,0.002440405974044531,0.0013017234925733374,advance_eq19_20,0.0,0.0,0.0,0.0,,,86.74002633334426,3.6584086356860946e-16,a1_station_hull_matched_sweep_free_surface_marching_not_benchmark_validated,41,8,24,10,3.0,2,16,15.0,False,none,0.0,1.0,0.0,1.0,trapezoid,1.0,1.0,1.0,1.0,1.0,1.0,1.0,True,False,True,3.0,11,9,40,True,True,True,True,A1_GRID_RECOMMENDED,"A1 Section 3.3 recommends control radius about 3B, inner free-surface panels greater than 10, outer/free-surface proxy panels greater than 8, and roughly 60 stations at Fn=0.2 or 40 at Fn=0.3."
14,st41_bp8_fs24_cp10_r3p0_h2_fsm_clipfs_onezonefs_noend_pr1p0_pl1p0_pf1p0_pm1p0_dt1p0_fv0p0_hr1p0_hqtrapezoid_hp1p0_hc1p0_ci1p0_cp1p0_cn1p0_cd1p0_pg1p0,A53,OK,diagnostic_matched_wigley_sensitivity_not_hard_gate,wigley_iii,Fn0.4,0.4,2.1696064159197173,2.0,3.616010693199528,0.15,239.85000000000002,27,28,11,2.1,0.8999999999999999,0.07499999999999996,-0.8677499999999999,0.8677499999999999,0.06449999999999989,0.06450000000000003,heave,pitch_moment,-0.6000000000000001,-423.58857888059066,62.38999019548339,-31.76914341604428,4.679249264661252,-0.010129928271970404,-0.010129928271970404,0.0,0.09409279073216324,0.09409279073216324,0.0,0.0,0.09409279073216324,2.0115666250393205,0.8919547823884006,0.03602228371560826,0.014050385624142505,0.042907647891558785,0.01478391509099078,0.5082156979922231,7540.867976568329,3330.5887612493043,7455.692586881104,3305.9509817410876,1130.1937400109207,447.5368191402981,5.882903925360698,4.066486217419682,0.0022077673974739915,0.0011779327379134678,advance_eq19_20,0.0,0.0,0.0,0.0,,,86.12073569235677,2.5104305230420613e-16,a1_station_hull_matched_sweep_free_surface_marching_not_benchmark_validated,41,8,24,10,3.0,2,16,15.0,False,none,0.0,1.0,0.0,1.0,trapezoid,1.0,1.0,1.0,1.0,1.0,1.0,1.0,True,False,True,3.0,11,9,40,True,True,True,True,A1_GRID_RECOMMENDED,"A1 Section 3.3 recommends control radius about 3B, inner free-surface panels greater than 10, outer/free-surface proxy panels greater than 8, and roughly 60 stations at Fn=0.2 or 40 at Fn=0.3."
14,st41_bp8_fs24_cp10_r3p0_h2_fsm_clipfs_onezonefs_noend_pr1p0_pl1p0_pf1p0_pm1p0_dt1p0_fv0p0_hr1p0_hqtrapezoid_hp1p0_hc1p0_ci1p0_cp1p0_cn1p0_cd1p0_pg1p0,A53,OK,diagnostic_matched_wigley_sensitivity_not_hard_gate,wigley_iii,Fn0.4,0.4,2.1696064159197173,2.0,3.616010693199528,0.15,239.85000000000002,28,29,10,2.175,0.8250000000000002,0.07499999999999996,-0.8674843749999999,0.8674843749999999,0.06503124999999987,0.0650312500000001,heave,pitch_moment,-0.6749999999999998,-444.74753992973575,73.87556781069311,-33.35606549473016,5.54066758580198,-0.01063593520516885,-0.01063593520516885,0.0,0.08370985899359365,0.08370985899359365,0.0,0.0,0.08370985899359365,1.971834320942144,0.8776779011254879,0.03267379800490246,0.01272640270652601,0.03902028997268401,0.013473243199179632,0.5660080257190191,7416.029144376788,3282.216525139127,7308.428339488238,3253.0349925460496,1258.715010163587,499.80863996847165,5.604532039910414,3.8758653534417413,0.0019654470025768245,0.0010488667870613574,advance_eq19_20,0.0,0.0,0.0,0.0,,,85.43060038090854,3.899837252120592e-16,a1_station_hull_matched_sweep_free_surface_marching_not_benchmark_validated,41,8,24,10,3.0,2,16,15.0,False,none,0.0,1.0,0.0,1.0,trapezoid,1.0,1.0,1.0,1.0,1.0,1.0,1.0,True,False,True,3.0,11,9,40,True,True,True,True,A1_GRID_RECOMMENDED,"A1 Section 3.3 recommends control radius about 3B, inner free-surface panels greater than 10, outer/free-surface proxy panels greater than 8, and roughly 60 stations at Fn=0.2 or 40 at Fn=0.3."
14,st41_bp8_fs24_cp10_r3p0_h2_fsm_clipfs_onezonefs_noend_pr1p0_pl1p0_pf1p0_pm1p0_dt1p0_fv0p0_hr1p0_hqtrapezoid_hp1p0_hc1p0_ci1p0_cp1p0_cn1p0_cd1p0_pg1p0,A53,OK,diagnostic_matched_wigley_sensitivity_not_hard_gate,wigley_iii,Fn0.4,0.4,2.1696064159197173,2.0,3.616010693199528,0.15,239.85000000000002,29,30,9,2.25,0.75,0.07499999999999996,-0.8671874999999999,0.8671874999999999,0.06562499999999982,0.0656250000000001,heave,pitch_moment,-0.75,-455.9734480293239,83.52371078650359,-34.19800860219927,6.264278308987765,-0.010904397693314964,-0.010904397693314964,0.0,0.0729396925443517,0.0729396925443517,0.0,0.0,0.0729396925443517,1.9282113849681264,0.8624989270019162,0.02918232671181081,0.011350642165489333,0.03494119859405976,0.012089421436259146,0.6175494834955517,7277.499362108902,3228.786806852605,7146.7438114636625,3196.775476484849,1373.3353045783529,547.932326296319,5.294354250213929,3.6635162932675387,0.0017199379826814925,0.0009179073521622717,advance_eq19_20,0.0,0.0,0.0,0.0,,,84.67363722110893,4.995996979680211e-16,a1_station_hull_matched_sweep_free_surface_marching_not_benchmark_validated,41,8,24,10,3.0,2,16,15.0,False,none,0.0,1.0,0.0,1.0,trapezoid,1.0,1.0,1.0,1.0,1.0,1.0,1.0,True,False,True,3.0,11,9,40,True,True,True,True,A1_GRID_RECOMMENDED,"A1 Section 3.3 recommends control radius about 3B, inner free-surface panels greater than 10, outer/free-surface proxy panels greater than 8, and roughly 60 stations at Fn=0.2 or 40 at Fn=0.3."
14,st41_bp8_fs24_cp10_r3p0_h2_fsm_clipfs_onezonefs_noend_pr1p0_pl1p0_pf1p0_pm1p0_dt1p0_fv0p0_hr1p0_hqtrapezoid_hp1p0_hc1p0_ci1p0_cp1p0_cn1p0_cd1p0_pg1p0,A53,OK,diagnostic_matched_wigley_sensitivity_not_hard_gate,wigley_iii,Fn0.4,0.4,2.1696064159197173,2.0,3.616010693199528,0.15,239.85000000000002,30,31,8,2.3249999999999997,0.6750000000000003,0.07499999999999996,-0.866859375,0.866859375,0.06628124999999996,0.06628125000000007,heave,pitch_moment,-0.8249999999999997,-456.96607473327714,89.43745214478616,-34.27245560499576,6.707808910858958,-0.010928135909624905,-0.010928135909624905,0.0,0.0620234257428818,0.0620234257428818,0.0,0.0,0.0620234257428818,1.8815104325225294,0.8470868874815782,0.025652542759995088,0.009967201709018799,0.030778276944248804,0.010664098329446335,0.657207711503137,7125.157829416623,3170.5896999912216,6973.650889452134,3139.6521242825547,1461.5291191558485,587.8553736946317,4.953014068522786,3.429912020221573,0.0014799757465738177,0.0007895785395753596,advance_eq19_20,0.0,0.0,0.0,0.0,,,83.85411691935549,3.671079724004641e-16,a1_station_hull_matched_sweep_free_surface_marching_not_benchmark_validated,41,8,24,10,3.0,2,16,15.0,False,none,0.0,1.0,0.0,1.0,trapezoid,1.0,1.0,1.0,1.0,1.0,1.0,1.0,True,False,True,3.0,11,9,40,True,True,True,True,A1_GRID_RECOMMENDED,"A1 Section 3.3 recommends control radius about 3B, inner free-surface panels greater than 10, outer/free-surface proxy panels greater than 8, and roughly 60 stations at Fn=0.2 or 40 at Fn=0.3."
14,st41_bp8_fs24_cp10_r3p0_h2_fsm_clipfs_onezonefs_noend_pr1p0_pl1p0_pf1p0_pm1p0_dt1p0_fv0p0_hr1p0_hqtrapezoid_hp1p0_hc1p0_ci1p0_cp1p0_cn1p0_cd1p0_pg1p0,A53,OK,diagnostic_matched_wigley_sensitivity_not_hard_gate,wigley_iii,Fn0.4,0.4,2.1696064159197173,2.0,3.616010693199528,0.15,239.85000000000002,31,32,7,2.4,0.6000000000000001,0.07500000000000018,-0.8664999999999999,0.8664999999999998,0.06699999999999995,0.06700000000000006,heave,pitch_moment,-0.8999999999999999,-447.79398982706863,88.38098020054392,-33.584549237030224,6.628573515040809,-0.010708789669341847,-0.010708789669341847,0.0,0.05120496295339841,0.05120496295339841,0.0,0.0,0.05120496295339841,1.8333386185699925,0.8326964351353551,0.02222210795789112,0.008634683954622874,0.026671318332310994,0.0092370200944384,0.6742140795583449,6958.557088416731,3108.8804302055037,6795.106350229862,3086.3151939795353,1499.3486725310213,614.5740237946143,4.5815929059904885,3.175840244811974,0.0012555704962357826,0.0006690586415476309,advance_eq19_20,0.0,0.0,0.0,0.0,,,82.97650322796612,3.4574809383466863e-16,a1_station_hull_matched_sweep_free_surface_marching_not_benchmark_validated,41,8,24,10,3.0,2,16,15.0,False,none,0.0,1.0,0.0,1.0,trapezoid,1.0,1.0,1.0,1.0,1.0,1.0,1.0,True,False,True,3.0,11,9,40,True,True,True,True,A1_GRID_RECOMMENDED,"A1 Section 3.3 recommends control radius about 3B, inner free-surface panels greater than 10, outer/free-surface proxy panels greater than 8, and roughly 60 stations at Fn=0.2 or 40 at Fn=0.3."
14,st41_bp8_fs24_cp10_r3p0_h2_fsm_clipfs_onezonefs_noend_pr1p0_pl1p0_pf1p0_pm1p0_dt1p0_fv0p0_hr1p0_hqtrapezoid_hp1p0_hc1p0_ci1p0_cp1p0_cn1p0_cd1p0_pg1p0,A53,OK,diagnostic_matched_wigley_sensitivity_not_hard_gate,wigley_iii,Fn0.4,0.4,2.1696064159197173,2.0,3.616010693199528,0.15,239.85000000000002,32,33,6,2.475,0.5249999999999999,0.07499999999999996,-0.866109375,0.866109375,0.06778124999999988,0.06778125000000013,heave,pitch_moment,-0.9750000000000001,-429.0869259795345,73.91458066618006,-32.18151944846507,5.543593549963501,-0.010261418742921934,-0.010261418742921934,0.0,0.0407198587472665,0.0407198587472665,0.0,0.0,0.0407198587472665,1.7870847500628972,0.8218675373256936,0.01908641335426672,0.007437310189947375,0.022818051222232863,0.00786145988113781,0.6508694334004276,6779.976065735486,3051.6779458826227,6623.670505028274,3046.1788484473523,1447.4337610973885,628.4539554616538,4.182118205620405,2.9027677820793274,0.0010557572961989346,0.0005610326262419833,advance_eq19_20,0.0,0.0,0.0,0.0,,,82.0454186369934,3.984417434693436e-16,a1_station_hull_matched_sweep_free_surface_marching_not_benchmark_validated,41,8,24,10,3.0,2,16,15.0,False,none,0.0,1.0,0.0,1.0,trapezoid,1.0,1.0,1.0,1.0,1.0,1.0,1.0,True,False,True,3.0,11,9,40,True,True,True,True,A1_GRID_RECOMMENDED,"A1 Section 3.3 recommends control radius about 3B, inner free-surface panels greater than 10, outer/free-surface proxy panels greater than 8, and roughly 60 stations at Fn=0.2 or 40 at Fn=0.3."
14,st41_bp8_fs24_cp10_r3p0_h2_fsm_clipfs_onezonefs_noend_pr1p0_pl1p0_pf1p0_pm1p0_dt1p0_fv0p0_hr1p0_hqtrapezoid_hp1p0_hc1p0_ci1p0_cp1p0_cn1p0_cd1p0_pg1p0,A53,OK,diagnostic_matched_wigley_sensitivity_not_hard_gate,wigley_iii,Fn0.4,0.4,2.1696064159197173,2.0,3.616010693199528,0.15,239.85000000000002,33,34,5,2.55,0.4500000000000002,0.07499999999999996,-0.8656874999999999,0.8656874999999999,0.06862499999999994,0.06862500000000005,heave,pitch_moment,-1.0499999999999998,-402.4915454009086,29.933287710318254,-30.186865905068128,2.244996578273868,-0.009625402308439217,-0.009625402308439217,0.0,0.03077644822158596,0.03077644822158596,0.0,0.0,0.03077644822158596,1.750670909274605,0.8203449052070257,0.016576395323269405,0.006516904486653917,0.019499355806504224,0.006612214806829106,0.611611421906009,6629.725264855738,3057.628585187774,6488.70584641557,3040.535348073867,1360.1299666424845,576.6879766754475,3.7589992186756653,2.6138786093637103,0.0009970289001740463,0.0005242329052316712,advance_eq19_20,0.0,0.0,0.0,0.0,,,81.06571677861561,4.2957775267188553e-16,a1_station_hull_matched_sweep_free_surface_marching_not_benchmark_validated,41,8,24,10,3.0,2,16,15.0,False,none,0.0,1.0,0.0,1.0,trapezoid,1.0,1.0,1.0,1.0,1.0,1.0,1.0,True,False,True,3.0,11,9,40,True,True,True,True,A1_GRID_RECOMMENDED,"A1 Section 3.3 recommends control radius about 3B, inner free-surface panels greater than 10, outer/free-surface proxy panels greater than 8, and roughly 60 stations at Fn=0.2 or 40 at Fn=0.3."
14,st41_bp8_fs24_cp10_r3p0_h2_fsm_clipfs_onezonefs_noend_pr1p0_pl1p0_pf1p0_pm1p0_dt1p0_fv0p0_hr1p0_hqtrapezoid_hp1p0_hc1p0_ci1p0_cp1p0_cn1p0_cd1p0_pg1p0,A53,OK,diagnostic_matched_wigley_sensitivity_not_hard_gate,wigley_iii,Fn0.4,0.4,2.1696064159197173,2.0,3.616010693199528,0.15,239.85000000000002,34,35,4,2.625,0.375,0.07499999999999996,-0.8652343749999999,0.8652343749999999,0.06953124999999993,0.06953125000000009,heave,pitch_moment,-1.125,-372.0982214030843,-102.40482372976122,-27.907366605231307,-7.6803617797320864,-0.008898559783887795,-0.008898559783887795,0.0,0.02151446717542243,0.02151446717542243,0.0,0.0,0.02151446717542243,1.746160471882054,0.8436445419465507,0.015392522011998842,0.0061720703512334945,0.01727186540502476,0.0056839106684213134,1.2594688783155734,7052.055058954394,3670.05165441708,6471.988311827036,3126.8933770615986,2800.8655530207943,1921.4101474120132,3.324154517183157,2.3177811809923545,0.0014933623894611405,0.0007667378381604698,advance_eq19_20,0.0,0.0,0.0,0.0,,,80.04292683338196,3.4543250939330164e-16,a1_station_hull_matched_sweep_free_surface_marching_not_benchmark_validated,41,8,24,10,3.0,2,16,15.0,False,none,0.0,1.0,0.0,1.0,trapezoid,1.0,1.0,1.0,1.0,1.0,1.0,1.0,True,False,True,3.0,11,9,40,True,True,True,True,A1_GRID_RECOMMENDED,"A1 Section 3.3 recommends control radius about 3B, inner free-surface panels greater than 10, outer/free-surface proxy panels greater than 8, and roughly 60 stations at Fn=0.2 or 40 at Fn=0.3."
14,st41_bp8_fs24_cp10_r3p0_h2_fsm_clipfs_onezonefs_noend_pr1p0_pl1p0_pf1p0_pm1p0_dt1p0_fv0p0_hr1p0_hqtrapezoid_hp1p0_hc1p0_ci1p0_cp1p0_cn1p0_cd1p0_pg1p0,A53,OK,diagnostic_matched_wigley_sensitivity_not_hard_gate,wigley_iii,Fn0.4,0.4,2.1696064159197173,2.0,3.616010693199528,0.15,239.85000000000002,35,36,3,2.6999999999999997,0.30000000000000027,0.07499999999999996,-0.8647499999999999,0.8647499999999999,0.0704999999999999,0.07050000000000001,heave,pitch_moment,-1.1999999999999997,-351.276279582711,-837.829039449857,-26.34572096870331,-62.83717795873923,-0.008400612512313738,-0.008400612512313738,0.0,0.012864881027321688,0.012864881027321688,0.0,0.0,0.012864881027321688,1.859047294592071,0.9499453574958818,0.017277121628718695,0.007224966975637499,0.019162684732140046,0.0070703889215427435,8.01618047380248,19112.05721842406,12417.20078371188,6890.393268818796,3520.887884926866,17826.755501810527,11907.570020990433,2.923832863601594,2.0477557378418156,0.0002106268448872702,0.00011767922244166202,advance_eq19_20,0.0,0.0,0.0,0.0,,,78.98504044428888,4.4055642305499255e-16,a1_station_hull_matched_sweep_free_surface_marching_not_benchmark_validated,41,8,24,10,3.0,2,16,15.0,False,none,0.0,1.0,0.0,1.0,trapezoid,1.0,1.0,1.0,1.0,1.0,1.0,1.0,True,False,True,3.0,11,9,40,True,True,True,True,A1_GRID_RECOMMENDED,"A1 Section 3.3 recommends control radius about 3B, inner free-surface panels greater than 10, outer/free-surface proxy panels greater than 8, and roughly 60 stations at Fn=0.2 or 40 at Fn=0.3."
14,st41_bp8_fs24_cp10_r3p0_h2_fsm_clipfs_onezonefs_noend_pr1p0_pl1p0_pf1p0_pm1p0_dt1p0_fv0p0_hr1p0_hqtrapezoid_hp1p0_hc1p0_ci1p0_cp1p0_cn1p0_cd1p0_pg1p0,A53,OK,diagnostic_matched_wigley_sensitivity_not_hard_gate,wigley_iii,Fn0.4,0.4,2.1696064159197173,2.0,3.616010693199528,0.15,239.85000000000002,36,37,2,2.775,0.2250000000000001,0.07500000000000018,-0.8642343749999999,0.8642343749999999,0.07153124999999994,0.07153125000000005,heave,pitch_moment,-1.275,-444.67939732152894,1731.7532351445502,-33.35095479911475,129.88149263584157,-0.010634305605675846,-0.010634305605675846,0.0,0.0033474219683268854,0.0033474219683268854,0.0,0.0,0.0033474219683268854,2.860457759148642,1.6468184309052443,0.0383380583058323,0.01677313081087846,0.04149001504377634,0.017767731128269633,19.12911013251528,43841.44403798758,27670.406518689662,10602.031990640226,6103.785882309217,42540.20607619853,26988.79757996762,2.9686419441862593,2.0944802853485003,0.000833694717392988,0.00041307016263138696,advance_eq19_20,0.0,0.0,0.0,0.0,,,77.91010290862681,7.945007518311891e-16,a1_station_hull_matched_sweep_free_surface_marching_not_benchmark_validated,41,8,24,10,3.0,2,16,15.0,False,none,0.0,1.0,0.0,1.0,trapezoid,1.0,1.0,1.0,1.0,1.0,1.0,1.0,True,False,True,3.0,11,9,40,True,True,True,True,A1_GRID_RECOMMENDED,"A1 Section 3.3 recommends control radius about 3B, inner free-surface panels greater than 10, outer/free-surface proxy panels greater than 8, and roughly 60 stations at Fn=0.2 or 40 at Fn=0.3."
14,st41_bp8_fs24_cp10_r3p0_h2_fsm_clipfs_onezonefs_noend_pr1p0_pl1p0_pf1p0_pm1p0_dt1p0_fv0p0_hr1p0_hqtrapezoid_hp1p0_hc1p0_ci1p0_cp1p0_cn1p0_cd1p0_pg1p0,A53,OK,diagnostic_matched_wigley_sensitivity_not_hard_gate,wigley_iii,Fn0.4,0.4,2.1696064159197173,2.0,3.616010693199528,0.15,239.85000000000002,37,38,1,2.85,0.1499999999999999,0.07499999999999996,-0.8636874999999999,0.8636874999999999,0.07262499999999994,0.07262500000000005,heave,pitch_moment,-1.35,106.11345383954469,942.9339111640546,7.958509037965847,70.72004333730405,0.002537655002234255,0.002537655002234255,0.0,-0.0007009033333939061,-0.0007009033333939061,0.0,0.0,-0.0007009033333939061,1.2347816576356787,0.8704678311236506,0.036760643307896086,0.016510128647613913,0.0394117435347338,0.01827378455126924,16.61784111725862,37237.83657013179,26093.983050269435,4576.608269721684,3226.3115100650543,36955.52907440725,25893.761130198338,0.6351326844613251,0.28707187666917433,5.9156867828285085e-05,2.6955281226348326e-05,advance_eq19_20,0.0,0.0,0.0,0.0,,,77.78531556101758,5.070654785230977e-16,a1_station_hull_matched_sweep_free_surface_marching_not_benchmark_validated,41,8,24,10,3.0,2,16,15.0,False,none,0.0,1.0,0.0,1.0,trapezoid,1.0,1.0,1.0,1.0,1.0,1.0,1.0,True,False,True,3.0,11,9,40,True,True,True,True,A1_GRID_RECOMMENDED,"A1 Section 3.3 recommends control radius about 3B, inner free-surface panels greater than 10, outer/free-surface proxy panels greater than 8, and roughly 60 stations at Fn=0.2 or 40 at Fn=0.3."
14,st41_bp8_fs24_cp10_r3p0_h2_fsm_clipfs_onezonefs_noend_pr1p0_pl1p0_pf1p0_pm1p0_dt1p0_fv0p0_hr1p0_hqtrapezoid_hp1p0_hc1p0_ci1p0_cp1p0_cn1p0_cd1p0_pg1p0,A53,OK,diagnostic_matched_wigley_sensitivity_not_hard_gate,wigley_iii,Fn0.4,0.4,2.1696064159197173,2.0,3.616010693199528,0.15,239.85000000000002,38,39,0,2.925,0.07500000000000018,0.03749999999999987,-0.8631093749999998,0.8631093749999998,0.07378124999999991,0.07378125000000002,heave,pitch_moment,-1.4249999999999998,-47.80636089302791,-2214.885234354914,-1.7927385334885402,-83.05819628830898,-0.0005716336923791554,-0.0005716336923791554,0.0,-3.709524655937743e-06,-3.709524655937743e-06,0.0,0.0,-3.709524655937743e-06,1.3598522519491167,0.7928968190152298,0.004305060891030446,0.0020563470617926205,0.004870763096139642,0.002542015892064957,59.214815972779654,131781.08561234333,71601.22909787076,5040.171291324951,2938.801460567036,131684.6657683493,71600.27488739241,0.7570610439783486,0.5336897937571384,0.0,0.0,initialize_eq21_22,0.0,0.0,0.0,0.0,,,113.94877021527233,1.0956202933659661e-15,a1_station_hull_matched_sweep_free_surface_marching_not_benchmark_validated,41,8,24,10,3.0,2,16,15.0,False,none,0.0,1.0,0.0,1.0,trapezoid,1.0,1.0,1.0,1.0,1.0,1.0,1.0,True,False,True,3.0,11,9,40,True,True,True,True,A1_GRID_RECOMMENDED,"A1 Section 3.3 recommends control radius about 3B, inner free-surface panels greater than 10, outer/free-surface proxy panels greater than 8, and roughly 60 stations at Fn=0.2 or 40 at Fn=0.3."
14,st41_bp8_fs24_cp10_r3p0_h2_fsm_clipfs_onezonefs_noend_pr1p0_pl1p0_pf1p0_pm1p0_dt1p0_fv0p03_hr1p0_hqtrapezoid_hp1p0_hc1p0_cim1p0_cp1p0_cnm1p0_cd1p0_pg1p0,A53,OK,diagnostic_matched_wigley_sensitivity_not_hard_gate,wigley_iii,Fn0.4,0.4,2.1696064159197173,2.0,3.616010693199528,0.15,239.85000000000002,0,1,38,0.075,2.925,0.0375,-0.8631093749999998,0.8631093749999998,0.07378124999999991,0.07378125000000002,heave,pitch_moment,1.425,745.8511317518905,-15793.651657837909,27.969417440695896,-592.2619371689216,0.00891834535078963,0.00891834535078963,0.0,0.0,0.0,0.0,0.0,0.0,20.671218702874132,11.275863654848573,0.06831933277765107,0.03494987562354619,0.4112822971210225,0.21638973297402206,463.64817878124154,1033925.0276555647,542413.3689292609,76616.0315678354,41792.98463976716,1031082.4149986056,540800.8961051106,5.3920948339845225,3.480230257674989,0.028645188674181924,0.012318025348329608,advance_eq19_20,1.108947615868409,0.15006171725258519,1.1586821728595378,0.14753163933919575,1.0448484277160215,0.983139751032365,418.23117884841605,3.3179615825826404e-15,a1_station_hull_matched_sweep_free_surface_marching_not_benchmark_validated,41,8,24,10,3.0,2,16,15.0,False,none,0.0,1.0,0.03,1.0,trapezoid,1.0,1.0,-1.0,1.0,-1.0,1.0,1.0,True,False,True,3.0,11,9,40,True,True,True,True,A1_GRID_RECOMMENDED,"A1 Section 3.3 recommends control radius about 3B, inner free-surface panels greater than 10, outer/free-surface proxy panels greater than 8, and roughly 60 stations at Fn=0.2 or 40 at Fn=0.3."
14,st41_bp8_fs24_cp10_r3p0_h2_fsm_clipfs_onezonefs_noend_pr1p0_pl1p0_pf1p0_pm1p0_dt1p0_fv0p03_hr1p0_hqtrapezoid_hp1p0_hc1p0_cim1p0_cp1p0_cnm1p0_cd1p0_pg1p0,A53,OK,diagnostic_matched_wigley_sensitivity_not_hard_gate,wigley_iii,Fn0.4,0.4,2.1696064159197173,2.0,3.616010693199528,0.15,239.85000000000002,1,2,37,0.15,2.85,0.07499999999999998,-0.8636874999999999,0.8636874999999999,0.07262499999999991,0.07262500000000005,heave,pitch_moment,1.35,-440.63893115528083,-160.29269034913068,-33.04791983664605,-12.021951776184798,-0.010537679694378632,-0.010537679694378632,0.0,0.0036495055036003124,0.0036495055036003124,0.0,0.0,0.0036495055036003124,6.77054407205055,4.496761300068919,0.24342286590161516,0.1267870551604369,1.1764896512019956,0.7004750404128042,112.19456158024833,250762.2822498678,113611.6121443185,25094.4187573963,16666.8453694604,249503.49165170177,112382.4482713451,6.648870470985682,4.238528952096052,0.010885665135957241,0.0037739664214400982,advance_eq19_20,1.0304472859614249,0.15103699972786816,1.0797405018218071,0.14603073998288038,1.0478367176389725,0.9668540837410182,343.0542195004202,1.3628407296980725e-15,a1_station_hull_matched_sweep_free_surface_marching_not_benchmark_validated,41,8,24,10,3.0,2,16,15.0,False,none,0.0,1.0,0.03,1.0,trapezoid,1.0,1.0,-1.0,1.0,-1.0,1.0,1.0,True,False,True,3.0,11,9,40,True,True,True,True,A1_GRID_RECOMMENDED,"A1 Section 3.3 recommends control radius about 3B, inner free-surface panels greater than 10, outer/free-surface proxy panels greater than 8, and roughly 60 stations at Fn=0.2 or 40 at Fn=0.3."
14,st41_bp8_fs24_cp10_r3p0_h2_fsm_clipfs_onezonefs_noend_pr1p0_pl1p0_pf1p0_pm1p0_dt1p0_fv0p03_hr1p0_hqtrapezoid_hp1p0_hc1p0_cim1p0_cp1p0_cnm1p0_cd1p0_pg1p0,A53,OK,diagnostic_matched_wigley_sensitivity_not_hard_gate,wigley_iii,Fn0.4,0.4,2.1696064159197173,2.0,3.616010693199528,0.15,239.85000000000002,2,3,36,0.22499999999999998,2.775,0.075,-0.8642343749999999,0.8642343749999999,0.07153124999999994,0.07153125000000006,heave,pitch_moment,1.275,1852.4911517806697,6233.246669953246,138.93683638355023,467.49350024649345,0.04430148362731953,0.04430148362731953,0.0,0.020531407470070755,0.020531407470070755,0.0,0.0,0.020531407470070755,11.972844983620378,6.4878272028156445,0.19928516842637028,0.0910773567703256,0.7774910168678313,0.435437175613722,73.09026906675314,168490.3804379587,112595.95214845252,44376.28387601141,24046.55385453746,162541.5446262392,109998.23493100896,4.613180970601632,2.376069595402518,0.0034531692156392468,0.0019288856891766064,advance_eq19_20,0.9533177428729718,0.1458989811933051,1.0028215905510833,0.14664477029440767,1.0519279621597348,1.005111681349676,342.8446096912935,1.2993194059478604e-15,a1_station_hull_matched_sweep_free_surface_marching_not_benchmark_validated,41,8,24,10,3.0,2,16,15.0,False,none,0.0,1.0,0.03,1.0,trapezoid,1.0,1.0,-1.0,1.0,-1.0,1.0,1.0,True,False,True,3.0,11,9,40,True,True,True,True,A1_GRID_RECOMMENDED,"A1 Section 3.3 recommends control radius about 3B, inner free-surface panels greater than 10, outer/free-surface proxy panels greater than 8, and roughly 60 stations at Fn=0.2 or 40 at Fn=0.3."
14,st41_bp8_fs24_cp10_r3p0_h2_fsm_clipfs_onezonefs_noend_pr1p0_pl1p0_pf1p0_pm1p0_dt1p0_fv0p03_hr1p0_hqtrapezoid_hp1p0_hc1p0_cim1p0_cp1p0_cnm1p0_cd1p0_pg1p0,A53,OK,diagnostic_matched_wigley_sensitivity_not_hard_gate,wigley_iii,Fn0.4,0.4,2.1696064159197173,2.0,3.616010693199528,0.15,239.85000000000002,3,4,35,0.3,2.7,0.07500000000000001,-0.8647499999999999,0.8647499999999999,0.0704999999999999,0.07050000000000001,heave,pitch_moment,1.2,1178.211795324872,-5269.076676101998,88.36588464936541,-395.1807507076499,0.028176399390586408,0.028176399390586408,0.0,0.056770348979023735,0.056770348979023735,0.0,0.0,0.056770348979023735,6.404405679338652,2.922696235968448,0.06502242926305511,0.03146152898710193,0.2570705716400609,0.10557280435832962,47.34663811925705,107934.21933621803,64802.869107672246,23737.35940557826,10832.713363291818,105291.65908166337,63891.033531903835,2.576318963795218,1.5344485968615758,0.0035471141055663925,0.001919735076184861,advance_eq19_20,0.8796257827125833,0.14236622698597795,0.9275437360742926,0.14185458439254683,1.0544753852188602,0.9964061519065086,342.76452809793557,9.828127091153321e-16,a1_station_hull_matched_sweep_free_surface_marching_not_benchmark_validated,41,8,24,10,3.0,2,16,15.0,False,none,0.0,1.0,0.03,1.0,trapezoid,1.0,1.0,-1.0,1.0,-1.0,1.0,1.0,True,False,True,3.0,11,9,40,True,True,True,True,A1_GRID_RECOMMENDED,"A1 Section 3.3 recommends control radius about 3B, inner free-surface panels greater than 10, outer/free-surface proxy panels greater than 8, and roughly 60 stations at Fn=0.2 or 40 at Fn=0.3."
14,st41_bp8_fs24_cp10_r3p0_h2_fsm_clipfs_onezonefs_noend_pr1p0_pl1p0_pf1p0_pm1p0_dt1p0_fv0p03_hr1p0_hqtrapezoid_hp1p0_hc1p0_cim1p0_cp1p0_cnm1p0_cd1p0_pg1p0,A53,OK,diagnostic_matched_wigley_sensitivity_not_hard_gate,wigley_iii,Fn0.4,0.4,2.1696064159197173,2.0,3.616010693199528,0.15,239.85000000000002,4,5,34,0.375,2.625,0.07499999999999998,-0.8652343749999999,0.8652343749999999,0.06953124999999993,0.06953125000000009,heave,pitch_moment,1.125,1053.6765069433238,-1686.2045336354538,79.02573802074927,-126.465340022659,0.02519819459108953,0.02519819459108953,0.0,0.0834576459698617,0.0834576459698617,0.0,0.0,0.0834576459698617,5.1124234963981845,2.1783325048251094,0.04015062900022282,0.019434024170503196,0.16969600928555245,0.0693833147734416,13.225879338822192,34987.70914178977,17884.950688638815,18948.74248191886,8073.795471561501,29412.32648643087,15958.86235978101,2.2098014312566074,1.2288793484058544,0.001827655147464425,0.0011278953780124513,advance_eq19_20,0.808910483562925,0.13884033357927783,0.8557045784387566,0.13847641898944674,1.0578482982068949,0.9973788986208154,342.70650863905854,9.18628172805126e-16,a1_station_hull_matched_sweep_free_surface_marching_not_benchmark_validated,41,8,24,10,3.0,2,16,15.0,False,none,0.0,1.0,0.03,1.0,trapezoid,1.0,1.0,-1.0,1.0,-1.0,1.0,1.0,True,False,True,3.0,11,9,40,True,True,True,True,A1_GRID_RECOMMENDED,"A1 Section 3.3 recommends control radius about 3B, inner free-surface panels greater than 10, outer/free-surface proxy panels greater than 8, and roughly 60 stations at Fn=0.2 or 40 at Fn=0.3."
14,st41_bp8_fs24_cp10_r3p0_h2_fsm_clipfs_onezonefs_noend_pr1p0_pl1p0_pf1p0_pm1p0_dt1p0_fv0p03_hr1p0_hqtrapezoid_hp1p0_hc1p0_cim1p0_cp1p0_cnm1p0_cd1p0_pg1p0,A53,OK,diagnostic_matched_wigley_sensitivity_not_hard_gate,wigley_iii,Fn0.4,0.4,2.1696064159197173,2.0,3.616010693199528,0.15,239.85000000000002,5,6,33,0.44999999999999996,2.55,0.07500000000000001,-0.8656874999999999,0.8656874999999999,0.06862499999999994,0.06862500000000005,heave,pitch_moment,1.05,992.9894719322888,-972.081491563356,74.47421039492167,-72.90611186725171,0.023746891741222947,0.023746891741222947,0.0,0.10793018913601791,0.10793018913601791,0.0,0.0,0.10793018913601791,4.468983810079185,1.8462598579108833,0.02982077070605932,0.01365512339726354,0.12925807151245217,0.05119416061520726,7.08624946720401,22862.635306990822,10354.468600815997,16563.89057610645,6842.997773346565,15758.731616574834,7770.99745716458,1.9918396301306693,0.94009277962262,0.0009376321435867187,0.00035835739553918985,advance_eq19_20,0.741250678928173,0.1351006484682427,0.7869176357051617,0.13509257721446907,1.0616079796959133,0.9999402574757031,342.6545414156471,1.0301747914774362e-15,a1_station_hull_matched_sweep_free_surface_marching_not_benchmark_validated,41,8,24,10,3.0,2,16,15.0,False,none,0.0,1.0,0.03,1.0,trapezoid,1.0,1.0,-1.0,1.0,-1.0,1.0,1.0,True,False,True,3.0,11,9,40,True,True,True,True,A1_GRID_RECOMMENDED,"A1 Section 3.3 recommends control radius about 3B, inner free-surface panels greater than 10, outer/free-surface proxy panels greater than 8, and roughly 60 stations at Fn=0.2 or 40 at Fn=0.3."
14,st41_bp8_fs24_cp10_r3p0_h2_fsm_clipfs_onezonefs_noend_pr1p0_pl1p0_pf1p0_pm1p0_dt1p0_fv0p03_hr1p0_hqtrapezoid_hp1p0_hc1p0_cim1p0_cp1p0_cnm1p0_cd1p0_pg1p0,A53,OK,diagnostic_matched_wigley_sensitivity_not_hard_gate,wigley_iii,Fn0.4,0.4,2.1696064159197173,2.0,3.616010693199528,0.15,239.85000000000002,6,7,32,0.525,2.475,0.07500000000000001,-0.866109375,0.866109375,0.0677812499999999,0.06778125000000006,heave,pitch_moment,0.975,943.96368813425,-662.7363077194176,70.79727661006876,-49.70522307895633,0.022574462412123256,0.022574462412123256,0.0,0.13109086621269103,0.13109086621269103,0.0,0.0,0.13109086621269103,4.061458374711991,1.6541733155231249,0.023880115626803443,0.009842372114772924,0.10518508352704312,0.03897065021879892,4.66625350693719,18283.56259056893,7742.965001135624,15053.433835766918,6131.046107270359,10377.031885632778,4729.035910133923,1.874135268592607,0.6986593981446985,0.0028554738984654603,0.0009393971444574755,advance_eq19_20,0.6767921743909731,0.13109203171225708,0.721264246965971,0.1315123628718567,1.065710086874183,1.0032063822194945,342.6062403202438,6.417188992337107e-16,a1_station_hull_matched_sweep_free_surface_marching_not_benchmark_validated,41,8,24,10,3.0,2,16,15.0,False,none,0.0,1.0,0.03,1.0,trapezoid,1.0,1.0,-1.0,1.0,-1.0,1.0,1.0,True,False,True,3.0,11,9,40,True,True,True,True,A1_GRID_RECOMMENDED,"A1 Section 3.3 recommends control radius about 3B, inner free-surface panels greater than 10, outer/free-surface proxy panels greater than 8, and roughly 60 stations at Fn=0.2 or 40 at Fn=0.3."
14,st41_bp8_fs24_cp10_r3p0_h2_fsm_clipfs_onezonefs_noend_pr1p0_pl1p0_pf1p0_pm1p0_dt1p0_fv0p03_hr1p0_hqtrapezoid_hp1p0_hc1p0_cim1p0_cp1p0_cnm1p0_cd1p0_pg1p0,A53,OK,diagnostic_matched_wigley_sensitivity_not_hard_gate,wigley_iii,Fn0.4,0.4,2.1696064159197173,2.0,3.616010693199528,0.15,239.85000000000002,7,8,31,0.6,2.4,0.07499999999999996,-0.8664999999999999,0.8664999999999998,0.06699999999999995,0.06700000000000006,heave,pitch_moment,0.9,894.0528440214703,-486.33116150389304,67.05396330161022,-36.47483711279196,0.021380867268004675,0.021380867268004675,0.0,0.15306853105275497,0.15306853105275497,0.0,0.0,0.15306853105275497,3.7717018531882167,1.5272830930233283,0.01985295743587027,0.008329413068101718,0.09292960777900817,0.04094181360146368,3.4024364038489137,15895.83749528533,6515.83765280575,13979.477088506294,5660.738795813085,7566.496547838148,3226.7904492386524,1.873206055772718,0.7048086609090507,0.004861608704687574,0.0016644969080121456,advance_eq19_20,0.6156836586471569,0.12681018273502342,0.6588776175421555,0.1276914737705825,1.0701560911814822,1.0069496866619976,342.56168396636383,3.4376085477459516e-16,a1_station_hull_matched_sweep_free_surface_marching_not_benchmark_validated,41,8,24,10,3.0,2,16,15.0,False,none,0.0,1.0,0.03,1.0,trapezoid,1.0,1.0,-1.0,1.0,-1.0,1.0,1.0,True,False,True,3.0,11,9,40,True,True,True,True,A1_GRID_RECOMMENDED,"A1 Section 3.3 recommends control radius about 3B, inner free-surface panels greater than 10, outer/free-surface proxy panels greater than 8, and roughly 60 stations at Fn=0.2 or 40 at Fn=0.3."
14,st41_bp8_fs24_cp10_r3p0_h2_fsm_clipfs_onezonefs_noend_pr1p0_pl1p0_pf1p0_pm1p0_dt1p0_fv0p03_hr1p0_hqtrapezoid_hp1p0_hc1p0_cim1p0_cp1p0_cnm1p0_cd1p0_pg1p0,A53,OK,diagnostic_matched_wigley_sensitivity_not_hard_gate,wigley_iii,Fn0.4,0.4,2.1696064159197173,2.0,3.616010693199528,0.15,239.85000000000002,8,9,30,0.6749999999999999,2.325,0.07500000000000001,-0.866859375,0.866859375,0.06628124999999993,0.06628125000000007,heave,pitch_moment,0.8250000000000001,839.5596464922145,-370.34873352429014,62.966973486916096,-27.776155014321766,0.02007768722537827,0.02007768722537827,0.0,0.17379780829944644,0.17379780829944644,0.0,0.0,0.17379780829944644,3.5514304845873577,1.436524052961476,0.016957964478358064,0.007781055848638402,0.09071615192550986,0.04360738560793059,2.636045292610747,14409.409943992789,5823.882444071216,13163.060873633232,5324.348494960698,5862.160298990825,2359.855891060018,1.9946814802950261,0.8210237701060342,0.006683916334422457,0.0024591035671640503,advance_eq19_20,0.5580522549302371,0.12227347851479144,0.5998844062525001,0.12362992054142069,1.0749609932630635,1.0110935097545717,342.5212065841895,4.2638086891107483e-16,a1_station_hull_matched_sweep_free_surface_marching_not_benchmark_validated,41,8,24,10,3.0,2,16,15.0,False,none,0.0,1.0,0.03,1.0,trapezoid,1.0,1.0,-1.0,1.0,-1.0,1.0,1.0,True,False,True,3.0,11,9,40,True,True,True,True,A1_GRID_RECOMMENDED,"A1 Section 3.3 recommends control radius about 3B, inner free-surface panels greater than 10, outer/free-surface proxy panels greater than 8, and roughly 60 stations at Fn=0.2 or 40 at Fn=0.3."
14,st41_bp8_fs24_cp10_r3p0_h2_fsm_clipfs_onezonefs_noend_pr1p0_pl1p0_pf1p0_pm1p0_dt1p0_fv0p03_hr1p0_hqtrapezoid_hp1p0_hc1p0_cim1p0_cp1p0_cnm1p0_cd1p0_pg1p0,A53,OK,diagnostic_matched_wigley_sensitivity_not_hard_gate,wigley_iii,Fn0.4,0.4,2.1696064159197173,2.0,3.616010693199528,0.15,239.85000000000002,9,10,29,0.75,2.25,0.07500000000000001,-0.8671874999999999,0.8671874999999999,0.06562499999999982,0.0656250000000001,heave,pitch_moment,0.75,779.5486842289597,-287.4541935283381,58.466151317171985,-21.559064514625362,0.018642552347886532,0.018642552347886532,0.0,0.19315792808607887,0.19315792808607887,0.0,0.0,0.19315792808607887,3.3765855998402845,1.3681091700429369,0.014946979810698102,0.00729622667948973,0.09566560181067,0.04606180363313712,2.1264677749200884,13378.65567610893,5383.50905666261,12515.013876414161,5070.774823048081,4728.938080905978,1808.1516687241813,2.2213221590492727,0.8991506088693295,0.008284561960880076,0.003156008775422166,advance_eq19_20,0.503988417139044,0.11751220673149908,0.5443812079868537,0.11934674486517159,1.0801462681962113,1.0156114686694993,342.4849787194831,5.917398150479407e-16,a1_station_hull_matched_sweep_free_surface_marching_not_benchmark_validated,41,8,24,10,3.0,2,16,15.0,False,none,0.0,1.0,0.03,1.0,trapezoid,1.0,1.0,-1.0,1.0,-1.0,1.0,1.0,True,False,True,3.0,11,9,40,True,True,True,True,A1_GRID_RECOMMENDED,"A1 Section 3.3 recommends control radius about 3B, inner free-surface panels greater than 10, outer/free-surface proxy panels greater than 8, and roughly 60 stations at Fn=0.2 or 40 at Fn=0.3."
14,st41_bp8_fs24_cp10_r3p0_h2_fsm_clipfs_onezonefs_noend_pr1p0_pl1p0_pf1p0_pm1p0_dt1p0_fv0p03_hr1p0_hqtrapezoid_hp1p0_hc1p0_cim1p0_cp1p0_cnm1p0_cd1p0_pg1p0,A53,OK,diagnostic_matched_wigley_sensitivity_not_hard_gate,wigley_iii,Fn0.4,0.4,2.1696064159197173,2.0,3.616010693199528,0.15,239.85000000000002,10,11,28,0.825,2.175,0.07499999999999996,-0.8674843749999999,0.8674843749999999,0.06503124999999987,0.0650312500000001,heave,pitch_moment,0.675,714.1091351758728,-225.06840375387097,53.558185138190424,-16.880130281540314,0.017077595285517916,0.017077595285517916,0.0,0.21101800190278108,0.21101800190278108,0.0,0.0,0.21101800190278108,3.2335182634713506,1.3145629639201073,0.013753159650448599,0.00683444116282283,0.10447840278063776,0.048097237490144676,1.7663040769962504,12612.028907536533,5078.830052564241,11984.747532802581,4872.310577779653,3927.989274364124,1433.5635097498125,2.523459361382444,1.1461079429043575,0.009656723415669699,0.003754311623406133,advance_eq19_20,0.45353439461460326,0.11256265828409112,0.4924197471502517,0.11487006282683836,1.0857384864243687,1.0204988455134356,342.4529909421924,4.075762588528861e-16,a1_station_hull_matched_sweep_free_surface_marching_not_benchmark_validated,41,8,24,10,3.0,2,16,15.0,False,none,0.0,1.0,0.03,1.0,trapezoid,1.0,1.0,-1.0,1.0,-1.0,1.0,1.0,True,False,True,3.0,11,9,40,True,True,True,True,A1_GRID_RECOMMENDED,"A1 Section 3.3 recommends control radius about 3B, inner free-surface panels greater than 10, outer/free-surface proxy panels greater than 8, and roughly 60 stations at Fn=0.2 or 40 at Fn=0.3."
14,st41_bp8_fs24_cp10_r3p0_h2_fsm_clipfs_onezonefs_noend_pr1p0_pl1p0_pf1p0_pm1p0_dt1p0_fv0p03_hr1p0_hqtrapezoid_hp1p0_hc1p0_cim1p0_cp1p0_cnm1p0_cd1p0_pg1p0,A53,OK,diagnostic_matched_wigley_sensitivity_not_hard_gate,wigley_iii,Fn0.4,0.4,2.1696064159197173,2.0,3.616010693199528,0.15,239.85000000000002,11,12,27,0.8999999999999999,2.1,0.07500000000000001,-0.8677499999999999,0.8677499999999999,0.06449999999999989,0.0645,heave,pitch_moment,0.6000000000000001,643.7497600738664,-176.54845237098178,48.281232005539984,-13.241133927823636,0.015394982820074413,0.015394982820074413,0.0,0.22725429095557723,0.22725429095557723,0.0,0.0,0.22725429095557723,3.1137205657768674,1.2714143131438922,0.013324820715209372,0.006381152652793104,0.1146834547057672,0.049647982702556506,1.5008930388428914,12013.70124560596,4854.985487878283,11540.728033021547,4712.383945610629,3337.7558458498474,1241.574960172671,2.871896280540554,1.4061751753106435,0.010804418663922625,0.004256413367176977,advance_eq19_20,0.40667570492168964,0.1074626365358092,0.44399645973769053,0.11023131163388371,1.0917703082931582,1.025764071935383,342.4251138934239,3.846000017591249e-16,a1_station_hull_matched_sweep_free_surface_marching_not_benchmark_validated,41,8,24,10,3.0,2,16,15.0,False,none,0.0,1.0,0.03,1.0,trapezoid,1.0,1.0,-1.0,1.0,-1.0,1.0,1.0,True,False,True,3.0,11,9,40,True,True,True,True,A1_GRID_RECOMMENDED,"A1 Section 3.3 recommends control radius about 3B, inner free-surface panels greater than 10, outer/free-surface proxy panels greater than 8, and roughly 60 stations at Fn=0.2 or 40 at Fn=0.3."
14,st41_bp8_fs24_cp10_r3p0_h2_fsm_clipfs_onezonefs_noend_pr1p0_pl1p0_pf1p0_pm1p0_dt1p0_fv0p03_hr1p0_hqtrapezoid_hp1p0_hc1p0_cim1p0_cp1p0_cnm1p0_cd1p0_pg1p0,A53,OK,diagnostic_matched_wigley_sensitivity_not_hard_gate,wigley_iii,Fn0.4,0.4,2.1696064159197173,2.0,3.616010693199528,0.15,239.85000000000002,12,13,26,0.975,2.025,0.07500000000000007,-0.8679843749999999,0.8679843749999999,0.06403124999999998,0.0640312500000001,heave,pitch_moment,0.525,569.1640661114865,-137.98407890861716,42.68730495836152,-10.348805918146297,0.013611299860654895,0.013611299860654895,0.0,0.24175743229594188,0.24175743229594188,0.0,0.0,0.24175743229594188,3.0114871852094884,1.2357777315075165,0.01354223440042314,0.005933018855156281,0.1248055016861389,0.05071042134068256,1.2996961893605772,11529.959270251695,4682.848299916807,11161.809110754628,4580.300128837761,2890.3249209626933,1121.6097888519475,3.2431976055795566,1.6764130140522133,0.011736298239658834,0.00466628933143959,advance_eq19_20,0.3633370445327139,0.10224728395030666,0.3990468569942881,0.10546074478470929,1.098282883617057,1.0314283246483535,342.4011560901492,4.861617185440502e-16,a1_station_hull_matched_sweep_free_surface_marching_not_benchmark_validated,41,8,24,10,3.0,2,16,15.0,False,none,0.0,1.0,0.03,1.0,trapezoid,1.0,1.0,-1.0,1.0,-1.0,1.0,1.0,True,False,True,3.0,11,9,40,True,True,True,True,A1_GRID_RECOMMENDED,"A1 Section 3.3 recommends control radius about 3B, inner free-surface panels greater than 10, outer/free-surface proxy panels greater than 8, and roughly 60 stations at Fn=0.2 or 40 at Fn=0.3."
14,st41_bp8_fs24_cp10_r3p0_h2_fsm_clipfs_onezonefs_noend_pr1p0_pl1p0_pf1p0_pm1p0_dt1p0_fv0p03_hr1p0_hqtrapezoid_hp1p0_hc1p0_cim1p0_cp1p0_cnm1p0_cd1p0_pg1p0,A53,OK,diagnostic_matched_wigley_sensitivity_not_hard_gate,wigley_iii,Fn0.4,0.4,2.1696064159197173,2.0,3.616010693199528,0.15,239.85000000000002,13,14,25,1.05,1.95,0.07500000000000001,-0.8681874999999999,0.8681874999999999,0.06362499999999982,0.0636250000000001,heave,pitch_moment,0.44999999999999996,491.13530266586963,-106.84730276941015,36.83514769994023,-8.013547707705762,0.011745277459995526,0.011745277459995526,0.0,0.2544357209562671,0.2544357209562671,0.0,0.0,0.2544357209562671,2.922760153005,1.205674311843513,0.014221651712657964,0.005639461458506414,0.13404164345351138,0.05130637220326648,1.1444111938905592,11127.884371582248,4545.463442902534,10832.95026609666,4468.7244842456785,2544.994915433183,1020.6196701227226,3.61992573290981,1.9538646760022622,0.01246300900304396,0.004988626242441188,advance_eq19_20,0.32338476881339845,0.09694510772975584,0.357446520988024,0.10058340966885525,1.1053288696916956,1.0375295053489604,342.3809050598612,4.321026179387478e-16,a1_station_hull_matched_sweep_free_surface_marching_not_benchmark_validated,41,8,24,10,3.0,2,16,15.0,False,none,0.0,1.0,0.03,1.0,trapezoid,1.0,1.0,-1.0,1.0,-1.0,1.0,1.0,True,False,True,3.0,11,9,40,True,True,True,True,A1_GRID_RECOMMENDED,"A1 Section 3.3 recommends control radius about 3B, inner free-surface panels greater than 10, outer/free-surface proxy panels greater than 8, and roughly 60 stations at Fn=0.2 or 40 at Fn=0.3."
14,st41_bp8_fs24_cp10_r3p0_h2_fsm_clipfs_onezonefs_noend_pr1p0_pl1p0_pf1p0_pm1p0_dt1p0_fv0p03_hr1p0_hqtrapezoid_hp1p0_hc1p0_cim1p0_cp1p0_cnm1p0_cd1p0_pg1p0,A53,OK,diagnostic_matched_wigley_sensitivity_not_hard_gate,wigley_iii,Fn0.4,0.4,2.1696064159197173,2.0,3.616010693199528,0.15,239.85000000000002,14,15,24,1.125,1.875,0.07499999999999996,-0.8683593749999999,0.8683593749999999,0.06328124999999996,0.06328125000000007,heave,pitch_moment,0.375,410.49897549414106,-81.3621749332257,30.787423162060563,-6.102163119991924,0.009816896358400672,0.009816896358400672,0.0,0.26521680786546514,0.26521680786546514,0.0,0.0,0.26521680786546514,2.8445110603102535,1.1796783992490134,0.015170009047791432,0.006493237088186571,0.1419710712744839,0.05146566330416703,1.0234453671107662,10785.797096522718,4432.1972751025005,10542.926971281358,4372.3729488764575,2275.985475697499,934.6542889549318,3.989539833482542,2.2350968015021,0.012995956883689007,0.005228386330239778,advance_eq19_20,0.28663752223330974,0.09157471626588294,0.3190203920178729,0.09561578518417017,1.1129749850342519,1.0441286534435354,342.3641533741088,5.203451812940922e-16,a1_station_hull_matched_sweep_free_surface_marching_not_benchmark_validated,41,8,24,10,3.0,2,16,15.0,False,none,0.0,1.0,0.03,1.0,trapezoid,1.0,1.0,-1.0,1.0,-1.0,1.0,1.0,True,False,True,3.0,11,9,40,True,True,True,True,A1_GRID_RECOMMENDED,"A1 Section 3.3 recommends control radius about 3B, inner free-surface panels greater than 10, outer/free-surface proxy panels greater than 8, and roughly 60 stations at Fn=0.2 or 40 at Fn=0.3."
14,st41_bp8_fs24_cp10_r3p0_h2_fsm_clipfs_onezonefs_noend_pr1p0_pl1p0_pf1p0_pm1p0_dt1p0_fv0p03_hr1p0_hqtrapezoid_hp1p0_hc1p0_cim1p0_cp1p0_cnm1p0_cd1p0_pg1p0,A53,OK,diagnostic_matched_wigley_sensitivity_not_hard_gate,wigley_iii,Fn0.4,0.4,2.1696064159197173,2.0,3.616010693199528,0.15,239.85000000000002,15,16,23,1.2,1.8,0.07499999999999996,-0.8684999999999999,0.8684999999999998,0.06299999999999994,0.06300000000000008,heave,pitch_moment,0.30000000000000004,328.12959978510537,-60.1901384442113,24.609719983882886,-4.514260383315845,0.007847070188996967,0.007847070188996967,0.0,0.2740487911391639,0.2740487911391639,0.0,0.0,0.2740487911391639,2.7743902282571993,1.1567212989811049,0.016227579148962275,0.0077030043976396,0.14838274558299874,0.053597734198693944,0.9291131161447133,10488.56121638369,4335.965340705311,10283.03035079847,4287.284500821506,2066.2050223502993,861.0845191893551,4.343281042027332,2.515952011019,0.013346732441262839,0.00539059660231983,advance_eq19_20,0.25288477392837105,0.0861431602966943,0.2835604032159363,0.09056377339376331,1.1213027926159524,1.0513170527043996,342.35071396278477,4.5016282496887e-16,a1_station_hull_matched_sweep_free_surface_marching_not_benchmark_validated,41,8,24,10,3.0,2,16,15.0,False,none,0.0,1.0,0.03,1.0,trapezoid,1.0,1.0,-1.0,1.0,-1.0,1.0,1.0,True,False,True,3.0,11,9,40,True,True,True,True,A1_GRID_RECOMMENDED,"A1 Section 3.3 recommends control radius about 3B, inner free-surface panels greater than 10, outer/free-surface proxy panels greater than 8, and roughly 60 stations at Fn=0.2 or 40 at Fn=0.3."
14,st41_bp8_fs24_cp10_r3p0_h2_fsm_clipfs_onezonefs_noend_pr1p0_pl1p0_pf1p0_pm1p0_dt1p0_fv0p03_hr1p0_hqtrapezoid_hp1p0_hc1p0_cim1p0_cp1p0_cnm1p0_cd1p0_pg1p0,A53,OK,diagnostic_matched_wigley_sensitivity_not_hard_gate,wigley_iii,Fn0.4,0.4,2.1696064159197173,2.0,3.616010693199528,0.15,239.85000000000002,16,17,22,1.275,1.725,0.07499999999999996,-0.8686093749999999,0.8686093749999999,0.0627812499999999,0.06278125000000001,heave,pitch_moment,0.2250000000000001,244.93687534584402,-42.26732571712899,18.37026565093829,-3.1700494287846723,0.0058575540090598215,0.0058575540090598215,0.0,0.28090110323819234,0.28090110323819234,0.0,0.0,0.28090110323819234,2.7105182445611913,1.1359764354479454,0.017279195188122536,0.008746773610757088,0.15318339751847096,0.05772495018406865,0.8561090970308338,10225.101404610308,4251.812916489013,10046.294530356823,4210.395511247515,1903.8552843864659,798.0594084214844,4.675151533490306,2.791476772465634,0.013526877915537314,0.005480278557485553,advance_eq19_20,0.22191042861361746,0.08064676709032673,0.25084900092773577,0.0854228681551118,1.130406545086284,1.0592224739701679,342.34042855322906,3.930817180825583e-16,a1_station_hull_matched_sweep_free_surface_marching_not_benchmark_validated,41,8,24,10,3.0,2,16,15.0,False,none,0.0,1.0,0.03,1.0,trapezoid,1.0,1.0,-1.0,1.0,-1.0,1.0,1.0,True,False,True,3.0,11,9,40,True,True,True,True,A1_GRID_RECOMMENDED,"A1 Section 3.3 recommends control radius about 3B, inner free-surface panels greater than 10, outer/free-surface proxy panels greater than 8, and roughly 60 stations at Fn=0.2 or 40 at Fn=0.3."
14,st41_bp8_fs24_cp10_r3p0_h2_fsm_clipfs_onezonefs_noend_pr1p0_pl1p0_pf1p0_pm1p0_dt1p0_fv0p03_hr1p0_hqtrapezoid_hp1p0_hc1p0_cim1p0_cp1p0_cnm1p0_cd1p0_pg1p0,A53,OK,diagnostic_matched_wigley_sensitivity_not_hard_gate,wigley_iii,Fn0.4,0.4,2.1696064159197173,2.0,3.616010693199528,0.15,239.85000000000002,17,18,21,1.3499999999999999,1.6500000000000001,0.07500000000000007,-0.8686874999999998,0.8686875,0.0626249999999999,0.06262500000000004,heave,pitch_moment,0.15000000000000013,161.86415256275265,-26.720916480414594,12.13981144220646,-2.0040687360310963,0.0038709076141691346,0.0038709076141691346,0.0,0.2857653340498068,0.2857653340498068,0.0,0.0,0.2857653340498068,2.651357943911874,1.1167894205909485,0.018247980130521,0.009627145887930637,0.15634922408751586,0.0609151763402373,0.8006258119505679,9987.013265580892,4176.140203294708,9827.022143601971,4139.280549081699,1780.4689708178573,744.1890475494603,4.98088246325549,3.056000461292799,0.0135478452024819,0.0055024368945385035,advance_eq19_20,0.1935164422315485,0.07507486077882526,0.22068371624430522,0.08018098521204955,1.1403874197948007,1.0680137715908289,342.3331719804855,2.9606066188657994e-16,a1_station_hull_matched_sweep_free_surface_marching_not_benchmark_validated,41,8,24,10,3.0,2,16,15.0,False,none,0.0,1.0,0.03,1.0,trapezoid,1.0,1.0,-1.0,1.0,-1.0,1.0,1.0,True,False,True,3.0,11,9,40,True,True,True,True,A1_GRID_RECOMMENDED,"A1 Section 3.3 recommends control radius about 3B, inner free-surface panels greater than 10, outer/free-surface proxy panels greater than 8, and roughly 60 stations at Fn=0.2 or 40 at Fn=0.3."
14,st41_bp8_fs24_cp10_r3p0_h2_fsm_clipfs_onezonefs_noend_pr1p0_pl1p0_pf1p0_pm1p0_dt1p0_fv0p03_hr1p0_hqtrapezoid_hp1p0_hc1p0_cim1p0_cp1p0_cnm1p0_cd1p0_pg1p0,A53,OK,diagnostic_matched_wigley_sensitivity_not_hard_gate,wigley_iii,Fn0.4,0.4,2.1696064159197173,2.0,3.616010693199528,0.15,239.85000000000002,18,19,20,1.425,1.575,0.07500000000000007,-0.8687343749999998,0.868734375,0.06253124999999993,0.06253125000000004,heave,pitch_moment,0.07499999999999996,79.88554339901135,-12.828123258919613,5.991415754925857,-0.9621092444189718,0.001910426449027295,0.001910426449027295,0.0,0.28865600108140504,0.28865600108140504,0.0,0.0,0.28865600108140504,2.595633297324579,1.09863386748815,0.019084200565609374,0.010347829563912503,0.1578994817337792,0.06321509030749096,0.7598029810821505,9767.739909821188,4106.253101739819,9620.483702719188,4071.9886080670112,1689.6852581555302,698.3489781849261,5.256903829222049,3.3033379400761853,0.013426177868388876,0.005464142693244797,advance_eq19_20,0.16754068167747344,0.06941589417499021,0.19289695456056516,0.07482369747243131,1.1513439758583779,1.07790439584065,342.3288541718238,4.0603202717865913e-16,a1_station_hull_matched_sweep_free_surface_marching_not_benchmark_validated,41,8,24,10,3.0,2,16,15.0,False,none,0.0,1.0,0.03,1.0,trapezoid,1.0,1.0,-1.0,1.0,-1.0,1.0,1.0,True,False,True,3.0,11,9,40,True,True,True,True,A1_GRID_RECOMMENDED,"A1 Section 3.3 recommends control radius about 3B, inner free-surface panels greater than 10, outer/free-surface proxy panels greater than 8, and roughly 60 stations at Fn=0.2 or 40 at Fn=0.3."
14,st41_bp8_fs24_cp10_r3p0_h2_fsm_clipfs_onezonefs_noend_pr1p0_pl1p0_pf1p0_pm1p0_dt1p0_fv0p03_hr1p0_hqtrapezoid_hp1p0_hc1p0_cim1p0_cp1p0_cnm1p0_cd1p0_pg1p0,A53,OK,diagnostic_matched_wigley_sensitivity_not_hard_gate,wigley_iii,Fn0.4,0.4,2.1696064159197173,2.0,3.616010693199528,0.15,239.85000000000002,19,20,19,1.5,1.5,0.07499999999999996,-0.8687499999999999,0.8687499999999999,0.062499999999999944,0.06250000000000003,heave,pitch_moment,0.0,0.0,0.0,0.0,0.0,0.0,0.0,0.0,0.2896112143059187,0.2896112143059187,0.0,0.0,0.2896112143059187,2.5422788387431465,1.081083637074316,0.01975736285605285,0.010913640803121667,0.15788301660312837,0.06467417095910204,0.7255718577959973,9559.886034376648,4039.6141950687147,9422.730152639848,4006.9402417013584,1613.560491832109,653.7261676546783,5.499478898273241,3.5270875554106946,0.013180425625954574,0.0053732325619450134,advance_eq19_20,0.14386471168648476,0.06366461889943945,0.16736625630056323,0.06934076941955766,1.163358646735371,1.0891570642884691,342.3274209292955,3.549107947179302e-16,a1_station_hull_matched_sweep_free_surface_marching_not_benchmark_validated,41,8,24,10,3.0,2,16,15.0,False,none,0.0,1.0,0.03,1.0,trapezoid,1.0,1.0,-1.0,1.0,-1.0,1.0,1.0,True,False,True,3.0,11,9,40,True,True,True,True,A1_GRID_RECOMMENDED,"A1 Section 3.3 recommends control radius about 3B, inner free-surface panels greater than 10, outer/free-surface proxy panels greater than 8, and roughly 60 stations at Fn=0.2 or 40 at Fn=0.3."
14,st41_bp8_fs24_cp10_r3p0_h2_fsm_clipfs_onezonefs_noend_pr1p0_pl1p0_pf1p0_pm1p0_dt1p0_fv0p03_hr1p0_hqtrapezoid_hp1p0_hc1p0_cim1p0_cp1p0_cnm1p0_cd1p0_pg1p0,A53,OK,diagnostic_matched_wigley_sensitivity_not_hard_gate,wigley_iii,Fn0.4,0.4,2.1696064159197173,2.0,3.616010693199528,0.15,239.85000000000002,20,21,18,1.575,1.425,0.07499999999999996,-0.8687343749999998,0.868734375,0.06253124999999993,0.06253125000000004,heave,pitch_moment,-0.07499999999999996,-76.80235747350152,11.895919998714337,-5.76017681051261,0.8921939999035747,-0.001836693459443152,-0.001836693459443152,0.0,0.2886928675761971,0.2886928675761971,0.0,0.0,0.2886928675761971,2.4912194061413167,1.0640485110023674,0.020272215502653245,0.011343717187628811,0.15649475831935655,0.06540583603896309,0.6935912346707309,9361.427741508096,3975.357080003322,9233.482912006008,3943.801063714286,1542.4404925864785,607.0149866696786,5.696537349083306,3.7120191853395634,0.012819923972602596,0.005233694322852837,advance_eq19_20,0.12277825328125358,0.05802172847597735,0.14444297704547532,0.06391497468667927,1.1764540803051937,1.1015696423649615,342.32885417182297,4.8371234311501075e-16,a1_station_hull_matched_sweep_free_surface_marching_not_benchmark_validated,41,8,24,10,3.0,2,16,15.0,False,none,0.0,1.0,0.03,1.0,trapezoid,1.0,1.0,-1.0,1.0,-1.0,1.0,1.0,True,False,True,3.0,11,9,40,True,True,True,True,A1_GRID_RECOMMENDED,"A1 Section 3.3 recommends control radius about 3B, inner free-surface panels greater than 10, outer/free-surface proxy panels greater than 8, and roughly 60 stations at Fn=0.2 or 40 at Fn=0.3."
14,st41_bp8_fs24_cp10_r3p0_h2_fsm_clipfs_onezonefs_noend_pr1p0_pl1p0_pf1p0_pm1p0_dt1p0_fv0p03_hr1p0_hqtrapezoid_hp1p0_hc1p0_cim1p0_cp1p0_cnm1p0_cd1p0_pg1p0,A53,OK,diagnostic_matched_wigley_sensitivity_not_hard_gate,wigley_iii,Fn0.4,0.4,2.1696064159197173,2.0,3.616010693199528,0.15,239.85000000000002,21,22,17,1.65,1.35,0.07499999999999996,-0.8686874999999998,0.8686875,0.0626249999999999,0.06262500000000004,heave,pitch_moment,-0.1499999999999999,-149.59696458071969,23.113468675329894,-11.21977234355397,1.733510150649741,-0.003577543391070466,-0.003577543391070466,0.0,0.28598574915094027,0.28598574915094027,0.0,0.0,0.28598574915094027,2.4420645019276406,1.047365231444981,0.020631032826621685,0.011650162827367336,0.1538711366171598,0.06548645566990804,0.6722687499414686,9173.93192917689,3913.436043404846,9051.294636264662,3881.9659735052114,1495.0225579227215,567.6616352459695,5.838524239318882,3.8492028685754494,0.012348896455522998,0.0050473849259406595,advance_eq19_20,0.10437340923505964,0.05267218758884531,0.12427833441881406,0.058719833786716295,1.1907087765900841,1.1148166893138824,342.3331719804855,2.282987794280124e-16,a1_station_hull_matched_sweep_free_surface_marching_not_benchmark_validated,41,8,24,10,3.0,2,16,15.0,False,none,0.0,1.0,0.03,1.0,trapezoid,1.0,1.0,-1.0,1.0,-1.0,1.0,1.0,True,False,True,3.0,11,9,40,True,True,True,True,A1_GRID_RECOMMENDED,"A1 Section 3.3 recommends control radius about 3B, inner free-surface panels greater than 10, outer/free-surface proxy panels greater than 8, and roughly 60 stations at Fn=0.2 or 40 at Fn=0.3."
14,st41_bp8_fs24_cp10_r3p0_h2_fsm_clipfs_onezonefs_noend_pr1p0_pl1p0_pf1p0_pm1p0_dt1p0_fv0p03_hr1p0_hqtrapezoid_hp1p0_hc1p0_cim1p0_cp1p0_cnm1p0_cd1p0_pg1p0,A53,OK,diagnostic_matched_wigley_sensitivity_not_hard_gate,wigley_iii,Fn0.4,0.4,2.1696064159197173,2.0,3.616010693199528,0.15,239.85000000000002,22,23,16,1.7249999999999999,1.2750000000000001,0.07499999999999996,-0.8686093749999999,0.8686093749999999,0.0627812499999999,0.06278125000000001,heave,pitch_moment,-0.22499999999999987,-217.42911393051727,34.23195112618476,-16.307183544788785,2.5673963344638557,-0.0051997184016973124,-0.0051997184016973124,0.0,0.28159711825455636,0.28159711825455636,0.0,0.0,0.28159711825455636,2.393621694455958,1.0306401977223136,0.020816169139633696,0.011829758785232717,0.15001044797629393,0.0649186499373699,0.6659779085494427,8994.516624610444,3852.6930129203997,8871.745683692796,3819.976125200291,1481.0326918309072,540.9940530067072,5.925884727388881,3.94149969917068,0.011773597838387604,0.004816996285405124,advance_eq19_20,0.08830681148464076,0.04760596245492183,0.10652697621757092,0.05374806154390359,1.206327965267993,1.1290195339459363,342.34042855322906,3.009405273015395e-16,a1_station_hull_matched_sweep_free_surface_marching_not_benchmark_validated,41,8,24,10,3.0,2,16,15.0,False,none,0.0,1.0,0.03,1.0,trapezoid,1.0,1.0,-1.0,1.0,-1.0,1.0,1.0,True,False,True,3.0,11,9,40,True,True,True,True,A1_GRID_RECOMMENDED,"A1 Section 3.3 recommends control radius about 3B, inner free-surface panels greater than 10, outer/free-surface proxy panels greater than 8, and roughly 60 stations at Fn=0.2 or 40 at Fn=0.3."
14,st41_bp8_fs24_cp10_r3p0_h2_fsm_clipfs_onezonefs_noend_pr1p0_pl1p0_pf1p0_pm1p0_dt1p0_fv0p03_hr1p0_hqtrapezoid_hp1p0_hc1p0_cim1p0_cp1p0_cnm1p0_cd1p0_pg1p0,A53,OK,diagnostic_matched_wigley_sensitivity_not_hard_gate,wigley_iii,Fn0.4,0.4,2.1696064159197173,2.0,3.616010693199528,0.15,239.85000000000002,23,24,15,1.7999999999999998,1.2000000000000002,0.07500000000000007,-0.8684999999999999,0.8684999999999998,0.06299999999999994,0.06300000000000008,heave,pitch_moment,-0.2999999999999998,-279.3179597573276,45.59808476484965,-20.94884698179959,3.419856357363727,-0.006679762010798868,-0.006679762010798868,0.0,0.2756573780483083,0.2756573780483083,0.0,0.0,0.2756573780483083,2.3449372748822763,1.0135707595274883,0.020815093218439492,0.011880638218367939,0.14493724064660005,0.06371328458179756,0.6718625778835093,8818.792962455176,3791.7858646680347,8691.301217377882,3756.7097723849092,1494.119293582233,536.91944285419,5.9597757223557375,3.991472966699084,0.011102506920192344,0.004546136646755207,advance_eq19_20,0.07428404344483136,0.04281196795988531,0.09089191610397179,0.04899116607530418,1.2235725451788932,1.1443334284751583,342.35071396278477,3.9755770894632225e-16,a1_station_hull_matched_sweep_free_surface_marching_not_benchmark_validated,41,8,24,10,3.0,2,16,15.0,False,none,0.0,1.0,0.03,1.0,trapezoid,1.0,1.0,-1.0,1.0,-1.0,1.0,1.0,True,False,True,3.0,11,9,40,True,True,True,True,A1_GRID_RECOMMENDED,"A1 Section 3.3 recommends control radius about 3B, inner free-surface panels greater than 10, outer/free-surface proxy panels greater than 8, and roughly 60 stations at Fn=0.2 or 40 at Fn=0.3."
14,st41_bp8_fs24_cp10_r3p0_h2_fsm_clipfs_onezonefs_noend_pr1p0_pl1p0_pf1p0_pm1p0_dt1p0_fv0p03_hr1p0_hqtrapezoid_hp1p0_hc1p0_cim1p0_cp1p0_cnm1p0_cd1p0_pg1p0,A53,OK,diagnostic_matched_wigley_sensitivity_not_hard_gate,wigley_iii,Fn0.4,0.4,2.1696064159197173,2.0,3.616010693199528,0.15,239.85000000000002,24,25,14,1.875,1.125,0.07500000000000007,-0.8683593749999999,0.8683593749999999,0.06328124999999996,0.06328125000000007,heave,pitch_moment,-0.375,-334.2914741738539,57.34699288405348,-25.071860563039063,4.301024466304015,-0.007994428613399895,-0.007994428613399895,0.0,0.2683202827362089,0.2683202827362089,0.0,0.0,0.2683202827362089,2.295255151163207,0.9959327847482254,0.02061895166899985,0.011801876124479358,0.13870193850015566,0.0618888842350758,0.6874701575089338,8643.440705020992,3729.712940844354,8507.158849483141,3691.3361893415063,1528.8281560968392,557.6257739755537,5.941713271374031,4.001420853202124,0.010346552512805944,0.004239426379055706,advance_eq19_20,0.062052824809128014,0.03827889741835729,0.07711804977531483,0.044440262680452536,1.242780647174836,1.1609598415219884,342.3641533741088,4.2023182117294046e-16,a1_station_hull_matched_sweep_free_surface_marching_not_benchmark_validated,41,8,24,10,3.0,2,16,15.0,False,none,0.0,1.0,0.03,1.0,trapezoid,1.0,1.0,-1.0,1.0,-1.0,1.0,1.0,True,False,True,3.0,11,9,40,True,True,True,True,A1_GRID_RECOMMENDED,"A1 Section 3.3 recommends control radius about 3B, inner free-surface panels greater than 10, outer/free-surface proxy panels greater than 8, and roughly 60 stations at Fn=0.2 or 40 at Fn=0.3."
14,st41_bp8_fs24_cp10_r3p0_h2_fsm_clipfs_onezonefs_noend_pr1p0_pl1p0_pf1p0_pm1p0_dt1p0_fv0p03_hr1p0_hqtrapezoid_hp1p0_hc1p0_cim1p0_cp1p0_cnm1p0_cd1p0_pg1p0,A53,OK,diagnostic_matched_wigley_sensitivity_not_hard_gate,wigley_iii,Fn0.4,0.4,2.1696064159197173,2.0,3.616010693199528,0.15,239.85000000000002,25,26,13,1.95,1.05,0.07499999999999996,-0.8681874999999999,0.8681874999999999,0.0636249999999999,0.06362500000000004,heave,pitch_moment,-0.44999999999999996,-381.4208195861652,69.41305478678247,-28.606561468962372,5.205979109008682,-0.009121505480753793,-0.009121505480753793,0.0,0.2597623156891321,0.2597623156891321,0.0,0.0,0.2597623156891321,2.243989623721413,0.9775748463530951,0.020221101428335955,0.011593026338380094,0.1313799357951644,0.05947095469147053,0.71060830773832,8465.946109409297,3665.7281039345753,8317.147736675552,3623.2941252610694,1580.2838522667844,584.4930379692906,5.873377967551209,3.9734116477984966,0.00951941984857709,0.0039026282703285018,advance_eq19_20,0.05139706079445953,0.03399585866021017,0.06498646065279669,0.04008671334160443,1.2644003304523994,1.179164607732741,342.3809050598591,4.037690502413808e-16,a1_station_hull_matched_sweep_free_surface_marching_not_benchmark_validated,41,8,24,10,3.0,2,16,15.0,False,none,0.0,1.0,0.03,1.0,trapezoid,1.0,1.0,-1.0,1.0,-1.0,1.0,1.0,True,False,True,3.0,11,9,40,True,True,True,True,A1_GRID_RECOMMENDED,"A1 Section 3.3 recommends control radius about 3B, inner free-surface panels greater than 10, outer/free-surface proxy panels greater than 8, and roughly 60 stations at Fn=0.2 or 40 at Fn=0.3."
14,st41_bp8_fs24_cp10_r3p0_h2_fsm_clipfs_onezonefs_noend_pr1p0_pl1p0_pf1p0_pm1p0_dt1p0_fv0p03_hr1p0_hqtrapezoid_hp1p0_hc1p0_cim1p0_cp1p0_cnm1p0_cd1p0_pg1p0,A53,OK,diagnostic_matched_wigley_sensitivity_not_hard_gate,wigley_iii,Fn0.4,0.4,2.1696064159197173,2.0,3.616010693199528,0.15,239.85000000000002,26,27,12,2.025,0.9750000000000001,0.07500000000000007,-0.8679843749999999,0.8679843749999999,0.06403124999999998,0.0640312500000001,heave,pitch_moment,-0.5249999999999999,-419.8548250120181,81.52763548682739,-31.489111875901386,6.11457266151206,-0.010040637245820034,-0.010040637245820034,0.0,0.25018124432584515,0.25018124432584515,0.0,0.0,0.25018124432584515,2.190712449849253,0.9584201169207913,0.019615471983993764,0.01125354459683077,0.12307013735193663,0.056491149797745034,0.7391794394137053,8284.404824169564,3599.2755695291125,8119.68063548974,3552.2988261472015,1643.8216656246127,615.3281842288793,5.756512715962851,3.9093205458123506,0.008638015923952429,0.003542846186833189,advance_eq19_20,0.04213168039116947,0.02995286188505183,0.05430945817754507,0.03592263227212231,1.289040875495865,1.1993055091022782,342.4011560901492,3.631954992491738e-16,a1_station_hull_matched_sweep_free_surface_marching_not_benchmark_validated,41,8,24,10,3.0,2,16,15.0,False,none,0.0,1.0,0.03,1.0,trapezoid,1.0,1.0,-1.0,1.0,-1.0,1.0,1.0,True,False,True,3.0,11,9,40,True,True,True,True,A1_GRID_RECOMMENDED,"A1 Section 3.3 recommends control radius about 3B, inner free-surface panels greater than 10, outer/free-surface proxy panels greater than 8, and roughly 60 stations at Fn=0.2 or 40 at Fn=0.3."
14,st41_bp8_fs24_cp10_r3p0_h2_fsm_clipfs_onezonefs_noend_pr1p0_pl1p0_pf1p0_pm1p0_dt1p0_fv0p03_hr1p0_hqtrapezoid_hp1p0_hc1p0_cim1p0_cp1p0_cnm1p0_cd1p0_pg1p0,A53,OK,diagnostic_matched_wigley_sensitivity_not_hard_gate,wigley_iii,Fn0.4,0.4,2.1696064159197173,2.0,3.616010693199528,0.15,239.85000000000002,27,28,11,2.1,0.8999999999999999,0.07499999999999996,-0.8677499999999999,0.8677499999999999,0.06449999999999989,0.06450000000000003,heave,pitch_moment,-0.6000000000000001,-448.8558128756429,93.19683530441893,-33.6641859656732,6.989762647831415,-0.010734182684772043,-0.010734182684772043,0.0,0.23979383436054913,0.23979383436054913,0.0,0.0,0.23979383436054913,2.1351577854488286,0.9384791708985034,0.018794520097207564,0.010781992045836653,0.11389277942358667,0.052986156704086976,0.7709421829728943,8097.354752651348,3529.9317110118723,7913.772218447467,3478.389485246866,1714.4571341431724,648.5728486628947,5.592877766038129,3.8108685096755606,0.007723235070727164,0.0031688529347068074,advance_eq19_20,0.03409818309323709,0.026141193015435146,0.04492628218406894,0.031941289501990676,1.317556482737623,1.2218757377725968,342.4251138934241,4.349505207745733e-16,a1_station_hull_matched_sweep_free_surface_marching_not_benchmark_validated,41,8,24,10,3.0,2,16,15.0,False,none,0.0,1.0,0.03,1.0,trapezoid,1.0,1.0,-1.0,1.0,-1.0,1.0,1.0,True,False,True,3.0,11,9,40,True,True,True,True,A1_GRID_RECOMMENDED,"A1 Section 3.3 recommends control radius about 3B, inner free-surface panels greater than 10, outer/free-surface proxy panels greater than 8, and roughly 60 stations at Fn=0.2 or 40 at Fn=0.3."
14,st41_bp8_fs24_cp10_r3p0_h2_fsm_clipfs_onezonefs_noend_pr1p0_pl1p0_pf1p0_pm1p0_dt1p0_fv0p03_hr1p0_hqtrapezoid_hp1p0_hc1p0_cim1p0_cp1p0_cnm1p0_cd1p0_pg1p0,A53,OK,diagnostic_matched_wigley_sensitivity_not_hard_gate,wigley_iii,Fn0.4,0.4,2.1696064159197173,2.0,3.616010693199528,0.15,239.85000000000002,28,29,10,2.175,0.8250000000000002,0.07499999999999996,-0.8674843749999999,0.8674843749999999,0.06503124999999987,0.0650312500000001,heave,pitch_moment,-0.6749999999999998,-467.83904253672193,103.6440988328021,-35.087928190254125,7.773307412460153,-0.011188157991059232,-0.011188157991059232,0.0,0.22883266402263353,0.22883266402263353,0.0,0.0,0.22883266402263353,2.077254424243915,0.9178809312608016,0.017746373098290816,0.010174826484084751,0.10398629584320826,0.0489960626299696,0.8031129973010028,7903.596582646873,3457.341515869719,7699.158565826076,3402.0439440860746,1786.0000894440893,682.3279595381381,5.384246347109635,3.67966584754205,0.006801332246291634,0.002791687992938525,advance_eq19_20,0.027160816436986056,0.02255369228235414,0.03669940507954688,0.02813743461023792,1.3511893195364966,1.2475755303379954,342.45299094219155,3.4181884428787595e-16,a1_station_hull_matched_sweep_free_surface_marching_not_benchmark_validated,41,8,24,10,3.0,2,16,15.0,False,none,0.0,1.0,0.03,1.0,trapezoid,1.0,1.0,-1.0,1.0,-1.0,1.0,1.0,True,False,True,3.0,11,9,40,True,True,True,True,A1_GRID_RECOMMENDED,"A1 Section 3.3 recommends control radius about 3B, inner free-surface panels greater than 10, outer/free-surface proxy panels greater than 8, and roughly 60 stations at Fn=0.2 or 40 at Fn=0.3."
14,st41_bp8_fs24_cp10_r3p0_h2_fsm_clipfs_onezonefs_noend_pr1p0_pl1p0_pf1p0_pm1p0_dt1p0_fv0p03_hr1p0_hqtrapezoid_hp1p0_hc1p0_cim1p0_cp1p0_cnm1p0_cd1p0_pg1p0,A53,OK,diagnostic_matched_wigley_sensitivity_not_hard_gate,wigley_iii,Fn0.4,0.4,2.1696064159197173,2.0,3.616010693199528,0.15,239.85000000000002,29,30,9,2.25,0.75,0.07499999999999996,-0.8671874999999999,0.8671874999999999,0.06562499999999982,0.0656250000000001,heave,pitch_moment,-0.75,-476.4201187823378,111.68298373305853,-35.731508908675316,8.376223779979385,-0.011393370527936679,-0.011393370527936679,0.0,0.2175418997631355,0.2175418997631355,0.0,0.0,0.2175418997631355,2.0172071258675746,0.896937680675226,0.016450411880086124,0.009424397050679401,0.09350312770809117,0.04456170480018121,0.8316300508061714,7701.939512346474,3381.146070963462,7476.59860097382,3324.4196505665805,1849.4176412482275,713.8267832085323,5.132439172720315,3.517267768600753,0.005906509172785424,0.002425766206623832,advance_eq19_20,0.02120331726191326,0.019184937153315394,0.029511368616437977,0.02450754955473762,1.3918279037143004,1.277437051729013,342.4849787194831,3.6539444037464325e-16,a1_station_hull_matched_sweep_free_surface_marching_not_benchmark_validated,41,8,24,10,3.0,2,16,15.0,False,none,0.0,1.0,0.03,1.0,trapezoid,1.0,1.0,-1.0,1.0,-1.0,1.0,1.0,True,False,True,3.0,11,9,40,True,True,True,True,A1_GRID_RECOMMENDED,"A1 Section 3.3 recommends control radius about 3B, inner free-surface panels greater than 10, outer/free-surface proxy panels greater than 8, and roughly 60 stations at Fn=0.2 or 40 at Fn=0.3."
14,st41_bp8_fs24_cp10_r3p0_h2_fsm_clipfs_onezonefs_noend_pr1p0_pl1p0_pf1p0_pm1p0_dt1p0_fv0p03_hr1p0_hqtrapezoid_hp1p0_hc1p0_cim1p0_cp1p0_cnm1p0_cd1p0_pg1p0,A53,OK,diagnostic_matched_wigley_sensitivity_not_hard_gate,wigley_iii,Fn0.4,0.4,2.1696064159197173,2.0,3.616010693199528,0.15,239.85000000000002,30,31,8,2.3249999999999997,0.6750000000000003,0.07499999999999996,-0.866859375,0.866859375,0.06628124999999996,0.06628125000000007,heave,pitch_moment,-0.8249999999999997,-474.4793791061456,115.43248189355998,-35.5859534329609,8.657436142016994,-0.011346958620971792,-0.011346958620971792,0.0,0.20617173518868132,0.20617173518868132,0.0,0.0,0.20617173518868132,1.9556780661541129,0.8762805952508845,0.014869786928350141,0.00851528491237866,0.08260669004112042,0.03971999781455517,0.849687483350151,7490.789028489567,3300.9700562733083,7248.546619660772,3247.8560027372073,1889.5746007882447,738.2768958008393,4.839416243998812,3.3252602943848735,0.005087124303272613,0.0020917408312886004,advance_eq19_20,0.016126170765434784,0.01603129038622016,0.023262104717966362,0.02105001789865429,1.4425064112446897,1.313058237454673,342.52120658418943,4.967102667778297e-16,a1_station_hull_matched_sweep_free_surface_marching_not_benchmark_validated,41,8,24,10,3.0,2,16,15.0,False,none,0.0,1.0,0.03,1.0,trapezoid,1.0,1.0,-1.0,1.0,-1.0,1.0,1.0,True,False,True,3.0,11,9,40,True,True,True,True,A1_GRID_RECOMMENDED,"A1 Section 3.3 recommends control radius about 3B, inner free-surface panels greater than 10, outer/free-surface proxy panels greater than 8, and roughly 60 stations at Fn=0.2 or 40 at Fn=0.3."
14,st41_bp8_fs24_cp10_r3p0_h2_fsm_clipfs_onezonefs_noend_pr1p0_pl1p0_pf1p0_pm1p0_dt1p0_fv0p03_hr1p0_hqtrapezoid_hp1p0_hc1p0_cim1p0_cp1p0_cnm1p0_cd1p0_pg1p0,A53,OK,diagnostic_matched_wigley_sensitivity_not_hard_gate,wigley_iii,Fn0.4,0.4,2.1696064159197173,2.0,3.616010693199528,0.15,239.85000000000002,31,32,7,2.4,0.6000000000000001,0.07500000000000018,-0.8664999999999999,0.8664999999999998,0.06699999999999995,0.06700000000000006,heave,pitch_moment,-0.8999999999999999,-462.26434893489204,111.63139934854433,-34.669826170116984,8.372354951140846,-0.01105484172820349,-0.01105484172820349,0.0,0.19497083501409365,0.19497083501409365,0.0,0.0,0.19497083501409365,1.8941983267176612,0.8571569378531975,0.012937802888172135,0.007417156578891737,0.07147663252256214,0.034494378763867704,0.8448099500380801,7267.70455767265,3217.0397596756375,7020.677439563009,3176.9758693530084,1878.7277150313203,749.0512173192717,4.507492694472934,3.1054276320864007,0.00441472057778998,0.0018200625762086699,advance_eq19_20,0.011844382362325167,0.013090682286593875,0.017866714283031288,0.01776515410646646,1.508454703375844,1.357083895058678,342.56168396636383,3.063944127995544e-16,a1_station_hull_matched_sweep_free_surface_marching_not_benchmark_validated,41,8,24,10,3.0,2,16,15.0,False,none,0.0,1.0,0.03,1.0,trapezoid,1.0,1.0,-1.0,1.0,-1.0,1.0,1.0,True,False,True,3.0,11,9,40,True,True,True,True,A1_GRID_RECOMMENDED,"A1 Section 3.3 recommends control radius about 3B, inner free-surface panels greater than 10, outer/free-surface proxy panels greater than 8, and roughly 60 stations at Fn=0.2 or 40 at Fn=0.3."
14,st41_bp8_fs24_cp10_r3p0_h2_fsm_clipfs_onezonefs_noend_pr1p0_pl1p0_pf1p0_pm1p0_dt1p0_fv0p03_hr1p0_hqtrapezoid_hp1p0_hc1p0_cim1p0_cp1p0_cnm1p0_cd1p0_pg1p0,A53,OK,diagnostic_matched_wigley_sensitivity_not_hard_gate,wigley_iii,Fn0.4,0.4,2.1696064159197173,2.0,3.616010693199528,0.15,239.85000000000002,32,33,6,2.475,0.5249999999999999,0.07499999999999996,-0.866109375,0.866109375,0.06778124999999988,0.06778125000000013,heave,pitch_moment,-0.9750000000000001,-440.5852405514164,93.74847547952916,-33.04389304135621,7.031135660964683,-0.010536395707998584,-0.010536395707998584,0.0,0.1841752162959926,0.1841752162959926,0.0,0.0,0.1841752162959926,1.8361736524089292,0.8421416701270962,0.010531121841617405,0.006068157892456374,0.06039205294438707,0.028875484045292988,0.7949692789015306,7031.487608770886,3135.4680952415874,6805.61415072397,3121.3231164777017,1767.8897091629274,746.4517332050449,4.139868751729826,2.860141755978569,0.004028498807611905,0.0016772350705306415,advance_eq19_20,0.008285845693234239,0.010361760261026457,0.01325372582879629,0.01465492769838789,1.5995622317247042,1.4143280030816061,342.6062403202417,4.815279706852604e-16,a1_station_hull_matched_sweep_free_surface_marching_not_benchmark_validated,41,8,24,10,3.0,2,16,15.0,False,none,0.0,1.0,0.03,1.0,trapezoid,1.0,1.0,-1.0,1.0,-1.0,1.0,1.0,True,False,True,3.0,11,9,40,True,True,True,True,A1_GRID_RECOMMENDED,"A1 Section 3.3 recommends control radius about 3B, inner free-surface panels greater than 10, outer/free-surface proxy panels greater than 8, and roughly 60 stations at Fn=0.2 or 40 at Fn=0.3."
14,st41_bp8_fs24_cp10_r3p0_h2_fsm_clipfs_onezonefs_noend_pr1p0_pl1p0_pf1p0_pm1p0_dt1p0_fv0p03_hr1p0_hqtrapezoid_hp1p0_hc1p0_cim1p0_cp1p0_cnm1p0_cd1p0_pg1p0,A53,OK,diagnostic_matched_wigley_sensitivity_not_hard_gate,wigley_iii,Fn0.4,0.4,2.1696064159197173,2.0,3.616010693199528,0.15,239.85000000000002,33,34,5,2.55,0.4500000000000002,0.07499999999999996,-0.8656874999999999,0.8656874999999999,0.06862499999999994,0.06862500000000005,heave,pitch_moment,-1.0499999999999998,-411.27620602735783,45.68159882138019,-30.84571545205182,3.426119911603512,-0.00983548347322109,-0.00983548347322109,0.0,0.1739892767053828,0.1739892767053828,0.0,0.0,0.1739892767053828,1.7896929810173037,0.837090817233426,0.007382988369956189,0.004309228631053204,0.049966899554486,0.02271668432719565,0.7036295548127497,6815.398426783918,3111.140604935511,6633.337680825278,3102.60257995258,1564.7641764662878,677.4061052154794,3.7421064404765825,2.5934372810419593,0.004333035892849012,0.0017887116562039524,advance_eq19_20,0.005390603194562746,0.00784129472686691,0.009363960922822368,0.011721927975613989,1.7370896326161358,1.4948970015692338,342.6545414156471,6.711857472096817e-16,a1_station_hull_matched_sweep_free_surface_marching_not_benchmark_validated,41,8,24,10,3.0,2,16,15.0,False,none,0.0,1.0,0.03,1.0,trapezoid,1.0,1.0,-1.0,1.0,-1.0,1.0,1.0,True,False,True,3.0,11,9,40,True,True,True,True,A1_GRID_RECOMMENDED,"A1 Section 3.3 recommends control radius about 3B, inner free-surface panels greater than 10, outer/free-surface proxy panels greater than 8, and roughly 60 stations at Fn=0.2 or 40 at Fn=0.3."
14,st41_bp8_fs24_cp10_r3p0_h2_fsm_clipfs_onezonefs_noend_pr1p0_pl1p0_pf1p0_pm1p0_dt1p0_fv0p03_hr1p0_hqtrapezoid_hp1p0_hc1p0_cim1p0_cp1p0_cnm1p0_cd1p0_pg1p0,A53,OK,diagnostic_matched_wigley_sensitivity_not_hard_gate,wigley_iii,Fn0.4,0.4,2.1696064159197173,2.0,3.616010693199528,0.15,239.85000000000002,34,35,4,2.625,0.375,0.07499999999999996,-0.8652343749999999,0.8652343749999999,0.06953124999999993,0.06953125000000009,heave,pitch_moment,-1.125,-378.58001827760586,-96.91751425318745,-28.393501370820424,-7.268813568989055,-0.009053569009079618,-0.009053569009079618,0.0,0.16454475046423242,0.16454475046423242,0.0,0.0,0.16454475046423242,1.7770400590504798,0.8576777626061707,0.0029982872503264905,0.0015447502401895533,0.043392002194034766,0.015286648575989738,1.2669678187069604,7163.780074960036,3708.1638990499564,6586.440752164716,3178.9062599259432,2817.5420459361912,1909.1973425555116,3.326745097291251,2.3144079545346687,0.008119020550041314,0.0032816400185620887,advance_eq19_20,0.0031119087225376357,0.005516244473102606,0.0061503904890046705,0.008966189607480093,1.976404527697482,1.6254155614747563,342.70650863905854,6.185861225820946e-16,a1_station_hull_matched_sweep_free_surface_marching_not_benchmark_validated,41,8,24,10,3.0,2,16,15.0,False,none,0.0,1.0,0.03,1.0,trapezoid,1.0,1.0,-1.0,1.0,-1.0,1.0,1.0,True,False,True,3.0,11,9,40,True,True,True,True,A1_GRID_RECOMMENDED,"A1 Section 3.3 recommends control radius about 3B, inner free-surface panels greater than 10, outer/free-surface proxy panels greater than 8, and roughly 60 stations at Fn=0.2 or 40 at Fn=0.3."
14,st41_bp8_fs24_cp10_r3p0_h2_fsm_clipfs_onezonefs_noend_pr1p0_pl1p0_pf1p0_pm1p0_dt1p0_fv0p03_hr1p0_hqtrapezoid_hp1p0_hc1p0_cim1p0_cp1p0_cnm1p0_cd1p0_pg1p0,A53,OK,diagnostic_matched_wigley_sensitivity_not_hard_gate,wigley_iii,Fn0.4,0.4,2.1696064159197173,2.0,3.616010693199528,0.15,239.85000000000002,35,36,3,2.6999999999999997,0.30000000000000027,0.07499999999999996,-0.8647499999999999,0.8647499999999999,0.0704999999999999,0.07050000000000001,heave,pitch_moment,-1.1999999999999997,-357.21859039056517,-885.8196439617374,-26.791394279292373,-66.43647329713026,-0.00854272017350799,-0.00854272017350799,0.0,0.15574660587293865,0.15574660587293865,0.0,0.0,0.15574660587293865,1.890657572699577,0.9658675073311387,0.00808441258363898,0.004436972049629603,0.05836247004763855,0.030071506400860905,8.447076034232484,20049.490751380832,13016.371704672463,7007.5539500618415,3579.9019155914552,18785.001118623288,12514.40108950255,2.9508756661350213,2.0635877464216845,0.0003984407417841865,0.00014116172823968893,advance_eq19_20,0.001422071863889435,0.0033158202579308626,0.0035801109143203218,0.006375299251437599,2.517531641845825,1.9226914475201113,342.76452809793597,4.0789741242611746e-16,a1_station_hull_matched_sweep_free_surface_marching_not_benchmark_validated,41,8,24,10,3.0,2,16,15.0,False,none,0.0,1.0,0.03,1.0,trapezoid,1.0,1.0,-1.0,1.0,-1.0,1.0,1.0,True,False,True,3.0,11,9,40,True,True,True,True,A1_GRID_RECOMMENDED,"A1 Section 3.3 recommends control radius about 3B, inner free-surface panels greater than 10, outer/free-surface proxy panels greater than 8, and roughly 60 stations at Fn=0.2 or 40 at Fn=0.3."
14,st41_bp8_fs24_cp10_r3p0_h2_fsm_clipfs_onezonefs_noend_pr1p0_pl1p0_pf1p0_pm1p0_dt1p0_fv0p03_hr1p0_hqtrapezoid_hp1p0_hc1p0_cim1p0_cp1p0_cnm1p0_cd1p0_pg1p0,A53,OK,diagnostic_matched_wigley_sensitivity_not_hard_gate,wigley_iii,Fn0.4,0.4,2.1696064159197173,2.0,3.616010693199528,0.15,239.85000000000002,36,37,2,2.775,0.2250000000000001,0.07500000000000018,-0.8642343749999999,0.8642343749999999,0.07153124999999994,0.07153125000000005,heave,pitch_moment,-1.275,-459.3242330684448,1731.684723122014,-34.449317480133445,129.87635423415136,-0.010984530194032527,-0.010984530194032527,0.0,0.14598298068916837,0.14598298068916837,0.0,0.0,0.14598298068916837,2.954812715344113,1.7017828296623831,0.041319324358065686,0.021079960038770777,0.19146002127758283,0.11319139811542554,19.083791652616704,43829.734251956834,27536.005237620866,10951.750234463401,6307.5065323015915,42439.42472983215,26803.860650869992,3.063389527064563,2.1606833329609003,0.006107704851198425,0.0024878124888621277,advance_eq19_20,0.0003448933376594273,0.0007803250173559342,0.0016421066534139312,0.003865914696092581,4.761201432761413,4.9542365169732845,342.84460969129094,1.1347045794502604e-15,a1_station_hull_matched_sweep_free_surface_marching_not_benchmark_validated,41,8,24,10,3.0,2,16,15.0,False,none,0.0,1.0,0.03,1.0,trapezoid,1.0,1.0,-1.0,1.0,-1.0,1.0,1.0,True,False,True,3.0,11,9,40,True,True,True,True,A1_GRID_RECOMMENDED,"A1 Section 3.3 recommends control radius about 3B, inner free-surface panels greater than 10, outer/free-surface proxy panels greater than 8, and roughly 60 stations at Fn=0.2 or 40 at Fn=0.3."
14,st41_bp8_fs24_cp10_r3p0_h2_fsm_clipfs_onezonefs_noend_pr1p0_pl1p0_pf1p0_pm1p0_dt1p0_fv0p03_hr1p0_hqtrapezoid_hp1p0_hc1p0_cim1p0_cp1p0_cnm1p0_cd1p0_pg1p0,A53,OK,diagnostic_matched_wigley_sensitivity_not_hard_gate,wigley_iii,Fn0.4,0.4,2.1696064159197173,2.0,3.616010693199528,0.15,239.85000000000002,37,38,1,2.85,0.1499999999999999,0.07499999999999996,-0.8636874999999999,0.8636874999999999,0.07262499999999994,0.07262500000000005,heave,pitch_moment,-1.35,102.48242181365886,987.1788769108144,7.6861816360244095,74.03841576831104,0.0024508205222474383,0.0024508205222474383,0.0,0.14171612585327584,0.14171612585327584,0.0,0.0,0.14171612585327584,1.1945881376934184,0.8420715566522519,0.05264589840204342,0.02547950226924549,0.2159646505999843,0.12920963521500517,17.17963380131499,38460.57754594002,26884.121403059373,4427.6345668654285,3121.063247126058,38204.86981144633,26702.33974433465,0.5714347935317169,0.27611079853278797,0.0007025313826802202,0.00028222610736231604,advance_eq19_20,0.00010822402442978449,0.0003192439657572672,0.00038670051325068405,0.0008510471269528742,3.5731485249060806,2.6658205580617182,343.0542195004204,5.143294350022403e-16,a1_station_hull_matched_sweep_free_surface_marching_not_benchmark_validated,41,8,24,10,3.0,2,16,15.0,False,none,0.0,1.0,0.03,1.0,trapezoid,1.0,1.0,-1.0,1.0,-1.0,1.0,1.0,True,False,True,3.0,11,9,40,True,True,True,True,A1_GRID_RECOMMENDED,"A1 Section 3.3 recommends control radius about 3B, inner free-surface panels greater than 10, outer/free-surface proxy panels greater than 8, and roughly 60 stations at Fn=0.2 or 40 at Fn=0.3."
14,st41_bp8_fs24_cp10_r3p0_h2_fsm_clipfs_onezonefs_noend_pr1p0_pl1p0_pf1p0_pm1p0_dt1p0_fv0p03_hr1p0_hqtrapezoid_hp1p0_hc1p0_cim1p0_cp1p0_cnm1p0_cd1p0_pg1p0,A53,OK,diagnostic_matched_wigley_sensitivity_not_hard_gate,wigley_iii,Fn0.4,0.4,2.1696064159197173,2.0,3.616010693199528,0.15,239.85000000000002,38,39,0,2.925,0.07500000000000018,0.03749999999999987,-0.8631093749999998,0.8631093749999998,0.07378124999999991,0.07378125000000002,heave,pitch_moment,-1.4249999999999998,-47.61536507665114,-2204.025966439664,-1.7855761903744114,-82.6509737414871,-0.0005693499033246251,-0.0005693499033246251,0.0,0.14237218621107492,0.14237218621107492,0.0,0.0,0.14237218621107492,1.3543731817634503,0.7896922180716583,0.011223414908182806,0.005094185475337254,0.04157895424014196,0.02332804418383987,58.92230682822132,131130.28947997774,70751.05469796754,5019.863605535286,2926.9238925056593,131034.17030868163,70750.09723783753,0.7530552401820433,0.5312989585586861,0.0,0.0,initialize_eq21_22,0.0,0.0,0.00013237299143824957,0.00039047964598024445,,,418.23117884841605,1.351989908607372e-15,a1_station_hull_matched_sweep_free_surface_marching_not_benchmark_validated,41,8,24,10,3.0,2,16,15.0,False,none,0.0,1.0,0.03,1.0,trapezoid,1.0,1.0,-1.0,1.0,-1.0,1.0,1.0,True,False,True,3.0,11,9,40,True,True,True,True,A1_GRID_RECOMMENDED,"A1 Section 3.3 recommends control radius about 3B, inner free-surface panels greater than 10, outer/free-surface proxy panels greater than 8, and roughly 60 stations at Fn=0.2 or 40 at Fn=0.3."
14,st41_bp8_fs24_cp10_r3p0_h2_fsm_clipfs_onezonefs_noend_pr1p0_pl1p0_pf1p0_pm1p0_dt1p0_fv0p03_hr1p0_hqtrapezoid_hp1p0_hc1p0_cim1p0_cp1p0_cn1p0_cd1p0_pg1p0,A53,OK,diagnostic_matched_wigley_sensitivity_not_hard_gate,wigley_iii,Fn0.4,0.4,2.1696064159197173,2.0,3.616010693199528,0.15,239.85000000000002,0,1,38,0.075,2.925,0.0375,-0.8631093749999998,0.8631093749999998,0.07378124999999991,0.07378125000000002,heave,pitch_moment,1.425,742.5263714975101,-15779.675554241276,27.84473893115663,-591.7378332840478,0.008878590285878087,0.008878590285878087,0.0,0.0,0.0,0.0,0.0,0.0,20.5818614638866,11.230847526791221,0.03197646620353301,0.015145648952841503,0.24588632300377655,0.09060678540542573,462.56807070532113,1031505.1059296697,540495.9308047147,76284.83691784936,41626.13636933479,1028680.4203519168,538890.6345330344,5.362860570738405,3.4412337420253594,0.016682188235755673,0.006955631614595403,advance_eq19_20,1.0983559562622214,0.14887623377520404,1.147722489984175,0.1464613041503926,1.044945842411554,0.9837789446738835,113.95001957184003,4.82176352011741e-15,a1_station_hull_matched_sweep_free_surface_marching_not_benchmark_validated,41,8,24,10,3.0,2,16,15.0,False,none,0.0,1.0,0.03,1.0,trapezoid,1.0,1.0,-1.0,1.0,1.0,1.0,1.0,True,False,True,3.0,11,9,40,True,True,True,True,A1_GRID_RECOMMENDED,"A1 Section 3.3 recommends control radius about 3B, inner free-surface panels greater than 10, outer/free-surface proxy panels greater than 8, and roughly 60 stations at Fn=0.2 or 40 at Fn=0.3."
14,st41_bp8_fs24_cp10_r3p0_h2_fsm_clipfs_onezonefs_noend_pr1p0_pl1p0_pf1p0_pm1p0_dt1p0_fv0p03_hr1p0_hqtrapezoid_hp1p0_hc1p0_cim1p0_cp1p0_cn1p0_cd1p0_pg1p0,A53,OK,diagnostic_matched_wigley_sensitivity_not_hard_gate,wigley_iii,Fn0.4,0.4,2.1696064159197173,2.0,3.616010693199528,0.15,239.85000000000002,1,2,37,0.15,2.85,0.07499999999999998,-0.8636874999999999,0.8636874999999999,0.07262499999999991,0.07262500000000005,heave,pitch_moment,1.35,-445.31519709025855,-162.94342237371825,-33.39863978176938,-12.220756678028867,-0.010649510468067495,-0.010649510468067495,0.0,0.003553835051844338,0.003553835051844338,0.0,0.0,0.003553835051844338,6.802853714315046,4.525498030526558,0.07046199870991675,0.035042184415688515,0.5754426477523616,0.2169922434089416,111.75811867934684,249808.6499754731,113140.82357717096,25214.171569616217,16773.355502198374,248532.90960077377,111890.57379832045,6.621450214041552,4.180594549235062,0.006409409560899487,0.002721225907531379,advance_eq19_20,1.0204673692557196,0.1496447687936564,1.0693632193314784,0.1448632610409277,1.0479151529474393,0.9680476117456409,94.99248929002052,2.119778392470075e-15,a1_station_hull_matched_sweep_free_surface_marching_not_benchmark_validated,41,8,24,10,3.0,2,16,15.0,False,none,0.0,1.0,0.03,1.0,trapezoid,1.0,1.0,-1.0,1.0,1.0,1.0,1.0,True,False,True,3.0,11,9,40,True,True,True,True,A1_GRID_RECOMMENDED,"A1 Section 3.3 recommends control radius about 3B, inner free-surface panels greater than 10, outer/free-surface proxy panels greater than 8, and roughly 60 stations at Fn=0.2 or 40 at Fn=0.3."
14,st41_bp8_fs24_cp10_r3p0_h2_fsm_clipfs_onezonefs_noend_pr1p0_pl1p0_pf1p0_pm1p0_dt1p0_fv0p03_hr1p0_hqtrapezoid_hp1p0_hc1p0_cim1p0_cp1p0_cn1p0_cd1p0_pg1p0,A53,OK,diagnostic_matched_wigley_sensitivity_not_hard_gate,wigley_iii,Fn0.4,0.4,2.1696064159197173,2.0,3.616010693199528,0.15,239.85000000000002,2,3,36,0.22499999999999998,2.775,0.075,-0.8642343749999999,0.8642343749999999,0.07153124999999994,0.07153125000000006,heave,pitch_moment,1.275,1843.0685388717684,6245.292524774348,138.23014041538264,468.39693935807605,0.04407614612375899,0.04407614612375899,0.0,0.020267152879690078,0.020267152879690078,0.0,0.0,0.020267152879690078,11.911498617505156,6.456985713616845,0.024339198001539487,0.013621537405413737,0.1694889574072906,0.0726247212724524,73.2678923620693,168811.8657281795,112867.12535616294,44148.909032253294,23932.242620931975,162936.55158340232,110300.66069292897,4.566548371735499,2.3792877229229483,0.0011497211251236242,0.0004069894703137379,advance_eq19_20,0.9440040263186764,0.14456097813535068,0.9930484672845974,0.14527166069294226,1.051953635364437,1.004916143808367,96.31469922371299,2.1994520954275187e-15,a1_station_hull_matched_sweep_free_surface_marching_not_benchmark_validated,41,8,24,10,3.0,2,16,15.0,False,none,0.0,1.0,0.03,1.0,trapezoid,1.0,1.0,-1.0,1.0,1.0,1.0,1.0,True,False,True,3.0,11,9,40,True,True,True,True,A1_GRID_RECOMMENDED,"A1 Section 3.3 recommends control radius about 3B, inner free-surface panels greater than 10, outer/free-surface proxy panels greater than 8, and roughly 60 stations at Fn=0.2 or 40 at Fn=0.3."
14,st41_bp8_fs24_cp10_r3p0_h2_fsm_clipfs_onezonefs_noend_pr1p0_pl1p0_pf1p0_pm1p0_dt1p0_fv0p03_hr1p0_hqtrapezoid_hp1p0_hc1p0_cim1p0_cp1p0_cn1p0_cd1p0_pg1p0,A53,OK,diagnostic_matched_wigley_sensitivity_not_hard_gate,wigley_iii,Fn0.4,0.4,2.1696064159197173,2.0,3.616010693199528,0.15,239.85000000000002,3,4,35,0.3,2.7,0.07500000000000001,-0.8647499999999999,0.8647499999999999,0.0704999999999999,0.07050000000000001,heave,pitch_moment,1.2,1174.0966077220912,-5237.514809007526,88.05724557915686,-392.8136106755645,0.02807798655010795,0.02807798655010795,0.0,0.056344219216623546,0.056344219216623546,0.0,0.0,0.056344219216623546,6.380607086626915,2.91435833372634,0.003799115795592725,0.0016564522661731535,0.020775496928115065,0.01059463996177293,47.068039724833696,107310.44078040535,64449.37934588285,23649.152040706304,10801.809671033843,104672.0989960574,63537.73214319402,2.5531354427830943,1.5168120984996596,0.0008855839554659551,0.00029512392393600637,advance_eq19_20,0.8709535187087889,0.14101394399618297,0.9184276824160283,0.14053664781712927,1.0545082632855323,0.9966152554454712,97.66111149943426,8.307278914903464e-16,a1_station_hull_matched_sweep_free_surface_marching_not_benchmark_validated,41,8,24,10,3.0,2,16,15.0,False,none,0.0,1.0,0.03,1.0,trapezoid,1.0,1.0,-1.0,1.0,1.0,1.0,1.0,True,False,True,3.0,11,9,40,True,True,True,True,A1_GRID_RECOMMENDED,"A1 Section 3.3 recommends control radius about 3B, inner free-surface panels greater than 10, outer/free-surface proxy panels greater than 8, and roughly 60 stations at Fn=0.2 or 40 at Fn=0.3."
14,st41_bp8_fs24_cp10_r3p0_h2_fsm_clipfs_onezonefs_noend_pr1p0_pl1p0_pf1p0_pm1p0_dt1p0_fv0p03_hr1p0_hqtrapezoid_hp1p0_hc1p0_cim1p0_cp1p0_cn1p0_cd1p0_pg1p0,A53,OK,diagnostic_matched_wigley_sensitivity_not_hard_gate,wigley_iii,Fn0.4,0.4,2.1696064159197173,2.0,3.616010693199528,0.15,239.85000000000002,4,5,34,0.375,2.625,0.07499999999999998,-0.8652343749999999,0.8652343749999999,0.06953124999999993,0.06953125000000009,heave,pitch_moment,1.125,1049.6281829316508,-1683.431168911831,78.72211371987379,-126.2573376683873,0.025101380762991714,0.025101380762991714,0.0,0.0829339028731734,0.0829339028731734,0.0,0.0,0.0829339028731734,5.091516397077247,2.171321440292666,0.004407648454731315,0.001990067869453945,0.024729456988036722,0.010579324699674417,13.203716297345908,34904.32974205658,17856.90803935801,18871.25217984286,8047.809585133473,29363.039282523052,15940.574820486321,2.1937052881506913,1.213424626912605,0.0004768549181627243,0.0002862700654122154,advance_eq19_20,0.8008742450078229,0.13747547439732516,0.8472199007432734,0.13714621569046373,1.0578688302493704,0.9976049640250025,98.98004886155589,1.0237568675848373e-15,a1_station_hull_matched_sweep_free_surface_marching_not_benchmark_validated,41,8,24,10,3.0,2,16,15.0,False,none,0.0,1.0,0.03,1.0,trapezoid,1.0,1.0,-1.0,1.0,1.0,1.0,1.0,True,False,True,3.0,11,9,40,True,True,True,True,A1_GRID_RECOMMENDED,"A1 Section 3.3 recommends control radius about 3B, inner free-surface panels greater than 10, outer/free-surface proxy panels greater than 8, and roughly 60 stations at Fn=0.2 or 40 at Fn=0.3."
14,st41_bp8_fs24_cp10_r3p0_h2_fsm_clipfs_onezonefs_noend_pr1p0_pl1p0_pf1p0_pm1p0_dt1p0_fv0p03_hr1p0_hqtrapezoid_hp1p0_hc1p0_cim1p0_cp1p0_cn1p0_cd1p0_pg1p0,A53,OK,diagnostic_matched_wigley_sensitivity_not_hard_gate,wigley_iii,Fn0.4,0.4,2.1696064159197173,2.0,3.616010693199528,0.15,239.85000000000002,5,6,33,0.44999999999999996,2.55,0.07500000000000001,-0.8656874999999999,0.8656874999999999,0.06862499999999994,0.06862500000000005,heave,pitch_moment,1.05,988.6375799290222,-972.2469405404746,74.14781849467667,-72.91852054053561,0.02364281822262867,0.02364281822262867,0.0,0.10730600236598357,0.10730600236598357,0.0,0.0,0.10730600236598357,4.4484194701536355,1.8391554629275115,0.004006451833936783,0.0024128887082500283,0.0151650745487998,0.0068437807795582815,7.086292020571156,22807.540183672852,10342.486247276662,16487.67068121034,6816.665965912265,15758.826248734673,7778.180178183087,1.9808983347373335,0.9281165868540631,0.001952867711384095,0.0009263889224844807,advance_eq19_20,0.7338427317650522,0.1337330299956165,0.7790573725261594,0.13375146223286194,1.0616135294443212,1.0001378286070841,100.2548122089833,5.780628686153917e-16,a1_station_hull_matched_sweep_free_surface_marching_not_benchmark_validated,41,8,24,10,3.0,2,16,15.0,False,none,0.0,1.0,0.03,1.0,trapezoid,1.0,1.0,-1.0,1.0,1.0,1.0,1.0,True,False,True,3.0,11,9,40,True,True,True,True,A1_GRID_RECOMMENDED,"A1 Section 3.3 recommends control radius about 3B, inner free-surface panels greater than 10, outer/free-surface proxy panels greater than 8, and roughly 60 stations at Fn=0.2 or 40 at Fn=0.3."
14,st41_bp8_fs24_cp10_r3p0_h2_fsm_clipfs_onezonefs_noend_pr1p0_pl1p0_pf1p0_pm1p0_dt1p0_fv0p03_hr1p0_hqtrapezoid_hp1p0_hc1p0_cim1p0_cp1p0_cn1p0_cd1p0_pg1p0,A53,OK,diagnostic_matched_wigley_sensitivity_not_hard_gate,wigley_iii,Fn0.4,0.4,2.1696064159197173,2.0,3.616010693199528,0.15,239.85000000000002,6,7,32,0.525,2.475,0.07500000000000001,-0.866109375,0.866109375,0.0677812499999999,0.06778125000000006,heave,pitch_moment,0.975,939.2850985044588,-663.7524382339141,70.44638238783442,-49.781432867543565,0.022462576068329437,0.022462576068329437,0.0,0.13035869951146264,0.13035869951146264,0.0,0.0,0.13035869951146264,4.0406126780538685,1.646677771456774,0.003911981805222949,0.00270551595955222,0.017537714900847944,0.011211450533261889,4.671818733000431,18227.054119817745,7728.781716033858,14976.171117193378,6103.264540587705,10389.408094559949,4741.7537643475425,1.8654677077416935,0.6945415622963371,0.0034150312790995328,0.0015491138430976299,advance_eq19_20,0.6700001832390071,0.1297330574636727,0.7140192352666701,0.13016961776182273,1.0657000596848496,1.0033650659799818,101.47605820213124,1.29024288706725e-15,a1_station_hull_matched_sweep_free_surface_marching_not_benchmark_validated,41,8,24,10,3.0,2,16,15.0,False,none,0.0,1.0,0.03,1.0,trapezoid,1.0,1.0,-1.0,1.0,1.0,1.0,1.0,True,False,True,3.0,11,9,40,True,True,True,True,A1_GRID_RECOMMENDED,"A1 Section 3.3 recommends control radius about 3B, inner free-surface panels greater than 10, outer/free-surface proxy panels greater than 8, and roughly 60 stations at Fn=0.2 or 40 at Fn=0.3."
14,st41_bp8_fs24_cp10_r3p0_h2_fsm_clipfs_onezonefs_noend_pr1p0_pl1p0_pf1p0_pm1p0_dt1p0_fv0p03_hr1p0_hqtrapezoid_hp1p0_hc1p0_cim1p0_cp1p0_cn1p0_cd1p0_pg1p0,A53,OK,diagnostic_matched_wigley_sensitivity_not_hard_gate,wigley_iii,Fn0.4,0.4,2.1696064159197173,2.0,3.616010693199528,0.15,239.85000000000002,7,8,31,0.6,2.4,0.07499999999999996,-0.8664999999999999,0.8664999999999998,0.06699999999999995,0.06700000000000006,heave,pitch_moment,0.9,889.113682546098,-487.6222865303043,66.68352619095731,-36.5716714897728,0.021262749466997338,0.021262749466997338,0.0,0.15222136227912605,0.15222136227912605,0.0,0.0,0.15222136227912605,3.750366501871788,1.5193208699180174,0.004615370894698085,0.002928988872449861,0.03255722585335601,0.015549837306131041,3.4095372098678425,15833.893788939626,6497.1454026365745,13900.399508540337,5631.227524825379,7582.28765099244,3240.7059333809693,1.8631431015444413,0.7000723123007939,0.0047621537590140485,0.0021212299383949495,advance_eq19_20,0.6094904513925721,0.12547108700110793,0.6522343110627398,0.12635788806511833,1.0701304828853446,1.0070677722270993,102.63663006147286,6.830873169809648e-16,a1_station_hull_matched_sweep_free_surface_marching_not_benchmark_validated,41,8,24,10,3.0,2,16,15.0,False,none,0.0,1.0,0.03,1.0,trapezoid,1.0,1.0,-1.0,1.0,1.0,1.0,1.0,True,False,True,3.0,11,9,40,True,True,True,True,A1_GRID_RECOMMENDED,"A1 Section 3.3 recommends control radius about 3B, inner free-surface panels greater than 10, outer/free-surface proxy panels greater than 8, and roughly 60 stations at Fn=0.2 or 40 at Fn=0.3."
14,st41_bp8_fs24_cp10_r3p0_h2_fsm_clipfs_onezonefs_noend_pr1p0_pl1p0_pf1p0_pm1p0_dt1p0_fv0p03_hr1p0_hqtrapezoid_hp1p0_hc1p0_cim1p0_cp1p0_cn1p0_cd1p0_pg1p0,A53,OK,diagnostic_matched_wigley_sensitivity_not_hard_gate,wigley_iii,Fn0.4,0.4,2.1696064159197173,2.0,3.616010693199528,0.15,239.85000000000002,8,9,30,0.6749999999999999,2.325,0.07500000000000001,-0.866859375,0.866859375,0.06628124999999993,0.06628125000000007,heave,pitch_moment,0.8250000000000001,834.4626023199562,-371.6652640957886,62.58469517399673,-27.87489480718415,0.019955793731459025,0.019955793731459025,0.0,0.17283063387835423,0.17283063387835423,0.0,0.0,0.17283063387835423,3.529542834276746,1.4280898998006055,0.005798434415908341,0.00310689971117723,0.048799652345177226,0.019562365214975893,2.643202128357655,14341.855997935718,5800.880882458099,13081.936246621746,5293.088057242463,5878.076003663855,2373.486429441943,1.9799230400557437,0.8137466677484626,0.005963440479561653,0.0026307046857135187,advance_eq19_20,0.5524361779916938,0.12096466037998047,0.5938247074413462,0.12231608528851945,1.0749200199018731,1.0111720638432236,103.73019523740942,3.286120594900419e-16,a1_station_hull_matched_sweep_free_surface_marching_not_benchmark_validated,41,8,24,10,3.0,2,16,15.0,False,none,0.0,1.0,0.03,1.0,trapezoid,1.0,1.0,-1.0,1.0,1.0,1.0,1.0,True,False,True,3.0,11,9,40,True,True,True,True,A1_GRID_RECOMMENDED,"A1 Section 3.3 recommends control radius about 3B, inner free-surface panels greater than 10, outer/free-surface proxy panels greater than 8, and roughly 60 stations at Fn=0.2 or 40 at Fn=0.3."
14,st41_bp8_fs24_cp10_r3p0_h2_fsm_clipfs_onezonefs_noend_pr1p0_pl1p0_pf1p0_pm1p0_dt1p0_fv0p03_hr1p0_hqtrapezoid_hp1p0_hc1p0_cim1p0_cp1p0_cn1p0_cd1p0_pg1p0,A53,OK,diagnostic_matched_wigley_sensitivity_not_hard_gate,wigley_iii,Fn0.4,0.4,2.1696064159197173,2.0,3.616010693199528,0.15,239.85000000000002,9,10,29,0.75,2.25,0.07500000000000001,-0.8671874999999999,0.8671874999999999,0.06562499999999982,0.0656250000000001,heave,pitch_moment,0.75,774.4140097211241,-288.66189934858585,58.08105072908432,-21.649642451143944,0.01851975894160125,0.01851975894160125,0.0,0.19206841021488438,0.19206841021488438,0.0,0.0,0.19206841021488438,3.354151142515783,1.3592275576330481,0.007102725208726612,0.003250381027541995,0.06391975666121037,0.023143331206777473,2.13297783243049,13306.058649718854,5356.808443975856,12431.862557893097,5037.855917464894,4743.415450012116,1820.825214103481,2.199922443462,0.9004590445269102,0.007009797917920141,0.0030740233544252543,advance_eq19_20,0.49892393981918026,0.11624293587360164,0.5388828744562841,0.11806242407068435,1.0800902330956212,1.0156524625209153,104.75084920458065,5.123344620879828e-16,a1_station_hull_matched_sweep_free_surface_marching_not_benchmark_validated,41,8,24,10,3.0,2,16,15.0,False,none,0.0,1.0,0.03,1.0,trapezoid,1.0,1.0,-1.0,1.0,1.0,1.0,1.0,True,False,True,3.0,11,9,40,True,True,True,True,A1_GRID_RECOMMENDED,"A1 Section 3.3 recommends control radius about 3B, inner free-surface panels greater than 10, outer/free-surface proxy panels greater than 8, and roughly 60 stations at Fn=0.2 or 40 at Fn=0.3."
14,st41_bp8_fs24_cp10_r3p0_h2_fsm_clipfs_onezonefs_noend_pr1p0_pl1p0_pf1p0_pm1p0_dt1p0_fv0p03_hr1p0_hqtrapezoid_hp1p0_hc1p0_cim1p0_cp1p0_cn1p0_cd1p0_pg1p0,A53,OK,diagnostic_matched_wigley_sensitivity_not_hard_gate,wigley_iii,Fn0.4,0.4,2.1696064159197173,2.0,3.616010693199528,0.15,239.85000000000002,10,11,28,0.825,2.175,0.07499999999999996,-0.8674843749999999,0.8674843749999999,0.06503124999999987,0.0650312500000001,heave,pitch_moment,0.675,709.0644086323821,-226.09066198288784,53.17983064742862,-16.95679964871658,0.01695695294390353,0.01695695294390353,0.0,0.2098067661576368,0.2098067661576368,0.0,0.0,0.2098067661576368,3.2105814682543,1.3052739712990251,0.008352654382603162,0.003365365059634632,0.07737847637808154,0.026260473319647717,1.771781307120687,12535.095350761043,5049.044855482396,11899.734343610684,4837.881753716596,3940.169793824057,1444.9062563811117,2.494795913194352,1.141873837658028,0.007901447262932005,0.0034514271336028675,advance_eq19_20,0.4489928372188321,0.11134094635078506,0.48745703397086154,0.11362393202907387,1.0856677291118624,1.0205044572829132,105.69301673551143,2.4555776217103026e-16,a1_station_hull_matched_sweep_free_surface_marching_not_benchmark_validated,41,8,24,10,3.0,2,16,15.0,False,none,0.0,1.0,0.03,1.0,trapezoid,1.0,1.0,-1.0,1.0,1.0,1.0,1.0,True,False,True,3.0,11,9,40,True,True,True,True,A1_GRID_RECOMMENDED,"A1 Section 3.3 recommends control radius about 3B, inner free-surface panels greater than 10, outer/free-surface proxy panels greater than 8, and roughly 60 stations at Fn=0.2 or 40 at Fn=0.3."
14,st41_bp8_fs24_cp10_r3p0_h2_fsm_clipfs_onezonefs_noend_pr1p0_pl1p0_pf1p0_pm1p0_dt1p0_fv0p03_hr1p0_hqtrapezoid_hp1p0_hc1p0_cim1p0_cp1p0_cn1p0_cd1p0_pg1p0,A53,OK,diagnostic_matched_wigley_sensitivity_not_hard_gate,wigley_iii,Fn0.4,0.4,2.1696064159197173,2.0,3.616010693199528,0.15,239.85000000000002,11,12,27,0.8999999999999999,2.1,0.07500000000000001,-0.8677499999999999,0.8677499999999999,0.06449999999999989,0.0645,heave,pitch_moment,0.6000000000000001,638.9226935171869,-177.34578747970383,47.919202013789025,-13.30093406097779,0.015279545718081693,0.015279545718081693,0.0,0.2259250154886294,0.2259250154886294,0.0,0.0,0.2259250154886294,3.0903515101791585,1.2617676245759564,0.009475056191245395,0.0034552578488514897,0.08903448313713452,0.028912726212916542,1.5051098490678503,11933.147105910497,4822.666205095998,11454.112709216974,4676.629353369616,3347.1333848316044,1238.1579679865172,2.836135218398159,1.3966033278021928,0.008642843773185813,0.003764871540139573,advance_eq19_20,0.402626023767043,0.10629519995625783,0.43954086918412466,0.10903085882446119,1.0916851947911852,1.0257364290140019,106.55145429053391,2.8939011234141685e-16,a1_station_hull_matched_sweep_free_surface_marching_not_benchmark_validated,41,8,24,10,3.0,2,16,15.0,False,none,0.0,1.0,0.03,1.0,trapezoid,1.0,1.0,-1.0,1.0,1.0,1.0,1.0,True,False,True,3.0,11,9,40,True,True,True,True,A1_GRID_RECOMMENDED,"A1 Section 3.3 recommends control radius about 3B, inner free-surface panels greater than 10, outer/free-surface proxy panels greater than 8, and roughly 60 stations at Fn=0.2 or 40 at Fn=0.3."
14,st41_bp8_fs24_cp10_r3p0_h2_fsm_clipfs_onezonefs_noend_pr1p0_pl1p0_pf1p0_pm1p0_dt1p0_fv0p03_hr1p0_hqtrapezoid_hp1p0_hc1p0_cim1p0_cp1p0_cn1p0_cd1p0_pg1p0,A53,OK,diagnostic_matched_wigley_sensitivity_not_hard_gate,wigley_iii,Fn0.4,0.4,2.1696064159197173,2.0,3.616010693199528,0.15,239.85000000000002,12,13,26,0.975,2.025,0.07500000000000007,-0.8679843749999999,0.8679843749999999,0.06403124999999998,0.0640312500000001,heave,pitch_moment,0.525,564.6767143272758,-138.5450454698948,42.35075357454572,-10.39087841024212,0.013503986882988499,0.013503986882988499,0.0,0.2403167817891645,0.2403167817891645,0.0,0.0,0.2403167817891645,2.9877742584370117,1.2258295568657216,0.01044109731428653,0.003522106200706051,0.09888190083565568,0.03201811758413385,1.3025171928899137,11446.482867984227,4648.4825406368245,11073.919259058888,4543.42810530815,2896.598400003189,1117.903340282323,3.2008711344761482,1.6617845283981492,0.00924033766474083,0.004017075384131068,advance_eq19_20,0.3597466242739946,0.10113956624986382,0.3950679236293115,0.10431225899054683,1.0981838243141235,1.031369451722236,107.32128791426383,6.93230912566043e-16,a1_station_hull_matched_sweep_free_surface_marching_not_benchmark_validated,41,8,24,10,3.0,2,16,15.0,False,none,0.0,1.0,0.03,1.0,trapezoid,1.0,1.0,-1.0,1.0,1.0,1.0,1.0,True,False,True,3.0,11,9,40,True,True,True,True,A1_GRID_RECOMMENDED,"A1 Section 3.3 recommends control radius about 3B, inner free-surface panels greater than 10, outer/free-surface proxy panels greater than 8, and roughly 60 stations at Fn=0.2 or 40 at Fn=0.3."
14,st41_bp8_fs24_cp10_r3p0_h2_fsm_clipfs_onezonefs_noend_pr1p0_pl1p0_pf1p0_pm1p0_dt1p0_fv0p03_hr1p0_hqtrapezoid_hp1p0_hc1p0_cim1p0_cp1p0_cn1p0_cd1p0_pg1p0,A53,OK,diagnostic_matched_wigley_sensitivity_not_hard_gate,wigley_iii,Fn0.4,0.4,2.1696064159197173,2.0,3.616010693199528,0.15,239.85000000000002,13,14,25,1.05,1.95,0.07500000000000001,-0.8681874999999999,0.8681874999999999,0.06362499999999982,0.0636250000000001,heave,pitch_moment,0.44999999999999996,487.0991680654161,-107.1831628070915,36.532437604906214,-8.038737210531863,0.011648755136124896,0.011648755136124896,0.0,0.2528931527987212,0.2528931527987212,0.0,0.0,0.2528931527987212,2.898805366604732,1.1954854832273616,0.01124152833119265,0.003729492036569283,0.10697022945351628,0.03460045776424412,1.1457597648629412,11042.161598512277,4509.487588356638,10744.163983225562,4430.960498187818,2547.993930373036,1016.5612402996054,3.5717223962769795,1.9345263589120758,0.00970104051374964,0.004211058808204786,advance_eq19_20,0.3202201776691586,0.09590134392089734,0.3539125775235615,0.09949202356076853,1.1052163548832104,1.0374413902148534,107.99806268512654,3.1241651630914075e-16,a1_station_hull_matched_sweep_free_surface_marching_not_benchmark_validated,41,8,24,10,3.0,2,16,15.0,False,none,0.0,1.0,0.03,1.0,trapezoid,1.0,1.0,-1.0,1.0,1.0,1.0,1.0,True,False,True,3.0,11,9,40,True,True,True,True,A1_GRID_RECOMMENDED,"A1 Section 3.3 recommends control radius about 3B, inner free-surface panels greater than 10, outer/free-surface proxy panels greater than 8, and roughly 60 stations at Fn=0.2 or 40 at Fn=0.3."
14,st41_bp8_fs24_cp10_r3p0_h2_fsm_clipfs_onezonefs_noend_pr1p0_pl1p0_pf1p0_pm1p0_dt1p0_fv0p03_hr1p0_hqtrapezoid_hp1p0_hc1p0_cim1p0_cp1p0_cn1p0_cd1p0_pg1p0,A53,OK,diagnostic_matched_wigley_sensitivity_not_hard_gate,wigley_iii,Fn0.4,0.4,2.1696064159197173,2.0,3.616010693199528,0.15,239.85000000000002,14,15,24,1.125,1.875,0.07499999999999996,-0.8683593749999999,0.8683593749999999,0.06328124999999996,0.06328125000000007,heave,pitch_moment,0.375,407.0108764771079,-81.50281769891879,30.525815735783073,-6.112711327418905,0.009733480056333572,0.009733480056333572,0.0,0.26358427039495047,0.26358427039495047,0.0,0.0,0.26358427039495047,2.8204265751732875,1.169312982187265,0.011876235010679128,0.003966703658645233,0.11337266845413718,0.03662402864924334,1.023283373381614,10698.480124443655,4395.00665338979,10453.659971591,4333.954453468334,2275.6252264975396,930.202224191729,3.936219833868325,2.2114539529504476,0.010032278269400627,0.0043499213230481434,advance_eq19_20,0.2838651892860332,0.09059802618965263,0.31589926924508005,0.09458555196390922,1.1128496242868586,1.0440133846394108,108.57779417676022,4.951336425234055e-16,a1_station_hull_matched_sweep_free_surface_marching_not_benchmark_validated,41,8,24,10,3.0,2,16,15.0,False,none,0.0,1.0,0.03,1.0,trapezoid,1.0,1.0,-1.0,1.0,1.0,1.0,1.0,True,False,True,3.0,11,9,40,True,True,True,True,A1_GRID_RECOMMENDED,"A1 Section 3.3 recommends control radius about 3B, inner free-surface panels greater than 10, outer/free-surface proxy panels greater than 8, and roughly 60 stations at Fn=0.2 or 40 at Fn=0.3."
14,st41_bp8_fs24_cp10_r3p0_h2_fsm_clipfs_onezonefs_noend_pr1p0_pl1p0_pf1p0_pm1p0_dt1p0_fv0p03_hr1p0_hqtrapezoid_hp1p0_hc1p0_cim1p0_cp1p0_cn1p0_cd1p0_pg1p0,A53,OK,diagnostic_matched_wigley_sensitivity_not_hard_gate,wigley_iii,Fn0.4,0.4,2.1696064159197173,2.0,3.616010693199528,0.15,239.85000000000002,15,16,23,1.2,1.8,0.07499999999999996,-0.8684999999999999,0.8684999999999998,0.06299999999999994,0.06300000000000008,heave,pitch_moment,0.30000000000000004,325.26829891415093,-60.1803204314184,24.395122418561307,-4.5135240323563774,0.007778643479608598,0.007778643479608598,0.0,0.27234033216292153,0.27234033216292153,0.0,0.0,0.27234033216292153,2.75029548976314,1.1462454456997222,0.012349534902902583,0.0041384329124902735,0.11817196525067754,0.038119720663661046,0.9274269749549968,10400.276839898566,4297.921402764961,10193.725347952997,4248.456683398491,2062.4553030383604,856.2122387951845,4.285645256828754,2.4884629223104477,0.010241351178366005,0.004436745907748969,advance_eq19_20,0.2504715548310348,0.08523565819771207,0.2808200257314043,0.08959776263961357,1.1211653391972682,1.0511769901721553,109.05701762428855,4.801603277009825e-16,a1_station_hull_matched_sweep_free_surface_marching_not_benchmark_validated,41,8,24,10,3.0,2,16,15.0,False,none,0.0,1.0,0.03,1.0,trapezoid,1.0,1.0,-1.0,1.0,1.0,1.0,1.0,True,False,True,3.0,11,9,40,True,True,True,True,A1_GRID_RECOMMENDED,"A1 Section 3.3 recommends control radius about 3B, inner free-surface panels greater than 10, outer/free-surface proxy panels greater than 8, and roughly 60 stations at Fn=0.2 or 40 at Fn=0.3."
14,st41_bp8_fs24_cp10_r3p0_h2_fsm_clipfs_onezonefs_noend_pr1p0_pl1p0_pf1p0_pm1p0_dt1p0_fv0p03_hr1p0_hqtrapezoid_hp1p0_hc1p0_cim1p0_cp1p0_cn1p0_cd1p0_pg1p0,A53,OK,diagnostic_matched_wigley_sensitivity_not_hard_gate,wigley_iii,Fn0.4,0.4,2.1696064159197173,2.0,3.616010693199528,0.15,239.85000000000002,16,17,22,1.275,1.725,0.07499999999999996,-0.8686093749999999,0.8686093749999999,0.0627812499999999,0.06278125000000001,heave,pitch_moment,0.2250000000000001,242.76050353639252,-42.16291192966746,18.20703776522943,-3.1622183947250577,0.005805507066762312,0.005805507066762312,0.0,0.279132407436107,0.279132407436107,0.0,0.0,0.279132407436107,2.6865374438043252,1.1254573614098264,0.012667932043832188,0.004249153446972971,0.1214539304199976,0.03913568049465914,0.8529001339557252,10136.448758400595,4213.248032689452,9957.411827589302,4171.40749993801,1896.7190428383556,792.7522978447904,4.614029516842324,2.760647632209758,0.010335393502721713,0.004474541285231249,advance_eq19_20,0.21982403904910408,0.07980967419454148,0.24845785352426064,0.08452326674023766,1.1302578853478367,1.059060415836387,109.43283246067818,2.6763015505045337e-16,a1_station_hull_matched_sweep_free_surface_marching_not_benchmark_validated,41,8,24,10,3.0,2,16,15.0,False,none,0.0,1.0,0.03,1.0,trapezoid,1.0,1.0,-1.0,1.0,1.0,1.0,1.0,True,False,True,3.0,11,9,40,True,True,True,True,A1_GRID_RECOMMENDED,"A1 Section 3.3 recommends control radius about 3B, inner free-surface panels greater than 10, outer/free-surface proxy panels greater than 8, and roughly 60 stations at Fn=0.2 or 40 at Fn=0.3."
14,st41_bp8_fs24_cp10_r3p0_h2_fsm_clipfs_onezonefs_noend_pr1p0_pl1p0_pf1p0_pm1p0_dt1p0_fv0p03_hr1p0_hqtrapezoid_hp1p0_hc1p0_cim1p0_cp1p0_cn1p0_cd1p0_pg1p0,A53,OK,diagnostic_matched_wigley_sensitivity_not_hard_gate,wigley_iii,Fn0.4,0.4,2.1696064159197173,2.0,3.616010693199528,0.15,239.85000000000002,17,18,21,1.3499999999999999,1.6500000000000001,0.07500000000000007,-0.8686874999999998,0.8686875,0.0626249999999999,0.06262500000000004,heave,pitch_moment,0.15000000000000013,160.4084690966276,-26.58493538564313,12.030635182247082,-1.9938701539232366,0.003836095605928712,0.003836095605928712,0.0,0.2839532087724525,0.2839532087724525,0.0,0.0,0.2839532087724525,2.6276176583601356,1.1062944458685995,0.012839027222619915,0.004303207846753301,0.1233047083754294,0.03975838953187815,0.7959022110527733,9898.560332691788,4137.360489293236,9739.030889026908,4100.381859740304,1769.964407133405,738.4416874785916,4.917124896139353,3.02237960862368,0.010321366731312712,0.00446624041989112,advance_eq19_20,0.19172575692674929,0.074308608062216,0.21861117420130077,0.07934919074396894,1.1402285102716967,1.067833092466658,109.70294068380586,3.704898826446026e-16,a1_station_hull_matched_sweep_free_surface_marching_not_benchmark_validated,41,8,24,10,3.0,2,16,15.0,False,none,0.0,1.0,0.03,1.0,trapezoid,1.0,1.0,-1.0,1.0,1.0,1.0,1.0,True,False,True,3.0,11,9,40,True,True,True,True,A1_GRID_RECOMMENDED,"A1 Section 3.3 recommends control radius about 3B, inner free-surface panels greater than 10, outer/free-surface proxy panels greater than 8, and roughly 60 stations at Fn=0.2 or 40 at Fn=0.3."
14,st41_bp8_fs24_cp10_r3p0_h2_fsm_clipfs_onezonefs_noend_pr1p0_pl1p0_pf1p0_pm1p0_dt1p0_fv0p03_hr1p0_hqtrapezoid_hp1p0_hc1p0_cim1p0_cp1p0_cn1p0_cd1p0_pg1p0,A53,OK,diagnostic_matched_wigley_sensitivity_not_hard_gate,wigley_iii,Fn0.4,0.4,2.1696064159197173,2.0,3.616010693199528,0.15,239.85000000000002,18,19,20,1.425,1.575,0.07500000000000007,-0.8687343749999998,0.868734375,0.06253124999999993,0.06253125000000004,heave,pitch_moment,0.07499999999999996,79.16307540986242,-12.727027772599689,5.937230655739686,-0.9545270829449775,0.0018931489555495105,0.0018931489555495105,0.0,0.2868178310531917,0.2868178310531917,0.0,0.0,0.2868178310531917,2.572260641959657,1.088229683705634,0.012871541029624194,0.004304960743916677,0.12380900647694784,0.04003302035613301,0.7535776144758723,9680.022464393034,4067.54121208065,9533.855036697962,4033.4264272601304,1675.840997941836,692.164127570442,5.191375401868784,3.267509604814013,0.010210071437635767,0.004416426133084359,advance_eq19_20,0.1660159171396654,0.06872020345738698,0.1911134918752755,0.07406039443489344,1.151175713558213,1.0777091846187254,109.86567790060892,4.95228651734015e-16,a1_station_hull_matched_sweep_free_surface_marching_not_benchmark_validated,41,8,24,10,3.0,2,16,15.0,False,none,0.0,1.0,0.03,1.0,trapezoid,1.0,1.0,-1.0,1.0,1.0,1.0,1.0,True,False,True,3.0,11,9,40,True,True,True,True,A1_GRID_RECOMMENDED,"A1 Section 3.3 recommends control radius about 3B, inner free-surface panels greater than 10, outer/free-surface proxy panels greater than 8, and roughly 60 stations at Fn=0.2 or 40 at Fn=0.3."
14,st41_bp8_fs24_cp10_r3p0_h2_fsm_clipfs_onezonefs_noend_pr1p0_pl1p0_pf1p0_pm1p0_dt1p0_fv0p03_hr1p0_hqtrapezoid_hp1p0_hc1p0_cim1p0_cp1p0_cn1p0_cd1p0_pg1p0,A53,OK,diagnostic_matched_wigley_sensitivity_not_hard_gate,wigley_iii,Fn0.4,0.4,2.1696064159197173,2.0,3.616010693199528,0.15,239.85000000000002,19,20,19,1.5,1.5,0.07499999999999996,-0.8687499999999999,0.8687499999999999,0.062499999999999944,0.06250000000000003,heave,pitch_moment,0.0,0.0,0.0,0.0,0.0,0.0,0.0,0.0,0.28776440553096644,0.28776440553096644,0.0,0.0,0.28776440553096644,2.519399408181994,1.07083546870106,0.012774801056637641,0.004267976650658311,0.12305105003728727,0.039883071941850236,0.7180017817670938,9473.460937952794,4001.249203198321,9337.929580437318,3968.9563181173703,1596.7258041727673,647.1973155322921,5.433047693908241,3.4896630413943597,0.010014008052088113,0.004330424705343512,advance_eq19_20,0.1425775274743931,0.06303855802063744,0.1658435635256654,0.0686459812570968,1.1631816490537115,1.0889522763928643,109.92003615667433,3.340204010322364e-16,a1_station_hull_matched_sweep_free_surface_marching_not_benchmark_validated,41,8,24,10,3.0,2,16,15.0,False,none,0.0,1.0,0.03,1.0,trapezoid,1.0,1.0,-1.0,1.0,1.0,1.0,1.0,True,False,True,3.0,11,9,40,True,True,True,True,A1_GRID_RECOMMENDED,"A1 Section 3.3 recommends control radius about 3B, inner free-surface panels greater than 10, outer/free-surface proxy panels greater than 8, and roughly 60 stations at Fn=0.2 or 40 at Fn=0.3."
14,st41_bp8_fs24_cp10_r3p0_h2_fsm_clipfs_onezonefs_noend_pr1p0_pl1p0_pf1p0_pm1p0_dt1p0_fv0p03_hr1p0_hqtrapezoid_hp1p0_hc1p0_cim1p0_cp1p0_cn1p0_cd1p0_pg1p0,A53,OK,diagnostic_matched_wigley_sensitivity_not_hard_gate,wigley_iii,Fn0.4,0.4,2.1696064159197173,2.0,3.616010693199528,0.15,239.85000000000002,20,21,18,1.575,1.425,0.07499999999999996,-0.8687343749999998,0.868734375,0.06253124999999993,0.06253125000000004,heave,pitch_moment,-0.07499999999999996,-76.11245067434292,11.741469660878774,-5.708433800575716,0.8806102245659075,-0.001820194652019472,-0.001820194652019472,0.0,0.2868543082049567,0.2868543082049567,0.0,0.0,0.2868543082049567,2.4689342445149647,1.054010107956239,0.012565765018821028,0.0041983801916752475,0.12120731086484403,0.03942525843696339,0.6849039975280357,9276.7771397565,3937.577303447548,9150.884944696925,3906.5946166379026,1523.1214100090351,600.2766083686686,5.630020262217196,3.6736370100715456,0.009739018576526492,0.004210710165866919,advance_eq19_20,0.12170095008332062,0.05746315327097855,0.14315295619920645,0.06328747107423441,1.176268189370741,1.101357434664091,109.86567790060924,4.240123265485745e-16,a1_station_hull_matched_sweep_free_surface_marching_not_benchmark_validated,41,8,24,10,3.0,2,16,15.0,False,none,0.0,1.0,0.03,1.0,trapezoid,1.0,1.0,-1.0,1.0,1.0,1.0,1.0,True,False,True,3.0,11,9,40,True,True,True,True,A1_GRID_RECOMMENDED,"A1 Section 3.3 recommends control radius about 3B, inner free-surface panels greater than 10, outer/free-surface proxy panels greater than 8, and roughly 60 stations at Fn=0.2 or 40 at Fn=0.3."
14,st41_bp8_fs24_cp10_r3p0_h2_fsm_clipfs_onezonefs_noend_pr1p0_pl1p0_pf1p0_pm1p0_dt1p0_fv0p03_hr1p0_hqtrapezoid_hp1p0_hc1p0_cim1p0_cp1p0_cn1p0_cd1p0_pg1p0,A53,OK,diagnostic_matched_wigley_sensitivity_not_hard_gate,wigley_iii,Fn0.4,0.4,2.1696064159197173,2.0,3.616010693199528,0.15,239.85000000000002,21,22,17,1.65,1.35,0.07499999999999996,-0.8686874999999998,0.8686875,0.0626249999999999,0.06262500000000004,heave,pitch_moment,-0.1499999999999999,-148.26807649733973,22.76063066343873,-11.120105737300474,1.7070472997579036,-0.0035457636367586527,-0.0035457636367586527,0.0,0.28417132906056763,0.28417132906056763,0.0,0.0,0.28417132906056763,2.42046039851974,1.037583334283794,0.012256048517772157,0.004091586717017098,0.11840092152251026,0.03864182662859405,0.6624773046933149,9091.384090329944,3876.418213548977,8971.220950601206,3845.7102426522147,1473.2478859304128,560.7130128185622,5.772698360659461,3.8105003437657534,0.009387177047557508,0.004058136284664353,advance_eq19_20,0.1034796432381189,0.052177959900186754,0.1231938818552824,0.05815733991154802,1.1905132062718724,1.114595894948738,109.70294068380586,4.093473704902838e-16,a1_station_hull_matched_sweep_free_surface_marching_not_benchmark_validated,41,8,24,10,3.0,2,16,15.0,False,none,0.0,1.0,0.03,1.0,trapezoid,1.0,1.0,-1.0,1.0,1.0,1.0,1.0,True,False,True,3.0,11,9,40,True,True,True,True,A1_GRID_RECOMMENDED,"A1 Section 3.3 recommends control radius about 3B, inner free-surface panels greater than 10, outer/free-surface proxy panels greater than 8, and roughly 60 stations at Fn=0.2 or 40 at Fn=0.3."
14,st41_bp8_fs24_cp10_r3p0_h2_fsm_clipfs_onezonefs_noend_pr1p0_pl1p0_pf1p0_pm1p0_dt1p0_fv0p03_hr1p0_hqtrapezoid_hp1p0_hc1p0_cim1p0_cp1p0_cn1p0_cd1p0_pg1p0,A53,OK,diagnostic_matched_wigley_sensitivity_not_hard_gate,wigley_iii,Fn0.4,0.4,2.1696064159197173,2.0,3.616010693199528,0.15,239.85000000000002,22,23,16,1.7249999999999999,1.2750000000000001,0.07499999999999996,-0.8686093749999999,0.8686093749999999,0.0627812499999999,0.06278125000000001,heave,pitch_moment,-0.22499999999999987,-215.52938098715626,33.63702940165353,-16.16470357403671,2.522777205124013,-0.005154287152103657,-0.005154287152103657,0.0,0.2798213036661365,0.2798213036661365,0.0,0.0,0.2798213036661365,2.372793368005644,1.0211642577283717,0.011847881699439783,0.003962112380314407,0.11464935829232646,0.03753761386278372,0.6549837780446696,8914.353499877983,3816.596608431918,8794.547346247866,3784.854397345425,1456.5834323482773,533.761658828238,5.861517307479049,3.903083084313579,0.00896198936656677,0.0038741724487682755,advance_eq19_20,0.08757262150029255,0.047172648821027355,0.10562325345260998,0.05324797340250581,1.2061218636952318,1.1287891338162541,109.43283246067818,4.511057322291438e-16,a1_station_hull_matched_sweep_free_surface_marching_not_benchmark_validated,41,8,24,10,3.0,2,16,15.0,False,none,0.0,1.0,0.03,1.0,trapezoid,1.0,1.0,-1.0,1.0,1.0,1.0,1.0,True,False,True,3.0,11,9,40,True,True,True,True,A1_GRID_RECOMMENDED,"A1 Section 3.3 recommends control radius about 3B, inner free-surface panels greater than 10, outer/free-surface proxy panels greater than 8, and roughly 60 stations at Fn=0.2 or 40 at Fn=0.3."
14,st41_bp8_fs24_cp10_r3p0_h2_fsm_clipfs_onezonefs_noend_pr1p0_pl1p0_pf1p0_pm1p0_dt1p0_fv0p03_hr1p0_hqtrapezoid_hp1p0_hc1p0_cim1p0_cp1p0_cn1p0_cd1p0_pg1p0,A53,OK,diagnostic_matched_wigley_sensitivity_not_hard_gate,wigley_iii,Fn0.4,0.4,2.1696064159197173,2.0,3.616010693199528,0.15,239.85000000000002,23,24,15,1.7999999999999998,1.2000000000000002,0.07500000000000007,-0.8684999999999999,0.8684999999999998,0.06299999999999994,0.06300000000000008,heave,pitch_moment,-0.2999999999999998,-276.93127086515454,44.72347680227456,-20.76984531488661,3.354260760170595,-0.006622685431092413,-0.006622685431092413,0.0,0.27393281737453845,0.27393281737453845,0.0,0.0,0.27393281737453845,2.3249825520991,1.0044509053430069,0.01134531907295827,0.0038092984890296146,0.10998680719990347,0.036122997302965226,0.6596321321846574,8741.305333085093,3756.771144663481,8617.34081413999,3722.907844877116,1466.9206587880014,527.7489452093972,5.89760168717274,3.9539091090759673,0.008468495982304052,0.003660945987004123,advance_eq19_20,0.07368764303883024,0.04243586436311534,0.09014614752695363,0.048550559991897,1.223355013261185,1.1440926376910676,109.05701762428855,5.112653812198624e-16,a1_station_hull_matched_sweep_free_surface_marching_not_benchmark_validated,41,8,24,10,3.0,2,16,15.0,False,none,0.0,1.0,0.03,1.0,trapezoid,1.0,1.0,-1.0,1.0,1.0,1.0,1.0,True,False,True,3.0,11,9,40,True,True,True,True,A1_GRID_RECOMMENDED,"A1 Section 3.3 recommends control radius about 3B, inner free-surface panels greater than 10, outer/free-surface proxy panels greater than 8, and roughly 60 stations at Fn=0.2 or 40 at Fn=0.3."
14,st41_bp8_fs24_cp10_r3p0_h2_fsm_clipfs_onezonefs_noend_pr1p0_pl1p0_pf1p0_pm1p0_dt1p0_fv0p03_hr1p0_hqtrapezoid_hp1p0_hc1p0_cim1p0_cp1p0_cn1p0_cd1p0_pg1p0,A53,OK,diagnostic_matched_wigley_sensitivity_not_hard_gate,wigley_iii,Fn0.4,0.4,2.1696064159197173,2.0,3.616010693199528,0.15,239.85000000000002,24,25,14,1.875,1.125,0.07500000000000007,-0.8683593749999999,0.8683593749999999,0.06328124999999996,0.06328125000000007,heave,pitch_moment,-0.375,-331.51494554259006,56.166312278027306,-24.863620915694277,4.212473420852052,-0.007928029193580542,-0.007928029193580542,0.0,0.266657460062202,0.266657460062202,0.0,0.0,0.266657460062202,2.2762705802204777,0.9872179491636435,0.010754358329818612,0.0036243147827552625,0.1044653693663879,0.034414202178303224,0.6740316699318422,8568.916327144554,3695.937127792832,8436.794227660059,3659.0354272115987,1498.943021507636,545.9826070491367,5.8824154436495295,3.9652289151347775,0.007913391983095895,0.0034212916301200966,advance_eq19_20,0.06157443764867272,0.037956058603907154,0.07650936459541309,0.04405590979924246,1.2425507648475016,1.1607082352514704,108.57779417676022,3.142402885939453e-16,a1_station_hull_matched_sweep_free_surface_marching_not_benchmark_validated,41,8,24,10,3.0,2,16,15.0,False,none,0.0,1.0,0.03,1.0,trapezoid,1.0,1.0,-1.0,1.0,1.0,1.0,1.0,True,False,True,3.0,11,9,40,True,True,True,True,A1_GRID_RECOMMENDED,"A1 Section 3.3 recommends control radius about 3B, inner free-surface panels greater than 10, outer/free-surface proxy panels greater than 8, and roughly 60 stations at Fn=0.2 or 40 at Fn=0.3."
14,st41_bp8_fs24_cp10_r3p0_h2_fsm_clipfs_onezonefs_noend_pr1p0_pl1p0_pf1p0_pm1p0_dt1p0_fv0p03_hr1p0_hqtrapezoid_hp1p0_hc1p0_cim1p0_cp1p0_cn1p0_cd1p0_pg1p0,A53,OK,diagnostic_matched_wigley_sensitivity_not_hard_gate,wigley_iii,Fn0.4,0.4,2.1696064159197173,2.0,3.616010693199528,0.15,239.85000000000002,25,26,13,1.95,1.05,0.07499999999999996,-0.8681874999999999,0.8681874999999999,0.0636249999999999,0.06362500000000004,heave,pitch_moment,-0.44999999999999996,-378.3613388108855,67.91533906497521,-28.377100410816396,5.093650429873138,-0.009048339389059445,-0.009048339389059445,0.0,0.258169275770882,0.258169275770882,0.0,0.0,0.258169275770882,2.226066477422892,0.9693110349148238,0.010083074802560453,0.0034099330682000484,0.09815636260479733,0.03243363062139786,0.696047617011298,8394.661291585444,3633.3429373788426,8250.717190787538,3592.6650439705118,1547.9031100446757,571.7880855017042,5.8175695861780925,3.939055138961307,0.007305190039234326,0.0031588187094679847,advance_eq19_20,0.05101879023089765,0.033722132653416045,0.06449577053207206,0.03975509995912904,1.264157190717011,1.1789023063196407,107.99806268512636,4.048484042432616e-16,a1_station_hull_matched_sweep_free_surface_marching_not_benchmark_validated,41,8,24,10,3.0,2,16,15.0,False,none,0.0,1.0,0.03,1.0,trapezoid,1.0,1.0,-1.0,1.0,1.0,1.0,1.0,True,False,True,3.0,11,9,40,True,True,True,True,A1_GRID_RECOMMENDED,"A1 Section 3.3 recommends control radius about 3B, inner free-surface panels greater than 10, outer/free-surface proxy panels greater than 8, and roughly 60 stations at Fn=0.2 or 40 at Fn=0.3."
14,st41_bp8_fs24_cp10_r3p0_h2_fsm_clipfs_onezonefs_noend_pr1p0_pl1p0_pf1p0_pm1p0_dt1p0_fv0p03_hr1p0_hqtrapezoid_hp1p0_hc1p0_cim1p0_cp1p0_cn1p0_cd1p0_pg1p0,A53,OK,diagnostic_matched_wigley_sensitivity_not_hard_gate,wigley_iii,Fn0.4,0.4,2.1696064159197173,2.0,3.616010693199528,0.15,239.85000000000002,26,27,12,2.025,0.9750000000000001,0.07500000000000007,-0.8679843749999999,0.8679843749999999,0.06403124999999998,0.0640312500000001,heave,pitch_moment,-0.5249999999999999,-416.62484324758975,79.72049402015814,-31.24686324356926,5.979037051511866,-0.009963393700491452,-0.009963393700491452,0.0,0.24866340922610658,0.24866340922610658,0.0,0.0,0.24866340922610658,2.173933075292576,0.9506487977524529,0.009341796373293531,0.0031696639327641117,0.09115197029471438,0.030210281147998404,0.723635398526664,8216.619368194322,3568.426464911901,8057.489377722042,3523.4951236038987,1609.2541035158233,601.690496150723,5.704722009966563,3.8771998638965486,0.006654466692560935,0.002878012905358744,advance_eq19_20,0.04183740557601744,0.029723930018073347,0.05391936313223949,0.03563998655641281,1.2887836229297118,1.199033456704489,107.32128791426383,4.421428017405823e-16,a1_station_hull_matched_sweep_free_surface_marching_not_benchmark_validated,41,8,24,10,3.0,2,16,15.0,False,none,0.0,1.0,0.03,1.0,trapezoid,1.0,1.0,-1.0,1.0,1.0,1.0,1.0,True,False,True,3.0,11,9,40,True,True,True,True,A1_GRID_RECOMMENDED,"A1 Section 3.3 recommends control radius about 3B, inner free-surface panels greater than 10, outer/free-surface proxy panels greater than 8, and roughly 60 stations at Fn=0.2 or 40 at Fn=0.3."
14,st41_bp8_fs24_cp10_r3p0_h2_fsm_clipfs_onezonefs_noend_pr1p0_pl1p0_pf1p0_pm1p0_dt1p0_fv0p03_hr1p0_hqtrapezoid_hp1p0_hc1p0_cim1p0_cp1p0_cn1p0_cd1p0_pg1p0,A53,OK,diagnostic_matched_wigley_sensitivity_not_hard_gate,wigley_iii,Fn0.4,0.4,2.1696064159197173,2.0,3.616010693199528,0.15,239.85000000000002,27,28,11,2.1,0.8999999999999999,0.07499999999999996,-0.8677499999999999,0.8677499999999999,0.06449999999999989,0.06450000000000003,heave,pitch_moment,-0.6000000000000001,-445.5685981320543,91.10844221528572,-33.41764485990405,6.833133166146425,-0.010655570438768821,-0.010655570438768821,0.0,0.2383539271564764,0.2383539271564764,0.0,0.0,0.2383539271564764,2.1195922479307434,0.9312357561608428,0.008543358123817677,0.0029078505549338402,0.0835676103721795,0.02778036050985634,0.754603268932378,8033.310968416496,3500.759230337588,7856.079939583902,3451.5424134715395,1678.1218960934207,634.1671571253698,5.545534459877058,3.781314174635832,0.005974262880462184,0.002584401822398415,advance_eq19_20,0.033873475196518336,0.02595261555504102,0.04462099848850871,0.03170361491650086,1.317284342088852,1.2215961373628397,106.55145429053415,2.403777127761783e-16,a1_station_hull_matched_sweep_free_surface_marching_not_benchmark_validated,41,8,24,10,3.0,2,16,15.0,False,none,0.0,1.0,0.03,1.0,trapezoid,1.0,1.0,-1.0,1.0,1.0,1.0,1.0,True,False,True,3.0,11,9,40,True,True,True,True,A1_GRID_RECOMMENDED,"A1 Section 3.3 recommends control radius about 3B, inner free-surface panels greater than 10, outer/free-surface proxy panels greater than 8, and roughly 60 stations at Fn=0.2 or 40 at Fn=0.3."
14,st41_bp8_fs24_cp10_r3p0_h2_fsm_clipfs_onezonefs_noend_pr1p0_pl1p0_pf1p0_pm1p0_dt1p0_fv0p03_hr1p0_hqtrapezoid_hp1p0_hc1p0_cim1p0_cp1p0_cn1p0_cd1p0_pg1p0,A53,OK,diagnostic_matched_wigley_sensitivity_not_hard_gate,wigley_iii,Fn0.4,0.4,2.1696064159197173,2.0,3.616010693199528,0.15,239.85000000000002,28,29,10,2.175,0.8250000000000002,0.07499999999999996,-0.8674843749999999,0.8674843749999999,0.06503124999999987,0.0650312500000001,heave,pitch_moment,-0.6749999999999998,-464.60363223355654,101.3240098435328,-34.84527241751672,7.599300738264956,-0.011110784624694937,-0.011110784624694937,0.0,0.22747074962474453,0.22747074962474453,0.0,0.0,0.22747074962474453,2.0629573702569273,0.9111933022729963,0.007703508000165215,0.002629818400296747,0.07554565328927049,0.025188257532998158,0.7862169045284348,7843.52438828132,3429.9867452846474,7646.167808225423,3377.256842705718,1748.4257713786676,667.3517317897168,5.341670053062755,3.6529325991659967,0.005280776454211902,0.002284841016393881,advance_eq19_20,0.026992869755231408,0.022400959604132183,0.03646471002881549,0.027940550210397395,1.3509015662089197,1.2472925581832375,105.69301673551156,2.9128477825501956e-16,a1_station_hull_matched_sweep_free_surface_marching_not_benchmark_validated,41,8,24,10,3.0,2,16,15.0,False,none,0.0,1.0,0.03,1.0,trapezoid,1.0,1.0,-1.0,1.0,1.0,1.0,1.0,True,False,True,3.0,11,9,40,True,True,True,True,A1_GRID_RECOMMENDED,"A1 Section 3.3 recommends control radius about 3B, inner free-surface panels greater than 10, outer/free-surface proxy panels greater than 8, and roughly 60 stations at Fn=0.2 or 40 at Fn=0.3."
14,st41_bp8_fs24_cp10_r3p0_h2_fsm_clipfs_onezonefs_noend_pr1p0_pl1p0_pf1p0_pm1p0_dt1p0_fv0p03_hr1p0_hqtrapezoid_hp1p0_hc1p0_cim1p0_cp1p0_cn1p0_cd1p0_pg1p0,A53,OK,diagnostic_matched_wigley_sensitivity_not_hard_gate,wigley_iii,Fn0.4,0.4,2.1696064159197173,2.0,3.616010693199528,0.15,239.85000000000002,29,30,9,2.25,0.75,0.07499999999999996,-0.8671874999999999,0.8671874999999999,0.06562499999999982,0.0656250000000001,heave,pitch_moment,-0.75,-473.3362215969901,109.20175293652022,-35.500216619774235,8.190131470239011,-0.011319620528896901,-0.011319620528896901,0.0,0.2162555470479486,0.2162555470479486,0.0,0.0,0.2162555470479486,2.0042147282645906,0.8908246659106809,0.006841623863023329,0.002342135438251924,0.0672616465908716,0.02248819046531989,0.814469142526762,7646.071830419993,3355.7632645677136,7428.443436094565,3301.7623056413922,1811.2544141245605,698.5078176822406,5.0948296213502955,3.4935296558615176,0.004594732896156648,0.001988083042534279,advance_eq19_20,0.021080891152359713,0.01906352636169947,0.029334558058330396,0.02434713723111554,1.3915236242300317,1.2771581064892261,104.75084920458065,4.2996196438205703e-16,a1_station_hull_matched_sweep_free_surface_marching_not_benchmark_validated,41,8,24,10,3.0,2,16,15.0,False,none,0.0,1.0,0.03,1.0,trapezoid,1.0,1.0,-1.0,1.0,1.0,1.0,1.0,True,False,True,3.0,11,9,40,True,True,True,True,A1_GRID_RECOMMENDED,"A1 Section 3.3 recommends control radius about 3B, inner free-surface panels greater than 10, outer/free-surface proxy panels greater than 8, and roughly 60 stations at Fn=0.2 or 40 at Fn=0.3."
14,st41_bp8_fs24_cp10_r3p0_h2_fsm_clipfs_onezonefs_noend_pr1p0_pl1p0_pf1p0_pm1p0_dt1p0_fv0p03_hr1p0_hqtrapezoid_hp1p0_hc1p0_cim1p0_cp1p0_cn1p0_cd1p0_pg1p0,A53,OK,diagnostic_matched_wigley_sensitivity_not_hard_gate,wigley_iii,Fn0.4,0.4,2.1696064159197173,2.0,3.616010693199528,0.15,239.85000000000002,30,31,8,2.3249999999999997,0.6750000000000003,0.07499999999999996,-0.866859375,0.866859375,0.06628124999999996,0.06628125000000007,heave,pitch_moment,-0.8249999999999997,-471.6325026530319,112.8804133089627,-35.37243769897737,8.466030998172197,-0.01127887686497777,-0.01127887686497777,0.0,0.2049562983510113,0.2049562983510113,0.0,0.0,0.2049562983510113,1.9440049113699074,0.870750280733278,0.005982135314629792,0.002053104815947075,0.05893544017129304,0.01974716731392729,0.8326308653470923,7439.399088207422,3277.7551539403444,7205.281110824634,3227.3583843939746,1851.6432992385835,722.8732129303081,4.806845633307036,3.304607069862255,0.003944415664504638,0.0017060420895763017,advance_eq19_20,0.016039539423573345,0.015936726940657623,0.023131960236681993,0.020921676634455773,1.442183570600843,1.312796329657917,103.73019523740956,2.8922046495983974e-16,a1_station_hull_matched_sweep_free_surface_marching_not_benchmark_validated,41,8,24,10,3.0,2,16,15.0,False,none,0.0,1.0,0.03,1.0,trapezoid,1.0,1.0,-1.0,1.0,1.0,1.0,1.0,True,False,True,3.0,11,9,40,True,True,True,True,A1_GRID_RECOMMENDED,"A1 Section 3.3 recommends control radius about 3B, inner free-surface panels greater than 10, outer/free-surface proxy panels greater than 8, and roughly 60 stations at Fn=0.2 or 40 at Fn=0.3."
14,st41_bp8_fs24_cp10_r3p0_h2_fsm_clipfs_onezonefs_noend_pr1p0_pl1p0_pf1p0_pm1p0_dt1p0_fv0p03_hr1p0_hqtrapezoid_hp1p0_hc1p0_cim1p0_cp1p0_cn1p0_cd1p0_pg1p0,A53,OK,diagnostic_matched_wigley_sensitivity_not_hard_gate,wigley_iii,Fn0.4,0.4,2.1696064159197173,2.0,3.616010693199528,0.15,239.85000000000002,31,32,7,2.4,0.6000000000000001,0.07500000000000018,-0.8664999999999999,0.8664999999999998,0.06699999999999995,0.06700000000000006,heave,pitch_moment,-0.8999999999999999,-459.72135577107014,109.11363784418454,-34.47910168283034,8.18352283831386,-0.010994027202907024,-0.010994027202907024,0.0,0.19381984631706886,0.19381984631706886,0.0,0.0,0.19381984631706886,1.8838336234195006,0.8522044028946014,0.0051571297707094154,0.0017736007114334297,0.05085403258088601,0.017050969044704992,0.8283582103428059,7221.1815148519445,3196.2927362684713,6982.26158965607,3158.619739500062,1842.1415700355146,736.9152489651171,4.479899483194973,3.0878622174320713,0.003368350532501866,0.0014547224182287232,advance_eq19_20,0.01178529068130022,0.013018606842569096,0.017773477800708266,0.01766446098231876,1.5081068665458996,1.3568626194746387,102.63663006147284,5.26769045980257e-16,a1_station_hull_matched_sweep_free_surface_marching_not_benchmark_validated,41,8,24,10,3.0,2,16,15.0,False,none,0.0,1.0,0.03,1.0,trapezoid,1.0,1.0,-1.0,1.0,1.0,1.0,1.0,True,False,True,3.0,11,9,40,True,True,True,True,A1_GRID_RECOMMENDED,"A1 Section 3.3 recommends control radius about 3B, inner free-surface panels greater than 10, outer/free-surface proxy panels greater than 8, and roughly 60 stations at Fn=0.2 or 40 at Fn=0.3."
14,st41_bp8_fs24_cp10_r3p0_h2_fsm_clipfs_onezonefs_noend_pr1p0_pl1p0_pf1p0_pm1p0_dt1p0_fv0p03_hr1p0_hqtrapezoid_hp1p0_hc1p0_cim1p0_cp1p0_cn1p0_cd1p0_pg1p0,A53,OK,diagnostic_matched_wigley_sensitivity_not_hard_gate,wigley_iii,Fn0.4,0.4,2.1696064159197173,2.0,3.616010693199528,0.15,239.85000000000002,32,33,6,2.475,0.5249999999999999,0.07499999999999996,-0.866109375,0.866109375,0.06778124999999988,0.06778125000000013,heave,pitch_moment,-0.9750000000000001,-438.39136084133116,91.37887200167643,-32.879352063099816,6.853415400125728,-0.01048393007221769,-0.01048393007221769,0.0,0.1830808676795065,0.1830808676795065,0.0,0.0,0.1830808676795065,1.8270792180410058,0.8377470612122713,0.00441264916567161,0.0015187927131592564,0.04342318591137207,0.014517450918001256,0.7800561283307159,6990.5642241915575,3117.770985082633,6771.906439502882,3105.034889828554,1734.7251503239106,734.7438737607987,4.117062290021949,2.8455848734414566,0.002918208470013747,0.0012547438604547324,advance_eq19_20,0.008247470785851557,0.01030799126782281,0.01318908038687919,0.014577506049501853,1.599166669314538,1.414194644790461,101.4760582021312,2.928701071949357e-16,a1_station_hull_matched_sweep_free_surface_marching_not_benchmark_validated,41,8,24,10,3.0,2,16,15.0,False,none,0.0,1.0,0.03,1.0,trapezoid,1.0,1.0,-1.0,1.0,1.0,1.0,1.0,True,False,True,3.0,11,9,40,True,True,True,True,A1_GRID_RECOMMENDED,"A1 Section 3.3 recommends control radius about 3B, inner free-surface panels greater than 10, outer/free-surface proxy panels greater than 8, and roughly 60 stations at Fn=0.2 or 40 at Fn=0.3."
14,st41_bp8_fs24_cp10_r3p0_h2_fsm_clipfs_onezonefs_noend_pr1p0_pl1p0_pf1p0_pm1p0_dt1p0_fv0p03_hr1p0_hqtrapezoid_hp1p0_hc1p0_cim1p0_cp1p0_cn1p0_cd1p0_pg1p0,A53,OK,diagnostic_matched_wigley_sensitivity_not_hard_gate,wigley_iii,Fn0.4,0.4,2.1696064159197173,2.0,3.616010693199528,0.15,239.85000000000002,33,34,5,2.55,0.4500000000000002,0.07499999999999996,-0.8656874999999999,0.8656874999999999,0.06862499999999994,0.06862500000000005,heave,pitch_moment,-1.0499999999999998,-409.4531298113972,43.30662722811506,-30.708984735854774,3.2479970421086275,-0.009791885434409892,-0.009791885434409892,0.0,0.1729429599261927,0.1729429599261927,0.0,0.0,0.1729429599261927,1.7817994064849074,0.8332155944702078,0.003865441361475391,0.0013242889627670174,0.0372314705621819,0.012316184685809913,0.692901254564554,6781.465580869994,3098.098596126675,6604.080849660648,3088.2394118284947,1540.9060826896293,665.1348485083713,3.723769838559487,2.5817337681812518,0.0029439951888336285,0.0012558501876347072,advance_eq19_20,0.00536752778608823,0.007801889869755632,0.009321017433348195,0.011663512595685294,1.7365569038145972,1.4949599123283464,100.2548122089833,4.605736449166118e-16,a1_station_hull_matched_sweep_free_surface_marching_not_benchmark_validated,41,8,24,10,3.0,2,16,15.0,False,none,0.0,1.0,0.03,1.0,trapezoid,1.0,1.0,-1.0,1.0,1.0,1.0,1.0,True,False,True,3.0,11,9,40,True,True,True,True,A1_GRID_RECOMMENDED,"A1 Section 3.3 recommends control radius about 3B, inner free-surface panels greater than 10, outer/free-surface proxy panels greater than 8, and roughly 60 stations at Fn=0.2 or 40 at Fn=0.3."
14,st41_bp8_fs24_cp10_r3p0_h2_fsm_clipfs_onezonefs_noend_pr1p0_pl1p0_pf1p0_pm1p0_dt1p0_fv0p03_hr1p0_hqtrapezoid_hp1p0_hc1p0_cim1p0_cp1p0_cn1p0_cd1p0_pg1p0,A53,OK,diagnostic_matched_wigley_sensitivity_not_hard_gate,wigley_iii,Fn0.4,0.4,2.1696064159197173,2.0,3.616010693199528,0.15,239.85000000000002,34,35,4,2.625,0.375,0.07499999999999996,-0.8652343749999999,0.8652343749999999,0.06953124999999993,0.06953125000000009,heave,pitch_moment,-1.125,-377.1883313605752,-96.81489088608379,-28.289124852043123,-7.26111681645628,-0.009020287449213637,-0.009020287449213637,0.0,0.16353687348438092,0.16353687348438092,0.0,0.0,0.16353687348438092,1.770533382346958,0.8544050955234695,0.0038989295471591723,0.0014658254844952068,0.03328002872868385,0.011068465334306353,1.2633435062061236,7138.437540042095,3695.232030754592,6562.324334314162,3166.776410780456,2809.4821309896997,1904.2759582684332,3.3130577262909533,2.3057392187527017,0.005041189552019929,0.0021232346240702077,advance_eq19_20,0.0031001219036734537,0.005486923912105298,0.00612368665898564,0.008922690611970362,1.9753051167857136,1.6261735637130026,98.98004886155589,4.674605694173775e-16,a1_station_hull_matched_sweep_free_surface_marching_not_benchmark_validated,41,8,24,10,3.0,2,16,15.0,False,none,0.0,1.0,0.03,1.0,trapezoid,1.0,1.0,-1.0,1.0,1.0,1.0,1.0,True,False,True,3.0,11,9,40,True,True,True,True,A1_GRID_RECOMMENDED,"A1 Section 3.3 recommends control radius about 3B, inner free-surface panels greater than 10, outer/free-surface proxy panels greater than 8, and roughly 60 stations at Fn=0.2 or 40 at Fn=0.3."
14,st41_bp8_fs24_cp10_r3p0_h2_fsm_clipfs_onezonefs_noend_pr1p0_pl1p0_pf1p0_pm1p0_dt1p0_fv0p03_hr1p0_hqtrapezoid_hp1p0_hc1p0_cim1p0_cp1p0_cn1p0_cd1p0_pg1p0,A53,OK,diagnostic_matched_wigley_sensitivity_not_hard_gate,wigley_iii,Fn0.4,0.4,2.1696064159197173,2.0,3.616010693199528,0.15,239.85000000000002,35,36,3,2.6999999999999997,0.30000000000000027,0.07499999999999996,-0.8647499999999999,0.8647499999999999,0.0704999999999999,0.07050000000000001,heave,pitch_moment,-1.1999999999999997,-355.7050482875328,-874.3603541328445,-26.677878621564943,-65.5770265599633,-0.00850652450227237,-0.00850652450227237,0.0,0.15477346750863794,0.15477346750863794,0.0,0.0,0.15477346750863794,1.8826618857439266,0.961660333771079,0.0039343584017554525,0.0017969915431469226,0.0380094243375885,0.013342935913728007,8.34631923160666,19829.261184562987,12878.259334752807,6977.918648292457,3564.3084013956,18560.933448063133,12375.187639502221,2.936520431729548,2.0545360771822483,0.0005174972101100934,0.0002367842392743463,advance_eq19_20,0.0014193196756966534,0.0032976999460102067,0.0035656372868243407,0.006342155628236277,2.5122157804753864,1.9232057895107983,97.66111149943443,4.490477038273132e-16,a1_station_hull_matched_sweep_free_surface_marching_not_benchmark_validated,41,8,24,10,3.0,2,16,15.0,False,none,0.0,1.0,0.03,1.0,trapezoid,1.0,1.0,-1.0,1.0,1.0,1.0,1.0,True,False,True,3.0,11,9,40,True,True,True,True,A1_GRID_RECOMMENDED,"A1 Section 3.3 recommends control radius about 3B, inner free-surface panels greater than 10, outer/free-surface proxy panels greater than 8, and roughly 60 stations at Fn=0.2 or 40 at Fn=0.3."
14,st41_bp8_fs24_cp10_r3p0_h2_fsm_clipfs_onezonefs_noend_pr1p0_pl1p0_pf1p0_pm1p0_dt1p0_fv0p03_hr1p0_hqtrapezoid_hp1p0_hc1p0_cim1p0_cp1p0_cn1p0_cd1p0_pg1p0,A53,OK,diagnostic_matched_wigley_sensitivity_not_hard_gate,wigley_iii,Fn0.4,0.4,2.1696064159197173,2.0,3.616010693199528,0.15,239.85000000000002,36,37,2,2.775,0.2250000000000001,0.07500000000000018,-0.8642343749999999,0.8642343749999999,0.07153124999999994,0.07153125000000005,heave,pitch_moment,-1.275,-455.9388517280445,1728.4838358671593,-34.195413879603414,129.63628769003725,-0.01090357033849971,-0.01090357033849971,0.0,0.14506842008825188,0.14506842008825188,0.0,0.0,0.14506842008825188,2.9330150769632684,1.6891201184451512,0.009656582902260478,0.00493945915687347,0.08415737388628776,0.03188004442819245,19.055621708883088,43748.933257611796,27505.732456580074,10870.95922865498,6260.573320656023,42376.77909690509,26783.77381306922,3.037916507697293,2.1438469034031353,0.0033026398776784243,0.0013682945906995352,advance_eq19_20,0.0003493660148524561,0.0007950946576193705,0.001637706704212191,0.0038444297359707187,4.6876531619820705,4.835184967135238,96.3146992237131,1.2587979772681866e-15,a1_station_hull_matched_sweep_free_surface_marching_not_benchmark_validated,41,8,24,10,3.0,2,16,15.0,False,none,0.0,1.0,0.03,1.0,trapezoid,1.0,1.0,-1.0,1.0,1.0,1.0,1.0,True,False,True,3.0,11,9,40,True,True,True,True,A1_GRID_RECOMMENDED,"A1 Section 3.3 recommends control radius about 3B, inner free-surface panels greater than 10, outer/free-surface proxy panels greater than 8, and roughly 60 stations at Fn=0.2 or 40 at Fn=0.3."
14,st41_bp8_fs24_cp10_r3p0_h2_fsm_clipfs_onezonefs_noend_pr1p0_pl1p0_pf1p0_pm1p0_dt1p0_fv0p03_hr1p0_hqtrapezoid_hp1p0_hc1p0_cim1p0_cp1p0_cn1p0_cd1p0_pg1p0,A53,OK,diagnostic_matched_wigley_sensitivity_not_hard_gate,wigley_iii,Fn0.4,0.4,2.1696064159197173,2.0,3.616010693199528,0.15,239.85000000000002,37,38,1,2.85,0.1499999999999999,0.07499999999999996,-0.8636874999999999,0.8636874999999999,0.07262499999999994,0.07262500000000005,heave,pitch_moment,-1.35,102.81478325018664,977.705608985623,7.711108743763993,73.32792067392168,0.002458768794888058,0.002458768794888058,0.0,0.14084601931644608,0.14084601931644608,0.0,0.0,0.14084601931644608,1.1986411190021748,0.8449238590165183,0.010149836390041812,0.0053026456174342295,0.07382457912031946,0.029603215523900325,17.049747620415978,38175.41077689872,26696.416744028575,4442.656581211025,3131.635051871719,37916.022872743095,26512.10155519056,0.5867851604291695,0.2780208612641439,0.00032762493207579604,0.00013295634105313145,advance_eq19_20,0.00010814912993719803,0.0003190230387038458,0.00039057772926541945,0.0008643463665196492,3.611473615111163,2.709354064306421,94.99248929002074,7.622900384240303e-16,a1_station_hull_matched_sweep_free_surface_marching_not_benchmark_validated,41,8,24,10,3.0,2,16,15.0,False,none,0.0,1.0,0.03,1.0,trapezoid,1.0,1.0,-1.0,1.0,1.0,1.0,1.0,True,False,True,3.0,11,9,40,True,True,True,True,A1_GRID_RECOMMENDED,"A1 Section 3.3 recommends control radius about 3B, inner free-surface panels greater than 10, outer/free-surface proxy panels greater than 8, and roughly 60 stations at Fn=0.2 or 40 at Fn=0.3."
14,st41_bp8_fs24_cp10_r3p0_h2_fsm_clipfs_onezonefs_noend_pr1p0_pl1p0_pf1p0_pm1p0_dt1p0_fv0p03_hr1p0_hqtrapezoid_hp1p0_hc1p0_cim1p0_cp1p0_cn1p0_cd1p0_pg1p0,A53,OK,diagnostic_matched_wigley_sensitivity_not_hard_gate,wigley_iii,Fn0.4,0.4,2.1696064159197173,2.0,3.616010693199528,0.15,239.85000000000002,38,39,0,2.925,0.07500000000000018,0.03749999999999987,-0.8631093749999998,0.8631093749999998,0.07378124999999991,0.07378125000000002,heave,pitch_moment,-1.4249999999999998,-47.55856809715636,-2200.8784303293887,-1.7834463036433572,-82.53294113735178,-0.0005686707663541865,-0.0005686707663541865,0.0,0.1415067329475359,0.1415067329475359,0.0,0.0,0.1415067329475359,1.3526688004850982,0.7886839727845547,0.0015366268150546994,0.0008239586505968437,0.00851675677713366,0.003853498738785419,58.83821653008963,130943.18080646971,70739.98364859182,5013.546468084281,2923.1869211226362,130847.16638707992,70739.02929487127,0.752371207944583,0.5306392395023662,0.0,0.0,initialize_eq21_22,0.0,0.0,0.0001322527513965085,0.0003901249566405115,,,113.95001957184003,1.0977799932066088e-15,a1_station_hull_matched_sweep_free_surface_marching_not_benchmark_validated,41,8,24,10,3.0,2,16,15.0,False,none,0.0,1.0,0.03,1.0,trapezoid,1.0,1.0,-1.0,1.0,1.0,1.0,1.0,True,False,True,3.0,11,9,40,True,True,True,True,A1_GRID_RECOMMENDED,"A1 Section 3.3 recommends control radius about 3B, inner free-surface panels greater than 10, outer/free-surface proxy panels greater than 8, and roughly 60 stations at Fn=0.2 or 40 at Fn=0.3."
14,st41_bp8_fs24_cp10_r3p0_h2_fsm_clipfs_onezonefs_noend_pr1p0_pl1p0_pf1p0_pm1p0_dt1p0_fv0p03_hr1p0_hqtrapezoid_hp1p0_hc1p0_ci1p0_cp1p0_cnm1p0_cd1p0_pg1p0,A53,OK,diagnostic_matched_wigley_sensitivity_not_hard_gate,wigley_iii,Fn0.4,0.4,2.1696064159197173,2.0,3.616010693199528,0.15,239.85000000000002,0,1,38,0.075,2.925,0.0375,-0.8631093749999998,0.8631093749999998,0.07378124999999991,0.07378125000000002,heave,pitch_moment,1.425,-34399.16707320571,980387.0793082494,-1289.9687652452142,36764.51547405935,-0.4113202201862614,-0.4113202201862614,0.0,0.0,0.0,0.0,0.0,0.0,991.4440768463702,578.9307936323081,1117.1262933505382,712.4119010889614,6728.688840327014,4753.701194897725,26929.51591286695,59999746.413469814,29192230.332709394,3674699.1931754546,2145755.438906838,59887111.76472246,29113262.36261337,10422.612096609475,4944.882750874812,302.3670364919538,159.61523943053072,advance_eq19_20,47.17768878891921,33.68329103765809,62.25886215217206,44.489811043763254,1.319667490086861,1.3208273204071248,690.6987294891596,6.0611923085743325e-15,a1_station_hull_matched_sweep_free_surface_marching_not_benchmark_validated,41,8,24,10,3.0,2,16,15.0,False,none,0.0,1.0,0.03,1.0,trapezoid,1.0,1.0,1.0,1.0,-1.0,1.0,1.0,True,False,True,3.0,11,9,40,True,True,True,True,A1_GRID_RECOMMENDED,"A1 Section 3.3 recommends control radius about 3B, inner free-surface panels greater than 10, outer/free-surface proxy panels greater than 8, and roughly 60 stations at Fn=0.2 or 40 at Fn=0.3."
14,st41_bp8_fs24_cp10_r3p0_h2_fsm_clipfs_onezonefs_noend_pr1p0_pl1p0_pf1p0_pm1p0_dt1p0_fv0p03_hr1p0_hqtrapezoid_hp1p0_hc1p0_ci1p0_cp1p0_cnm1p0_cd1p0_pg1p0,A53,OK,diagnostic_matched_wigley_sensitivity_not_hard_gate,wigley_iii,Fn0.4,0.4,2.1696064159197173,2.0,3.616010693199528,0.15,239.85000000000002,1,2,37,0.15,2.85,0.07499999999999998,-0.8636874999999999,0.8636874999999999,0.07262499999999991,0.07262500000000005,heave,pitch_moment,1.35,55318.34468251269,107070.02684713496,4148.875851188451,8030.25201353512,1.3229130616289762,1.3229130616289762,0.0,0.2501363106282268,0.2501363106282268,0.0,0.0,0.2501363106282268,616.6100897799722,434.74319691803186,901.3294065487966,541.795784366414,5035.889243673909,3559.2761649066324,5899.673206469482,13317532.151701432,7040535.536086902,2285410.3951335778,1611336.950072635,13119968.061600484,7039615.779375149,8088.588220504047,3749.599353754575,221.89736242676184,118.90739542144645,advance_eq19_20,36.02688077924779,25.556400891630147,47.52890490030645,33.93265856282708,1.319262280615869,1.3277557628993133,467.1647912208976,6.865567953531308e-15,a1_station_hull_matched_sweep_free_surface_marching_not_benchmark_validated,41,8,24,10,3.0,2,16,15.0,False,none,0.0,1.0,0.03,1.0,trapezoid,1.0,1.0,1.0,1.0,-1.0,1.0,1.0,True,False,True,3.0,11,9,40,True,True,True,True,A1_GRID_RECOMMENDED,"A1 Section 3.3 recommends control radius about 3B, inner free-surface panels greater than 10, outer/free-surface proxy panels greater than 8, and roughly 60 stations at Fn=0.2 or 40 at Fn=0.3."
14,st41_bp8_fs24_cp10_r3p0_h2_fsm_clipfs_onezonefs_noend_pr1p0_pl1p0_pf1p0_pm1p0_dt1p0_fv0p03_hr1p0_hqtrapezoid_hp1p0_hc1p0_ci1p0_cp1p0_cnm1p0_cd1p0_pg1p0,A53,OK,diagnostic_matched_wigley_sensitivity_not_hard_gate,wigley_iii,Fn0.4,0.4,2.1696064159197173,2.0,3.616010693199528,0.15,239.85000000000002,2,3,36,0.22499999999999998,2.775,0.075,-0.8642343749999999,0.8642343749999999,0.07153124999999994,0.07153125000000006,heave,pitch_moment,1.275,-51233.024075037785,-393870.07112342474,-3842.4768056278335,-29540.255334256854,-1.225214476763709,-1.225214476763709,0.0,0.2989856030608604,0.2989856030608604,0.0,0.0,0.2989856030608604,329.9987042090527,191.70138661983972,616.8950507052338,403.81324117193583,3862.7099061672807,2726.202219198113,4921.654349772101,11013133.81680872,7649681.289367211,1223110.8142409706,710524.1205164803,10945004.175559852,7616612.062003622,5944.478615254605,2802.2206967634997,169.3865582268987,90.55884453575707,advance_eq19_20,27.561483739116994,19.57467136224613,36.285584635646565,25.738040200738666,1.3165323383569432,1.3148644860715206,461.5326042201192,9.700438926104555e-15,a1_station_hull_matched_sweep_free_surface_marching_not_benchmark_validated,41,8,24,10,3.0,2,16,15.0,False,none,0.0,1.0,0.03,1.0,trapezoid,1.0,1.0,1.0,1.0,-1.0,1.0,1.0,True,False,True,3.0,11,9,40,True,True,True,True,A1_GRID_RECOMMENDED,"A1 Section 3.3 recommends control radius about 3B, inner free-surface panels greater than 10, outer/free-surface proxy panels greater than 8, and roughly 60 stations at Fn=0.2 or 40 at Fn=0.3."
14,st41_bp8_fs24_cp10_r3p0_h2_fsm_clipfs_onezonefs_noend_pr1p0_pl1p0_pf1p0_pm1p0_dt1p0_fv0p03_hr1p0_hqtrapezoid_hp1p0_hc1p0_ci1p0_cp1p0_cnm1p0_cd1p0_pg1p0,A53,OK,diagnostic_matched_wigley_sensitivity_not_hard_gate,wigley_iii,Fn0.4,0.4,2.1696064159197173,2.0,3.616010693199528,0.15,239.85000000000002,3,4,35,0.3,2.7,0.07500000000000001,-0.8647499999999999,0.8647499999999999,0.0704999999999999,0.07050000000000001,heave,pitch_moment,1.2,-28646.304931617513,177809.48353840617,-2148.472869871314,13335.711265380465,-0.6850633578958716,-0.6850633578958716,0.0,-0.6561533142689301,-0.6561533142689301,0.0,0.0,-0.6561533142689301,151.50341818839766,79.00258998436487,472.3184098303391,307.4352961552176,2929.5857333128765,2068.440926665241,1596.426030516535,3594340.9673122074,2179959.0061898297,561533.9297311639,292816.0654282693,3550206.562308668,2160203.6988430643,4569.711437379105,2131.2722280411576,128.62916461952818,68.75954342924383,advance_eq19_20,21.07196808950583,14.969454693849672,27.75180632603295,19.708158988705602,1.3170011556658432,1.3165582442226749,463.56398367166815,8.829025870970847e-15,a1_station_hull_matched_sweep_free_surface_marching_not_benchmark_validated,41,8,24,10,3.0,2,16,15.0,False,none,0.0,1.0,0.03,1.0,trapezoid,1.0,1.0,1.0,1.0,-1.0,1.0,1.0,True,False,True,3.0,11,9,40,True,True,True,True,A1_GRID_RECOMMENDED,"A1 Section 3.3 recommends control radius about 3B, inner free-surface panels greater than 10, outer/free-surface proxy panels greater than 8, and roughly 60 stations at Fn=0.2 or 40 at Fn=0.3."
14,st41_bp8_fs24_cp10_r3p0_h2_fsm_clipfs_onezonefs_noend_pr1p0_pl1p0_pf1p0_pm1p0_dt1p0_fv0p03_hr1p0_hqtrapezoid_hp1p0_hc1p0_ci1p0_cp1p0_cnm1p0_cd1p0_pg1p0,A53,OK,diagnostic_matched_wigley_sensitivity_not_hard_gate,wigley_iii,Fn0.4,0.4,2.1696064159197173,2.0,3.616010693199528,0.15,239.85000000000002,4,5,34,0.375,2.625,0.07499999999999998,-0.8652343749999999,0.8652343749999999,0.06953124999999993,0.06953125000000009,heave,pitch_moment,1.125,-19826.397033861016,77058.96979913287,-1486.979777539576,5779.422734934964,-0.4741392706464723,-0.4741392706464723,0.0,-1.235754628540102,-1.235754628540102,0.0,0.0,-1.235754628540102,92.88067742648852,45.99414301898126,358.84873335427017,233.44954601328635,2223.8430017077917,1570.227018979664,601.2478917777162,1380688.9273089392,750860.404678227,344253.96083494346,170473.1958057143,1337083.0656481152,731252.5123548893,3494.696354189762,1617.3743827718088,97.60088939683108,52.186533709071774,advance_eq19_20,16.105095353767215,11.44294373570522,21.211303307024526,15.066965728790295,1.3170554312839193,1.316703645214745,465.55753958209425,1.2535661698868622e-14,a1_station_hull_matched_sweep_free_surface_marching_not_benchmark_validated,41,8,24,10,3.0,2,16,15.0,False,none,0.0,1.0,0.03,1.0,trapezoid,1.0,1.0,1.0,1.0,-1.0,1.0,1.0,True,False,True,3.0,11,9,40,True,True,True,True,A1_GRID_RECOMMENDED,"A1 Section 3.3 recommends control radius about 3B, inner free-surface panels greater than 10, outer/free-surface proxy panels greater than 8, and roughly 60 stations at Fn=0.2 or 40 at Fn=0.3."
14,st41_bp8_fs24_cp10_r3p0_h2_fsm_clipfs_onezonefs_noend_pr1p0_pl1p0_pf1p0_pm1p0_dt1p0_fv0p03_hr1p0_hqtrapezoid_hp1p0_hc1p0_ci1p0_cp1p0_cnm1p0_cd1p0_pg1p0,A53,OK,diagnostic_matched_wigley_sensitivity_not_hard_gate,wigley_iii,Fn0.4,0.4,2.1696064159197173,2.0,3.616010693199528,0.15,239.85000000000002,5,6,33,0.44999999999999996,2.55,0.07500000000000001,-0.8656874999999999,0.8656874999999999,0.06862499999999994,0.06862500000000005,heave,pitch_moment,1.05,-14209.357148607622,46759.07122786701,-1065.7017861455718,3506.9303420900264,-0.3398103156761027,-0.3398103156761027,0.0,-1.642729421701389,-1.642729421701389,0.0,0.0,-1.642729421701389,61.673341276918464,29.67909886706991,272.27192550315743,177.21136610863002,1688.5503244257627,1192.2588024546633,337.2723050126149,784101.2015896385,400283.03892588464,228586.74808124805,110002.93733954706,750041.8607890861,384871.2317495463,2669.719262909025,1227.1143594491612,74.05474875933542,39.61051613400592,advance_eq19_20,12.30516745431906,8.745282616731764,16.206576822960024,11.513811466365983,1.3170545531480424,1.3165739714731892,467.4627559098952,8.579351601376256e-15,a1_station_hull_matched_sweep_free_surface_marching_not_benchmark_validated,41,8,24,10,3.0,2,16,15.0,False,none,0.0,1.0,0.03,1.0,trapezoid,1.0,1.0,1.0,1.0,-1.0,1.0,1.0,True,False,True,3.0,11,9,40,True,True,True,True,A1_GRID_RECOMMENDED,"A1 Section 3.3 recommends control radius about 3B, inner free-surface panels greater than 10, outer/free-surface proxy panels greater than 8, and roughly 60 stations at Fn=0.2 or 40 at Fn=0.3."
14,st41_bp8_fs24_cp10_r3p0_h2_fsm_clipfs_onezonefs_noend_pr1p0_pl1p0_pf1p0_pm1p0_dt1p0_fv0p03_hr1p0_hqtrapezoid_hp1p0_hc1p0_ci1p0_cp1p0_cnm1p0_cd1p0_pg1p0,A53,OK,diagnostic_matched_wigley_sensitivity_not_hard_gate,wigley_iii,Fn0.4,0.4,2.1696064159197173,2.0,3.616010693199528,0.15,239.85000000000002,6,7,32,0.525,2.475,0.07500000000000001,-0.866109375,0.866109375,0.0677812499999999,0.06778125000000006,heave,pitch_moment,0.975,-10196.501916013627,30985.71211758552,-764.7376437010222,2323.9284088189142,-0.24384470730346172,-0.24384470730346172,0.0,-1.9345569331911714,-1.9345569331911714,0.0,0.0,-1.9345569331911714,42.36921373516141,20.03431045803925,206.5448531780104,134.5299763922796,1282.382894714398,905.4527049539096,214.0870542045488,501327.2107303558,246442.578725481,157037.71817701997,74255.38786832779,476096.76252672984,234989.5358976418,2038.66419960207,931.1447310208222,56.20085499150239,30.071452189047502,advance_eq19_20,9.398662341469608,6.682412550287893,12.37863525574287,8.796507917133459,1.3170635145732135,1.3163670831359382,469.26868604625724,5.728702444974726e-15,a1_station_hull_matched_sweep_free_surface_marching_not_benchmark_validated,41,8,24,10,3.0,2,16,15.0,False,none,0.0,1.0,0.03,1.0,trapezoid,1.0,1.0,1.0,1.0,-1.0,1.0,1.0,True,False,True,3.0,11,9,40,True,True,True,True,A1_GRID_RECOMMENDED,"A1 Section 3.3 recommends control radius about 3B, inner free-surface panels greater than 10, outer/free-surface proxy panels greater than 8, and roughly 60 stations at Fn=0.2 or 40 at Fn=0.3."
14,st41_bp8_fs24_cp10_r3p0_h2_fsm_clipfs_onezonefs_noend_pr1p0_pl1p0_pf1p0_pm1p0_dt1p0_fv0p03_hr1p0_hqtrapezoid_hp1p0_hc1p0_ci1p0_cp1p0_cnm1p0_cd1p0_pg1p0,A53,OK,diagnostic_matched_wigley_sensitivity_not_hard_gate,wigley_iii,Fn0.4,0.4,2.1696064159197173,2.0,3.616010693199528,0.15,239.85000000000002,7,8,31,0.6,2.4,0.07499999999999996,-0.8664999999999999,0.8664999999999998,0.06699999999999995,0.06700000000000006,heave,pitch_moment,0.9,-7242.89787560761,21175.24767752356,-543.2173406705705,1588.143575814266,-0.1732106095849078,-0.1732106095849078,0.0,-2.1430845916353563,-2.1430845916353563,0.0,0.0,-2.1430845916353563,29.58189085982258,13.828891051469903,156.71148353991526,102.14745269096717,974.1171530357038,687.7788361952299,143.93862082623855,338354.6376578487,162344.2756077679,109642.64451603433,51255.55336513659,320097.40912432363,154040.6831711822,1556.441845492487,706.736182203488,42.664726325670294,22.835831672851754,advance_eq19_20,7.175945155051014,5.1052349703648865,9.451466111575641,6.719215272130616,1.3171040061423727,1.316142216986023,470.9710640470017,5.87683426191049e-15,a1_station_hull_matched_sweep_free_surface_marching_not_benchmark_validated,41,8,24,10,3.0,2,16,15.0,False,none,0.0,1.0,0.03,1.0,trapezoid,1.0,1.0,1.0,1.0,-1.0,1.0,1.0,True,False,True,3.0,11,9,40,True,True,True,True,A1_GRID_RECOMMENDED,"A1 Section 3.3 recommends control radius about 3B, inner free-surface panels greater than 10, outer/free-surface proxy panels greater than 8, and roughly 60 stations at Fn=0.2 or 40 at Fn=0.3."
14,st41_bp8_fs24_cp10_r3p0_h2_fsm_clipfs_onezonefs_noend_pr1p0_pl1p0_pf1p0_pm1p0_dt1p0_fv0p03_hr1p0_hqtrapezoid_hp1p0_hc1p0_ci1p0_cp1p0_cnm1p0_cd1p0_pg1p0,A53,OK,diagnostic_matched_wigley_sensitivity_not_hard_gate,wigley_iii,Fn0.4,0.4,2.1696064159197173,2.0,3.616010693199528,0.15,239.85000000000002,8,9,30,0.6749999999999999,2.325,0.07500000000000001,-0.866859375,0.866859375,0.06628124999999993,0.06628125000000007,heave,pitch_moment,0.8250000000000001,-5060.973003185357,14611.887404567993,-379.57297523890185,1095.8915553425998,-0.12103086831125012,-0.12103086831125012,0.0,-2.290205330583435,-2.290205330583435,0.0,0.0,-2.290205330583435,20.784736864510243,9.644159122178282,118.93871152597067,77.57755361947542,740.0984994309156,522.5365614940745,99.96341658547355,235273.08154123274,111019.98140123377,77036.77652634266,35745.2170755323,222303.30173062635,105108.11446578885,1188.1072554184054,536.5697853640027,32.40075792078021,17.346451364389978,advance_eq19_20,5.476500227282856,3.8995388177546304,7.21356211230013,5.131491628508625,1.3171846640968934,1.3159226945363138,472.56584172229344,7.634712252518055e-15,a1_station_hull_matched_sweep_free_surface_marching_not_benchmark_validated,41,8,24,10,3.0,2,16,15.0,False,none,0.0,1.0,0.03,1.0,trapezoid,1.0,1.0,1.0,1.0,-1.0,1.0,1.0,True,False,True,3.0,11,9,40,True,True,True,True,A1_GRID_RECOMMENDED,"A1 Section 3.3 recommends control radius about 3B, inner free-surface panels greater than 10, outer/free-surface proxy panels greater than 8, and roughly 60 stations at Fn=0.2 or 40 at Fn=0.3."
14,st41_bp8_fs24_cp10_r3p0_h2_fsm_clipfs_onezonefs_noend_pr1p0_pl1p0_pf1p0_pm1p0_dt1p0_fv0p03_hr1p0_hqtrapezoid_hp1p0_hc1p0_ci1p0_cp1p0_cnm1p0_cd1p0_pg1p0,A53,OK,diagnostic_matched_wigley_sensitivity_not_hard_gate,wigley_iii,Fn0.4,0.4,2.1696064159197173,2.0,3.616010693199528,0.15,239.85000000000002,9,10,29,0.75,2.25,0.07500000000000001,-0.8671874999999999,0.8671874999999999,0.06562499999999982,0.0656250000000001,heave,pitch_moment,0.75,-3459.5474102112507,10078.109263281614,-259.46605576584386,755.8581947461212,-0.08273350337144035,-0.08273350337144035,0.0,-2.3920875164247803,-2.3920875164247803,0.0,0.0,-2.3920875164247803,14.589148108520083,6.739275545721154,90.30475734481442,58.932043258634025,562.4004668316751,397.0666345410326,70.85403141386675,166588.59783947514,77666.43016895099,54073.3784542073,24978.524748689422,157568.49517803505,73540.10930483889,906.8243711207359,407.5058427254855,24.616038612302905,13.180849103688184,advance_eq19_20,4.177462636807258,2.9779302327047543,5.5030047952327665,3.9181180850408888,1.31730796267243,1.3157185625138683,474.0481182363453,6.90923305707565e-15,a1_station_hull_matched_sweep_free_surface_marching_not_benchmark_validated,41,8,24,10,3.0,2,16,15.0,False,none,0.0,1.0,0.03,1.0,trapezoid,1.0,1.0,1.0,1.0,-1.0,1.0,1.0,True,False,True,3.0,11,9,40,True,True,True,True,A1_GRID_RECOMMENDED,"A1 Section 3.3 recommends control radius about 3B, inner free-surface panels greater than 10, outer/free-surface proxy panels greater than 8, and roughly 60 stations at Fn=0.2 or 40 at Fn=0.3."
14,st41_bp8_fs24_cp10_r3p0_h2_fsm_clipfs_onezonefs_noend_pr1p0_pl1p0_pf1p0_pm1p0_dt1p0_fv0p03_hr1p0_hqtrapezoid_hp1p0_hc1p0_ci1p0_cp1p0_cnm1p0_cd1p0_pg1p0,A53,OK,diagnostic_matched_wigley_sensitivity_not_hard_gate,wigley_iii,Fn0.4,0.4,2.1696064159197173,2.0,3.616010693199528,0.15,239.85000000000002,10,11,28,0.825,2.175,0.07499999999999996,-0.8674843749999999,0.8674843749999999,0.06503124999999987,0.0650312500000001,heave,pitch_moment,0.675,-2298.029210365409,6904.755908940495,-172.35219077740558,517.8566931705368,-0.05495632372669963,-0.05495632372669963,0.0,-2.4609324299738504,-2.4609324299738504,0.0,0.0,-2.4609324299738504,10.157145271998541,4.683827544812355,68.59310674929355,44.779097473397925,427.43548536503965,301.7731399633227,50.917013010476616,119325.87307110487,55130.849548720056,37646.55456382594,17360.189749322566,113231.62505967273,52326.23036136964,692.0495497286062,309.5893311411654,18.709959454667967,10.01892244434391,advance_eq19_20,3.1847975819513223,2.2735632841533366,4.19588121526118,2.990947517434711,1.3174718666705243,1.3155329954004444,475.4122985160682,7.353881879882026e-15,a1_station_hull_matched_sweep_free_surface_marching_not_benchmark_validated,41,8,24,10,3.0,2,16,15.0,False,none,0.0,1.0,0.03,1.0,trapezoid,1.0,1.0,1.0,1.0,-1.0,1.0,1.0,True,False,True,3.0,11,9,40,True,True,True,True,A1_GRID_RECOMMENDED,"A1 Section 3.3 recommends control radius about 3B, inner free-surface panels greater than 10, outer/free-surface proxy panels greater than 8, and roughly 60 stations at Fn=0.2 or 40 at Fn=0.3."
14,st41_bp8_fs24_cp10_r3p0_h2_fsm_clipfs_onezonefs_noend_pr1p0_pl1p0_pf1p0_pm1p0_dt1p0_fv0p03_hr1p0_hqtrapezoid_hp1p0_hc1p0_ci1p0_cp1p0_cnm1p0_cd1p0_pg1p0,A53,OK,diagnostic_matched_wigley_sensitivity_not_hard_gate,wigley_iii,Fn0.4,0.4,2.1696064159197173,2.0,3.616010693199528,0.15,239.85000000000002,11,12,27,0.8999999999999999,2.1,0.07500000000000001,-0.8677499999999999,0.8677499999999999,0.06449999999999989,0.0645,heave,pitch_moment,0.6000000000000001,-1469.1083113928964,4676.269444154739,-110.18312335446726,350.7202083116055,-0.035133057311162376,-0.035133057311162376,0.0,-2.505977120492781,-2.505977120492781,0.0,0.0,-2.505977120492781,6.952045980627305,3.209834873963183,52.125134726625795,34.03351106815356,324.90266574107017,229.38121938512452,36.946248493857624,86108.47369539151,39510.87482123846,25767.139420702213,11896.967158347019,82162.78822084864,37677.200022995174,528.0761940949059,235.28114653056872,14.227721752941482,7.618153369440963,advance_eq19_20,2.426537532272369,1.7353169166513747,3.1973751901141467,2.2825729853880543,1.3176697856883817,1.3153637606395925,476.65246731613325,6.00875141305654e-15,a1_station_hull_matched_sweep_free_surface_marching_not_benchmark_validated,41,8,24,10,3.0,2,16,15.0,False,none,0.0,1.0,0.03,1.0,trapezoid,1.0,1.0,1.0,1.0,-1.0,1.0,1.0,True,False,True,3.0,11,9,40,True,True,True,True,A1_GRID_RECOMMENDED,"A1 Section 3.3 recommends control radius about 3B, inner free-surface panels greater than 10, outer/free-surface proxy panels greater than 8, and roughly 60 stations at Fn=0.2 or 40 at Fn=0.3."
14,st41_bp8_fs24_cp10_r3p0_h2_fsm_clipfs_onezonefs_noend_pr1p0_pl1p0_pf1p0_pm1p0_dt1p0_fv0p03_hr1p0_hqtrapezoid_hp1p0_hc1p0_ci1p0_cp1p0_cnm1p0_cd1p0_pg1p0,A53,OK,diagnostic_matched_wigley_sensitivity_not_hard_gate,wigley_iii,Fn0.4,0.4,2.1696064159197173,2.0,3.616010693199528,0.15,239.85000000000002,12,13,26,0.975,2.025,0.07500000000000007,-0.8679843749999999,0.8679843749999999,0.06403124999999998,0.0640312500000001,heave,pitch_moment,0.525,-890.0521380326026,3115.4410531310496,-66.75391035244525,233.65807898482893,-0.021285192203271915,-0.021285192203271915,0.0,-2.534186245249998,-2.534186245249998,0.0,0.0,-2.534186245249998,4.616177997417645,2.142474169253833,39.630246732262435,25.87282958583874,246.99086566953952,174.37445061587556,26.996893851875694,62427.30759456741,28495.670899401608,17109.452725383955,7940.889743573777,60036.9499637064,27366.869205069994,402.90248553263905,178.8718383597054,10.82492461948094,5.7947795248303295,advance_eq19_20,1.84760257620687,1.3240981304704926,2.4349370659450202,1.7414571241008014,1.317890057798008,1.315202464247879,477.76272938128045,5.321101794980527e-15,a1_station_hull_matched_sweep_free_surface_marching_not_benchmark_validated,41,8,24,10,3.0,2,16,15.0,False,none,0.0,1.0,0.03,1.0,trapezoid,1.0,1.0,1.0,1.0,-1.0,1.0,1.0,True,False,True,3.0,11,9,40,True,True,True,True,A1_GRID_RECOMMENDED,"A1 Section 3.3 recommends control radius about 3B, inner free-surface panels greater than 10, outer/free-surface proxy panels greater than 8, and roughly 60 stations at Fn=0.2 or 40 at Fn=0.3."
14,st41_bp8_fs24_cp10_r3p0_h2_fsm_clipfs_onezonefs_noend_pr1p0_pl1p0_pf1p0_pm1p0_dt1p0_fv0p03_hr1p0_hqtrapezoid_hp1p0_hc1p0_ci1p0_cp1p0_cnm1p0_cd1p0_pg1p0,A53,OK,diagnostic_matched_wigley_sensitivity_not_hard_gate,wigley_iii,Fn0.4,0.4,2.1696064159197173,2.0,3.616010693199528,0.15,239.85000000000002,13,14,25,1.05,1.95,0.07500000000000001,-0.8681874999999999,0.8681874999999999,0.06362499999999982,0.0636250000000001,heave,pitch_moment,0.44999999999999996,-497.1402269985635,2029.6942215511815,-37.285517024892265,152.22706661633865,-0.011888882495167983,-0.011888882495167983,0.0,-2.5507732825992186,-2.5507732825992186,0.0,0.0,-2.5507732825992186,2.9045683214959377,1.3639204909855163,30.146716554987186,19.673639005874772,187.77525195375185,132.56869267028637,19.826728104446282,45386.846325127015,20637.257189646087,10765.523862399363,5055.249857079517,44091.601414654986,20008.519015511785,307.35976177056176,136.036773239043,8.240709820317882,4.409524248312747,advance_eq19_20,1.4058343981236008,1.010012574166423,1.8530527810624695,1.3281991729075562,1.3181159769143374,1.3150323143290932,478.7374711729425,5.62208217332926e-15,a1_station_hull_matched_sweep_free_surface_marching_not_benchmark_validated,41,8,24,10,3.0,2,16,15.0,False,none,0.0,1.0,0.03,1.0,trapezoid,1.0,1.0,1.0,1.0,-1.0,1.0,1.0,True,False,True,3.0,11,9,40,True,True,True,True,A1_GRID_RECOMMENDED,"A1 Section 3.3 recommends control radius about 3B, inner free-surface panels greater than 10, outer/free-surface proxy panels greater than 8, and roughly 60 stations at Fn=0.2 or 40 at Fn=0.3."
14,st41_bp8_fs24_cp10_r3p0_h2_fsm_clipfs_onezonefs_noend_pr1p0_pl1p0_pf1p0_pm1p0_dt1p0_fv0p03_hr1p0_hqtrapezoid_hp1p0_hc1p0_ci1p0_cp1p0_cnm1p0_cd1p0_pg1p0,A53,OK,diagnostic_matched_wigley_sensitivity_not_hard_gate,wigley_iii,Fn0.4,0.4,2.1696064159197173,2.0,3.616010693199528,0.15,239.85000000000002,14,15,24,1.125,1.875,0.07499999999999996,-0.8683593749999999,0.8683593749999999,0.06328124999999996,0.06328125000000007,heave,pitch_moment,0.375,-241.55378145176846,1282.2803513702922,-18.116533608882623,96.17102635277186,-0.005776648856765838,-0.005776648856765838,0.0,-2.5596060482751852,-2.5596060482751852,0.0,0.0,-2.5596060482751852,1.6465457980037455,0.792885630058676,22.946446523854778,14.963279834703375,142.76043163372464,100.78939512725698,14.612454677286426,33063.94727683553,14992.060859274707,6102.7753927349,2938.7599896958277,32495.857305681126,14701.21010431317,234.44452599601559,103.49932755165834,6.27743557217367,3.3567946023627977,advance_eq19_20,1.0689596966449388,0.7702000535986897,1.4092392193237542,1.0126781297874146,1.318327738404754,1.3148247978635785,479.5715522185469,5.033450260826664e-15,a1_station_hull_matched_sweep_free_surface_marching_not_benchmark_validated,41,8,24,10,3.0,2,16,15.0,False,none,0.0,1.0,0.03,1.0,trapezoid,1.0,1.0,1.0,1.0,-1.0,1.0,1.0,True,False,True,3.0,11,9,40,True,True,True,True,A1_GRID_RECOMMENDED,"A1 Section 3.3 recommends control radius about 3B, inner free-surface panels greater than 10, outer/free-surface proxy panels greater than 8, and roughly 60 stations at Fn=0.2 or 40 at Fn=0.3."
14,st41_bp8_fs24_cp10_r3p0_h2_fsm_clipfs_onezonefs_noend_pr1p0_pl1p0_pf1p0_pm1p0_dt1p0_fv0p03_hr1p0_hqtrapezoid_hp1p0_hc1p0_ci1p0_cp1p0_cnm1p0_cd1p0_pg1p0,A53,OK,diagnostic_matched_wigley_sensitivity_not_hard_gate,wigley_iii,Fn0.4,0.4,2.1696064159197173,2.0,3.616010693199528,0.15,239.85000000000002,15,16,23,1.2,1.8,0.07499999999999996,-0.8684999999999999,0.8684999999999998,0.06299999999999994,0.06300000000000008,heave,pitch_moment,0.30000000000000004,-86.14129515134712,775.0512624505387,-6.46059713635103,58.12884468379037,-0.002060029907897411,-0.002060029907897411,0.0,-2.563524387657517,-2.563524387657517,0.0,0.0,-2.563524387657517,0.7245564313930184,0.37231363324159844,17.478028051921033,11.383283320815005,108.53450960535596,76.62724387276232,10.793413417623507,24152.65870254256,10928.75211049784,2685.503898837236,1379.947331001227,24002.895475563673,10841.280738749163,178.8075108624507,78.77607809755239,4.7853027919818745,2.5565074179181817,advance_eq19_20,0.8122658891962261,0.5871786478299277,1.0709791097111787,0.7718674638396313,1.3185080451562001,1.3145359877990617,480.2604432484979,3.070282010746919e-15,a1_station_hull_matched_sweep_free_surface_marching_not_benchmark_validated,41,8,24,10,3.0,2,16,15.0,False,none,0.0,1.0,0.03,1.0,trapezoid,1.0,1.0,1.0,1.0,-1.0,1.0,1.0,True,False,True,3.0,11,9,40,True,True,True,True,A1_GRID_RECOMMENDED,"A1 Section 3.3 recommends control radius about 3B, inner free-surface panels greater than 10, outer/free-surface proxy panels greater than 8, and roughly 60 stations at Fn=0.2 or 40 at Fn=0.3."
14,st41_bp8_fs24_cp10_r3p0_h2_fsm_clipfs_onezonefs_noend_pr1p0_pl1p0_pf1p0_pm1p0_dt1p0_fv0p03_hr1p0_hqtrapezoid_hp1p0_hc1p0_ci1p0_cp1p0_cnm1p0_cd1p0_pg1p0,A53,OK,diagnostic_matched_wigley_sensitivity_not_hard_gate,wigley_iii,Fn0.4,0.4,2.1696064159197173,2.0,3.616010693199528,0.15,239.85000000000002,16,17,22,1.275,1.725,0.07499999999999996,-0.8686093749999999,0.8686093749999999,0.0627812499999999,0.06278125000000001,heave,pitch_moment,0.2250000000000001,-2.824637890220423,437.3004262666348,-0.21184784176653162,32.79753196999759,-6.754993087358193e-05,-6.754993087358193e-05,0.0,-2.5645881775769026,-2.5645881775769026,0.0,0.0,-2.5645881775769026,0.15016581910462334,0.08282217206202368,13.323704280947306,8.661697425551235,82.50714080930541,58.25313525923245,7.979953720726592,17754.91860357274,8018.101359322095,556.5762378262685,306.97300630554605,17746.192761011604,8014.846515302118,136.36332481854933,59.98411611435519,3.650732682960842,1.9479057345397295,advance_eq19_20,0.6168236197177314,0.44757742571196385,0.8133762722638971,0.5881635242507908,1.3186529281030313,1.3141045335680097,480.80032593830697,2.923466592483638e-15,a1_station_hull_matched_sweep_free_surface_marching_not_benchmark_validated,41,8,24,10,3.0,2,16,15.0,False,none,0.0,1.0,0.03,1.0,trapezoid,1.0,1.0,1.0,1.0,-1.0,1.0,1.0,True,False,True,3.0,11,9,40,True,True,True,True,A1_GRID_RECOMMENDED,"A1 Section 3.3 recommends control radius about 3B, inner free-surface panels greater than 10, outer/free-surface proxy panels greater than 8, and roughly 60 stations at Fn=0.2 or 40 at Fn=0.3."
14,st41_bp8_fs24_cp10_r3p0_h2_fsm_clipfs_onezonefs_noend_pr1p0_pl1p0_pf1p0_pm1p0_dt1p0_fv0p03_hr1p0_hqtrapezoid_hp1p0_hc1p0_ci1p0_cp1p0_cnm1p0_cd1p0_pg1p0,A53,OK,diagnostic_matched_wigley_sensitivity_not_hard_gate,wigley_iii,Fn0.4,0.4,2.1696064159197173,2.0,3.616010693199528,0.15,239.85000000000002,17,18,21,1.3499999999999999,1.6500000000000001,0.07500000000000007,-0.8686874999999998,0.8686875,0.0626249999999999,0.06262500000000004,heave,pitch_moment,0.15000000000000013,29.480829833677493,218.12663052810663,2.2110622375258138,16.35949728960801,0.000705020641497288,0.000705020641497288,0.0,-2.564269442221591,-2.564269442221591,0.0,0.0,-2.564269442221591,0.5094200484945206,0.18687793699979316,10.166836837565201,6.5921330147223305,62.71105630248308,44.277987927251,5.896988868059133,13249.22466079759,5965.788319193958,1888.1200512535688,692.6464339771778,13113.998504816953,5933.089277112796,103.99222266448186,45.695275934428516,2.787574783835821,1.4848777966347806,advance_eq19_20,0.4681297822076818,0.3411662527618204,0.6173638439789687,0.4481064989593815,1.3187877965539916,1.3134549367994486,481.18816478284884,3.042246756230316e-15,a1_station_hull_matched_sweep_free_surface_marching_not_benchmark_validated,41,8,24,10,3.0,2,16,15.0,False,none,0.0,1.0,0.03,1.0,trapezoid,1.0,1.0,1.0,1.0,-1.0,1.0,1.0,True,False,True,3.0,11,9,40,True,True,True,True,A1_GRID_RECOMMENDED,"A1 Section 3.3 recommends control radius about 3B, inner free-surface panels greater than 10, outer/free-surface proxy panels greater than 8, and roughly 60 stations at Fn=0.2 or 40 at Fn=0.3."
14,st41_bp8_fs24_cp10_r3p0_h2_fsm_clipfs_onezonefs_noend_pr1p0_pl1p0_pf1p0_pm1p0_dt1p0_fv0p03_hr1p0_hqtrapezoid_hp1p0_hc1p0_ci1p0_cp1p0_cnm1p0_cd1p0_pg1p0,A53,OK,diagnostic_matched_wigley_sensitivity_not_hard_gate,wigley_iii,Fn0.4,0.4,2.1696064159197173,2.0,3.616010693199528,0.15,239.85000000000002,18,19,20,1.425,1.575,0.07500000000000007,-0.8687343749999998,0.868734375,0.06253124999999993,0.06253125000000004,heave,pitch_moment,0.07499999999999996,26.519893575010563,81.03048969854495,1.988992018125794,6.077286727390877,0.0006342111971127459,0.0006342111971127459,0.0,-2.5635998263022857,-2.5635998263022857,0.0,0.0,-2.5635998263022857,0.8752621866741601,0.33855730722596145,7.767337653141851,5.017912150217702,47.65179034240911,33.64660443977779,4.347996378803292,10198.969501625588,4567.5111360482615,3244.0813620261383,1254.8325142696622,9669.2768608435,4391.759708710913,79.31257302764729,34.8259545279783,2.1304689509679626,1.1324179711747966,advance_eq19_20,0.3550738620805503,0.26011278126048876,0.46833728097809996,0.34140156309101743,1.3189855153907535,1.3125136005874405,481.4217579468673,1.7233393554781783e-15,a1_station_hull_matched_sweep_free_surface_marching_not_benchmark_validated,41,8,24,10,3.0,2,16,15.0,False,none,0.0,1.0,0.03,1.0,trapezoid,1.0,1.0,1.0,1.0,-1.0,1.0,1.0,True,False,True,3.0,11,9,40,True,True,True,True,A1_GRID_RECOMMENDED,"A1 Section 3.3 recommends control radius about 3B, inner free-surface panels greater than 10, outer/free-surface proxy panels greater than 8, and roughly 60 stations at Fn=0.2 or 40 at Fn=0.3."
14,st41_bp8_fs24_cp10_r3p0_h2_fsm_clipfs_onezonefs_noend_pr1p0_pl1p0_pf1p0_pm1p0_dt1p0_fv0p03_hr1p0_hqtrapezoid_hp1p0_hc1p0_ci1p0_cp1p0_cnm1p0_cd1p0_pg1p0,A53,OK,diagnostic_matched_wigley_sensitivity_not_hard_gate,wigley_iii,Fn0.4,0.4,2.1696064159197173,2.0,3.616010693199528,0.15,239.85000000000002,19,20,19,1.5,1.5,0.07499999999999996,-0.8687499999999999,0.8687499999999999,0.062499999999999944,0.06250000000000003,heave,pitch_moment,0.0,0.0,0.0,0.0,0.0,0.0,0.0,0.0,-2.563282720703729,-2.563282720703729,0.0,0.0,-2.563282720703729,1.1482001372891038,0.46452059508157123,5.943056816891824,3.8200426440587183,36.1935898219815,25.55709238787883,3.194757081469385,8281.72939621061,3675.3058126921023,4255.70157372983,1721.7042250020288,7104.649597792451,3247.0921419661804,60.50672317079948,26.553588438191728,1.6298040041757489,0.8639399911127736,advance_eq19_20,0.2691518261671278,0.19841424099659966,0.3551130607918269,0.26016961874483613,1.3193782329060704,1.3112446840410754,481.49977128544,1.5299471239509987e-15,a1_station_hull_matched_sweep_free_surface_marching_not_benchmark_validated,41,8,24,10,3.0,2,16,15.0,False,none,0.0,1.0,0.03,1.0,trapezoid,1.0,1.0,1.0,1.0,-1.0,1.0,1.0,True,False,True,3.0,11,9,40,True,True,True,True,A1_GRID_RECOMMENDED,"A1 Section 3.3 recommends control radius about 3B, inner free-surface panels greater than 10, outer/free-surface proxy panels greater than 8, and roughly 60 stations at Fn=0.2 or 40 at Fn=0.3."
14,st41_bp8_fs24_cp10_r3p0_h2_fsm_clipfs_onezonefs_noend_pr1p0_pl1p0_pf1p0_pm1p0_dt1p0_fv0p03_hr1p0_hqtrapezoid_hp1p0_hc1p0_ci1p0_cp1p0_cnm1p0_cd1p0_pg1p0,A53,OK,diagnostic_matched_wigley_sensitivity_not_hard_gate,wigley_iii,Fn0.4,0.4,2.1696064159197173,2.0,3.616010693199528,0.15,239.85000000000002,20,21,18,1.575,1.425,0.07499999999999996,-0.8687343749999998,0.868734375,0.06253124999999993,0.06253125000000004,heave,pitch_moment,-0.07499999999999996,-41.41253834816571,-43.577603506168856,-3.1059403761124265,-3.2683202629626624,-0.0009903620256612275,-0.0009903620256612275,0.0,-2.5637779017165596,-2.5637779017165596,0.0,0.0,-2.5637779017165596,1.3489441122775183,0.5575759330978132,4.555828679492196,2.9081511674948834,27.473134630804562,19.399934231181803,2.335997953610314,7210.021458351334,3163.435281402648,4999.741242887153,2066.605549761207,5194.901051421473,2395.091706244091,46.18827172939021,20.253815301418232,1.2478843233183006,0.659236883898304,advance_eq19_20,0.20403513695204664,0.1515117013985976,0.2693058365212402,0.19841171699839805,1.3198993102081913,1.3095471515854455,481.4217579468676,1.1910359771798172e-15,a1_station_hull_matched_sweep_free_surface_marching_not_benchmark_validated,41,8,24,10,3.0,2,16,15.0,False,none,0.0,1.0,0.03,1.0,trapezoid,1.0,1.0,1.0,1.0,-1.0,1.0,1.0,True,False,True,3.0,11,9,40,True,True,True,True,A1_GRID_RECOMMENDED,"A1 Section 3.3 recommends control radius about 3B, inner free-surface panels greater than 10, outer/free-surface proxy panels greater than 8, and roughly 60 stations at Fn=0.2 or 40 at Fn=0.3."
14,st41_bp8_fs24_cp10_r3p0_h2_fsm_clipfs_onezonefs_noend_pr1p0_pl1p0_pf1p0_pm1p0_dt1p0_fv0p03_hr1p0_hqtrapezoid_hp1p0_hc1p0_ci1p0_cp1p0_cnm1p0_cd1p0_pg1p0,A53,OK,diagnostic_matched_wigley_sensitivity_not_hard_gate,wigley_iii,Fn0.4,0.4,2.1696064159197173,2.0,3.616010693199528,0.15,239.85000000000002,21,22,17,1.65,1.35,0.07499999999999996,-0.8686874999999998,0.8686875,0.0626249999999999,0.06262500000000004,heave,pitch_moment,-0.1499999999999999,-91.3453286872999,-62.663029157259956,-6.850899651547488,-4.699727186794494,-0.002184482003804819,-0.002184482003804819,0.0,-2.5653653237312932,-2.5653653237312932,0.0,0.0,-2.5653653237312932,1.4952274030295978,0.6260711983302403,3.500671636044046,2.2135349090303946,20.833796139233442,14.711551131912152,1.6909591361516882,6697.299379811242,2910.1395145730044,5541.927235072985,2320.477151563051,3760.433685624085,1756.2168953045175,35.29909418045442,15.452106491232797,0.956072436679162,0.5029535808596646,advance_eq19_20,0.15492287772608518,0.1159481524650248,0.204553336811611,0.1515667755737914,1.3203559074940245,1.3071943998375548,481.18816478284884,8.351949118751247e-16,a1_station_hull_matched_sweep_free_surface_marching_not_benchmark_validated,41,8,24,10,3.0,2,16,15.0,False,none,0.0,1.0,0.03,1.0,trapezoid,1.0,1.0,1.0,1.0,-1.0,1.0,1.0,True,False,True,3.0,11,9,40,True,True,True,True,A1_GRID_RECOMMENDED,"A1 Section 3.3 recommends control radius about 3B, inner free-surface panels greater than 10, outer/free-surface proxy panels greater than 8, and roughly 60 stations at Fn=0.2 or 40 at Fn=0.3."
14,st41_bp8_fs24_cp10_r3p0_h2_fsm_clipfs_onezonefs_noend_pr1p0_pl1p0_pf1p0_pm1p0_dt1p0_fv0p03_hr1p0_hqtrapezoid_hp1p0_hc1p0_ci1p0_cp1p0_cnm1p0_cd1p0_pg1p0,A53,OK,diagnostic_matched_wigley_sensitivity_not_hard_gate,wigley_iii,Fn0.4,0.4,2.1696064159197173,2.0,3.616010693199528,0.15,239.85000000000002,22,23,16,1.7249999999999999,1.2750000000000001,0.07499999999999996,-0.8686093749999999,0.8686093749999999,0.0627812499999999,0.06278125000000001,heave,pitch_moment,-0.22499999999999987,-145.05955246916133,-65.97053533537367,-10.879466435187094,-4.947790150153022,-0.0034690332434363555,-0.0034690332434363555,0.0,-2.5681920813549137,-2.5681920813549137,0.0,0.0,-2.5681920813549137,1.6000432104681501,0.676033985510706,2.6976854873253426,1.6839544945871103,15.776253577990481,11.139433991721015,1.2012389981639162,6504.31228304521,2810.4339581154027,5930.417692599986,2505.659773587333,2671.3712334061415,1272.8739654633866,27.032586709313268,11.78772744449413,0.7326408164952163,0.3834354287651436,advance_eq19_20,0.1179915353273151,0.08905501978515173,0.1558450861275529,0.1161317444522109,1.3208158169586484,1.3040449009206072,480.80032593830697,5.546593092352267e-16,a1_station_hull_matched_sweep_free_surface_marching_not_benchmark_validated,41,8,24,10,3.0,2,16,15.0,False,none,0.0,1.0,0.03,1.0,trapezoid,1.0,1.0,1.0,1.0,-1.0,1.0,1.0,True,False,True,3.0,11,9,40,True,True,True,True,A1_GRID_RECOMMENDED,"A1 Section 3.3 recommends control radius about 3B, inner free-surface panels greater than 10, outer/free-surface proxy panels greater than 8, and roughly 60 stations at Fn=0.2 or 40 at Fn=0.3."
14,st41_bp8_fs24_cp10_r3p0_h2_fsm_clipfs_onezonefs_noend_pr1p0_pl1p0_pf1p0_pm1p0_dt1p0_fv0p03_hr1p0_hqtrapezoid_hp1p0_hc1p0_ci1p0_cp1p0_cnm1p0_cd1p0_pg1p0,A53,OK,diagnostic_matched_wigley_sensitivity_not_hard_gate,wigley_iii,Fn0.4,0.4,2.1696064159197173,2.0,3.616010693199528,0.15,239.85000000000002,23,24,15,1.7999999999999998,1.2000000000000002,0.07500000000000007,-0.8684999999999999,0.8684999999999998,0.06299999999999994,0.06300000000000008,heave,pitch_moment,-0.2999999999999998,-198.9957651900097,-59.44580281111876,-14.92468238925074,-4.458435210833911,-0.004758893247612615,-0.004758893247612615,0.0,-2.5723060446004378,-2.5723060446004378,0.0,0.0,-2.5723060446004378,1.6731250051680782,0.7119274335817092,2.086084173134362,1.2797204909354212,11.920968909233274,8.415655615236405,0.8272526920762313,6468.4169068740475,2789.4994310836696,6201.288857490968,2638.695642928896,1839.6830670233358,904.7609518564443,20.774988929195043,8.986774121677602,0.5611032689280833,0.2918356593420186,advance_eq19_20,0.09028768852107409,0.06878459344785544,0.11931811926640756,0.08942440280449131,1.321532550238646,1.300064423180499,480.2604432484979,5.453136608964615e-16,a1_station_hull_matched_sweep_free_surface_marching_not_benchmark_validated,41,8,24,10,3.0,2,16,15.0,False,none,0.0,1.0,0.03,1.0,trapezoid,1.0,1.0,1.0,1.0,-1.0,1.0,1.0,True,False,True,3.0,11,9,40,True,True,True,True,A1_GRID_RECOMMENDED,"A1 Section 3.3 recommends control radius about 3B, inner free-surface panels greater than 10, outer/free-surface proxy panels greater than 8, and roughly 60 stations at Fn=0.2 or 40 at Fn=0.3."
14,st41_bp8_fs24_cp10_r3p0_h2_fsm_clipfs_onezonefs_noend_pr1p0_pl1p0_pf1p0_pm1p0_dt1p0_fv0p03_hr1p0_hqtrapezoid_hp1p0_hc1p0_ci1p0_cp1p0_cnm1p0_cd1p0_pg1p0,A53,OK,diagnostic_matched_wigley_sensitivity_not_hard_gate,wigley_iii,Fn0.4,0.4,2.1696064159197173,2.0,3.616010693199528,0.15,239.85000000000002,24,25,14,1.875,1.125,0.07500000000000007,-0.8683593749999999,0.8683593749999999,0.06328124999999996,0.06328125000000007,heave,pitch_moment,-0.375,-250.45062137212918,-47.09207908502348,-18.783796602909703,-3.531905931376764,-0.005989412738357335,-0.005989412738357335,0.0,-2.5776801975934234,-2.5776801975934234,0.0,0.0,-2.5776801975934234,1.7217111449516835,0.7370607416834204,1.6196159132608072,0.9707201630140468,8.979849799139956,6.336864370010366,0.5406656815867775,6493.653415352816,2801.836112610512,6381.369058514743,2731.850011551444,1202.3575249292364,622.3191434583725,16.060018152234747,6.841594163521048,0.42898057254252164,0.22145440092281335,advance_eq19_20,0.06952157715216678,0.05355685520967119,0.09198121873932127,0.06938227675816372,1.3230600125482697,1.295488252372869,479.5715522185469,4.1188719537299433e-16,a1_station_hull_matched_sweep_free_surface_marching_not_benchmark_validated,41,8,24,10,3.0,2,16,15.0,False,none,0.0,1.0,0.03,1.0,trapezoid,1.0,1.0,1.0,1.0,-1.0,1.0,1.0,True,False,True,3.0,11,9,40,True,True,True,True,A1_GRID_RECOMMENDED,"A1 Section 3.3 recommends control radius about 3B, inner free-surface panels greater than 10, outer/free-surface proxy panels greater than 8, and roughly 60 stations at Fn=0.2 or 40 at Fn=0.3."
14,st41_bp8_fs24_cp10_r3p0_h2_fsm_clipfs_onezonefs_noend_pr1p0_pl1p0_pf1p0_pm1p0_dt1p0_fv0p03_hr1p0_hqtrapezoid_hp1p0_hc1p0_ci1p0_cp1p0_cnm1p0_cd1p0_pg1p0,A53,OK,diagnostic_matched_wigley_sensitivity_not_hard_gate,wigley_iii,Fn0.4,0.4,2.1696064159197173,2.0,3.616010693199528,0.15,239.85000000000002,25,26,13,1.95,1.05,0.07499999999999996,-0.8681874999999999,0.8681874999999999,0.0636249999999999,0.06362500000000004,heave,pitch_moment,-0.44999999999999996,-297.3446819891363,-31.55786660497034,-22.30085114918521,-2.366839995372774,-0.007110862876807887,-0.007110862876807887,0.0,-2.584230335401006,-2.584230335401006,0.0,0.0,-2.584230335401006,1.7511842761415346,0.7539032931184418,1.2629447597509649,0.7340565757367213,6.733709699142864,4.748369963673306,0.32349999762435444,6530.35657203624,2823.292907478936,6490.608594997931,2794.2754287934895,719.414362155708,403.7420828472366,12.531783683762646,5.194409021570912,0.32680499142166486,0.16720538424264447,advance_eq19_20,0.053915322634766234,0.04214329208553978,0.07150953338593226,0.05440673623937081,1.326330436161032,1.290993976667496,478.73747117294215,3.383987358705992e-16,a1_station_hull_matched_sweep_free_surface_marching_not_benchmark_validated,41,8,24,10,3.0,2,16,15.0,False,none,0.0,1.0,0.03,1.0,trapezoid,1.0,1.0,1.0,1.0,-1.0,1.0,1.0,True,False,True,3.0,11,9,40,True,True,True,True,A1_GRID_RECOMMENDED,"A1 Section 3.3 recommends control radius about 3B, inner free-surface panels greater than 10, outer/free-surface proxy panels greater than 8, and roughly 60 stations at Fn=0.2 or 40 at Fn=0.3."
14,st41_bp8_fs24_cp10_r3p0_h2_fsm_clipfs_onezonefs_noend_pr1p0_pl1p0_pf1p0_pm1p0_dt1p0_fv0p03_hr1p0_hqtrapezoid_hp1p0_hc1p0_ci1p0_cp1p0_cnm1p0_cd1p0_pg1p0,A53,OK,diagnostic_matched_wigley_sensitivity_not_hard_gate,wigley_iii,Fn0.4,0.4,2.1696064159197173,2.0,3.616010693199528,0.15,239.85000000000002,26,27,12,2.025,0.9750000000000001,0.07500000000000007,-0.8679843749999999,0.8679843749999999,0.06403124999999998,0.0640312500000001,heave,pitch_moment,-0.5249999999999999,-338.0489844758438,-14.620829091875695,-25.353673835688305,-1.0965621818906781,-0.008084287763854179,-0.008084287763854179,0.0,-2.591827910721337,-2.591827910721337,0.0,0.0,-2.591827910721337,1.765503022260716,0.764293426290361,0.9892319643403105,0.552458014614446,5.017103560627028,3.5334367998015717,0.17702496784686086,6555.511100383252,2842.388862919281,6543.679752555104,2832.7855322632518,393.6763686689942,233.45358478200424,9.918443406196124,3.926366397803753,0.24747897973236546,0.12527102277256186,advance_eq19_20,0.042094478807989014,0.03357877295520945,0.05609668857652606,0.0432454609325103,1.3326376799296444,1.2878809178106416,477.76272938128045,3.85901310222544e-16,a1_station_hull_matched_sweep_free_surface_marching_not_benchmark_validated,41,8,24,10,3.0,2,16,15.0,False,none,0.0,1.0,0.03,1.0,trapezoid,1.0,1.0,1.0,1.0,-1.0,1.0,1.0,True,False,True,3.0,11,9,40,True,True,True,True,A1_GRID_RECOMMENDED,"A1 Section 3.3 recommends control radius about 3B, inner free-surface panels greater than 10, outer/free-surface proxy panels greater than 8, and roughly 60 stations at Fn=0.2 or 40 at Fn=0.3."
14,st41_bp8_fs24_cp10_r3p0_h2_fsm_clipfs_onezonefs_noend_pr1p0_pl1p0_pf1p0_pm1p0_dt1p0_fv0p03_hr1p0_hqtrapezoid_hp1p0_hc1p0_ci1p0_cp1p0_cnm1p0_cd1p0_pg1p0,A53,OK,diagnostic_matched_wigley_sensitivity_not_hard_gate,wigley_iii,Fn0.4,0.4,2.1696064159197173,2.0,3.616010693199528,0.15,239.85000000000002,27,28,11,2.1,0.8999999999999999,0.07499999999999996,-0.8677499999999999,0.8677499999999999,0.06449999999999989,0.06450000000000003,heave,pitch_moment,-0.6000000000000001,-371.2851433385063,2.555964396805183,-27.846385750387956,0.1916973297603886,-0.00887911539165358,-0.00887911539165358,0.0,-2.6003096122990907,-2.6003096122990907,0.0,0.0,-2.6003096122990907,1.7676453026339198,0.7696498999618349,0.7777642634545728,0.4126769186025443,3.7029885370178093,2.6024407101631244,0.1497367051506008,6560.076748066949,2854.393816152002,6551.6199240108745,2852.6388249889906,332.991459098258,175.8925476383569,8.005029412669995,3.065470631008317,0.18556653758003158,0.09272228903111696,advance_eq19_20,0.03301190567328591,0.02710277105907541,0.04435155806186737,0.03490580710310144,1.3435019020352348,1.28790547014613,476.6524673161357,5.811357292086073e-16,a1_station_hull_matched_sweep_free_surface_marching_not_benchmark_validated,41,8,24,10,3.0,2,16,15.0,False,none,0.0,1.0,0.03,1.0,trapezoid,1.0,1.0,1.0,1.0,-1.0,1.0,1.0,True,False,True,3.0,11,9,40,True,True,True,True,A1_GRID_RECOMMENDED,"A1 Section 3.3 recommends control radius about 3B, inner free-surface panels greater than 10, outer/free-surface proxy panels greater than 8, and roughly 60 stations at Fn=0.2 or 40 at Fn=0.3."
14,st41_bp8_fs24_cp10_r3p0_h2_fsm_clipfs_onezonefs_noend_pr1p0_pl1p0_pf1p0_pm1p0_dt1p0_fv0p03_hr1p0_hqtrapezoid_hp1p0_hc1p0_ci1p0_cp1p0_cnm1p0_cd1p0_pg1p0,A53,OK,diagnostic_matched_wigley_sensitivity_not_hard_gate,wigley_iii,Fn0.4,0.4,2.1696064159197173,2.0,3.616010693199528,0.15,239.85000000000002,28,29,10,2.175,0.8250000000000002,0.07499999999999996,-0.8674843749999999,0.8674843749999999,0.06503124999999987,0.0650312500000001,heave,pitch_moment,-0.6749999999999998,-396.0222987836329,18.96430373586383,-29.70167240877245,1.4223227801897864,-0.009470693216943235,-0.009470693216943235,0.0,-2.609484516603389,-2.609484516603389,0.0,0.0,-2.609484516603389,1.759735824030674,0.7710438196748657,0.6132931083358935,0.305027629446539,2.6983722896033906,1.8897965175581886,0.22451072703419792,6541.385885607492,2857.806395531925,6522.30414582373,2857.805264291466,499.277411661601,242.55316444234913,6.6227568685717575,3.0511794570073048,0.13718312166343896,0.06745508851845566,advance_eq19_20,0.025890922377504726,0.022116640570446378,0.035225656871623205,0.028600669433357737,1.3605408242322392,1.2931742206624146,475.4122985160682,4.786780352804966e-16,a1_station_hull_matched_sweep_free_surface_marching_not_benchmark_validated,41,8,24,10,3.0,2,16,15.0,False,none,0.0,1.0,0.03,1.0,trapezoid,1.0,1.0,1.0,1.0,-1.0,1.0,1.0,True,False,True,3.0,11,9,40,True,True,True,True,A1_GRID_RECOMMENDED,"A1 Section 3.3 recommends control radius about 3B, inner free-surface panels greater than 10, outer/free-surface proxy panels greater than 8, and roughly 60 stations at Fn=0.2 or 40 at Fn=0.3."
14,st41_bp8_fs24_cp10_r3p0_h2_fsm_clipfs_onezonefs_noend_pr1p0_pl1p0_pf1p0_pm1p0_dt1p0_fv0p03_hr1p0_hqtrapezoid_hp1p0_hc1p0_ci1p0_cp1p0_cnm1p0_cd1p0_pg1p0,A53,OK,diagnostic_matched_wigley_sensitivity_not_hard_gate,wigley_iii,Fn0.4,0.4,2.1696064159197173,2.0,3.616010693199528,0.15,239.85000000000002,29,30,9,2.25,0.75,0.07499999999999996,-0.8671874999999999,0.8671874999999999,0.06562499999999982,0.0656250000000001,heave,pitch_moment,-0.75,-411.5094440505351,33.909013261003636,-30.863208303790113,2.543175994575271,-0.009841061254499626,-0.009841061254499626,0.0,-2.6191403938391105,-2.6191403938391105,0.0,0.0,-2.6191403938391105,1.7436094554279327,0.7694783876666964,0.48354226333063577,0.22156700958672465,1.926853405480545,1.341530842738288,0.3168602366041014,6500.835707656228,2853.0797441596064,6462.533196480991,2852.0031299384236,704.6485523432505,308.04833053795323,5.623704526265299,2.9921633473520544,0.0990831567784775,0.04770186710493857,advance_eq19_20,0.02017791967430566,0.018164521008562216,0.02795566086351889,0.02371207538651115,1.385458031093132,1.305406037149781,474.0481182363453,2.7857412675486167e-16,a1_station_hull_matched_sweep_free_surface_marching_not_benchmark_validated,41,8,24,10,3.0,2,16,15.0,False,none,0.0,1.0,0.03,1.0,trapezoid,1.0,1.0,1.0,1.0,-1.0,1.0,1.0,True,False,True,3.0,11,9,40,True,True,True,True,A1_GRID_RECOMMENDED,"A1 Section 3.3 recommends control radius about 3B, inner free-surface panels greater than 10, outer/free-surface proxy panels greater than 8, and roughly 60 stations at Fn=0.2 or 40 at Fn=0.3."
14,st41_bp8_fs24_cp10_r3p0_h2_fsm_clipfs_onezonefs_noend_pr1p0_pl1p0_pf1p0_pm1p0_dt1p0_fv0p03_hr1p0_hqtrapezoid_hp1p0_hc1p0_ci1p0_cp1p0_cnm1p0_cd1p0_pg1p0,A53,OK,diagnostic_matched_wigley_sensitivity_not_hard_gate,wigley_iii,Fn0.4,0.4,2.1696064159197173,2.0,3.616010693199528,0.15,239.85000000000002,30,31,8,2.3249999999999997,0.6750000000000003,0.07499999999999996,-0.866859375,0.866859375,0.06628124999999996,0.06628125000000007,heave,pitch_moment,-0.8249999999999997,-417.1294552317527,45.77768066949247,-31.28470914238143,3.433326050211933,-0.009975461266662027,-0.009975461266662027,0.0,-2.6290486550996914,-2.6290486550996914,0.0,0.0,-2.6290486550996914,1.7204272413855517,0.7657575724271326,0.3812192775471546,0.15753262518615968,1.342493278598894,0.9251490671603249,0.4017059948162024,6438.882119632279,2840.7669572803084,6376.610384264968,2838.2122595523992,893.3325012583114,388.6957288487689,4.896676301327536,2.8909714037147043,0.06958111372072444,0.032504867063462256,advance_eq19_20,0.015497065623999311,0.014907288477905426,0.02201134279316839,0.01977563130251934,1.4203555258281177,1.3265746706270187,472.56584172230123,3.570756517298226e-16,a1_station_hull_matched_sweep_free_surface_marching_not_benchmark_validated,41,8,24,10,3.0,2,16,15.0,False,none,0.0,1.0,0.03,1.0,trapezoid,1.0,1.0,1.0,1.0,-1.0,1.0,1.0,True,False,True,3.0,11,9,40,True,True,True,True,A1_GRID_RECOMMENDED,"A1 Section 3.3 recommends control radius about 3B, inner free-surface panels greater than 10, outer/free-surface proxy panels greater than 8, and roughly 60 stations at Fn=0.2 or 40 at Fn=0.3."
14,st41_bp8_fs24_cp10_r3p0_h2_fsm_clipfs_onezonefs_noend_pr1p0_pl1p0_pf1p0_pm1p0_dt1p0_fv0p03_hr1p0_hqtrapezoid_hp1p0_hc1p0_ci1p0_cp1p0_cnm1p0_cd1p0_pg1p0,A53,OK,diagnostic_matched_wigley_sensitivity_not_hard_gate,wigley_iii,Fn0.4,0.4,2.1696064159197173,2.0,3.616010693199528,0.15,239.85000000000002,31,32,7,2.4,0.6000000000000001,0.07500000000000018,-0.8664999999999999,0.8664999999999998,0.06699999999999995,0.06700000000000006,heave,pitch_moment,-0.8999999999999999,-412.75733701660545,53.65989884703844,-30.95680027624548,4.024492413527892,-0.009870904047406854,-0.009870904047406854,0.0,-2.6389718377567255,-2.6389718377567255,0.0,0.0,-2.6389718377567255,1.6923552379968483,0.7613539869141713,0.2985148739553453,0.1069652247318684,0.8885417629102532,0.5996682752215509,0.4796949959939735,6362.629432814335,2824.488992349113,6272.564003221056,2821.8907619415304,1066.7680745179357,466.25329569712125,4.331265305710015,2.7507911293178857,0.046109679577289675,0.020432929422582347,advance_eq19_20,0.011607858965001046,0.01211530052423928,0.01704430977178177,0.016454886809559394,1.4683422518461167,1.3581905604931412,470.9710640469985,4.0378263807674705e-16,a1_station_hull_matched_sweep_free_surface_marching_not_benchmark_validated,41,8,24,10,3.0,2,16,15.0,False,none,0.0,1.0,0.03,1.0,trapezoid,1.0,1.0,1.0,1.0,-1.0,1.0,1.0,True,False,True,3.0,11,9,40,True,True,True,True,A1_GRID_RECOMMENDED,"A1 Section 3.3 recommends control radius about 3B, inner free-surface panels greater than 10, outer/free-surface proxy panels greater than 8, and roughly 60 stations at Fn=0.2 or 40 at Fn=0.3."
14,st41_bp8_fs24_cp10_r3p0_h2_fsm_clipfs_onezonefs_noend_pr1p0_pl1p0_pf1p0_pm1p0_dt1p0_fv0p03_hr1p0_hqtrapezoid_hp1p0_hc1p0_ci1p0_cp1p0_cnm1p0_cd1p0_pg1p0,A53,OK,diagnostic_matched_wigley_sensitivity_not_hard_gate,wigley_iii,Fn0.4,0.4,2.1696064159197173,2.0,3.616010693199528,0.15,239.85000000000002,32,33,6,2.475,0.5249999999999999,0.07499999999999996,-0.866109375,0.866109375,0.06778124999999988,0.06778125000000013,heave,pitch_moment,-0.9750000000000001,-398.18026721929715,50.197182893817356,-29.86352004144727,3.7647887170362995,-0.009522300050924038,-0.009522300050924038,0.0,-2.648668439805891,-2.648668439805891,0.0,0.0,-2.648668439805891,1.6603615399428098,0.7575877934081006,0.23640860977779318,0.07807785391888351,0.5653584976882321,0.3643906061715351,0.53062360240608,6266.095848221401,2807.959474577831,6153.982210085695,2807.9317010511545,1180.025481524131,523.2578887630192,3.8703736417813266,2.570137535633243,0.029655142828412043,0.011774013323544573,advance_eq19_20,0.008367271845865071,0.009638983787590113,0.01284079387690295,0.013529098037701795,1.5346452360393428,1.4035813666498829,469.2686860462597,4.555896506208809e-16,a1_station_hull_matched_sweep_free_surface_marching_not_benchmark_validated,41,8,24,10,3.0,2,16,15.0,False,none,0.0,1.0,0.03,1.0,trapezoid,1.0,1.0,1.0,1.0,-1.0,1.0,1.0,True,False,True,3.0,11,9,40,True,True,True,True,A1_GRID_RECOMMENDED,"A1 Section 3.3 recommends control radius about 3B, inner free-surface panels greater than 10, outer/free-surface proxy panels greater than 8, and roughly 60 stations at Fn=0.2 or 40 at Fn=0.3."
14,st41_bp8_fs24_cp10_r3p0_h2_fsm_clipfs_onezonefs_noend_pr1p0_pl1p0_pf1p0_pm1p0_dt1p0_fv0p03_hr1p0_hqtrapezoid_hp1p0_hc1p0_ci1p0_cp1p0_cnm1p0_cd1p0_pg1p0,A53,OK,diagnostic_matched_wigley_sensitivity_not_hard_gate,wigley_iii,Fn0.4,0.4,2.1696064159197173,2.0,3.616010693199528,0.15,239.85000000000002,33,34,5,2.55,0.4500000000000002,0.07499999999999996,-0.8656874999999999,0.8656874999999999,0.06862499999999994,0.06862500000000005,heave,pitch_moment,-1.0499999999999998,-375.17308874718765,33.66953409634467,-28.137981656039056,2.5252150572258487,-0.008972093838379788,-0.008972093838379788,0.0,-2.657915636750543,-2.657915636750543,0.0,0.0,-2.657915636750543,1.6333884650690351,0.7605116006166981,0.18671042581139385,0.06580023920277608,0.30372445342967497,0.15947300265358205,0.6124598472783965,6205.329440425125,2831.764054429735,6054.008909734353,2818.7685321355757,1362.0167345021298,581.0108213947962,3.4387415795736973,2.3563709316920827,0.015115915609679287,0.005071746676604695,advance_eq19_20,0.00569581672909329,0.007392521825742448,0.009281643494011697,0.010861589070947909,1.6295544494264704,1.469267095448454,467.4627559098952,4.225505966146986e-16,a1_station_hull_matched_sweep_free_surface_marching_not_benchmark_validated,41,8,24,10,3.0,2,16,15.0,False,none,0.0,1.0,0.03,1.0,trapezoid,1.0,1.0,1.0,1.0,-1.0,1.0,1.0,True,False,True,3.0,11,9,40,True,True,True,True,A1_GRID_RECOMMENDED,"A1 Section 3.3 recommends control radius about 3B, inner free-surface panels greater than 10, outer/free-surface proxy panels greater than 8, and roughly 60 stations at Fn=0.2 or 40 at Fn=0.3."
14,st41_bp8_fs24_cp10_r3p0_h2_fsm_clipfs_onezonefs_noend_pr1p0_pl1p0_pf1p0_pm1p0_dt1p0_fv0p03_hr1p0_hqtrapezoid_hp1p0_hc1p0_ci1p0_cp1p0_cnm1p0_cd1p0_pg1p0,A53,OK,diagnostic_matched_wigley_sensitivity_not_hard_gate,wigley_iii,Fn0.4,0.4,2.1696064159197173,2.0,3.616010693199528,0.15,239.85000000000002,34,35,4,2.625,0.375,0.07499999999999996,-0.8652343749999999,0.8652343749999999,0.06953124999999993,0.06953125000000009,heave,pitch_moment,-1.125,-343.8425267612737,-88.42054503119411,-25.788189507095513,-6.631540877339554,-0.008222837693474854,-0.008222837693474854,0.0,-2.66651310251647,-2.66651310251647,0.0,0.0,-2.66651310251647,1.6147082894345788,0.7758657650175722,0.17044638945973506,0.06564705687536686,0.20681324005310742,0.08503020747126973,1.1565963698759971,6514.0742757913,3362.11559862654,5984.77250201819,2875.6773753607476,2572.0928773302276,1741.9244907188765,3.0177268229183416,2.0950865701866825,0.012926302992027574,0.005148275538676916,advance_eq19_20,0.0035610111293148078,0.005376946368970315,0.006308352513649208,0.008377405829620318,1.7715059809046512,1.558022947367539,465.55753958209425,5.917029967305065e-16,a1_station_hull_matched_sweep_free_surface_marching_not_benchmark_validated,41,8,24,10,3.0,2,16,15.0,False,none,0.0,1.0,0.03,1.0,trapezoid,1.0,1.0,1.0,1.0,-1.0,1.0,1.0,True,False,True,3.0,11,9,40,True,True,True,True,A1_GRID_RECOMMENDED,"A1 Section 3.3 recommends control radius about 3B, inner free-surface panels greater than 10, outer/free-surface proxy panels greater than 8, and roughly 60 stations at Fn=0.2 or 40 at Fn=0.3."
14,st41_bp8_fs24_cp10_r3p0_h2_fsm_clipfs_onezonefs_noend_pr1p0_pl1p0_pf1p0_pm1p0_dt1p0_fv0p03_hr1p0_hqtrapezoid_hp1p0_hc1p0_ci1p0_cp1p0_cnm1p0_cd1p0_pg1p0,A53,OK,diagnostic_matched_wigley_sensitivity_not_hard_gate,wigley_iii,Fn0.4,0.4,2.1696064159197173,2.0,3.616010693199528,0.15,239.85000000000002,35,36,3,2.6999999999999997,0.30000000000000027,0.07499999999999996,-0.8647499999999999,0.8647499999999999,0.0704999999999999,0.07050000000000001,heave,pitch_moment,-1.1999999999999997,-325.8118860687418,-501.4998241025809,-24.43589145515562,-37.61248680769354,-0.007791643119259226,-0.007791643119259226,0.0,-2.6745203429228375,-2.6745203429228375,0.0,0.0,-2.6745203429228375,1.724846294698015,0.878005620388726,0.13863084417722568,0.062423553835633395,0.21613696381616634,0.10727398416840793,5.118866419099809,13055.882125550912,8503.639536293289,6392.989211897447,3254.2496548152917,11383.573560742807,7856.318765639852,2.676304508075603,1.878460250158955,0.025322593318993683,0.008020325889750407,advance_eq19_20,0.001934551337582069,0.0034757310890199716,0.0039079744688418116,0.006086788848300864,2.020093441265952,1.7512254810302699,463.5639836716682,7.323945016738521e-16,a1_station_hull_matched_sweep_free_surface_marching_not_benchmark_validated,41,8,24,10,3.0,2,16,15.0,False,none,0.0,1.0,0.03,1.0,trapezoid,1.0,1.0,1.0,1.0,-1.0,1.0,1.0,True,False,True,3.0,11,9,40,True,True,True,True,A1_GRID_RECOMMENDED,"A1 Section 3.3 recommends control radius about 3B, inner free-surface panels greater than 10, outer/free-surface proxy panels greater than 8, and roughly 60 stations at Fn=0.2 or 40 at Fn=0.3."
14,st41_bp8_fs24_cp10_r3p0_h2_fsm_clipfs_onezonefs_noend_pr1p0_pl1p0_pf1p0_pm1p0_dt1p0_fv0p03_hr1p0_hqtrapezoid_hp1p0_hc1p0_ci1p0_cp1p0_cnm1p0_cd1p0_pg1p0,A53,OK,diagnostic_matched_wigley_sensitivity_not_hard_gate,wigley_iii,Fn0.4,0.4,2.1696064159197173,2.0,3.616010693199528,0.15,239.85000000000002,36,37,2,2.775,0.2250000000000001,0.07500000000000018,-0.8642343749999999,0.8642343749999999,0.07153124999999994,0.07153125000000005,heave,pitch_moment,-1.275,-354.4781121727724,2115.2042236109405,-26.585858412957993,158.6403167708209,-0.00847718288293587,-0.00847718288293587,0.0,-2.682654755923935,-2.682654755923935,0.0,0.0,-2.682654755923935,2.27912976200099,1.305779935984024,0.28843198377575496,0.1355686115447135,0.3726472417358658,0.15779126361336995,24.248367941371324,54582.289291290304,36203.81020639928,8447.391530349496,4839.757066770717,53924.65002771074,35878.86041941164,2.3919134868930514,1.6639802737899894,0.035980052419115977,0.012391896396524573,advance_eq19_20,0.0008439485162225446,0.0022911302382209128,0.002074066332737729,0.003866760351980555,2.457574476250171,1.687708663381413,461.53260422011545,7.0612361324731985e-16,a1_station_hull_matched_sweep_free_surface_marching_not_benchmark_validated,41,8,24,10,3.0,2,16,15.0,False,none,0.0,1.0,0.03,1.0,trapezoid,1.0,1.0,1.0,1.0,-1.0,1.0,1.0,True,False,True,3.0,11,9,40,True,True,True,True,A1_GRID_RECOMMENDED,"A1 Section 3.3 recommends control radius about 3B, inner free-surface panels greater than 10, outer/free-surface proxy panels greater than 8, and roughly 60 stations at Fn=0.2 or 40 at Fn=0.3."
14,st41_bp8_fs24_cp10_r3p0_h2_fsm_clipfs_onezonefs_noend_pr1p0_pl1p0_pf1p0_pm1p0_dt1p0_fv0p03_hr1p0_hqtrapezoid_hp1p0_hc1p0_ci1p0_cp1p0_cnm1p0_cd1p0_pg1p0,A53,OK,diagnostic_matched_wigley_sensitivity_not_hard_gate,wigley_iii,Fn0.4,0.4,2.1696064159197173,2.0,3.616010693199528,0.15,239.85000000000002,37,38,1,2.85,0.1499999999999999,0.07499999999999996,-0.8636874999999999,0.8636874999999999,0.07262499999999994,0.07262500000000005,heave,pitch_moment,-1.35,192.4691179737927,647.5394342211474,14.435183848034443,48.565457566586026,0.004602811446891132,0.004602811446891132,0.0,-2.6845919416419575,-2.6845919416419575,0.0,0.0,-2.6845919416419575,2.1863557594008336,1.5420484967541477,0.7490070089404213,0.34872020296796674,0.8381521898423498,0.4095886393629676,13.408032110805381,30898.947636122426,21753.31168987909,8103.532950260084,5715.465450037637,29817.406304772467,20989.045337186162,2.048928406057041,0.5787056598967671,0.0017599237575182186,0.0006936876353798211,advance_eq19_20,0.00012192974886330924,0.00035967371178443984,0.0008658285493543773,0.002321580902120532,7.101044309744494,6.4546860836799365,467.16479122089714,1.079633434178134e-15,a1_station_hull_matched_sweep_free_surface_marching_not_benchmark_validated,41,8,24,10,3.0,2,16,15.0,False,none,0.0,1.0,0.03,1.0,trapezoid,1.0,1.0,1.0,1.0,-1.0,1.0,1.0,True,False,True,3.0,11,9,40,True,True,True,True,A1_GRID_RECOMMENDED,"A1 Section 3.3 recommends control radius about 3B, inner free-surface panels greater than 10, outer/free-surface proxy panels greater than 8, and roughly 60 stations at Fn=0.2 or 40 at Fn=0.3."
14,st41_bp8_fs24_cp10_r3p0_h2_fsm_clipfs_onezonefs_noend_pr1p0_pl1p0_pf1p0_pm1p0_dt1p0_fv0p03_hr1p0_hqtrapezoid_hp1p0_hc1p0_ci1p0_cp1p0_cnm1p0_cd1p0_pg1p0,A53,OK,diagnostic_matched_wigley_sensitivity_not_hard_gate,wigley_iii,Fn0.4,0.4,2.1696064159197173,2.0,3.616010693199528,0.15,239.85000000000002,38,39,0,2.925,0.07500000000000018,0.03749999999999987,-0.8631093749999998,0.8631093749999998,0.07378124999999991,0.07378125000000002,heave,pitch_moment,-1.4249999999999998,-52.03956266669441,-2880.429918265599,-1.9514836000010334,-108.01612193495959,-0.000622251240238145,-0.000622251240238145,0.0,-2.68291278715875,-2.68291278715875,0.0,0.0,-2.68291278715875,1.4826811370528143,0.8649467516815234,0.057979844103438344,0.029298599250220825,0.07869109696545455,0.04000331729496435,78.1627505927517,173908.81324392464,105917.20817315808,5495.425617342917,3205.8481207068,173821.96530126597,105916.42425737405,0.8390267042508075,0.5857699970440308,0.0,0.0,initialize_eq21_22,0.0,0.0,0.00014748516285658704,0.0004350581909032691,,,690.6987294891596,1.7447639126794795e-15,a1_station_hull_matched_sweep_free_surface_marching_not_benchmark_validated,41,8,24,10,3.0,2,16,15.0,False,none,0.0,1.0,0.03,1.0,trapezoid,1.0,1.0,1.0,1.0,-1.0,1.0,1.0,True,False,True,3.0,11,9,40,True,True,True,True,A1_GRID_RECOMMENDED,"A1 Section 3.3 recommends control radius about 3B, inner free-surface panels greater than 10, outer/free-surface proxy panels greater than 8, and roughly 60 stations at Fn=0.2 or 40 at Fn=0.3."
14,st41_bp8_fs24_cp10_r3p0_h2_fsm_clipfs_onezonefs_noend_pr1p0_pl1p0_pf1p0_pm1p0_dt1p0_fv0p03_hr1p0_hqtrapezoid_hp1p0_hc1p0_ci1p0_cp1p0_cn1p0_cd1p0_pg1p0,A53,OK,diagnostic_matched_wigley_sensitivity_not_hard_gate,wigley_iii,Fn0.4,0.4,2.1696064159197173,2.0,3.616010693199528,0.15,239.85000000000002,0,1,38,0.075,2.925,0.0375,-0.8631093749999998,0.8631093749999998,0.07378124999999991,0.07378125000000002,heave,pitch_moment,1.425,739.5324694686121,-15851.461429238354,27.732467605072955,-594.4298035964382,0.008842791382982511,0.008842791382982511,0.0,0.0,0.0,0.0,0.0,0.0,20.506138420406717,11.198438991145954,0.11523264830680809,0.049707460564628166,0.12467359013523065,0.050624021191595536,462.8016015394622,1032002.3133744018,538901.0462477532,76004.17619953088,41506.01701760446,1029199.7570978861,537300.2774969108,5.323050103385656,3.3762193108601393,0.003978880447717902,0.0019386754938302256,advance_eq19_20,1.081637915214033,0.14671980914236643,1.1303268392674994,0.14449634173008014,1.0450140692819851,0.9848454859280195,113.94877021527233,6.281162796503454e-15,a1_station_hull_matched_sweep_free_surface_marching_not_benchmark_validated,41,8,24,10,3.0,2,16,15.0,False,none,0.0,1.0,0.03,1.0,trapezoid,1.0,1.0,1.0,1.0,1.0,1.0,1.0,True,False,True,3.0,11,9,40,True,True,True,True,A1_GRID_RECOMMENDED,"A1 Section 3.3 recommends control radius about 3B, inner free-surface panels greater than 10, outer/free-surface proxy panels greater than 8, and roughly 60 stations at Fn=0.2 or 40 at Fn=0.3."
14,st41_bp8_fs24_cp10_r3p0_h2_fsm_clipfs_onezonefs_noend_pr1p0_pl1p0_pf1p0_pm1p0_dt1p0_fv0p03_hr1p0_hqtrapezoid_hp1p0_hc1p0_ci1p0_cp1p0_cn1p0_cd1p0_pg1p0,A53,OK,diagnostic_matched_wigley_sensitivity_not_hard_gate,wigley_iii,Fn0.4,0.4,2.1696064159197173,2.0,3.616010693199528,0.15,239.85000000000002,1,2,37,0.15,2.85,0.07499999999999998,-0.8636874999999999,0.8636874999999999,0.07262499999999991,0.07262500000000005,heave,pitch_moment,1.35,-465.35193845921236,-265.2818593826026,-34.90139538444092,-19.89613945369519,-0.01112868002785098,-0.01112868002785098,0.0,0.0032784513690570184,0.0032784513690570184,0.0,0.0,0.0032784513690570184,6.982703090371672,4.667658014494477,0.27513108290530724,0.12030464898185814,0.29572117332806874,0.12630269645019618,111.31918153486988,248905.95372987268,110982.92751048353,25880.767268276886,17300.258824925768,247556.78073481002,109776.94517913507,6.576633367736167,4.068328741335113,0.0024683400867334376,0.001324246982802981,advance_eq19_20,1.004816790639704,0.14716907101233,1.0529905629201533,0.14275462937778988,1.0479428416495509,0.970004284159881,77.78531556101733,1.190339768248673e-15,a1_station_hull_matched_sweep_free_surface_marching_not_benchmark_validated,41,8,24,10,3.0,2,16,15.0,False,none,0.0,1.0,0.03,1.0,trapezoid,1.0,1.0,1.0,1.0,1.0,1.0,1.0,True,False,True,3.0,11,9,40,True,True,True,True,A1_GRID_RECOMMENDED,"A1 Section 3.3 recommends control radius about 3B, inner free-surface panels greater than 10, outer/free-surface proxy panels greater than 8, and roughly 60 stations at Fn=0.2 or 40 at Fn=0.3."
14,st41_bp8_fs24_cp10_r3p0_h2_fsm_clipfs_onezonefs_noend_pr1p0_pl1p0_pf1p0_pm1p0_dt1p0_fv0p03_hr1p0_hqtrapezoid_hp1p0_hc1p0_ci1p0_cp1p0_cn1p0_cd1p0_pg1p0,A53,OK,diagnostic_matched_wigley_sensitivity_not_hard_gate,wigley_iii,Fn0.4,0.4,2.1696064159197173,2.0,3.616010693199528,0.15,239.85000000000002,2,3,36,0.22499999999999998,2.775,0.075,-0.8642343749999999,0.8642343749999999,0.07153124999999994,0.07153125000000006,heave,pitch_moment,1.275,1800.3934540808102,6315.29841737919,135.02950905606076,473.64738130343926,0.0430555908739572,0.0430555908739572,0.0,0.019241906792110124,0.019241906792110124,0.0,0.0,0.019241906792110124,11.636943896014948,6.302271368848112,0.08117630927746433,0.03753260740302185,0.09103881122672654,0.0444913142814272,74.2735117506951,170711.43462563632,114397.17029710213,43131.296403256856,23358.80767773,165172.89481787654,111986.95761497857,4.427837341824124,2.256884880946268,0.0006990732315569266,0.0004353492133434118,advance_eq19_20,0.9294996654162706,0.1422939934658444,0.9777247700394327,0.14284664331651045,1.051882863886309,1.0038838593056896,77.91010290862684,2.0149080793457257e-15,a1_station_hull_matched_sweep_free_surface_marching_not_benchmark_validated,41,8,24,10,3.0,2,16,15.0,False,none,0.0,1.0,0.03,1.0,trapezoid,1.0,1.0,1.0,1.0,1.0,1.0,1.0,True,False,True,3.0,11,9,40,True,True,True,True,A1_GRID_RECOMMENDED,"A1 Section 3.3 recommends control radius about 3B, inner free-surface panels greater than 10, outer/free-surface proxy panels greater than 8, and roughly 60 stations at Fn=0.2 or 40 at Fn=0.3."
14,st41_bp8_fs24_cp10_r3p0_h2_fsm_clipfs_onezonefs_noend_pr1p0_pl1p0_pf1p0_pm1p0_dt1p0_fv0p03_hr1p0_hqtrapezoid_hp1p0_hc1p0_ci1p0_cp1p0_cn1p0_cd1p0_pg1p0,A53,OK,diagnostic_matched_wigley_sensitivity_not_hard_gate,wigley_iii,Fn0.4,0.4,2.1696064159197173,2.0,3.616010693199528,0.15,239.85000000000002,3,4,35,0.3,2.7,0.07500000000000001,-0.8647499999999999,0.8647499999999999,0.0704999999999999,0.07050000000000001,heave,pitch_moment,1.2,1162.2836887227081,-5063.009856107843,87.17127665420313,-379.72573920808827,0.027795485963188024,0.027795485963188024,0.0,0.05466744521068274,0.05466744521068274,0.0,0.0,0.05466744521068274,6.315628061905595,2.885940251291158,0.005003104102741438,0.0021128844986849863,0.025968355679204618,0.015739976423215153,45.51713560309249,103894.51570428221,62431.60132595014,23408.313071274682,10696.480578818853,101223.12617472617,61508.45590119565,2.5388649823849736,1.4970310049881894,0.0008887241123299743,0.0005430106891195038,advance_eq19_20,0.8575091582219906,0.13876461680810023,0.9042288229929383,0.13830915588690124,1.0544829921907994,0.9967177445398141,78.9850404442889,1.276802301426366e-15,a1_station_hull_matched_sweep_free_surface_marching_not_benchmark_validated,41,8,24,10,3.0,2,16,15.0,False,none,0.0,1.0,0.03,1.0,trapezoid,1.0,1.0,1.0,1.0,1.0,1.0,1.0,True,False,True,3.0,11,9,40,True,True,True,True,A1_GRID_RECOMMENDED,"A1 Section 3.3 recommends control radius about 3B, inner free-surface panels greater than 10, outer/free-surface proxy panels greater than 8, and roughly 60 stations at Fn=0.2 or 40 at Fn=0.3."
14,st41_bp8_fs24_cp10_r3p0_h2_fsm_clipfs_onezonefs_noend_pr1p0_pl1p0_pf1p0_pm1p0_dt1p0_fv0p03_hr1p0_hqtrapezoid_hp1p0_hc1p0_ci1p0_cp1p0_cn1p0_cd1p0_pg1p0,A53,OK,diagnostic_matched_wigley_sensitivity_not_hard_gate,wigley_iii,Fn0.4,0.4,2.1696064159197173,2.0,3.616010693199528,0.15,239.85000000000002,4,5,34,0.375,2.625,0.07499999999999998,-0.8652343749999999,0.8652343749999999,0.06953124999999993,0.06953125000000009,heave,pitch_moment,1.125,1040.4844397081024,-1661.9563064296267,78.03633297810767,-124.64672298222197,0.0248827123011634,0.0248827123011634,0.0,0.08100654434285846,0.08100654434285846,0.0,0.0,0.08100654434285846,5.046074231012136,2.153483190998007,0.008410698699305984,0.003145358244097971,0.027516898156570192,0.017018108669307173,13.035530704155725,34498.68050253066,17655.228018800113,18702.82483746893,7981.69370243109,28989.020326921098,15748.004382663743,2.186985109837934,1.194780228592946,0.001322672118652124,0.0007745923263611195,advance_eq19_20,0.7884651395687884,0.13523458610824288,0.8340627404994683,0.1349365829623765,1.057830839491036,0.9977963984329583,80.04292683338196,1.1316952870034114e-15,a1_station_hull_matched_sweep_free_surface_marching_not_benchmark_validated,41,8,24,10,3.0,2,16,15.0,False,none,0.0,1.0,0.03,1.0,trapezoid,1.0,1.0,1.0,1.0,1.0,1.0,1.0,True,False,True,3.0,11,9,40,True,True,True,True,A1_GRID_RECOMMENDED,"A1 Section 3.3 recommends control radius about 3B, inner free-surface panels greater than 10, outer/free-surface proxy panels greater than 8, and roughly 60 stations at Fn=0.2 or 40 at Fn=0.3."
14,st41_bp8_fs24_cp10_r3p0_h2_fsm_clipfs_onezonefs_noend_pr1p0_pl1p0_pf1p0_pm1p0_dt1p0_fv0p03_hr1p0_hqtrapezoid_hp1p0_hc1p0_ci1p0_cp1p0_cn1p0_cd1p0_pg1p0,A53,OK,diagnostic_matched_wigley_sensitivity_not_hard_gate,wigley_iii,Fn0.4,0.4,2.1696064159197173,2.0,3.616010693199528,0.15,239.85000000000002,5,6,33,0.44999999999999996,2.55,0.07500000000000001,-0.8656874999999999,0.8656874999999999,0.06862499999999994,0.06862500000000005,heave,pitch_moment,1.05,979.8968441555652,-966.0335359982454,73.4922633116674,-72.45251519986842,0.023433787500734903,0.023433787500734903,0.0,0.1051647942438076,0.1051647942438076,0.0,0.0,0.1051647942438076,4.408182454521644,1.8237263906070535,0.004814073839423566,0.0029827721023819834,0.027489151589243782,0.018831602690408396,7.0399822898652955,22628.5901707696,10271.736068721637,16338.535765452927,6759.479483152917,15655.84051265425,7734.2096546649045,1.9759871036882355,0.9139895469402584,0.0017914073572421214,0.001020693859308852,advance_eq19_20,0.7224456620592148,0.13151136951273873,0.7669158425526753,0.13155124178464886,1.061555052274389,1.0003031849798072,81.06571677861561,5.584729970636903e-16,a1_station_hull_matched_sweep_free_surface_marching_not_benchmark_validated,41,8,24,10,3.0,2,16,15.0,False,none,0.0,1.0,0.03,1.0,trapezoid,1.0,1.0,1.0,1.0,1.0,1.0,1.0,True,False,True,3.0,11,9,40,True,True,True,True,A1_GRID_RECOMMENDED,"A1 Section 3.3 recommends control radius about 3B, inner free-surface panels greater than 10, outer/free-surface proxy panels greater than 8, and roughly 60 stations at Fn=0.2 or 40 at Fn=0.3."
14,st41_bp8_fs24_cp10_r3p0_h2_fsm_clipfs_onezonefs_noend_pr1p0_pl1p0_pf1p0_pm1p0_dt1p0_fv0p03_hr1p0_hqtrapezoid_hp1p0_hc1p0_ci1p0_cp1p0_cn1p0_cd1p0_pg1p0,A53,OK,diagnostic_matched_wigley_sensitivity_not_hard_gate,wigley_iii,Fn0.4,0.4,2.1696064159197173,2.0,3.616010693199528,0.15,239.85000000000002,6,7,32,0.525,2.475,0.07500000000000001,-0.866109375,0.866109375,0.0677812499999999,0.06778125000000006,heave,pitch_moment,0.975,930.4866064229877,-661.8895258017818,69.78649548172409,-49.64171443513364,0.022252164130589426,0.022252164130589426,0.0,0.12800777005946978,0.12800777005946978,0.0,0.0,0.12800777005946978,4.002112259587402,1.6318053645893598,0.00804085953650452,0.0038929245566607287,0.02936754551910021,0.02056584324082631,4.657043673802963,18091.159570342672,7680.56781453199,14833.472744204293,6048.141288764867,10356.550629748768,4734.037273275569,1.8577442332006449,0.6892093313500599,0.0022358763782685974,0.0012522487896335752,advance_eq19_20,0.6595869866781832,0.1275458079862557,0.7028685335999331,0.12798923526173295,1.06561916441033,1.0034766119128355,82.0454186369934,5.634209093200887e-16,a1_station_hull_matched_sweep_free_surface_marching_not_benchmark_validated,41,8,24,10,3.0,2,16,15.0,False,none,0.0,1.0,0.03,1.0,trapezoid,1.0,1.0,1.0,1.0,1.0,1.0,1.0,True,False,True,3.0,11,9,40,True,True,True,True,A1_GRID_RECOMMENDED,"A1 Section 3.3 recommends control radius about 3B, inner free-surface panels greater than 10, outer/free-surface proxy panels greater than 8, and roughly 60 stations at Fn=0.2 or 40 at Fn=0.3."
14,st41_bp8_fs24_cp10_r3p0_h2_fsm_clipfs_onezonefs_noend_pr1p0_pl1p0_pf1p0_pm1p0_dt1p0_fv0p03_hr1p0_hqtrapezoid_hp1p0_hc1p0_ci1p0_cp1p0_cn1p0_cd1p0_pg1p0,A53,OK,diagnostic_matched_wigley_sensitivity_not_hard_gate,wigley_iii,Fn0.4,0.4,2.1696064159197173,2.0,3.616010693199528,0.15,239.85000000000002,7,8,31,0.6,2.4,0.07499999999999996,-0.8664999999999999,0.8664999999999998,0.06699999999999995,0.06700000000000006,heave,pitch_moment,0.9,880.2133804795969,-487.36670516211046,66.01600353596973,-36.55250288715826,0.021049902789755028,0.021049902789755028,0.0,0.149658803519642,0.149658803519642,0.0,0.0,0.149658803519642,3.7124073007070155,1.504412280293229,0.01540453598033448,0.005580727490791871,0.03345617522661216,0.022086911823341524,3.4055878990953246,15706.28910861042,6451.377802341318,13759.707109290277,5575.970164834026,7573.504989752161,3244.816215045637,1.8473929421990989,0.691451507532836,0.002636195278832125,0.0014597825813657123,advance_eq19_20,0.6000268457578422,0.12333378786530455,0.6420448946692755,0.12421182350517028,1.0700269483082276,1.0071191816538112,82.97650322796618,5.159968677041268e-16,a1_station_hull_matched_sweep_free_surface_marching_not_benchmark_validated,41,8,24,10,3.0,2,16,15.0,False,none,0.0,1.0,0.03,1.0,trapezoid,1.0,1.0,1.0,1.0,1.0,1.0,1.0,True,False,True,3.0,11,9,40,True,True,True,True,A1_GRID_RECOMMENDED,"A1 Section 3.3 recommends control radius about 3B, inner free-surface panels greater than 10, outer/free-surface proxy panels greater than 8, and roughly 60 stations at Fn=0.2 or 40 at Fn=0.3."
14,st41_bp8_fs24_cp10_r3p0_h2_fsm_clipfs_onezonefs_noend_pr1p0_pl1p0_pf1p0_pm1p0_dt1p0_fv0p03_hr1p0_hqtrapezoid_hp1p0_hc1p0_ci1p0_cp1p0_cn1p0_cd1p0_pg1p0,A53,OK,diagnostic_matched_wigley_sensitivity_not_hard_gate,wigley_iii,Fn0.4,0.4,2.1696064159197173,2.0,3.616010693199528,0.15,239.85000000000002,8,9,30,0.6749999999999999,2.325,0.07500000000000001,-0.866859375,0.866859375,0.06628124999999993,0.06628125000000007,heave,pitch_moment,0.8250000000000001,825.5608495432829,-371.9963045846625,61.917063715746224,-27.89972284384969,0.019742912361142534,0.019742912361142534,0.0,0.17005521109509078,0.17005521109509078,0.0,0.0,0.17005521109509078,3.49166319026916,1.4129402515729894,0.022784829351024927,0.008624729163731646,0.038698037340213425,0.023365735883993616,2.643028530666656,14213.74910252468,5752.975490029581,12941.538718891072,5236.93723500346,5877.689949033071,2381.431373253374,1.9523191411965057,0.8012879621283377,0.002985916833347461,0.001640370442486425,advance_eq19_20,0.5438820111306449,0.11889174434291834,0.5845612848315193,0.1202190587117236,1.074794298889034,1.011164058330046,83.85411691935546,5.275121342309762e-16,a1_station_hull_matched_sweep_free_surface_marching_not_benchmark_validated,41,8,24,10,3.0,2,16,15.0,False,none,0.0,1.0,0.03,1.0,trapezoid,1.0,1.0,1.0,1.0,1.0,1.0,1.0,True,False,True,3.0,11,9,40,True,True,True,True,A1_GRID_RECOMMENDED,"A1 Section 3.3 recommends control radius about 3B, inner free-surface panels greater than 10, outer/free-surface proxy panels greater than 8, and roughly 60 stations at Fn=0.2 or 40 at Fn=0.3."
14,st41_bp8_fs24_cp10_r3p0_h2_fsm_clipfs_onezonefs_noend_pr1p0_pl1p0_pf1p0_pm1p0_dt1p0_fv0p03_hr1p0_hqtrapezoid_hp1p0_hc1p0_ci1p0_cp1p0_cn1p0_cd1p0_pg1p0,A53,OK,diagnostic_matched_wigley_sensitivity_not_hard_gate,wigley_iii,Fn0.4,0.4,2.1696064159197173,2.0,3.616010693199528,0.15,239.85000000000002,9,10,29,0.75,2.25,0.07500000000000001,-0.8671874999999999,0.8671874999999999,0.06562499999999982,0.0656250000000001,heave,pitch_moment,0.75,765.6687337535589,-289.1226729189854,57.42515503151692,-21.68420046892391,0.01831061964302966,0.01831061964302966,0.0,0.18908197709717686,0.18908197709717686,0.0,0.0,0.18908197709717686,3.316188958708902,1.3437830760162468,0.029534408642597217,0.011371536039422541,0.044174964700266835,0.024404193744951435,2.1336351955906125,13175.221172383755,5305.943575825845,12291.159103745638,4980.612321520685,4744.877324825152,1829.3545672077576,2.1591603892285085,0.8927858678380289,0.0032839088036752864,0.0017936506850757669,advance_eq19_20,0.49123398572602406,0.11424712229308648,0.5305047451272265,0.11602803756460858,1.0799430832196224,1.0155882724726615,84.67363722110893,3.7453398596361575e-16,a1_station_hull_matched_sweep_free_surface_marching_not_benchmark_validated,41,8,24,10,3.0,2,16,15.0,False,none,0.0,1.0,0.03,1.0,trapezoid,1.0,1.0,1.0,1.0,1.0,1.0,1.0,True,False,True,3.0,11,9,40,True,True,True,True,A1_GRID_RECOMMENDED,"A1 Section 3.3 recommends control radius about 3B, inner free-surface panels greater than 10, outer/free-surface proxy panels greater than 8, and roughly 60 stations at Fn=0.2 or 40 at Fn=0.3."
14,st41_bp8_fs24_cp10_r3p0_h2_fsm_clipfs_onezonefs_noend_pr1p0_pl1p0_pf1p0_pm1p0_dt1p0_fv0p03_hr1p0_hqtrapezoid_hp1p0_hc1p0_ci1p0_cp1p0_cn1p0_cd1p0_pg1p0,A53,OK,diagnostic_matched_wigley_sensitivity_not_hard_gate,wigley_iii,Fn0.4,0.4,2.1696064159197173,2.0,3.616010693199528,0.15,239.85000000000002,10,11,28,0.825,2.175,0.07499999999999996,-0.8674843749999999,0.8674843749999999,0.06503124999999987,0.0650312500000001,heave,pitch_moment,0.675,700.6536796074547,-226.4629894674002,52.54902597055907,-16.984724210055006,0.016755814183357504,0.016755814183357504,0.0,0.20661519401037043,0.20661519401037043,0.0,0.0,0.20661519401037043,3.1725168294160184,1.2895490122656779,0.03548743507566909,0.013780819389468695,0.04936240987437512,0.025214160285541975,1.7718872630441656,12401.317339139234,4995.432129589637,11758.65114901188,4779.59859320152,3940.405423541725,1452.5079859341604,2.441449811404918,1.126564835464452,0.003531293414023015,0.001920335361921144,advance_eq19_20,0.4421178312382069,0.10943299731589211,0.47991893478908504,0.11166412804264174,1.0855000655481624,1.0203880984846754,85.43060038090825,4.3818013665222724e-16,a1_station_hull_matched_sweep_free_surface_marching_not_benchmark_validated,41,8,24,10,3.0,2,16,15.0,False,none,0.0,1.0,0.03,1.0,trapezoid,1.0,1.0,1.0,1.0,1.0,1.0,1.0,True,False,True,3.0,11,9,40,True,True,True,True,A1_GRID_RECOMMENDED,"A1 Section 3.3 recommends control radius about 3B, inner free-surface panels greater than 10, outer/free-surface proxy panels greater than 8, and roughly 60 stations at Fn=0.2 or 40 at Fn=0.3."
14,st41_bp8_fs24_cp10_r3p0_h2_fsm_clipfs_onezonefs_noend_pr1p0_pl1p0_pf1p0_pm1p0_dt1p0_fv0p03_hr1p0_hqtrapezoid_hp1p0_hc1p0_ci1p0_cp1p0_cn1p0_cd1p0_pg1p0,A53,OK,diagnostic_matched_wigley_sensitivity_not_hard_gate,wigley_iii,Fn0.4,0.4,2.1696064159197173,2.0,3.616010693199528,0.15,239.85000000000002,11,12,27,0.8999999999999999,2.1,0.07500000000000001,-0.8677499999999999,0.8677499999999999,0.06449999999999989,0.0645,heave,pitch_moment,0.6000000000000001,631.0248479420882,-177.53221542583253,47.32686359565662,-13.314916156937443,0.015090672332046886,0.015090672332046886,0.0,0.22253843726807263,0.22253843726807263,0.0,0.0,0.22253843726807263,3.0522395525042305,1.2458104010078443,0.0406051345371426,0.01584511326786431,0.05399877284460112,0.025810269062312995,1.5039742076485603,11796.90936461472,4766.7983025027015,11312.854131563385,4617.485325037146,3344.607892549391,1229.7082573246269,2.7715717188639073,1.3740360668843141,0.003730147991094191,0.002021580440032664,advance_eq19_20,0.3965137919526214,0.10448385997794728,0.4327940289896044,0.1071557231690106,1.0914980456501198,1.0255720184115256,86.12073569235693,6.330534353256535e-16,a1_station_hull_matched_sweep_free_surface_marching_not_benchmark_validated,41,8,24,10,3.0,2,16,15.0,False,none,0.0,1.0,0.03,1.0,trapezoid,1.0,1.0,1.0,1.0,1.0,1.0,1.0,True,False,True,3.0,11,9,40,True,True,True,True,A1_GRID_RECOMMENDED,"A1 Section 3.3 recommends control radius about 3B, inner free-surface panels greater than 10, outer/free-surface proxy panels greater than 8, and roughly 60 stations at Fn=0.2 or 40 at Fn=0.3."
14,st41_bp8_fs24_cp10_r3p0_h2_fsm_clipfs_onezonefs_noend_pr1p0_pl1p0_pf1p0_pm1p0_dt1p0_fv0p03_hr1p0_hqtrapezoid_hp1p0_hc1p0_ci1p0_cp1p0_cn1p0_cd1p0_pg1p0,A53,OK,diagnostic_matched_wigley_sensitivity_not_hard_gate,wigley_iii,Fn0.4,0.4,2.1696064159197173,2.0,3.616010693199528,0.15,239.85000000000002,12,13,26,0.975,2.025,0.07500000000000007,-0.8679843749999999,0.8679843749999999,0.06403124999999998,0.0640312500000001,heave,pitch_moment,0.525,557.4581844011619,-138.5176260939065,41.80936383008718,-10.388821957042996,0.013331359021836419,0.013331359021836419,0.0,0.2367494529450143,0.2367494529450143,0.0,0.0,0.2367494529450143,2.949712963867116,1.2097062087766586,0.04489715723852377,0.017571957170794118,0.05796447943543872,0.026207155733244385,1.2997893820187847,11308.507932166149,4590.90572790559,10932.848459693081,4483.668351230414,2890.5321671365864,1109.2439954175568,3.126628624770815,1.6324544690257008,0.003882911600826168,0.0020986997050063197,advance_eq19_20,0.35434321875318836,0.09943160756704836,0.3890611812981165,0.1025299955450866,1.0979783461557093,1.0311609965266724,86.74002633334426,3.060648385149706e-16,a1_station_hull_matched_sweep_free_surface_marching_not_benchmark_validated,41,8,24,10,3.0,2,16,15.0,False,none,0.0,1.0,0.03,1.0,trapezoid,1.0,1.0,1.0,1.0,1.0,1.0,1.0,True,False,True,3.0,11,9,40,True,True,True,True,A1_GRID_RECOMMENDED,"A1 Section 3.3 recommends control radius about 3B, inner free-surface panels greater than 10, outer/free-surface proxy panels greater than 8, and roughly 60 stations at Fn=0.2 or 40 at Fn=0.3."
14,st41_bp8_fs24_cp10_r3p0_h2_fsm_clipfs_onezonefs_noend_pr1p0_pl1p0_pf1p0_pm1p0_dt1p0_fv0p03_hr1p0_hqtrapezoid_hp1p0_hc1p0_ci1p0_cp1p0_cn1p0_cd1p0_pg1p0,A53,OK,diagnostic_matched_wigley_sensitivity_not_hard_gate,wigley_iii,Fn0.4,0.4,2.1696064159197173,2.0,3.616010693199528,0.15,239.85000000000002,13,14,25,1.05,1.95,0.07500000000000001,-0.8681874999999999,0.8681874999999999,0.06362499999999982,0.0636250000000001,heave,pitch_moment,0.44999999999999996,480.7063518774263,-106.95778697291239,36.052976390806975,-8.02183402296843,0.011495873843594854,0.011495873843594854,0.0,0.24916306937772992,0.24916306937772992,0.0,0.0,0.24916306937772992,2.860918570134069,1.1792719551161304,0.04839373464454026,0.018975669627057237,0.06121375609632868,0.02641840838072489,1.1412667380156483,10903.24518820483,4450.730931743766,10603.739945527344,4370.866499887497,2538.0021280013807,1007.5781744020196,3.4893017519741654,1.8990180919287225,0.003992106747445085,0.002153032028881862,advance_eq19_20,0.31547095354540655,0.09430167718705201,0.3485934741068068,0.09780902398541191,1.1049938835545847,1.037192835832632,87.28477208365122,4.763679451417764e-16,a1_station_hull_matched_sweep_free_surface_marching_not_benchmark_validated,41,8,24,10,3.0,2,16,15.0,False,none,0.0,1.0,0.03,1.0,trapezoid,1.0,1.0,1.0,1.0,1.0,1.0,1.0,True,False,True,3.0,11,9,40,True,True,True,True,A1_GRID_RECOMMENDED,"A1 Section 3.3 recommends control radius about 3B, inner free-surface panels greater than 10, outer/free-surface proxy panels greater than 8, and roughly 60 stations at Fn=0.2 or 40 at Fn=0.3."
14,st41_bp8_fs24_cp10_r3p0_h2_fsm_clipfs_onezonefs_noend_pr1p0_pl1p0_pf1p0_pm1p0_dt1p0_fv0p03_hr1p0_hqtrapezoid_hp1p0_hc1p0_ci1p0_cp1p0_cn1p0_cd1p0_pg1p0,A53,OK,diagnostic_matched_wigley_sensitivity_not_hard_gate,wigley_iii,Fn0.4,0.4,2.1696064159197173,2.0,3.616010693199528,0.15,239.85000000000002,14,15,24,1.125,1.875,0.07499999999999996,-0.8683593749999999,0.8683593749999999,0.06328124999999996,0.06328125000000007,heave,pitch_moment,0.375,401.56449176657577,-81.12456961325971,30.117336882493166,-6.084342720994474,0.0096032322422753,0.0096032322422753,0.0,0.25971262242066495,0.25971262242066495,0.0,0.0,0.25971262242066495,2.7828541746020736,1.1530905248539722,0.05113366311843298,0.020073339811534897,0.0637393275373502,0.026456240410513407,1.016947256638885,10559.422877016696,4335.56169976167,10314.401214300446,4273.827359801495,2261.5346749720725,920.8266379798176,3.8470530970417585,2.170424388438248,0.004060215433168454,0.0021858838178484483,advance_eq19_20,0.27971577199745634,0.08910985136258195,0.3112150502336691,0.09300651953509727,1.1126117344448463,1.0437288146364427,87.75164677623461,3.2316469104937547e-16,a1_station_hull_matched_sweep_free_surface_marching_not_benchmark_validated,41,8,24,10,3.0,2,16,15.0,False,none,0.0,1.0,0.03,1.0,trapezoid,1.0,1.0,1.0,1.0,1.0,1.0,1.0,True,False,True,3.0,11,9,40,True,True,True,True,A1_GRID_RECOMMENDED,"A1 Section 3.3 recommends control radius about 3B, inner free-surface panels greater than 10, outer/free-surface proxy panels greater than 8, and roughly 60 stations at Fn=0.2 or 40 at Fn=0.3."
14,st41_bp8_fs24_cp10_r3p0_h2_fsm_clipfs_onezonefs_noend_pr1p0_pl1p0_pf1p0_pm1p0_dt1p0_fv0p03_hr1p0_hqtrapezoid_hp1p0_hc1p0_ci1p0_cp1p0_cn1p0_cd1p0_pg1p0,A53,OK,diagnostic_matched_wigley_sensitivity_not_hard_gate,wigley_iii,Fn0.4,0.4,2.1696064159197173,2.0,3.616010693199528,0.15,239.85000000000002,15,16,23,1.2,1.8,0.07499999999999996,-0.8684999999999999,0.8684999999999998,0.06299999999999994,0.06300000000000008,heave,pitch_moment,0.30000000000000004,320.8594955289288,-59.713985682303246,24.064462164669646,-4.478548926172741,0.00767320895119061,0.00767320895119061,0.0,0.26835084301739787,0.26835084301739787,0.0,0.0,0.26835084301739787,2.7131872590241497,1.1300979016793986,0.05315868255647213,0.020882843218727784,0.06555418970779824,0.026331494876586498,0.9192202382629497,10261.85509818929,4238.238675313572,10056.186994816144,4188.607249255931,2044.2047797430107,846.4025284932305,4.191114456384286,2.442630608675875,0.004089635659679893,0.0021985106500084094,advance_eq19_20,0.24686865886364337,0.08386063664568648,0.2767185063677347,0.0881258641003159,1.1209138804475733,1.0508609000030626,88.13774872231025,1.7808616789428308e-16,a1_station_hull_matched_sweep_free_surface_marching_not_benchmark_validated,41,8,24,10,3.0,2,16,15.0,False,none,0.0,1.0,0.03,1.0,trapezoid,1.0,1.0,1.0,1.0,1.0,1.0,1.0,True,False,True,3.0,11,9,40,True,True,True,True,A1_GRID_RECOMMENDED,"A1 Section 3.3 recommends control radius about 3B, inner free-surface panels greater than 10, outer/free-surface proxy panels greater than 8, and roughly 60 stations at Fn=0.2 or 40 at Fn=0.3."
14,st41_bp8_fs24_cp10_r3p0_h2_fsm_clipfs_onezonefs_noend_pr1p0_pl1p0_pf1p0_pm1p0_dt1p0_fv0p03_hr1p0_hqtrapezoid_hp1p0_hc1p0_ci1p0_cp1p0_cn1p0_cd1p0_pg1p0,A53,OK,diagnostic_matched_wigley_sensitivity_not_hard_gate,wigley_iii,Fn0.4,0.4,2.1696064159197173,2.0,3.616010693199528,0.15,239.85000000000002,16,17,22,1.275,1.725,0.07499999999999996,-0.8686093749999999,0.8686093749999999,0.0627812499999999,0.06278125000000001,heave,pitch_moment,0.2250000000000001,239.44837925660866,-41.68599500704209,17.95862844424564,-3.1264496255281546,0.005726299120526537,0.005726299120526537,0.0,0.27505059705325646,0.27505059705325646,0.0,0.0,0.27505059705325646,2.6500486943772152,1.1094693517517744,0.05451084819922697,0.021421901311150852,0.06668210916427528,0.026053833960943504,0.8428209909334785,9999.401574750156,4153.73892573389,9822.169526776644,4112.149365704354,1874.304575136116,782.4850927983435,4.515488354490295,2.710784530994005,0.0040826380621157435,0.00219209805136655,advance_eq19_20,0.2167161135787124,0.07854810569731659,0.24488811656270895,0.08316029295112652,1.129994962159398,1.0587179946971974,88.44064379627237,3.520834390282433e-16,a1_station_hull_matched_sweep_free_surface_marching_not_benchmark_validated,41,8,24,10,3.0,2,16,15.0,False,none,0.0,1.0,0.03,1.0,trapezoid,1.0,1.0,1.0,1.0,1.0,1.0,1.0,True,False,True,3.0,11,9,40,True,True,True,True,A1_GRID_RECOMMENDED,"A1 Section 3.3 recommends control radius about 3B, inner free-surface panels greater than 10, outer/free-surface proxy panels greater than 8, and roughly 60 stations at Fn=0.2 or 40 at Fn=0.3."
14,st41_bp8_fs24_cp10_r3p0_h2_fsm_clipfs_onezonefs_noend_pr1p0_pl1p0_pf1p0_pm1p0_dt1p0_fv0p03_hr1p0_hqtrapezoid_hp1p0_hc1p0_ci1p0_cp1p0_cn1p0_cd1p0_pg1p0,A53,OK,diagnostic_matched_wigley_sensitivity_not_hard_gate,wigley_iii,Fn0.4,0.4,2.1696064159197173,2.0,3.616010693199528,0.15,239.85000000000002,17,18,21,1.3499999999999999,1.6500000000000001,0.07500000000000007,-0.8686874999999998,0.8686875,0.0626249999999999,0.06262500000000004,heave,pitch_moment,0.15000000000000013,158.21881463870005,-26.181830526267984,11.866411097902514,-1.9636372894701004,0.003783731015132086,0.003783731015132086,0.0,0.2798056121210858,0.2798056121210858,0.0,0.0,0.2798056121210858,2.5919058387254785,1.0905500072570105,0.05523145276598199,0.02170771355025943,0.06715266977516113,0.025632000802892612,0.7839613524529663,9763.58293397541,4078.4003118400974,9606.668209312562,4042.026499902927,1743.4097696179308,727.7071062784215,4.815909601993202,2.969302848299607,0.004041368300095313,0.002167764843726081,advance_eq19_20,0.18906345296207078,0.07315959801002102,0.2155240889661272,0.07809571093222037,1.1399563775520638,1.0674704762801352,88.65840109908919,2.8388579820921424e-16,a1_station_hull_matched_sweep_free_surface_marching_not_benchmark_validated,41,8,24,10,3.0,2,16,15.0,False,none,0.0,1.0,0.03,1.0,trapezoid,1.0,1.0,1.0,1.0,1.0,1.0,1.0,True,False,True,3.0,11,9,40,True,True,True,True,A1_GRID_RECOMMENDED,"A1 Section 3.3 recommends control radius about 3B, inner free-surface panels greater than 10, outer/free-surface proxy panels greater than 8, and roughly 60 stations at Fn=0.2 or 40 at Fn=0.3."
14,st41_bp8_fs24_cp10_r3p0_h2_fsm_clipfs_onezonefs_noend_pr1p0_pl1p0_pf1p0_pm1p0_dt1p0_fv0p03_hr1p0_hqtrapezoid_hp1p0_hc1p0_ci1p0_cp1p0_cn1p0_cd1p0_pg1p0,A53,OK,diagnostic_matched_wigley_sensitivity_not_hard_gate,wigley_iii,Fn0.4,0.4,2.1696064159197173,2.0,3.616010693199528,0.15,239.85000000000002,18,19,20,1.425,1.575,0.07500000000000007,-0.8687343749999998,0.868734375,0.06253124999999993,0.06253125000000004,heave,pitch_moment,0.07499999999999996,78.08827417284316,-12.483907716225737,5.856620562963242,-0.9362930787169311,0.001867445572643383,0.001867445572643383,0.0,0.28263120041497347,0.28263120041497347,0.0,0.0,0.28263120041497347,2.537482621193587,1.0728112245431096,0.0553609668852332,0.021756951927847837,0.0669981036435837,0.025073322497846155,0.73979510919023,9547.764203232618,4009.4727566667275,9404.953399345077,3976.2792812256735,1645.1908207492793,680.9642177691973,5.088804059172613,3.2120721263818157,0.003969339156776726,0.00212734825845209,advance_eq19_20,0.16375239257878718,0.06768180694497826,0.18846206566076223,0.07291589229595886,1.1508965621377796,1.0773337117792325,88.78962105356729,2.996741782180463e-16,a1_station_hull_matched_sweep_free_surface_marching_not_benchmark_validated,41,8,24,10,3.0,2,16,15.0,False,none,0.0,1.0,0.03,1.0,trapezoid,1.0,1.0,1.0,1.0,1.0,1.0,1.0,True,False,True,3.0,11,9,40,True,True,True,True,A1_GRID_RECOMMENDED,"A1 Section 3.3 recommends control radius about 3B, inner free-surface panels greater than 10, outer/free-surface proxy panels greater than 8, and roughly 60 stations at Fn=0.2 or 40 at Fn=0.3."
14,st41_bp8_fs24_cp10_r3p0_h2_fsm_clipfs_onezonefs_noend_pr1p0_pl1p0_pf1p0_pm1p0_dt1p0_fv0p03_hr1p0_hqtrapezoid_hp1p0_hc1p0_ci1p0_cp1p0_cn1p0_cd1p0_pg1p0,A53,OK,diagnostic_matched_wigley_sensitivity_not_hard_gate,wigley_iii,Fn0.4,0.4,2.1696064159197173,2.0,3.616010693199528,0.15,239.85000000000002,19,20,19,1.5,1.5,0.07499999999999996,-0.8687499999999999,0.8687499999999999,0.062499999999999944,0.06250000000000003,heave,pitch_moment,0.0,0.0,0.0,0.0,0.0,0.0,0.0,0.0,0.28356492320129517,0.28356492320129517,0.0,0.0,0.28356492320129517,2.4857087847317016,1.0558227318761926,0.054939195847723735,0.021585882522651666,0.06625258468972392,0.02438443422969445,0.7025849569207142,9344.606214411237,3944.4127926268334,9213.058284414083,3913.3129458021367,1562.4411510204561,635.6539636980531,5.330409138428052,3.4327412924848733,0.0038707044921663545,0.0020730249888067007,advance_eq19_20,0.14066862597088003,0.0621078937905486,0.1635831569644219,0.06760896458723081,1.1628972404854898,1.0885728119397176,88.83345571237246,3.961991469166685e-16,a1_station_hull_matched_sweep_free_surface_marching_not_benchmark_validated,41,8,24,10,3.0,2,16,15.0,False,none,0.0,1.0,0.03,1.0,trapezoid,1.0,1.0,1.0,1.0,1.0,1.0,1.0,True,False,True,3.0,11,9,40,True,True,True,True,A1_GRID_RECOMMENDED,"A1 Section 3.3 recommends control radius about 3B, inner free-surface panels greater than 10, outer/free-surface proxy panels greater than 8, and roughly 60 stations at Fn=0.2 or 40 at Fn=0.3."
14,st41_bp8_fs24_cp10_r3p0_h2_fsm_clipfs_onezonefs_noend_pr1p0_pl1p0_pf1p0_pm1p0_dt1p0_fv0p03_hr1p0_hqtrapezoid_hp1p0_hc1p0_ci1p0_cp1p0_cn1p0_cd1p0_pg1p0,A53,OK,diagnostic_matched_wigley_sensitivity_not_hard_gate,wigley_iii,Fn0.4,0.4,2.1696064159197173,2.0,3.616010693199528,0.15,239.85000000000002,20,21,18,1.575,1.425,0.07499999999999996,-0.8687343749999998,0.868734375,0.06253124999999993,0.06253125000000004,heave,pitch_moment,-0.07499999999999996,-75.10726306701552,11.434293379905094,-5.633044730026161,0.8575720034928815,-0.0017961560474163707,-0.0017961560474163707,0.0,0.28266684517758695,0.28266684517758695,0.0,0.0,0.28266684517758695,2.4364517289540224,1.039467508764368,0.05404411873327805,0.021225794246179788,0.06499888812877457,0.023586975324155608,0.66814948742952,9151.915675622284,3882.2611178812326,9030.491392996279,3852.693767598565,1485.8619500885707,588.5648700712263,5.528493918482773,3.6161353202909305,0.003747236416708544,0.002005715866476015,advance_eq19_20,0.12010457376058588,0.056635957937835706,0.1412404853083515,0.06235497218675858,1.1759792394742397,1.100978503006873,88.78962105356736,2.391915333444074e-16,a1_station_hull_matched_sweep_free_surface_marching_not_benchmark_validated,41,8,24,10,3.0,2,16,15.0,False,none,0.0,1.0,0.03,1.0,trapezoid,1.0,1.0,1.0,1.0,1.0,1.0,1.0,True,False,True,3.0,11,9,40,True,True,True,True,A1_GRID_RECOMMENDED,"A1 Section 3.3 recommends control radius about 3B, inner free-surface panels greater than 10, outer/free-surface proxy panels greater than 8, and roughly 60 stations at Fn=0.2 or 40 at Fn=0.3."
14,st41_bp8_fs24_cp10_r3p0_h2_fsm_clipfs_onezonefs_noend_pr1p0_pl1p0_pf1p0_pm1p0_dt1p0_fv0p03_hr1p0_hqtrapezoid_hp1p0_hc1p0_ci1p0_cp1p0_cn1p0_cd1p0_pg1p0,A53,OK,diagnostic_matched_wigley_sensitivity_not_hard_gate,wigley_iii,Fn0.4,0.4,2.1696064159197173,2.0,3.616010693199528,0.15,239.85000000000002,21,22,17,1.65,1.35,0.07499999999999996,-0.8686874999999998,0.8686875,0.0626249999999999,0.06262500000000004,heave,pitch_moment,-0.1499999999999999,-146.35152276515265,22.096416178411417,-10.976364207386442,1.6572312133808553,-0.003499930125648087,-0.003499930125648087,0.0,0.28001880209105473,0.28001880209105473,0.0,0.0,0.28001880209105473,2.3892875669482887,1.0235659132040733,0.052729575641427565,0.020698424182646145,0.06329391153772945,0.022695176863601518,0.6444057963932118,8970.883844254326,3822.823400113509,8855.681625994037,3793.7559195239805,1433.0596240683312,548.8291478709641,5.673377476977036,3.7533118327664954,0.003599331038693348,0.0019256143679781594,advance_eq19_20,0.10215634199330546,0.051448883467729384,0.1215885015769693,0.05732520760495236,1.19021980627436,1.1142167475978138,88.65840109908919,3.302950735316053e-16,a1_station_hull_matched_sweep_free_surface_marching_not_benchmark_validated,41,8,24,10,3.0,2,16,15.0,False,none,0.0,1.0,0.03,1.0,trapezoid,1.0,1.0,1.0,1.0,1.0,1.0,1.0,True,False,True,3.0,11,9,40,True,True,True,True,A1_GRID_RECOMMENDED,"A1 Section 3.3 recommends control radius about 3B, inner free-surface panels greater than 10, outer/free-surface proxy panels greater than 8, and roughly 60 stations at Fn=0.2 or 40 at Fn=0.3."
14,st41_bp8_fs24_cp10_r3p0_h2_fsm_clipfs_onezonefs_noend_pr1p0_pl1p0_pf1p0_pm1p0_dt1p0_fv0p03_hr1p0_hqtrapezoid_hp1p0_hc1p0_ci1p0_cp1p0_cn1p0_cd1p0_pg1p0,A53,OK,diagnostic_matched_wigley_sensitivity_not_hard_gate,wigley_iii,Fn0.4,0.4,2.1696064159197173,2.0,3.616010693199528,0.15,239.85000000000002,22,23,16,1.7249999999999999,1.2750000000000001,0.07499999999999996,-0.8686093749999999,0.8686093749999999,0.0627812499999999,0.06278125000000001,heave,pitch_moment,-0.22499999999999987,-212.81719166065608,32.56818358317128,-15.961289374549196,2.4426137687378446,-0.005089426377504738,-0.005089426377504738,0.0,0.27572412383947836,0.27572412383947836,0.0,0.0,0.27572412383947836,2.3430414808988256,1.007730198513082,0.051003542635080244,0.020007388346932643,0.06114132346127197,0.021707068110819246,0.6354804612743578,8798.510740033083,3764.8985927477065,8684.274625778717,3735.0622530254723,1413.2110481217796,521.6086908448865,5.765464337667044,3.847045717116261,0.003427863291829304,0.0018331673994608296,advance_eq19_20,0.08648634213078428,0.04653591514273703,0.10428734254801289,0.05251156917172324,1.205824410868366,1.128409509314632,88.44064379627237,5.201770880400454e-16,a1_station_hull_matched_sweep_free_surface_marching_not_benchmark_validated,41,8,24,10,3.0,2,16,15.0,False,none,0.0,1.0,0.03,1.0,trapezoid,1.0,1.0,1.0,1.0,1.0,1.0,1.0,True,False,True,3.0,11,9,40,True,True,True,True,A1_GRID_RECOMMENDED,"A1 Section 3.3 recommends control radius about 3B, inner free-surface panels greater than 10, outer/free-surface proxy panels greater than 8, and roughly 60 stations at Fn=0.2 or 40 at Fn=0.3."
14,st41_bp8_fs24_cp10_r3p0_h2_fsm_clipfs_onezonefs_noend_pr1p0_pl1p0_pf1p0_pm1p0_dt1p0_fv0p03_hr1p0_hqtrapezoid_hp1p0_hc1p0_ci1p0_cp1p0_cn1p0_cd1p0_pg1p0,A53,OK,diagnostic_matched_wigley_sensitivity_not_hard_gate,wigley_iii,Fn0.4,0.4,2.1696064159197173,2.0,3.616010693199528,0.15,239.85000000000002,23,24,15,1.7999999999999998,1.2000000000000002,0.07500000000000007,-0.8684999999999999,0.8684999999999998,0.06299999999999994,0.06300000000000008,heave,pitch_moment,-0.2999999999999998,-273.55837975957786,43.212675052143,-20.51687848196836,3.2409506289107277,-0.006542024273846504,-0.006542024273846504,0.0,0.2699083985138027,0.2699083985138027,0.0,0.0,0.2699083985138027,2.2967657542350906,0.9916587122925105,0.04888106544914564,0.01915910998383592,0.05855347640770641,0.02062303700470219,0.6386775621393459,8630.431985554957,3707.1482715531624,8512.75776526578,3675.4947203455467,1420.3209099345258,512.1927173252448,5.805818703393383,3.89979409628539,0.003234214409533705,0.0017290890659603115,advance_eq19_20,0.07280545382668475,0.04188528904835214,0.08904503576979095,0.04790475479301036,1.2230544703665323,1.143713124140301,88.13774872231025,4.487537814242437e-16,a1_station_hull_matched_sweep_free_surface_marching_not_benchmark_validated,41,8,24,10,3.0,2,16,15.0,False,none,0.0,1.0,0.03,1.0,trapezoid,1.0,1.0,1.0,1.0,1.0,1.0,1.0,True,False,True,3.0,11,9,40,True,True,True,True,A1_GRID_RECOMMENDED,"A1 Section 3.3 recommends control radius about 3B, inner free-surface panels greater than 10, outer/free-surface proxy panels greater than 8, and roughly 60 stations at Fn=0.2 or 40 at Fn=0.3."
14,st41_bp8_fs24_cp10_r3p0_h2_fsm_clipfs_onezonefs_noend_pr1p0_pl1p0_pf1p0_pm1p0_dt1p0_fv0p03_hr1p0_hqtrapezoid_hp1p0_hc1p0_ci1p0_cp1p0_cn1p0_cd1p0_pg1p0,A53,OK,diagnostic_matched_wigley_sensitivity_not_hard_gate,wigley_iii,Fn0.4,0.4,2.1696064159197173,2.0,3.616010693199528,0.15,239.85000000000002,24,25,14,1.875,1.125,0.07500000000000007,-0.8683593749999999,0.8683593749999999,0.06328124999999996,0.06328125000000007,heave,pitch_moment,-0.375,-327.6313593455413,54.19369897643738,-24.572351950915618,4.064527423232807,-0.007835154995418536,-0.007835154995418536,0.0,0.26271980887917024,0.26271980887917024,0.0,0.0,0.26271980887917024,2.249699494050655,0.975123743015058,0.046384904719522405,0.01816311363937674,0.05555187020416115,0.019445854293593093,0.6516991484339925,8463.323072540305,3648.5650352957277,8338.310862647055,3614.209328983578,1449.2789200341012,526.5254611784163,5.795816215703925,3.913728602955563,0.003020304813523787,0.0016143771771317118,advance_eq19_20,0.060866332650910744,0.037485077832590336,0.07561114206871743,0.04349509136317389,1.2422490197063984,1.1603308270406825,87.75164677623461,2.871119273644082e-16,a1_station_hull_matched_sweep_free_surface_marching_not_benchmark_validated,41,8,24,10,3.0,2,16,15.0,False,none,0.0,1.0,0.03,1.0,trapezoid,1.0,1.0,1.0,1.0,1.0,1.0,1.0,True,False,True,3.0,11,9,40,True,True,True,True,A1_GRID_RECOMMENDED,"A1 Section 3.3 recommends control radius about 3B, inner free-surface panels greater than 10, outer/free-surface proxy panels greater than 8, and roughly 60 stations at Fn=0.2 or 40 at Fn=0.3."
14,st41_bp8_fs24_cp10_r3p0_h2_fsm_clipfs_onezonefs_noend_pr1p0_pl1p0_pf1p0_pm1p0_dt1p0_fv0p03_hr1p0_hqtrapezoid_hp1p0_hc1p0_ci1p0_cp1p0_cn1p0_cd1p0_pg1p0,A53,OK,diagnostic_matched_wigley_sensitivity_not_hard_gate,wigley_iii,Fn0.4,0.4,2.1696064159197173,2.0,3.616010693199528,0.15,239.85000000000002,25,26,13,1.95,1.05,0.07499999999999996,-0.8681874999999999,0.8681874999999999,0.0636249999999999,0.06362500000000004,heave,pitch_moment,-0.44999999999999996,-374.12674299009905,65.48473660811007,-28.059505724257413,4.911355245608252,-0.00894707095533842,-0.00894707095533842,0.0,0.25432869590379176,0.25432869590379176,0.0,0.0,0.25432869590379176,2.2012420598165114,0.9579659084187807,0.04354625721060568,0.017032352966339957,0.05216770003577971,0.018180697448399973,0.6725004422065276,8294.64553906865,3588.3908378731526,8158.707697282488,3550.6153427769837,1495.5378059731324,551.1718228656597,5.736953355219637,3.890770673091153,0.0027886392625728427,0.0014903359815633507,advance_eq19_20,0.05045755702155868,0.03332384486106372,0.06377116369849783,0.039273192867055474,1.2638575361714546,1.1785312598470021,87.28477208365148,4.3635849348660647e-16,a1_station_hull_matched_sweep_free_surface_marching_not_benchmark_validated,41,8,24,10,3.0,2,16,15.0,False,none,0.0,1.0,0.03,1.0,trapezoid,1.0,1.0,1.0,1.0,1.0,1.0,1.0,True,False,True,3.0,11,9,40,True,True,True,True,A1_GRID_RECOMMENDED,"A1 Section 3.3 recommends control radius about 3B, inner free-surface panels greater than 10, outer/free-surface proxy panels greater than 8, and roughly 60 stations at Fn=0.2 or 40 at Fn=0.3."
14,st41_bp8_fs24_cp10_r3p0_h2_fsm_clipfs_onezonefs_noend_pr1p0_pl1p0_pf1p0_pm1p0_dt1p0_fv0p03_hr1p0_hqtrapezoid_hp1p0_hc1p0_ci1p0_cp1p0_cn1p0_cd1p0_pg1p0,A53,OK,diagnostic_matched_wigley_sensitivity_not_hard_gate,wigley_iii,Fn0.4,0.4,2.1696064159197173,2.0,3.616010693199528,0.15,239.85000000000002,26,27,12,2.025,0.9750000000000001,0.07500000000000007,-0.8679843749999999,0.8679843749999999,0.06403124999999998,0.0640312500000001,heave,pitch_moment,-0.5249999999999999,-412.2021577044828,76.86454733379423,-30.915161827836236,5.764841050034573,-0.009857627186579416,-0.009857627186579416,0.0,0.2449263468328328,0.2449263468328328,0.0,0.0,0.2449263468328328,2.150940555437985,0.9400961416382215,0.040405676741068014,0.01578362723282288,0.04844259439748879,0.016835187886715598,0.6991266155836314,8122.458492623475,3526.0557506598666,7972.269650122793,3484.3826433194126,1554.7503304782465,580.1425152662398,5.630748766383087,3.8326288169863885,0.002542374866724469,0.0013586105050503187,advance_eq19_20,0.041398542005300645,0.02939115211186554,0.05334166396668898,0.035230486864127865,1.288491366673231,1.1986766197540422,86.74002633334426,4.109179799999122e-16,a1_station_hull_matched_sweep_free_surface_marching_not_benchmark_validated,41,8,24,10,3.0,2,16,15.0,False,none,0.0,1.0,0.03,1.0,trapezoid,1.0,1.0,1.0,1.0,1.0,1.0,1.0,True,False,True,3.0,11,9,40,True,True,True,True,A1_GRID_RECOMMENDED,"A1 Section 3.3 recommends control radius about 3B, inner free-surface panels greater than 10, outer/free-surface proxy panels greater than 8, and roughly 60 stations at Fn=0.2 or 40 at Fn=0.3."
14,st41_bp8_fs24_cp10_r3p0_h2_fsm_clipfs_onezonefs_noend_pr1p0_pl1p0_pf1p0_pm1p0_dt1p0_fv0p03_hr1p0_hqtrapezoid_hp1p0_hc1p0_ci1p0_cp1p0_cn1p0_cd1p0_pg1p0,A53,OK,diagnostic_matched_wigley_sensitivity_not_hard_gate,wigley_iii,Fn0.4,0.4,2.1696064159197173,2.0,3.616010693199528,0.15,239.85000000000002,27,28,11,2.1,0.8999999999999999,0.07499999999999996,-0.8677499999999999,0.8677499999999999,0.06449999999999989,0.06450000000000003,heave,pitch_moment,-0.6000000000000001,-441.11672893841956,87.89283568355658,-33.083754670381445,6.59196267626674,-0.010549106011123268,-0.010549106011123268,0.0,0.23472298023398144,0.23472298023398144,0.0,0.0,0.23472298023398144,2.098494846277211,0.9215084013963298,0.037014381692053365,0.014438170237352645,0.044429702127284074,0.01541945572461546,0.72948161844273,7945.26249404166,3461.1254296604066,7777.884298856557,3415.48883915539,1622.2551996605673,611.9894994308396,5.478701361194515,3.7408381728259026,0.0022854280084044555,0.001221240600071341,advance_eq19_20,0.0335351425447271,0.02567795540485576,0.04416603467109616,0.031359640985858556,1.3170075127067145,1.221267055395243,86.12073569235677,4.897408521985951e-16,a1_station_hull_matched_sweep_free_surface_marching_not_benchmark_validated,41,8,24,10,3.0,2,16,15.0,False,none,0.0,1.0,0.03,1.0,trapezoid,1.0,1.0,1.0,1.0,1.0,1.0,1.0,True,False,True,3.0,11,9,40,True,True,True,True,A1_GRID_RECOMMENDED,"A1 Section 3.3 recommends control radius about 3B, inner free-surface panels greater than 10, outer/free-surface proxy panels greater than 8, and roughly 60 stations at Fn=0.2 or 40 at Fn=0.3."
14,st41_bp8_fs24_cp10_r3p0_h2_fsm_clipfs_onezonefs_noend_pr1p0_pl1p0_pf1p0_pm1p0_dt1p0_fv0p03_hr1p0_hqtrapezoid_hp1p0_hc1p0_ci1p0_cp1p0_cn1p0_cd1p0_pg1p0,A53,OK,diagnostic_matched_wigley_sensitivity_not_hard_gate,wigley_iii,Fn0.4,0.4,2.1696064159197173,2.0,3.616010693199528,0.15,239.85000000000002,28,29,10,2.175,0.8250000000000002,0.07499999999999996,-0.8674843749999999,0.8674843749999999,0.06503124999999987,0.0650312500000001,heave,pitch_moment,-0.6749999999999998,-460.2696676334577,97.8512979843746,-34.520225072509305,7.33884734882809,-0.011007139831796409,-0.011007139831796409,0.0,0.22394485731252164,0.22394485731252164,0.0,0.0,0.22394485731252164,2.0437892493301812,0.9023101899728696,0.0334362685787112,0.013022554993250808,0.040195402752812165,0.013946250112733398,0.7609452102968011,7761.8369845014195,3393.246848587622,7575.1228747297755,3344.3323779129137,1692.2254006839012,644.9345493180906,5.2822882930141395,3.616804711222146,0.0020226499368878937,0.0010807497088367903,advance_eq19_20,0.026735871356823492,0.02217690719922029,0.036110845899339265,0.0276549116684767,1.350651542917568,1.247013905953893,85.43060038090854,3.573845807627647e-16,a1_station_hull_matched_sweep_free_surface_marching_not_benchmark_validated,41,8,24,10,3.0,2,16,15.0,False,none,0.0,1.0,0.03,1.0,trapezoid,1.0,1.0,1.0,1.0,1.0,1.0,1.0,True,False,True,3.0,11,9,40,True,True,True,True,A1_GRID_RECOMMENDED,"A1 Section 3.3 recommends control radius about 3B, inner free-surface panels greater than 10, outer/free-surface proxy panels greater than 8, and roughly 60 stations at Fn=0.2 or 40 at Fn=0.3."
14,st41_bp8_fs24_cp10_r3p0_h2_fsm_clipfs_onezonefs_noend_pr1p0_pl1p0_pf1p0_pm1p0_dt1p0_fv0p03_hr1p0_hqtrapezoid_hp1p0_hc1p0_ci1p0_cp1p0_cn1p0_cd1p0_pg1p0,A53,OK,diagnostic_matched_wigley_sensitivity_not_hard_gate,wigley_iii,Fn0.4,0.4,2.1696064159197173,2.0,3.616010693199528,0.15,239.85000000000002,29,30,9,2.25,0.75,0.07499999999999996,-0.8671874999999999,0.8671874999999999,0.06562499999999982,0.0656250000000001,heave,pitch_moment,-0.75,-469.2472660185078,105.61621512401796,-35.19354495138806,7.921216134301342,-0.011221835015352696,-0.011221835015352696,0.0,0.21283036988894707,0.21283036988894707,0.0,0.0,0.21283036988894707,1.986972087926592,0.8827864657537938,0.029751249537429716,0.011570188680171867,0.03582213008056598,0.012431073388636268,0.7896682667359874,7571.01502968586,3322.09200826544,7364.535124957338,3271.9694324769757,1756.1010714075662,676.3607493433435,5.043000359946438,3.4618607830818156,0.0017602276250277325,0.0009403472115584788,advance_eq19_20,0.020888667005595777,0.018882567656055213,0.029062717622311197,0.02411242485483561,1.3913150903562064,1.2769674810143365,84.67363722110893,3.206273539073249e-16,a1_station_hull_matched_sweep_free_surface_marching_not_benchmark_validated,41,8,24,10,3.0,2,16,15.0,False,none,0.0,1.0,0.03,1.0,trapezoid,1.0,1.0,1.0,1.0,1.0,1.0,1.0,True,False,True,3.0,11,9,40,True,True,True,True,A1_GRID_RECOMMENDED,"A1 Section 3.3 recommends control radius about 3B, inner free-surface panels greater than 10, outer/free-surface proxy panels greater than 8, and roughly 60 stations at Fn=0.2 or 40 at Fn=0.3."
14,st41_bp8_fs24_cp10_r3p0_h2_fsm_clipfs_onezonefs_noend_pr1p0_pl1p0_pf1p0_pm1p0_dt1p0_fv0p03_hr1p0_hqtrapezoid_hp1p0_hc1p0_ci1p0_cp1p0_cn1p0_cd1p0_pg1p0,A53,OK,diagnostic_matched_wigley_sensitivity_not_hard_gate,wigley_iii,Fn0.4,0.4,2.1696064159197173,2.0,3.616010693199528,0.15,239.85000000000002,30,31,8,2.3249999999999997,0.6750000000000003,0.07499999999999996,-0.866859375,0.866859375,0.06628124999999996,0.06628125000000007,heave,pitch_moment,-0.8249999999999997,-467.88717002921743,109.37768121837297,-35.091537752191286,8.203326091377967,-0.011189308938160256,-0.011189308938160256,0.0,0.20162479791219065,0.20162479791219065,0.0,0.0,0.20162479791219065,1.9286329051448354,0.8635327064046068,0.0260612088819438,0.010123971932961983,0.031413397150986136,0.010892302033904231,0.809182271382827,7371.327621793694,3247.3754989051345,7148.306138466701,3200.6070877937514,1799.497223831688,701.6985371995215,4.7624320500684325,3.277349467150899,0.001506611540679098,0.0008043964041337041,advance_eq19_20,0.015898168229459633,0.01579148803415252,0.02292566481100327,0.020730377957146755,1.4420318416634654,1.3127564617288006,83.85411691935549,3.482210433572153e-16,a1_station_hull_matched_sweep_free_surface_marching_not_benchmark_validated,41,8,24,10,3.0,2,16,15.0,False,none,0.0,1.0,0.03,1.0,trapezoid,1.0,1.0,1.0,1.0,1.0,1.0,1.0,True,False,True,3.0,11,9,40,True,True,True,True,A1_GRID_RECOMMENDED,"A1 Section 3.3 recommends control radius about 3B, inner free-surface panels greater than 10, outer/free-surface proxy panels greater than 8, and roughly 60 stations at Fn=0.2 or 40 at Fn=0.3."
14,st41_bp8_fs24_cp10_r3p0_h2_fsm_clipfs_onezonefs_noend_pr1p0_pl1p0_pf1p0_pm1p0_dt1p0_fv0p03_hr1p0_hqtrapezoid_hp1p0_hc1p0_ci1p0_cp1p0_cn1p0_cd1p0_pg1p0,A53,OK,diagnostic_matched_wigley_sensitivity_not_hard_gate,wigley_iii,Fn0.4,0.4,2.1696064159197173,2.0,3.616010693199528,0.15,239.85000000000002,31,32,7,2.4,0.6000000000000001,0.07500000000000018,-0.8664999999999999,0.8664999999999998,0.06699999999999995,0.06700000000000006,heave,pitch_moment,-0.8999999999999999,-456.3804254215376,105.96588472767762,-34.2285319066154,7.94744135457584,-0.010914130372610395,-0.010914130372610395,0.0,0.19057307825680533,0.19057307825680533,0.0,0.0,0.19057307825680533,1.8702034388901145,0.8457461506166322,0.02250125503704945,0.008741376308567361,0.027105106950409994,0.009352815746103313,0.8076563318095851,7160.659408890308,3169.517822482434,6931.742524322314,3134.6828024711326,1796.1037683360662,721.3801366553412,4.442487708206658,3.0647852907184663,0.0012715466397908162,0.0006779256245947683,advance_eq19_20,0.011683490663450145,0.012902045055942666,0.01761889154249377,0.017509110727631567,1.5080160587290525,1.3570802653155278,82.97650322796612,5.948580821612289e-16,a1_station_hull_matched_sweep_free_surface_marching_not_benchmark_validated,41,8,24,10,3.0,2,16,15.0,False,none,0.0,1.0,0.03,1.0,trapezoid,1.0,1.0,1.0,1.0,1.0,1.0,1.0,True,False,True,3.0,11,9,40,True,True,True,True,A1_GRID_RECOMMENDED,"A1 Section 3.3 recommends control radius about 3B, inner free-surface panels greater than 10, outer/free-surface proxy panels greater than 8, and roughly 60 stations at Fn=0.2 or 40 at Fn=0.3."
14,st41_bp8_fs24_cp10_r3p0_h2_fsm_clipfs_onezonefs_noend_pr1p0_pl1p0_pf1p0_pm1p0_dt1p0_fv0p03_hr1p0_hqtrapezoid_hp1p0_hc1p0_ci1p0_cp1p0_cn1p0_cd1p0_pg1p0,A53,OK,diagnostic_matched_wigley_sensitivity_not_hard_gate,wigley_iii,Fn0.4,0.4,2.1696064159197173,2.0,3.616010693199528,0.15,239.85000000000002,32,33,6,2.475,0.5249999999999999,0.07499999999999996,-0.866109375,0.866109375,0.06778124999999988,0.06778125000000013,heave,pitch_moment,-0.9750000000000001,-435.4655375580732,88.99264088075003,-32.65991531685547,6.674448066056248,-0.010413960338675326,-0.010413960338675326,0.0,0.17990903290116242,0.17990903290116242,0.0,0.0,0.17990903290116242,1.8149397488084007,0.8319237991483142,0.01926440968953427,0.007505531970632729,0.02309165049612452,0.007921383348631126,0.7645458808191024,6938.454020620433,3094.933383035209,6726.912577684143,3083.451487488667,1700.2327394973688,722.1661137032894,4.085891963809551,2.8262299829032482,0.0010638219770210846,0.0005654811180081605,advance_eq19_20,0.008176588260595202,0.010213673401543206,0.013075056224546112,0.014450890897794324,1.5990845824483688,1.4148573514805072,82.0454186369934,4.637990586860268e-16,a1_station_hull_matched_sweep_free_surface_marching_not_benchmark_validated,41,8,24,10,3.0,2,16,15.0,False,none,0.0,1.0,0.03,1.0,trapezoid,1.0,1.0,1.0,1.0,1.0,1.0,1.0,True,False,True,3.0,11,9,40,True,True,True,True,A1_GRID_RECOMMENDED,"A1 Section 3.3 recommends control radius about 3B, inner free-surface panels greater than 10, outer/free-surface proxy panels greater than 8, and roughly 60 stations at Fn=0.2 or 40 at Fn=0.3."
14,st41_bp8_fs24_cp10_r3p0_h2_fsm_clipfs_onezonefs_noend_pr1p0_pl1p0_pf1p0_pm1p0_dt1p0_fv0p03_hr1p0_hqtrapezoid_hp1p0_hc1p0_ci1p0_cp1p0_cn1p0_cd1p0_pg1p0,A53,OK,diagnostic_matched_wigley_sensitivity_not_hard_gate,wigley_iii,Fn0.4,0.4,2.1696064159197173,2.0,3.616010693199528,0.15,239.85000000000002,33,34,5,2.55,0.4500000000000002,0.07499999999999996,-0.8656874999999999,0.8656874999999999,0.06862499999999994,0.06862500000000005,heave,pitch_moment,-1.0499999999999998,-406.88487252475903,42.39384569068187,-30.51636543935691,3.1795384268011384,-0.00973046672910305,-0.00973046672910305,0.0,0.16983681936727327,0.16983681936727327,0.0,0.0,0.16983681936727327,1.7706720762263917,0.8277810062218652,0.0166793806701524,0.006557175702411826,0.019651011603329455,0.006645915517717269,0.6862475366477656,6737.94161008594,3078.30435249161,6562.8383908290525,3068.096594378873,1526.1092348805957,658.1418789731749,3.697624625595874,2.565336792145283,0.0009997429335397436,0.0005256897955577345,advance_eq19_20,0.00532149491273667,0.007724421269676752,0.009239131976208218,0.011558977213655652,1.7361910755744454,1.4964198365296262,81.06571677861561,6.015013864062195e-16,a1_station_hull_matched_sweep_free_surface_marching_not_benchmark_validated,41,8,24,10,3.0,2,16,15.0,False,none,0.0,1.0,0.03,1.0,trapezoid,1.0,1.0,1.0,1.0,1.0,1.0,1.0,True,False,True,3.0,11,9,40,True,True,True,True,A1_GRID_RECOMMENDED,"A1 Section 3.3 recommends control radius about 3B, inner free-surface panels greater than 10, outer/free-surface proxy panels greater than 8, and roughly 60 stations at Fn=0.2 or 40 at Fn=0.3."
14,st41_bp8_fs24_cp10_r3p0_h2_fsm_clipfs_onezonefs_noend_pr1p0_pl1p0_pf1p0_pm1p0_dt1p0_fv0p03_hr1p0_hqtrapezoid_hp1p0_hc1p0_ci1p0_cp1p0_cn1p0_cd1p0_pg1p0,A53,OK,diagnostic_matched_wigley_sensitivity_not_hard_gate,wigley_iii,Fn0.4,0.4,2.1696064159197173,2.0,3.616010693199528,0.15,239.85000000000002,34,35,4,2.625,0.375,0.07499999999999996,-0.8652343749999999,0.8652343749999999,0.06953124999999993,0.06953125000000009,heave,pitch_moment,-1.125,-374.81127970562176,-92.65121689791208,-28.110845977921617,-6.9488412673434015,-0.008963441339653551,-0.008963441339653551,0.0,0.16048986533289494,0.16048986533289494,0.0,0.0,0.16048986533289494,1.7594184480737847,0.8488189496909624,0.01544451192530375,0.006193789478587714,0.017338660051851095,0.0056982247641241875,1.2390312312347158,7079.365922215735,3654.668826856693,6521.127820098507,3146.071858639735,2755.4153615320397,1859.7946376611585,3.290035628907312,2.2910525596555,0.0014932954202905623,0.0007666278832243658,advance_eq19_20,0.0030753645405362674,0.005422736552305118,0.006068241107885538,0.00883462165527209,1.973177822628919,1.6291814234487627,80.04292683338196,4.3197262763189953e-16,a1_station_hull_matched_sweep_free_surface_marching_not_benchmark_validated,41,8,24,10,3.0,2,16,15.0,False,none,0.0,1.0,0.03,1.0,trapezoid,1.0,1.0,1.0,1.0,1.0,1.0,1.0,True,False,True,3.0,11,9,40,True,True,True,True,A1_GRID_RECOMMENDED,"A1 Section 3.3 recommends control radius about 3B, inner free-surface panels greater than 10, outer/free-surface proxy panels greater than 8, and roughly 60 stations at Fn=0.2 or 40 at Fn=0.3."
14,st41_bp8_fs24_cp10_r3p0_h2_fsm_clipfs_onezonefs_noend_pr1p0_pl1p0_pf1p0_pm1p0_dt1p0_fv0p03_hr1p0_hqtrapezoid_hp1p0_hc1p0_ci1p0_cp1p0_cn1p0_cd1p0_pg1p0,A53,OK,diagnostic_matched_wigley_sensitivity_not_hard_gate,wigley_iii,Fn0.4,0.4,2.1696064159197173,2.0,3.616010693199528,0.15,239.85000000000002,35,36,3,2.6999999999999997,0.30000000000000027,0.07499999999999996,-0.8647499999999999,0.8647499999999999,0.0704999999999999,0.07050000000000001,heave,pitch_moment,-1.1999999999999997,-352.68416524836664,-831.0266558784241,-26.451312393627482,-62.32699919088177,-0.00843428145788804,-0.00843428145788804,0.0,0.15179100393412417,0.15179100393412417,0.0,0.0,0.15179100393412417,1.8667080618262768,0.9532254494761723,0.017300143620270655,0.007236365527557264,0.019184346024305448,0.007084821472216866,7.969817902483205,19026.230995778664,12374.36057035339,6918.7872204617215,3533.0452537941596,17723.65225631287,11859.274461777131,2.9096168802672966,2.036825320693975,0.0002098247407747613,0.00011721615945220677,advance_eq19_20,0.0014146379481019843,0.0032511832126261263,0.003533591641670808,0.006266885356712992,2.4978770337751914,1.9275706556232333,78.98504044428888,5.445059979948541e-16,a1_station_hull_matched_sweep_free_surface_marching_not_benchmark_validated,41,8,24,10,3.0,2,16,15.0,False,none,0.0,1.0,0.03,1.0,trapezoid,1.0,1.0,1.0,1.0,1.0,1.0,1.0,True,False,True,3.0,11,9,40,True,True,True,True,A1_GRID_RECOMMENDED,"A1 Section 3.3 recommends control radius about 3B, inner free-surface panels greater than 10, outer/free-surface proxy panels greater than 8, and roughly 60 stations at Fn=0.2 or 40 at Fn=0.3."
14,st41_bp8_fs24_cp10_r3p0_h2_fsm_clipfs_onezonefs_noend_pr1p0_pl1p0_pf1p0_pm1p0_dt1p0_fv0p03_hr1p0_hqtrapezoid_hp1p0_hc1p0_ci1p0_cp1p0_cn1p0_cd1p0_pg1p0,A53,OK,diagnostic_matched_wigley_sensitivity_not_hard_gate,wigley_iii,Fn0.4,0.4,2.1696064159197173,2.0,3.616010693199528,0.15,239.85000000000002,36,37,2,2.775,0.2250000000000001,0.07500000000000018,-0.8642343749999999,0.8642343749999999,0.07153124999999994,0.07153125000000005,heave,pitch_moment,-1.275,-445.2423826476893,1736.5487880149221,-33.393178698576776,130.24115910111948,-0.01064776914377984,-0.01064776914377984,0.0,0.14224997863329022,0.14224997863329022,0.0,0.0,0.14224997863329022,2.8640772899658447,1.6487352695533246,0.03835519524030676,0.016782649534339788,0.04150523379836642,0.017781238331233323,19.177504067559962,43949.11662781738,27724.996942273185,10615.44745933308,6110.890474084029,42647.82676296218,27043.159450456347,2.966882416427689,2.093184122774065,0.0008340868977633119,0.000413267419266152,advance_eq19_20,0.00036453390698455354,0.000842235573950445,0.0016285333709926044,0.0037870735255931785,4.467440037235303,4.496454012064801,77.91010290862681,1.0993197272816507e-15,a1_station_hull_matched_sweep_free_surface_marching_not_benchmark_validated,41,8,24,10,3.0,2,16,15.0,False,none,0.0,1.0,0.03,1.0,trapezoid,1.0,1.0,1.0,1.0,1.0,1.0,1.0,True,False,True,3.0,11,9,40,True,True,True,True,A1_GRID_RECOMMENDED,"A1 Section 3.3 recommends control radius about 3B, inner free-surface panels greater than 10, outer/free-surface proxy panels greater than 8, and roughly 60 stations at Fn=0.2 or 40 at Fn=0.3."
14,st41_bp8_fs24_cp10_r3p0_h2_fsm_clipfs_onezonefs_noend_pr1p0_pl1p0_pf1p0_pm1p0_dt1p0_fv0p03_hr1p0_hqtrapezoid_hp1p0_hc1p0_ci1p0_cp1p0_cn1p0_cd1p0_pg1p0,A53,OK,diagnostic_matched_wigley_sensitivity_not_hard_gate,wigley_iii,Fn0.4,0.4,2.1696064159197173,2.0,3.616010693199528,0.15,239.85000000000002,37,38,1,2.85,0.1499999999999999,0.07499999999999996,-0.8636874999999999,0.8636874999999999,0.07262499999999994,0.07262500000000005,heave,pitch_moment,-1.35,106.14593857781723,944.5758448655722,7.960945393336288,70.84318836491788,0.0025384318599802882,0.0025384318599802882,0.0,0.13819530999139046,0.13819530999139046,0.0,0.0,0.13819530999139046,1.2353445885438938,0.8708544851590908,0.036778136948182764,0.016517901454546617,0.039430454597237305,0.018282226773399843,16.63791709166594,37282.40057369848,26122.36063509348,4578.694723009913,3227.744608819943,37000.17496135922,25922.179497297584,0.6345919503932442,0.28576828065248294,5.9156867828285085e-05,2.6955281226348326e-05,advance_eq19_20,0.00010889183144224193,0.0003212138921219602,0.0004046436673892569,0.0009087115272751454,3.716014893218935,2.8289919880866203,77.78531556101758,7.373551210987781e-16,a1_station_hull_matched_sweep_free_surface_marching_not_benchmark_validated,41,8,24,10,3.0,2,16,15.0,False,none,0.0,1.0,0.03,1.0,trapezoid,1.0,1.0,1.0,1.0,1.0,1.0,1.0,True,False,True,3.0,11,9,40,True,True,True,True,A1_GRID_RECOMMENDED,"A1 Section 3.3 recommends control radius about 3B, inner free-surface panels greater than 10, outer/free-surface proxy panels greater than 8, and roughly 60 stations at Fn=0.2 or 40 at Fn=0.3."
14,st41_bp8_fs24_cp10_r3p0_h2_fsm_clipfs_onezonefs_noend_pr1p0_pl1p0_pf1p0_pm1p0_dt1p0_fv0p03_hr1p0_hqtrapezoid_hp1p0_hc1p0_ci1p0_cp1p0_cn1p0_cd1p0_pg1p0,A53,OK,diagnostic_matched_wigley_sensitivity_not_hard_gate,wigley_iii,Fn0.4,0.4,2.1696064159197173,2.0,3.616010693199528,0.15,239.85000000000002,38,39,0,2.925,0.07500000000000018,0.03749999999999987,-0.8631093749999998,0.8631093749999998,0.07378124999999991,0.07378125000000002,heave,pitch_moment,-1.4249999999999998,-47.80636089302791,-2216.0675163090127,-1.7927385334885402,-83.10253186158768,-0.0005716336923791554,-0.0005716336923791554,0.0,0.13889289222900145,0.13889289222900145,0.0,0.0,0.13889289222900145,1.3598522519491167,0.7928968190152298,0.004305060891030446,0.0020563470617926205,0.004870763096139642,0.002542015892064957,59.24651588274974,131851.5297967781,71652.57636123821,5040.171291324951,2938.801460567036,131755.16150460584,71651.62283456989,0.7570610439783486,0.5336897937571384,0.0,0.0,initialize_eq21_22,0.0,0.0,0.00013307713663681888,0.00039255676431736603,,,113.94877021527233,1.0956202933659661e-15,a1_station_hull_matched_sweep_free_surface_marching_not_benchmark_validated,41,8,24,10,3.0,2,16,15.0,False,none,0.0,1.0,0.03,1.0,trapezoid,1.0,1.0,1.0,1.0,1.0,1.0,1.0,True,False,True,3.0,11,9,40,True,True,True,True,A1_GRID_RECOMMENDED,"A1 Section 3.3 recommends control radius about 3B, inner free-surface panels greater than 10, outer/free-surface proxy panels greater than 8, and roughly 60 stations at Fn=0.2 or 40 at Fn=0.3."
14,st41_bp8_fs24_cp10_r3p0_h2_fsm_clipfs_onezonefs_noend_pr1p0_pl1p0_pf1p0_pm1p0_dt1p0_fv1p0_hr1p0_hqtrapezoid_hp1p0_hc1p0_cim1p0_cp1p0_cnm1p0_cd1p0_pg1p0,A53,OK,diagnostic_matched_wigley_sensitivity_not_hard_gate,wigley_iii,Fn0.4,0.4,2.1696064159197173,2.0,3.616010693199528,0.15,239.85000000000002,0,1,38,0.075,2.925,0.0375,-0.8631093749999998,0.8631093749999998,0.07378124999999991,0.07378125000000002,heave,pitch_moment,1.425,299.82219086601754,-7906.900970490627,11.243332157475658,-296.5087863933985,0.003585055687577873,0.003585055687577873,0.0,0.0,0.0,0.0,0.0,0.0,8.268083965092645,4.470541771710897,2.155857638679963,1.1898900970907231,5.90980907437763,3.5859647740774547,216.86630877362413,483250.0386303766,228518.38798118566,30644.917030797722,16569.66502217431,482277.39828488335,227916.87047380375,3.1283789296588598,1.2993311756566994,0.17438256122366624,0.11523373977035029,advance_eq19_20,2.732978314356855,0.6307136888092089,2.656843924932932,0.6505429383276888,0.9721423367964632,1.031439383464021,418.23117884841605,8.627399513948288e-16,a1_station_hull_matched_sweep_free_surface_marching_not_benchmark_validated,41,8,24,10,3.0,2,16,15.0,False,none,0.0,1.0,1.0,1.0,trapezoid,1.0,1.0,-1.0,1.0,-1.0,1.0,1.0,True,False,True,3.0,11,9,40,True,True,True,True,A1_GRID_RECOMMENDED,"A1 Section 3.3 recommends control radius about 3B, inner free-surface panels greater than 10, outer/free-surface proxy panels greater than 8, and roughly 60 stations at Fn=0.2 or 40 at Fn=0.3."
14,st41_bp8_fs24_cp10_r3p0_h2_fsm_clipfs_onezonefs_noend_pr1p0_pl1p0_pf1p0_pm1p0_dt1p0_fv1p0_hr1p0_hqtrapezoid_hp1p0_hc1p0_cim1p0_cp1p0_cnm1p0_cd1p0_pg1p0,A53,OK,diagnostic_matched_wigley_sensitivity_not_hard_gate,wigley_iii,Fn0.4,0.4,2.1696064159197173,2.0,3.616010693199528,0.15,239.85000000000002,1,2,37,0.15,2.85,0.07499999999999998,-0.8636874999999999,0.8636874999999999,0.07262499999999991,0.07262500000000005,heave,pitch_moment,1.35,-240.4079914648807,1764.0272534967467,-18.03059935986605,132.30204401225598,-0.005749247810182884,-0.005749247810182884,0.0,0.00071043178248643,0.00071043178248643,0.0,0.0,0.00071043178248643,3.925773082595315,2.565444168289454,2.113711205945601,1.1743650300986812,6.020762124535617,3.530731320619082,51.68432060912345,115855.3476992768,77302.95204050437,14550.528381883021,9508.590383974562,114937.99943590605,76715.9247033255,5.515258378260259,3.161885402878029,0.18227331394614746,0.11874597092012779,advance_eq19_20,2.8123447543290707,0.5936164180675185,2.752303409959378,0.6191842947482811,0.9786507880026905,1.0430713772439064,343.0542195004202,8.656083799399426e-16,a1_station_hull_matched_sweep_free_surface_marching_not_benchmark_validated,41,8,24,10,3.0,2,16,15.0,False,none,0.0,1.0,1.0,1.0,trapezoid,1.0,1.0,-1.0,1.0,-1.0,1.0,1.0,True,False,True,3.0,11,9,40,True,True,True,True,A1_GRID_RECOMMENDED,"A1 Section 3.3 recommends control radius about 3B, inner free-surface panels greater than 10, outer/free-surface proxy panels greater than 8, and roughly 60 stations at Fn=0.2 or 40 at Fn=0.3."
14,st41_bp8_fs24_cp10_r3p0_h2_fsm_clipfs_onezonefs_noend_pr1p0_pl1p0_pf1p0_pm1p0_dt1p0_fv1p0_hr1p0_hqtrapezoid_hp1p0_hc1p0_cim1p0_cp1p0_cnm1p0_cd1p0_pg1p0,A53,OK,diagnostic_matched_wigley_sensitivity_not_hard_gate,wigley_iii,Fn0.4,0.4,2.1696064159197173,2.0,3.616010693199528,0.15,239.85000000000002,2,3,36,0.22499999999999998,2.775,0.075,-0.8642343749999999,0.8642343749999999,0.07153124999999994,0.07153125000000006,heave,pitch_moment,1.275,1371.3073695294559,4832.48693858034,102.84805271470918,362.43652039352554,0.03279419225340762,0.03279419225340762,0.0,0.014232904004098797,0.014232904004098797,0.0,0.0,0.014232904004098797,8.867787236480885,4.769504242307836,2.2286289311083998,1.1774373729137606,5.6262936148453715,3.390307119276289,53.908973922059445,124309.1524577276,79250.81917279543,32867.6638089365,17677.742799981792,119885.28708937259,77254.05975776815,3.2389884709091326,1.4443059347948966,0.16198299157027055,0.10689935183527363,advance_eq19_20,2.8659251035622146,0.6329317706724575,2.82888290488442,0.5965257997713597,0.9870749592751908,0.9424804179723536,342.8446096912935,1.3320458748599302e-15,a1_station_hull_matched_sweep_free_surface_marching_not_benchmark_validated,41,8,24,10,3.0,2,16,15.0,False,none,0.0,1.0,1.0,1.0,trapezoid,1.0,1.0,-1.0,1.0,-1.0,1.0,1.0,True,False,True,3.0,11,9,40,True,True,True,True,A1_GRID_RECOMMENDED,"A1 Section 3.3 recommends control radius about 3B, inner free-surface panels greater than 10, outer/free-surface proxy panels greater than 8, and roughly 60 stations at Fn=0.2 or 40 at Fn=0.3."
14,st41_bp8_fs24_cp10_r3p0_h2_fsm_clipfs_onezonefs_noend_pr1p0_pl1p0_pf1p0_pm1p0_dt1p0_fv1p0_hr1p0_hqtrapezoid_hp1p0_hc1p0_cim1p0_cp1p0_cnm1p0_cd1p0_pg1p0,A53,OK,diagnostic_matched_wigley_sensitivity_not_hard_gate,wigley_iii,Fn0.4,0.4,2.1696064159197173,2.0,3.616010693199528,0.15,239.85000000000002,3,4,35,0.3,2.7,0.07500000000000001,-0.8647499999999999,0.8647499999999999,0.0704999999999999,0.07050000000000001,heave,pitch_moment,1.2,1079.2255499957007,-2622.969193410286,80.94191624967756,-196.72268950577148,0.025809188339367677,0.025809188339367677,0.0,0.04353459430048645,0.04353459430048645,0.0,0.0,0.04353459430048645,5.885799710397011,2.6453959530884514,2.1446826720208825,1.1319481751747373,5.460980059251117,3.2105028998553786,24.725969769113625,59156.12187634434,37559.03276631173,21815.192558096936,9804.924555467462,54986.76321717853,36256.646243171315,2.4633461189478467,1.0784177097293772,0.1473232426081497,0.09767023639163738,advance_eq19_20,2.9095082573644975,0.6571778507545915,2.8800383458349343,0.6300673129351081,0.9898711710286543,0.9587470305209553,342.76452809793557,5.838792750945511e-16,a1_station_hull_matched_sweep_free_surface_marching_not_benchmark_validated,41,8,24,10,3.0,2,16,15.0,False,none,0.0,1.0,1.0,1.0,trapezoid,1.0,1.0,-1.0,1.0,-1.0,1.0,1.0,True,False,True,3.0,11,9,40,True,True,True,True,A1_GRID_RECOMMENDED,"A1 Section 3.3 recommends control radius about 3B, inner free-surface panels greater than 10, outer/free-surface proxy panels greater than 8, and roughly 60 stations at Fn=0.2 or 40 at Fn=0.3."
14,st41_bp8_fs24_cp10_r3p0_h2_fsm_clipfs_onezonefs_noend_pr1p0_pl1p0_pf1p0_pm1p0_dt1p0_fv1p0_hr1p0_hqtrapezoid_hp1p0_hc1p0_cim1p0_cp1p0_cnm1p0_cd1p0_pg1p0,A53,OK,diagnostic_matched_wigley_sensitivity_not_hard_gate,wigley_iii,Fn0.4,0.4,2.1696064159197173,2.0,3.616010693199528,0.15,239.85000000000002,4,5,34,0.375,2.625,0.07499999999999998,-0.8652343749999999,0.8652343749999999,0.06953124999999993,0.06953125000000009,heave,pitch_moment,1.125,1143.5174851887714,-336.48010234451505,85.76381138915784,-25.23600767583862,0.027346700738056704,0.027346700738056704,0.0,0.07011253883919864,0.07011253883919864,0.0,0.0,0.07011253883919864,5.58080558513579,2.323968208306396,2.0803079946345417,1.0790181755443613,5.192224592834341,2.9748300746380116,4.01102913038248,22526.076211679385,10423.107632818306,20684.758989331633,8613.581239188969,8919.913399111681,5869.189974877885,2.2409759495452644,0.9504031448152799,0.132482382397591,0.08808354242353722,advance_eq19_20,2.940641982628348,0.6773084435135054,2.92052322067704,0.6541724385088682,0.9931583776365304,0.9658412570724495,342.70650863905854,6.954600706817409e-16,a1_station_hull_matched_sweep_free_surface_marching_not_benchmark_validated,41,8,24,10,3.0,2,16,15.0,False,none,0.0,1.0,1.0,1.0,trapezoid,1.0,1.0,-1.0,1.0,-1.0,1.0,1.0,True,False,True,3.0,11,9,40,True,True,True,True,A1_GRID_RECOMMENDED,"A1 Section 3.3 recommends control radius about 3B, inner free-surface panels greater than 10, outer/free-surface proxy panels greater than 8, and roughly 60 stations at Fn=0.2 or 40 at Fn=0.3."
14,st41_bp8_fs24_cp10_r3p0_h2_fsm_clipfs_onezonefs_noend_pr1p0_pl1p0_pf1p0_pm1p0_dt1p0_fv1p0_hr1p0_hqtrapezoid_hp1p0_hc1p0_cim1p0_cp1p0_cnm1p0_cd1p0_pg1p0,A53,OK,diagnostic_matched_wigley_sensitivity_not_hard_gate,wigley_iii,Fn0.4,0.4,2.1696064159197173,2.0,3.616010693199528,0.15,239.85000000000002,5,6,33,0.44999999999999996,2.55,0.07500000000000001,-0.8656874999999999,0.8656874999999999,0.06862499999999994,0.06862500000000005,heave,pitch_moment,1.05,1238.3569700905307,74.3282337033839,92.87677275678982,5.5746175277537935,0.029614743899051072,0.029614743899051072,0.0,0.09859326115775251,0.09859326115775251,0.0,0.0,0.09859326115775251,5.621531646820536,2.2495150026636113,2.0060964147159623,1.0147581372017422,4.873105461402534,2.6939135530429525,2.2312656471363512,21418.404120670904,8413.320861283295,20835.706510739175,8337.627061747993,4961.992470239495,2629.9752200151634,2.0137284497342387,0.7755067651613113,0.11713297783300106,0.07801405964772506,advance_eq19_20,2.960535132766021,0.6918222266420748,2.948282360613141,0.6750255704257885,0.9958612981763766,0.975721138220995,342.6545414156471,5.6517614116468425e-16,a1_station_hull_matched_sweep_free_surface_marching_not_benchmark_validated,41,8,24,10,3.0,2,16,15.0,False,none,0.0,1.0,1.0,1.0,trapezoid,1.0,1.0,-1.0,1.0,-1.0,1.0,1.0,True,False,True,3.0,11,9,40,True,True,True,True,A1_GRID_RECOMMENDED,"A1 Section 3.3 recommends control radius about 3B, inner free-surface panels greater than 10, outer/free-surface proxy panels greater than 8, and roughly 60 stations at Fn=0.2 or 40 at Fn=0.3."
14,st41_bp8_fs24_cp10_r3p0_h2_fsm_clipfs_onezonefs_noend_pr1p0_pl1p0_pf1p0_pm1p0_dt1p0_fv1p0_hr1p0_hqtrapezoid_hp1p0_hc1p0_cim1p0_cp1p0_cnm1p0_cd1p0_pg1p0,A53,OK,diagnostic_matched_wigley_sensitivity_not_hard_gate,wigley_iii,Fn0.4,0.4,2.1696064159197173,2.0,3.616010693199528,0.15,239.85000000000002,6,7,32,0.525,2.475,0.07500000000000001,-0.866109375,0.866109375,0.0677812499999999,0.06778125000000006,heave,pitch_moment,0.975,1322.0397733376587,208.7187659787593,99.15298300032443,15.653907448406951,0.03161598009085544,0.03161598009085544,0.0,0.1292086231527058,0.1292086231527058,0.0,0.0,0.1292086231527058,5.753949650371946,2.248016720741183,1.9215967932484532,0.9407914716758637,4.534014905922402,2.3789961551151655,2.288799182545449,21925.49111999935,8339.151487543162,21326.50205047356,8332.07381320874,5089.93822598247,2619.7583172029053,1.8357738179329233,0.6094535864448566,0.10155357222736869,0.06766048168911529,advance_eq19_20,2.9708165716706874,0.6982002404303527,2.964724216411702,0.6904830820264004,0.9979492657617837,0.9889470699706496,342.6062403202438,4.78228558404699e-16,a1_station_hull_matched_sweep_free_surface_marching_not_benchmark_validated,41,8,24,10,3.0,2,16,15.0,False,none,0.0,1.0,1.0,1.0,trapezoid,1.0,1.0,-1.0,1.0,-1.0,1.0,1.0,True,False,True,3.0,11,9,40,True,True,True,True,A1_GRID_RECOMMENDED,"A1 Section 3.3 recommends control radius about 3B, inner free-surface panels greater than 10, outer/free-surface proxy panels greater than 8, and roughly 60 stations at Fn=0.2 or 40 at Fn=0.3."
14,st41_bp8_fs24_cp10_r3p0_h2_fsm_clipfs_onezonefs_noend_pr1p0_pl1p0_pf1p0_pm1p0_dt1p0_fv1p0_hr1p0_hqtrapezoid_hp1p0_hc1p0_cim1p0_cp1p0_cnm1p0_cd1p0_pg1p0,A53,OK,diagnostic_matched_wigley_sensitivity_not_hard_gate,wigley_iii,Fn0.4,0.4,2.1696064159197173,2.0,3.616010693199528,0.15,239.85000000000002,7,8,31,0.6,2.4,0.07499999999999996,-0.8664999999999999,0.8664999999999998,0.06699999999999995,0.06700000000000006,heave,pitch_moment,0.9,1380.9505938892064,246.73978405025557,103.57129454169042,18.505483803769156,0.033024805579510354,0.033024805579510354,0.0,0.16152901598788866,0.16152901598788866,0.0,0.0,0.16152901598788866,5.909680393197201,2.2726844399007056,1.828893370251938,0.8595004526869401,4.202556403307466,2.0425942324128523,2.2456105513485993,22465.779033289262,8467.181902252965,21903.704182572485,8423.50251787286,4993.893336359508,2424.448762510313,1.777452060314986,0.5460292915868931,0.08617894761790294,0.057303431071357644,advance_eq19_20,2.9729056870898996,0.694663999788412,2.97166255623974,0.6978037969963584,0.9995818465228957,1.004519878975883,342.56168396636383,3.1132435225449155e-16,a1_station_hull_matched_sweep_free_surface_marching_not_benchmark_validated,41,8,24,10,3.0,2,16,15.0,False,none,0.0,1.0,1.0,1.0,trapezoid,1.0,1.0,-1.0,1.0,-1.0,1.0,1.0,True,False,True,3.0,11,9,40,True,True,True,True,A1_GRID_RECOMMENDED,"A1 Section 3.3 recommends control radius about 3B, inner free-surface panels greater than 10, outer/free-surface proxy panels greater than 8, and roughly 60 stations at Fn=0.2 or 40 at Fn=0.3."
14,st41_bp8_fs24_cp10_r3p0_h2_fsm_clipfs_onezonefs_noend_pr1p0_pl1p0_pf1p0_pm1p0_dt1p0_fv1p0_hr1p0_hqtrapezoid_hp1p0_hc1p0_cim1p0_cp1p0_cnm1p0_cd1p0_pg1p0,A53,OK,diagnostic_matched_wigley_sensitivity_not_hard_gate,wigley_iii,Fn0.4,0.4,2.1696064159197173,2.0,3.616010693199528,0.15,239.85000000000002,8,9,30,0.6749999999999999,2.325,0.07500000000000001,-0.866859375,0.866859375,0.06628124999999993,0.06628125000000007,heave,pitch_moment,0.8250000000000001,1409.1821912882767,239.56866376838798,105.68866434662077,17.967649782629103,0.03369995139531942,0.03369995139531942,0.0,0.19489139447530354,0.19489139447530354,0.0,0.0,0.19489139447530354,6.062704728813129,2.3059526951267446,1.7303445447805081,0.773502044346669,3.902113702476565,1.6976878400881457,2.0589775775808143,22932.642767891637,8604.754655090592,22470.87525732711,8546.808343680344,4578.8502366180255,2147.6404227037883,1.8717397821042865,0.562560324304592,0.07147934807389149,0.047237162320582365,advance_eq19_20,2.967656611390441,0.6806836250312586,2.970690490953205,0.6951026899709435,1.0010223148969188,1.0211832111269354,342.5212065841895,6.175127140006379e-16,a1_station_hull_matched_sweep_free_surface_marching_not_benchmark_validated,41,8,24,10,3.0,2,16,15.0,False,none,0.0,1.0,1.0,1.0,trapezoid,1.0,1.0,-1.0,1.0,-1.0,1.0,1.0,True,False,True,3.0,11,9,40,True,True,True,True,A1_GRID_RECOMMENDED,"A1 Section 3.3 recommends control radius about 3B, inner free-surface panels greater than 10, outer/free-surface proxy panels greater than 8, and roughly 60 stations at Fn=0.2 or 40 at Fn=0.3."
14,st41_bp8_fs24_cp10_r3p0_h2_fsm_clipfs_onezonefs_noend_pr1p0_pl1p0_pf1p0_pm1p0_dt1p0_fv1p0_hr1p0_hqtrapezoid_hp1p0_hc1p0_cim1p0_cp1p0_cnm1p0_cd1p0_pg1p0,A53,OK,diagnostic_matched_wigley_sensitivity_not_hard_gate,wigley_iii,Fn0.4,0.4,2.1696064159197173,2.0,3.616010693199528,0.15,239.85000000000002,9,10,29,0.75,2.25,0.07500000000000001,-0.8671874999999999,0.8671874999999999,0.06562499999999982,0.0656250000000001,heave,pitch_moment,0.75,1404.320431692025,209.08020953426538,105.3240323769019,15.681015715069906,0.03358368462505913,0.03358368462505913,0.0,0.22853321248549285,0.22853321248549285,0.0,0.0,0.22853321248549285,6.20121409859462,2.3399280755977587,1.6279867476730034,0.6854245429319535,3.648081363107525,1.5282027624238568,1.7898244002690933,23326.345596888084,8725.635359193691,22984.24790362126,8672.73506624627,3980.2948647483217,1833.0809914587057,2.086966663433647,0.6311522584141788,0.057905433524378505,0.037736635166850274,advance_eq19_20,2.9551611311148265,0.6571064854141899,2.962810182489474,0.6817911058466938,1.0025883703240783,1.0375656320252942,342.4849787194831,5.259543725651865e-16,a1_station_hull_matched_sweep_free_surface_marching_not_benchmark_validated,41,8,24,10,3.0,2,16,15.0,False,none,0.0,1.0,1.0,1.0,trapezoid,1.0,1.0,-1.0,1.0,-1.0,1.0,1.0,True,False,True,3.0,11,9,40,True,True,True,True,A1_GRID_RECOMMENDED,"A1 Section 3.3 recommends control radius about 3B, inner free-surface panels greater than 10, outer/free-surface proxy panels greater than 8, and roughly 60 stations at Fn=0.2 or 40 at Fn=0.3."
14,st41_bp8_fs24_cp10_r3p0_h2_fsm_clipfs_onezonefs_noend_pr1p0_pl1p0_pf1p0_pm1p0_dt1p0_fv1p0_hr1p0_hqtrapezoid_hp1p0_hc1p0_cim1p0_cp1p0_cnm1p0_cd1p0_pg1p0,A53,OK,diagnostic_matched_wigley_sensitivity_not_hard_gate,wigley_iii,Fn0.4,0.4,2.1696064159197173,2.0,3.616010693199528,0.15,239.85000000000002,10,11,28,0.825,2.175,0.07499999999999996,-0.8674843749999999,0.8674843749999999,0.06503124999999987,0.0650312500000001,heave,pitch_moment,0.675,1366.085487700534,167.1697461020505,102.45641157754,12.53773095765378,0.03266931332368888,0.03266931332368888,0.0,0.26165971145986683,0.26165971145986683,0.0,0.0,0.26165971145986683,6.3193932772762365,2.3706624511292063,1.5233270869851283,0.6482154564632105,3.4447195785559774,1.507418689479148,1.4772590062092843,23651.536606561334,8825.921234688825,23422.26850679318,8786.649292581058,3285.19738329302,1503.7149353475427,2.3580820890931498,0.7155759478678274,0.04585446394376098,0.02903688996980151,advance_eq19_20,2.9347131300097606,0.6261236562281798,2.9482202898571472,0.6586839282124703,1.0046025486134456,1.0520029416879668,342.4529909421924,4.658661499073692e-16,a1_station_hull_matched_sweep_free_surface_marching_not_benchmark_validated,41,8,24,10,3.0,2,16,15.0,False,none,0.0,1.0,1.0,1.0,trapezoid,1.0,1.0,-1.0,1.0,-1.0,1.0,1.0,True,False,True,3.0,11,9,40,True,True,True,True,A1_GRID_RECOMMENDED,"A1 Section 3.3 recommends control radius about 3B, inner free-surface panels greater than 10, outer/free-surface proxy panels greater than 8, and roughly 60 stations at Fn=0.2 or 40 at Fn=0.3."
14,st41_bp8_fs24_cp10_r3p0_h2_fsm_clipfs_onezonefs_noend_pr1p0_pl1p0_pf1p0_pm1p0_dt1p0_fv1p0_hr1p0_hqtrapezoid_hp1p0_hc1p0_cim1p0_cp1p0_cnm1p0_cd1p0_pg1p0,A53,OK,diagnostic_matched_wigley_sensitivity_not_hard_gate,wigley_iii,Fn0.4,0.4,2.1696064159197173,2.0,3.616010693199528,0.15,239.85000000000002,11,12,27,0.8999999999999999,2.1,0.07500000000000001,-0.8677499999999999,0.8677499999999999,0.06449999999999989,0.0645,heave,pitch_moment,0.6000000000000001,1295.7015290340646,121.1593787963788,97.17761467755486,9.086953409728412,0.0309861129534786,0.0309861129534786,0.0,0.29348742459845056,0.29348742459845056,0.0,0.0,0.29348742459845056,6.414285048211594,2.3960249933043043,1.4173297248044938,0.6192574318121132,3.284719346760567,1.471359130734469,1.142293706165611,23909.307954845768,8904.675568602395,23773.97640665205,8880.653296885734,2540.2859476056624,1171.5976642216915,2.6265607386080396,0.7878374939307075,0.03564436979295424,0.02131926346155403,advance_eq19_20,2.904928334123913,0.5911441690377613,2.9262723716777783,0.6279602881755993,1.0073475263754836,1.062279425335051,342.4251138934239,5.779107084767406e-16,a1_station_hull_matched_sweep_free_surface_marching_not_benchmark_validated,41,8,24,10,3.0,2,16,15.0,False,none,0.0,1.0,1.0,1.0,trapezoid,1.0,1.0,-1.0,1.0,-1.0,1.0,1.0,True,False,True,3.0,11,9,40,True,True,True,True,A1_GRID_RECOMMENDED,"A1 Section 3.3 recommends control radius about 3B, inner free-surface panels greater than 10, outer/free-surface proxy panels greater than 8, and roughly 60 stations at Fn=0.2 or 40 at Fn=0.3."
14,st41_bp8_fs24_cp10_r3p0_h2_fsm_clipfs_onezonefs_noend_pr1p0_pl1p0_pf1p0_pm1p0_dt1p0_fv1p0_hr1p0_hqtrapezoid_hp1p0_hc1p0_cim1p0_cp1p0_cnm1p0_cd1p0_pg1p0,A53,OK,diagnostic_matched_wigley_sensitivity_not_hard_gate,wigley_iii,Fn0.4,0.4,2.1696064159197173,2.0,3.616010693199528,0.15,239.85000000000002,12,13,26,0.975,2.025,0.07500000000000007,-0.8679843749999999,0.8679843749999999,0.06403124999999998,0.0640312500000001,heave,pitch_moment,0.525,1195.5046006775924,75.78485379452134,89.66284505081951,5.683864034589106,0.028589948968120213,0.028589948968120213,0.0,0.32327545555925,0.32327545555925,0.0,0.0,0.32327545555925,6.4842604000644855,2.4147508599061496,1.3105313173762017,0.5856213247706554,3.152310882400833,1.4196101746085439,0.7940618688777228,24098.121036649736,8961.047535436443,24033.333817726514,8950.059054104227,1765.871768488166,840.571770564956,2.852213550962584,0.850504492186294,0.027484240464380184,0.01470308336761024,advance_eq19_20,2.8639863157008345,0.5565565019200762,2.895594075212985,0.5930390447911796,1.0110362816117073,1.0655504746512556,342.4011560901492,5.368837017296837e-16,a1_station_hull_matched_sweep_free_surface_marching_not_benchmark_validated,41,8,24,10,3.0,2,16,15.0,False,none,0.0,1.0,1.0,1.0,trapezoid,1.0,1.0,-1.0,1.0,-1.0,1.0,1.0,True,False,True,3.0,11,9,40,True,True,True,True,A1_GRID_RECOMMENDED,"A1 Section 3.3 recommends control radius about 3B, inner free-surface panels greater than 10, outer/free-surface proxy panels greater than 8, and roughly 60 stations at Fn=0.2 or 40 at Fn=0.3."
14,st41_bp8_fs24_cp10_r3p0_h2_fsm_clipfs_onezonefs_noend_pr1p0_pl1p0_pf1p0_pm1p0_dt1p0_fv1p0_hr1p0_hqtrapezoid_hp1p0_hc1p0_cim1p0_cp1p0_cnm1p0_cd1p0_pg1p0,A53,OK,diagnostic_matched_wigley_sensitivity_not_hard_gate,wigley_iii,Fn0.4,0.4,2.1696064159197173,2.0,3.616010693199528,0.15,239.85000000000002,13,14,25,1.05,1.95,0.07500000000000001,-0.8681874999999999,0.8681874999999999,0.06362499999999982,0.0636250000000001,heave,pitch_moment,0.44999999999999996,1068.6679930450468,34.254476541881104,80.15009947837852,2.569085740641083,0.025556709165070784,0.025556709165070784,0.0,0.35034878462584546,0.35034878462584546,0.0,0.0,0.35034878462584546,6.5281049662104165,2.4259487754125395,1.2032311612300042,0.5477059540704144,3.028585584537495,1.3525127825554057,0.4355090540292874,24215.215590512824,8993.98633015605,24195.839798249453,8991.563130872193,968.5053187583954,507.639208065599,3.0099186472482224,0.907023718794739,0.021422971140870585,0.00924271493048678,advance_eq19_20,2.8099414760092727,0.5272387023021418,2.854344482789667,0.5583454031184144,1.0158021108836246,1.058999274295396,342.3809050598612,6.070201990611265e-16,a1_station_hull_matched_sweep_free_surface_marching_not_benchmark_validated,41,8,24,10,3.0,2,16,15.0,False,none,0.0,1.0,1.0,1.0,trapezoid,1.0,1.0,-1.0,1.0,-1.0,1.0,1.0,True,False,True,3.0,11,9,40,True,True,True,True,A1_GRID_RECOMMENDED,"A1 Section 3.3 recommends control radius about 3B, inner free-surface panels greater than 10, outer/free-surface proxy panels greater than 8, and roughly 60 stations at Fn=0.2 or 40 at Fn=0.3."
14,st41_bp8_fs24_cp10_r3p0_h2_fsm_clipfs_onezonefs_noend_pr1p0_pl1p0_pf1p0_pm1p0_dt1p0_fv1p0_hr1p0_hqtrapezoid_hp1p0_hc1p0_cim1p0_cp1p0_cnm1p0_cd1p0_pg1p0,A53,OK,diagnostic_matched_wigley_sensitivity_not_hard_gate,wigley_iii,Fn0.4,0.4,2.1696064159197173,2.0,3.616010693199528,0.15,239.85000000000002,14,15,24,1.125,1.875,0.07499999999999996,-0.8683593749999999,0.8683593749999999,0.06328124999999996,0.06328125000000007,heave,pitch_moment,0.375,919.0236766031754,-0.9554203878148271,68.92677574523812,-0.07165652908611199,0.021978033375770208,0.021978033375770208,0.0,0.374116155896266,0.374116155896266,0.0,0.0,0.374116155896266,6.544451689397552,2.4288321633775545,1.095698908125713,0.5061221117533438,2.8965615364345414,1.3461362059246162,0.1146703147139999,24257.767898166847,9002.387301268409,24256.427472238996,9002.250151629185,255.00918678200298,165.17680969621648,3.0857125294130836,0.9070947335016336,0.01726849988078089,0.007669054006525091,advance_eq19_20,2.741044558411458,0.5076019994437647,2.800542245702746,0.5288189287745646,1.0217062094480394,1.041798356495935,342.3641533741088,3.3068752970629003e-16,a1_station_hull_matched_sweep_free_surface_marching_not_benchmark_validated,41,8,24,10,3.0,2,16,15.0,False,none,0.0,1.0,1.0,1.0,trapezoid,1.0,1.0,-1.0,1.0,-1.0,1.0,1.0,True,False,True,3.0,11,9,40,True,True,True,True,A1_GRID_RECOMMENDED,"A1 Section 3.3 recommends control radius about 3B, inner free-surface panels greater than 10, outer/free-surface proxy panels greater than 8, and roughly 60 stations at Fn=0.2 or 40 at Fn=0.3."
14,st41_bp8_fs24_cp10_r3p0_h2_fsm_clipfs_onezonefs_noend_pr1p0_pl1p0_pf1p0_pm1p0_dt1p0_fv1p0_hr1p0_hqtrapezoid_hp1p0_hc1p0_cim1p0_cp1p0_cnm1p0_cd1p0_pg1p0,A53,OK,diagnostic_matched_wigley_sensitivity_not_hard_gate,wigley_iii,Fn0.4,0.4,2.1696064159197173,2.0,3.616010693199528,0.15,239.85000000000002,15,16,23,1.2,1.8,0.07499999999999996,-0.8684999999999999,0.8684999999999998,0.06299999999999994,0.06300000000000008,heave,pitch_moment,0.30000000000000004,750.9708776883767,-27.49629525792982,56.32281582662822,-2.062222144344735,0.017959127097868243,0.017959127097868243,0.0,0.39408473613308526,0.39408473613308526,0.0,0.0,0.39408473613308526,6.531525023236479,2.422596991884825,0.9883487966120345,0.46166783345125817,2.7443151659027447,1.322261600514066,0.38644581940385053,24223.76530661019,8985.286886872977,24208.51593509649,8979.14004366775,859.3962124135451,351.8312830691187,3.07758370629792,0.9475854742866633,0.014547526622793731,0.006783629498872814,advance_eq19_20,2.656022419685773,0.5002374715047219,2.7324010315279987,0.5089283357896692,1.0287567647306464,1.0173734771583687,342.35071396278477,5.914046868564549e-16,a1_station_hull_matched_sweep_free_surface_marching_not_benchmark_validated,41,8,24,10,3.0,2,16,15.0,False,none,0.0,1.0,1.0,1.0,trapezoid,1.0,1.0,-1.0,1.0,-1.0,1.0,1.0,True,False,True,3.0,11,9,40,True,True,True,True,A1_GRID_RECOMMENDED,"A1 Section 3.3 recommends control radius about 3B, inner free-surface panels greater than 10, outer/free-surface proxy panels greater than 8, and roughly 60 stations at Fn=0.2 or 40 at Fn=0.3."
14,st41_bp8_fs24_cp10_r3p0_h2_fsm_clipfs_onezonefs_noend_pr1p0_pl1p0_pf1p0_pm1p0_dt1p0_fv1p0_hr1p0_hqtrapezoid_hp1p0_hc1p0_cim1p0_cp1p0_cnm1p0_cd1p0_pg1p0,A53,OK,diagnostic_matched_wigley_sensitivity_not_hard_gate,wigley_iii,Fn0.4,0.4,2.1696064159197173,2.0,3.616010693199528,0.15,239.85000000000002,16,17,22,1.275,1.725,0.07499999999999996,-0.8686093749999999,0.8686093749999999,0.0627812499999999,0.06278125000000001,heave,pitch_moment,0.2250000000000001,569.4407705668253,-42.863091373185895,42.70805779251187,-3.2147318529889404,0.01361791712189578,0.01361791712189578,0.0,0.4098732582429673,0.4098732582429673,0.0,0.0,0.4098732582429673,6.487210269386495,2.4064181726145804,0.8818460659721956,0.415287672599088,2.5659775929497584,1.2659678112004977,0.814731666704799,24112.435487655832,8941.98915115093,24044.267245713738,8919.17469059609,1811.838227619089,676.4567272005303,2.997323376411104,0.8980376117521612,0.012635076807040778,0.005809783237536191,advance_eq19_20,2.554273837105916,0.5049424568634875,2.6486144834906953,0.5012798250809094,1.03693442927469,0.9927464372765781,342.34042855322906,5.122734059785419e-16,a1_station_hull_matched_sweep_free_surface_marching_not_benchmark_validated,41,8,24,10,3.0,2,16,15.0,False,none,0.0,1.0,1.0,1.0,trapezoid,1.0,1.0,-1.0,1.0,-1.0,1.0,1.0,True,False,True,3.0,11,9,40,True,True,True,True,A1_GRID_RECOMMENDED,"A1 Section 3.3 recommends control radius about 3B, inner free-surface panels greater than 10, outer/free-surface proxy panels greater than 8, and roughly 60 stations at Fn=0.2 or 40 at Fn=0.3."
14,st41_bp8_fs24_cp10_r3p0_h2_fsm_clipfs_onezonefs_noend_pr1p0_pl1p0_pf1p0_pm1p0_dt1p0_fv1p0_hr1p0_hqtrapezoid_hp1p0_hc1p0_cim1p0_cp1p0_cnm1p0_cd1p0_pg1p0,A53,OK,diagnostic_matched_wigley_sensitivity_not_hard_gate,wigley_iii,Fn0.4,0.4,2.1696064159197173,2.0,3.616010693199528,0.15,239.85000000000002,17,18,21,1.3499999999999999,1.6500000000000001,0.07500000000000007,-0.8686874999999998,0.8686875,0.0626249999999999,0.06262500000000004,heave,pitch_moment,0.15000000000000013,379.8597457997546,-44.539315421722854,28.48948093498162,-3.340448656629217,0.009084173110921308,0.009084173110921308,0.0,0.4212243033593757,0.4212243033593757,0.0,0.0,0.4212243033593757,6.4094170902295255,2.3795397292065337,0.7771331001480951,0.3680184915930993,2.3612401613195924,1.1829277955137165,1.2727461930864241,23923.952618341635,8872.041542004661,23755.93375383191,8819.552133346533,2830.3922640166434,1032.389662513683,2.8644833666963962,0.9060088198825325,0.01099794790187644,0.00479308858429044,advance_eq19_20,2.4359575525059958,0.5189987365752388,2.54854581585165,0.5056587730197244,1.0462193042854253,0.9742967321201167,342.3331719804855,6.369672381324541e-16,a1_station_hull_matched_sweep_free_surface_marching_not_benchmark_validated,41,8,24,10,3.0,2,16,15.0,False,none,0.0,1.0,1.0,1.0,trapezoid,1.0,1.0,-1.0,1.0,-1.0,1.0,1.0,True,False,True,3.0,11,9,40,True,True,True,True,A1_GRID_RECOMMENDED,"A1 Section 3.3 recommends control radius about 3B, inner free-surface panels greater than 10, outer/free-surface proxy panels greater than 8, and roughly 60 stations at Fn=0.2 or 40 at Fn=0.3."
14,st41_bp8_fs24_cp10_r3p0_h2_fsm_clipfs_onezonefs_noend_pr1p0_pl1p0_pf1p0_pm1p0_dt1p0_fv1p0_hr1p0_hqtrapezoid_hp1p0_hc1p0_cim1p0_cp1p0_cnm1p0_cd1p0_pg1p0,A53,OK,diagnostic_matched_wigley_sensitivity_not_hard_gate,wigley_iii,Fn0.4,0.4,2.1696064159197173,2.0,3.616010693199528,0.15,239.85000000000002,18,19,20,1.425,1.575,0.07500000000000007,-0.8687343749999998,0.868734375,0.06253124999999993,0.06253125000000004,heave,pitch_moment,0.07499999999999996,188.04628197819713,-30.522155341260675,14.103471148364797,-2.2891616505945525,0.004497041334976242,0.004497041334976242,0.0,0.42801491058232455,0.42801491058232455,0.0,0.0,0.42801491058232455,6.296623860059488,2.3414193102701715,0.6753840077312007,0.32092782783403806,2.1341086485919023,1.079600948214247,1.7451283764037695,23658.35601115037,8775.039429372011,23337.875689256154,8678.262194780824,3880.8977651004066,1409.70932106221,2.693532521079213,0.8569215598004399,0.009316758320455877,0.0037727583005542544,advance_eq19_20,2.3019828533977487,0.5384056224316303,2.4323015329653903,0.5193719686496289,1.0566114901226522,0.9646481147502906,342.3288541718238,9.738642932740893e-16,a1_station_hull_matched_sweep_free_surface_marching_not_benchmark_validated,41,8,24,10,3.0,2,16,15.0,False,none,0.0,1.0,1.0,1.0,trapezoid,1.0,1.0,-1.0,1.0,-1.0,1.0,1.0,True,False,True,3.0,11,9,40,True,True,True,True,A1_GRID_RECOMMENDED,"A1 Section 3.3 recommends control radius about 3B, inner free-surface panels greater than 10, outer/free-surface proxy panels greater than 8, and roughly 60 stations at Fn=0.2 or 40 at Fn=0.3."
14,st41_bp8_fs24_cp10_r3p0_h2_fsm_clipfs_onezonefs_noend_pr1p0_pl1p0_pf1p0_pm1p0_dt1p0_fv1p0_hr1p0_hqtrapezoid_hp1p0_hc1p0_cim1p0_cp1p0_cnm1p0_cd1p0_pg1p0,A53,OK,diagnostic_matched_wigley_sensitivity_not_hard_gate,wigley_iii,Fn0.4,0.4,2.1696064159197173,2.0,3.616010693199528,0.15,239.85000000000002,19,20,19,1.5,1.5,0.07499999999999996,-0.8687499999999999,0.8687499999999999,0.062499999999999944,0.06250000000000003,heave,pitch_moment,0.0,0.0,0.0,0.0,0.0,0.0,0.0,0.0,0.43026343124981264,0.43026343124981264,0.0,0.0,0.43026343124981264,6.148430555519694,2.29187763566336,0.577906232851197,0.2750489559919818,1.8914332220788304,0.9627204794682568,2.1942857581088635,23305.20910885647,8647.931410578356,22788.610401032776,8494.64038901515,4879.754870633107,1802.1155995585516,2.4912672092848944,0.7900818692036412,0.007465076530590936,0.002787794286429777,advance_eq19_20,2.1539427485723968,0.559005691840383,2.300709378376098,0.5384968972535157,1.0681385937026302,0.9633120111543994,342.3274209292955,7.116164419224255e-16,a1_station_hull_matched_sweep_free_surface_marching_not_benchmark_validated,41,8,24,10,3.0,2,16,15.0,False,none,0.0,1.0,1.0,1.0,trapezoid,1.0,1.0,-1.0,1.0,-1.0,1.0,1.0,True,False,True,3.0,11,9,40,True,True,True,True,A1_GRID_RECOMMENDED,"A1 Section 3.3 recommends control radius about 3B, inner free-surface panels greater than 10, outer/free-surface proxy panels greater than 8, and roughly 60 stations at Fn=0.2 or 40 at Fn=0.3."
14,st41_bp8_fs24_cp10_r3p0_h2_fsm_clipfs_onezonefs_noend_pr1p0_pl1p0_pf1p0_pm1p0_dt1p0_fv1p0_hr1p0_hqtrapezoid_hp1p0_hc1p0_cim1p0_cp1p0_cnm1p0_cd1p0_pg1p0,A53,OK,diagnostic_matched_wigley_sensitivity_not_hard_gate,wigley_iii,Fn0.4,0.4,2.1696064159197173,2.0,3.616010693199528,0.15,239.85000000000002,20,21,18,1.575,1.425,0.07499999999999996,-0.8687343749999998,0.868734375,0.06253124999999993,0.06253125000000004,heave,pitch_moment,-0.07499999999999996,-178.4930511033306,44.89996237830612,-13.386978832749787,3.367497178372957,-0.004268580162147373,-0.004268580162147373,0.0,0.428129141168739,0.428129141168739,0.0,0.0,0.428129141168739,5.968789842142434,2.2320783748532365,0.4859345389771042,0.2312727998021436,1.641265670644427,0.8388044551047044,2.5833469640552553,22856.56147059181,8488.980995383605,22122.788092013954,8272.999753316946,5744.96730145503,2140.066297176007,2.2760707298206477,0.7541437329683724,0.005470036904031701,0.002508171331291867,advance_eq19_20,1.9945436730334667,0.5772162685584483,2.1557406824188954,0.5590095244462688,1.080818992115759,0.9684576733125534,342.32885417182297,5.208659036506827e-16,a1_station_hull_matched_sweep_free_surface_marching_not_benchmark_validated,41,8,24,10,3.0,2,16,15.0,False,none,0.0,1.0,1.0,1.0,trapezoid,1.0,1.0,-1.0,1.0,-1.0,1.0,1.0,True,False,True,3.0,11,9,40,True,True,True,True,A1_GRID_RECOMMENDED,"A1 Section 3.3 recommends control radius about 3B, inner free-surface panels greater than 10, outer/free-surface proxy panels greater than 8, and roughly 60 stations at Fn=0.2 or 40 at Fn=0.3."
14,st41_bp8_fs24_cp10_r3p0_h2_fsm_clipfs_onezonefs_noend_pr1p0_pl1p0_pf1p0_pm1p0_dt1p0_fv1p0_hr1p0_hqtrapezoid_hp1p0_hc1p0_cim1p0_cp1p0_cnm1p0_cd1p0_pg1p0,A53,OK,diagnostic_matched_wigley_sensitivity_not_hard_gate,wigley_iii,Fn0.4,0.4,2.1696064159197173,2.0,3.616010693199528,0.15,239.85000000000002,21,22,17,1.65,1.35,0.07499999999999996,-0.8686874999999998,0.8686875,0.0626249999999999,0.06262500000000004,heave,pitch_moment,-0.1499999999999999,-342.434874256589,100.70963198014987,-25.68261556924416,7.5532223985112354,-0.008189174323839159,-0.008189174323839159,0.0,0.42190026392574576,0.42190026392574576,0.0,0.0,0.42190026392574576,5.7627279655990655,2.163539087162443,0.4005784335605492,0.19034190922472352,1.39189253162519,0.7137221734386403,2.9219725545061466,22325.607602835702,8302.265218987264,21359.038094246338,8018.964986192904,6498.018661432808,2430.4009733313487,2.072755056623976,0.6598633298317468,0.003471472458533138,0.0019491612563809612,advance_eq19_20,1.8270538697965724,0.5903808215775604,2.0000920302601037,0.5773955465841432,1.0947088442897406,0.9780052560672292,342.3331719804855,7.972732043432383e-16,a1_station_hull_matched_sweep_free_surface_marching_not_benchmark_validated,41,8,24,10,3.0,2,16,15.0,False,none,0.0,1.0,1.0,1.0,trapezoid,1.0,1.0,-1.0,1.0,-1.0,1.0,1.0,True,False,True,3.0,11,9,40,True,True,True,True,A1_GRID_RECOMMENDED,"A1 Section 3.3 recommends control radius about 3B, inner free-surface panels greater than 10, outer/free-surface proxy panels greater than 8, and roughly 60 stations at Fn=0.2 or 40 at Fn=0.3."
14,st41_bp8_fs24_cp10_r3p0_h2_fsm_clipfs_onezonefs_noend_pr1p0_pl1p0_pf1p0_pm1p0_dt1p0_fv1p0_hr1p0_hqtrapezoid_hp1p0_hc1p0_cim1p0_cp1p0_cnm1p0_cd1p0_pg1p0,A53,OK,diagnostic_matched_wigley_sensitivity_not_hard_gate,wigley_iii,Fn0.4,0.4,2.1696064159197173,2.0,3.616010693199528,0.15,239.85000000000002,22,23,16,1.7249999999999999,1.2750000000000001,0.07499999999999996,-0.8686093749999999,0.8686093749999999,0.0627812499999999,0.06278125000000001,heave,pitch_moment,-0.22499999999999987,-487.5864642616954,164.52672548087799,-36.56898481962713,12.33950441106584,-0.011660408603101165,-0.011660408603101165,0.0,0.41197547246227556,0.41197547246227556,0.0,0.0,0.41197547246227556,5.532765625055647,2.0870388567687685,0.3228516236321133,0.15289048657990081,1.1513812008147777,0.5925119574353415,3.2250764641117673,21724.721809789164,8091.220819477753,20506.70315474719,7735.423693778755,7172.07525307778,2688.8599060073243,1.8999107592793396,0.5942746892001056,0.0018018650054260016,0.0012354120251612973,advance_eq19_20,1.6545226286493315,0.5967053081890104,1.8364669855270492,0.5909889078634478,1.1099678866442872,0.9904200612142839,342.34042855322906,6.657593935744065e-16,a1_station_hull_matched_sweep_free_surface_marching_not_benchmark_validated,41,8,24,10,3.0,2,16,15.0,False,none,0.0,1.0,1.0,1.0,trapezoid,1.0,1.0,-1.0,1.0,-1.0,1.0,1.0,True,False,True,3.0,11,9,40,True,True,True,True,A1_GRID_RECOMMENDED,"A1 Section 3.3 recommends control radius about 3B, inner free-surface panels greater than 10, outer/free-surface proxy panels greater than 8, and roughly 60 stations at Fn=0.2 or 40 at Fn=0.3."
14,st41_bp8_fs24_cp10_r3p0_h2_fsm_clipfs_onezonefs_noend_pr1p0_pl1p0_pf1p0_pm1p0_dt1p0_fv1p0_hr1p0_hqtrapezoid_hp1p0_hc1p0_cim1p0_cp1p0_cnm1p0_cd1p0_pg1p0,A53,OK,diagnostic_matched_wigley_sensitivity_not_hard_gate,wigley_iii,Fn0.4,0.4,2.1696064159197173,2.0,3.616010693199528,0.15,239.85000000000002,23,24,15,1.7999999999999998,1.2000000000000002,0.07500000000000007,-0.8684999999999999,0.8684999999999998,0.06299999999999994,0.06300000000000008,heave,pitch_moment,-0.2999999999999998,-610.5272112752172,232.93264183560038,-45.789540845641326,17.469948137670045,-0.014600480670767834,-0.014600480670767834,0.0,0.3988450278253411,0.3988450278253411,0.0,0.0,0.3988450278253411,5.2817407141847115,2.003479357635273,0.253535716499412,0.11938841549187432,0.9267784815219934,0.479227908649061,3.4884467721891044,21057.411734841236,7856.918370895292,19576.30167372921,7425.71785033401,7757.770410999307,2912.2922421766184,1.7736777772877939,0.5237925415707132,0.0016233636432802134,0.0006326715252159787,advance_eq19_20,1.4800965851859627,0.5951618149832083,1.6678026353386448,0.5980210819757504,1.1268201359501808,1.0048041842076558,342.35071396278477,6.930944247789074e-16,a1_station_hull_matched_sweep_free_surface_marching_not_benchmark_validated,41,8,24,10,3.0,2,16,15.0,False,none,0.0,1.0,1.0,1.0,trapezoid,1.0,1.0,-1.0,1.0,-1.0,1.0,1.0,True,False,True,3.0,11,9,40,True,True,True,True,A1_GRID_RECOMMENDED,"A1 Section 3.3 recommends control radius about 3B, inner free-surface panels greater than 10, outer/free-surface proxy panels greater than 8, and roughly 60 stations at Fn=0.2 or 40 at Fn=0.3."
14,st41_bp8_fs24_cp10_r3p0_h2_fsm_clipfs_onezonefs_noend_pr1p0_pl1p0_pf1p0_pm1p0_dt1p0_fv1p0_hr1p0_hqtrapezoid_hp1p0_hc1p0_cim1p0_cp1p0_cnm1p0_cd1p0_pg1p0,A53,OK,diagnostic_matched_wigley_sensitivity_not_hard_gate,wigley_iii,Fn0.4,0.4,2.1696064159197173,2.0,3.616010693199528,0.15,239.85000000000002,24,25,14,1.875,1.125,0.07500000000000007,-0.8683593749999999,0.8683593749999999,0.06328124999999996,0.06328125000000007,heave,pitch_moment,-0.375,-708.7668391390517,302.12892334910515,-53.157512935428926,22.659669251182905,-0.01694983670476573,-0.01694983670476573,0.0,0.3830698691375743,0.3830698691375743,0.0,0.0,0.3830698691375743,5.012820228091014,1.9138877733926176,0.19313150298793655,0.09013216896301884,0.7237174510542803,0.3768616336517683,3.707954144818801,20327.215867248484,7600.46169921462,18579.571836560604,7093.654620525829,8245.921130098352,3097.4499135293595,1.7044988858791468,0.5310862493674178,0.002788989925139146,0.0010642915573756515,advance_eq19_20,1.306889422655987,0.5853343337404615,1.4971308388437927,0.5974870949012302,1.1455681046076405,1.0207620849491417,342.3641533741088,5.310980588550633e-16,a1_station_hull_matched_sweep_free_surface_marching_not_benchmark_validated,41,8,24,10,3.0,2,16,15.0,False,none,0.0,1.0,1.0,1.0,trapezoid,1.0,1.0,-1.0,1.0,-1.0,1.0,1.0,True,False,True,3.0,11,9,40,True,True,True,True,A1_GRID_RECOMMENDED,"A1 Section 3.3 recommends control radius about 3B, inner free-surface panels greater than 10, outer/free-surface proxy panels greater than 8, and roughly 60 stations at Fn=0.2 or 40 at Fn=0.3."
14,st41_bp8_fs24_cp10_r3p0_h2_fsm_clipfs_onezonefs_noend_pr1p0_pl1p0_pf1p0_pm1p0_dt1p0_fv1p0_hr1p0_hqtrapezoid_hp1p0_hc1p0_cim1p0_cp1p0_cnm1p0_cd1p0_pg1p0,A53,OK,diagnostic_matched_wigley_sensitivity_not_hard_gate,wigley_iii,Fn0.4,0.4,2.1696064159197173,2.0,3.616010693199528,0.15,239.85000000000002,25,26,13,1.95,1.05,0.07499999999999996,-0.8681874999999999,0.8681874999999999,0.0636249999999999,0.06362500000000004,heave,pitch_moment,-0.44999999999999996,-780.8202358202882,368.14246897626816,-58.56151768652158,27.610685173220094,-0.01867296092605996,-0.01867296092605996,0.0,0.36525847032216147,0.36525847032216147,0.0,0.0,0.36525847032216147,4.72947712585844,1.8194108420510888,0.14183891109409114,0.06524598781277276,0.546235476167013,0.2873458455910282,3.8800953777357545,19538.02619647983,7323.049094982702,17529.38585685536,6743.484286684392,8628.73682156383,3241.552036156842,1.6942765941808422,0.5870759257475235,0.003942150951282109,0.0014020033489736418,advance_eq19_20,1.137862626258534,0.5672871591351908,1.3274484902249855,0.5889959293207758,1.1666157755702362,1.0382676918312046,342.3809050598591,6.179525217688199e-16,a1_station_hull_matched_sweep_free_surface_marching_not_benchmark_validated,41,8,24,10,3.0,2,16,15.0,False,none,0.0,1.0,1.0,1.0,trapezoid,1.0,1.0,-1.0,1.0,-1.0,1.0,1.0,True,False,True,3.0,11,9,40,True,True,True,True,A1_GRID_RECOMMENDED,"A1 Section 3.3 recommends control radius about 3B, inner free-surface panels greater than 10, outer/free-surface proxy panels greater than 8, and roughly 60 stations at Fn=0.2 or 40 at Fn=0.3."
14,st41_bp8_fs24_cp10_r3p0_h2_fsm_clipfs_onezonefs_noend_pr1p0_pl1p0_pf1p0_pm1p0_dt1p0_fv1p0_hr1p0_hqtrapezoid_hp1p0_hc1p0_cim1p0_cp1p0_cnm1p0_cd1p0_pg1p0,A53,OK,diagnostic_matched_wigley_sensitivity_not_hard_gate,wigley_iii,Fn0.4,0.4,2.1696064159197173,2.0,3.616010693199528,0.15,239.85000000000002,26,27,12,2.025,0.9750000000000001,0.07500000000000007,-0.8679843749999999,0.8679843749999999,0.06403124999999998,0.0640312500000001,heave,pitch_moment,-0.5249999999999999,-826.2336247866587,427.090186904786,-61.967521858999454,32.031764017858976,-0.019759001475198844,-0.019759001475198844,0.0,0.34604248912153207,0.34604248912153207,0.0,0.0,0.34604248912153207,4.4354228930787745,1.7212989937611416,0.09956683887838044,0.04516970648232268,0.39678469483495105,0.21162660129726282,4.002608367248358,18694.605894838493,7026.049464185031,16439.500025490706,6379.841456824723,8901.18691384588,3342.9766826019104,1.7365147229377673,0.663760225112397,0.004793936377865543,0.0016334857546287502,advance_eq19_20,0.9757176578362643,0.5414649462802344,1.1615994739214928,0.572637729104633,1.1905077914623754,1.0575711928141422,342.4011560901492,4.77579272461135e-16,a1_station_hull_matched_sweep_free_surface_marching_not_benchmark_validated,41,8,24,10,3.0,2,16,15.0,False,none,0.0,1.0,1.0,1.0,trapezoid,1.0,1.0,-1.0,1.0,-1.0,1.0,1.0,True,False,True,3.0,11,9,40,True,True,True,True,A1_GRID_RECOMMENDED,"A1 Section 3.3 recommends control radius about 3B, inner free-surface panels greater than 10, outer/free-surface proxy panels greater than 8, and roughly 60 stations at Fn=0.2 or 40 at Fn=0.3."
14,st41_bp8_fs24_cp10_r3p0_h2_fsm_clipfs_onezonefs_noend_pr1p0_pl1p0_pf1p0_pm1p0_dt1p0_fv1p0_hr1p0_hqtrapezoid_hp1p0_hc1p0_cim1p0_cp1p0_cnm1p0_cd1p0_pg1p0,A53,OK,diagnostic_matched_wigley_sensitivity_not_hard_gate,wigley_iii,Fn0.4,0.4,2.1696064159197173,2.0,3.616010693199528,0.15,239.85000000000002,27,28,11,2.1,0.8999999999999999,0.07499999999999996,-0.8677499999999999,0.8677499999999999,0.06449999999999989,0.06450000000000003,heave,pitch_moment,-0.6000000000000001,-845.5542184696335,475.4646679189697,-63.416566385222474,35.65985009392271,-0.020221044688681192,-0.020221044688681192,0.0,0.326052466039592,0.326052466039592,0.0,0.0,0.326052466039592,4.13449730037206,1.6208834463697186,0.06597549409257973,0.0301786121705434,0.27641948554230195,0.14978864741247994,4.074989433888852,17803.14691890126,6711.029155621046,15324.146110378699,6007.660171365581,9062.151301084568,3401.913826227239,1.8192169049019518,0.7200125061751326,0.005292540966235791,0.0017564922408612306,advance_eq19_20,0.8227969826776482,0.5086264567556417,1.0021676666026633,0.5488776690860481,1.218001144512325,1.0791370794731274,342.4251138934241,4.277510047262631e-16,a1_station_hull_matched_sweep_free_surface_marching_not_benchmark_validated,41,8,24,10,3.0,2,16,15.0,False,none,0.0,1.0,1.0,1.0,trapezoid,1.0,1.0,-1.0,1.0,-1.0,1.0,1.0,True,False,True,3.0,11,9,40,True,True,True,True,A1_GRID_RECOMMENDED,"A1 Section 3.3 recommends control radius about 3B, inner free-surface panels greater than 10, outer/free-surface proxy panels greater than 8, and roughly 60 stations at Fn=0.2 or 40 at Fn=0.3."
14,st41_bp8_fs24_cp10_r3p0_h2_fsm_clipfs_onezonefs_noend_pr1p0_pl1p0_pf1p0_pm1p0_dt1p0_fv1p0_hr1p0_hqtrapezoid_hp1p0_hc1p0_cim1p0_cp1p0_cnm1p0_cd1p0_pg1p0,A53,OK,diagnostic_matched_wigley_sensitivity_not_hard_gate,wigley_iii,Fn0.4,0.4,2.1696064159197173,2.0,3.616010693199528,0.15,239.85000000000002,28,29,10,2.175,0.8250000000000002,0.07499999999999996,-0.8674843749999999,0.8674843749999999,0.06503124999999987,0.0650312500000001,heave,pitch_moment,-0.6749999999999998,-840.2438220914169,510.36724023904185,-63.018286656856226,38.27754301792812,-0.02009404897376077,-0.02009404897376077,0.0,0.30589491920837114,0.30589491920837114,0.0,0.0,0.30589491920837114,3.8305330099759836,1.5195556458398223,0.04056498848016431,0.018643462357368114,0.18513797185229502,0.1012179967253344,4.098646086479924,16871.535078770732,6379.593676193381,14197.529532845107,5632.097700875225,9114.760066956362,3420.744907080864,1.9273950592727807,0.820842322673703,0.005448871156432832,0.0018981017361350634,advance_eq19_20,0.6809893517709206,0.4698044019197534,0.8513764179305731,0.5184813403780328,1.2502051841435684,1.1036110735858833,342.45299094219155,4.0027705211988585e-16,a1_station_hull_matched_sweep_free_surface_marching_not_benchmark_validated,41,8,24,10,3.0,2,16,15.0,False,none,0.0,1.0,1.0,1.0,trapezoid,1.0,1.0,-1.0,1.0,-1.0,1.0,1.0,True,False,True,3.0,11,9,40,True,True,True,True,A1_GRID_RECOMMENDED,"A1 Section 3.3 recommends control radius about 3B, inner free-surface panels greater than 10, outer/free-surface proxy panels greater than 8, and roughly 60 stations at Fn=0.2 or 40 at Fn=0.3."
14,st41_bp8_fs24_cp10_r3p0_h2_fsm_clipfs_onezonefs_noend_pr1p0_pl1p0_pf1p0_pm1p0_dt1p0_fv1p0_hr1p0_hqtrapezoid_hp1p0_hc1p0_cim1p0_cp1p0_cnm1p0_cd1p0_pg1p0,A53,OK,diagnostic_matched_wigley_sensitivity_not_hard_gate,wigley_iii,Fn0.4,0.4,2.1696064159197173,2.0,3.616010693199528,0.15,239.85000000000002,29,30,9,2.25,0.75,0.07499999999999996,-0.8671874999999999,0.8671874999999999,0.06562499999999982,0.0656250000000001,heave,pitch_moment,-0.75,-812.5503616232231,529.5691541290255,-60.9412771217417,39.717686559676885,-0.019431772457980268,-0.019431772457980268,0.0,0.28613200849250053,0.28613200849250053,0.0,0.0,0.28613200849250053,3.5272402469547144,1.4187710510674802,0.02286542609362706,0.010216612985535454,0.12220383674675589,0.06478761515753594,4.076218542643852,15908.675974776881,6032.7638339839605,13073.40191173379,5258.548574158491,9064.884650381295,3403.8095402453896,2.043949172377809,0.8429618655852686,0.005311386275087394,0.0019375022558370818,advance_eq19_20,0.5516377298339089,0.4262600805880704,0.7109871498045633,0.48246744218870574,1.2888660643619,1.1318616594898856,342.4849787194831,5.262549083867251e-16,a1_station_hull_matched_sweep_free_surface_marching_not_benchmark_validated,41,8,24,10,3.0,2,16,15.0,False,none,0.0,1.0,1.0,1.0,trapezoid,1.0,1.0,-1.0,1.0,-1.0,1.0,1.0,True,False,True,3.0,11,9,40,True,True,True,True,A1_GRID_RECOMMENDED,"A1 Section 3.3 recommends control radius about 3B, inner free-surface panels greater than 10, outer/free-surface proxy panels greater than 8, and roughly 60 stations at Fn=0.2 or 40 at Fn=0.3."
14,st41_bp8_fs24_cp10_r3p0_h2_fsm_clipfs_onezonefs_noend_pr1p0_pl1p0_pf1p0_pm1p0_dt1p0_fv1p0_hr1p0_hqtrapezoid_hp1p0_hc1p0_cim1p0_cp1p0_cnm1p0_cd1p0_pg1p0,A53,OK,diagnostic_matched_wigley_sensitivity_not_hard_gate,wigley_iii,Fn0.4,0.4,2.1696064159197173,2.0,3.616010693199528,0.15,239.85000000000002,30,31,8,2.3249999999999997,0.6750000000000003,0.07499999999999996,-0.866859375,0.866859375,0.06628124999999996,0.06628125000000007,heave,pitch_moment,-0.8249999999999997,-765.3706325999723,531.2119822445616,-57.40279744499789,39.84089866834209,-0.018303490689478532,-0.018303490689478532,0.0,0.2672643769187712,0.2672643769187712,0.0,0.0,0.2672643769187712,3.2282085983716566,1.320126094358996,0.012798303892259087,0.0060666088471843255,0.08547091915049172,0.03905532155755063,4.009176830856402,14921.602846047543,5669.288043042165,11965.067731880335,4892.929825413205,8915.794169152297,3356.058156642115,2.1513981828286535,0.9759718001475657,0.004964011170999808,0.0018699040360569126,advance_eq19_20,0.43546280721850433,0.3793671633093519,0.5821935154187605,0.44205310954571936,1.3369534797644163,1.1652381974484458,342.52120658418943,3.0878059499702605e-16,a1_station_hull_matched_sweep_free_surface_marching_not_benchmark_validated,41,8,24,10,3.0,2,16,15.0,False,none,0.0,1.0,1.0,1.0,trapezoid,1.0,1.0,-1.0,1.0,-1.0,1.0,1.0,True,False,True,3.0,11,9,40,True,True,True,True,A1_GRID_RECOMMENDED,"A1 Section 3.3 recommends control radius about 3B, inner free-surface panels greater than 10, outer/free-surface proxy panels greater than 8, and roughly 60 stations at Fn=0.2 or 40 at Fn=0.3."
14,st41_bp8_fs24_cp10_r3p0_h2_fsm_clipfs_onezonefs_noend_pr1p0_pl1p0_pf1p0_pm1p0_dt1p0_fv1p0_hr1p0_hqtrapezoid_hp1p0_hc1p0_cim1p0_cp1p0_cnm1p0_cd1p0_pg1p0,A53,OK,diagnostic_matched_wigley_sensitivity_not_hard_gate,wigley_iii,Fn0.4,0.4,2.1696064159197173,2.0,3.616010693199528,0.15,239.85000000000002,31,32,7,2.4,0.6000000000000001,0.07500000000000018,-0.8664999999999999,0.8664999999999998,0.06699999999999995,0.06700000000000006,heave,pitch_moment,-0.8999999999999999,-702.1645073428431,512.8141612058835,-52.66233805071336,38.46106209044135,-0.0167919449417251,-0.0167919449417251,0.0,0.24971665910316931,0.24971665910316931,0.0,0.0,0.24971665910316931,2.9372328267436223,1.2256208897989,0.009757883892136372,0.0037417151885481663,0.06834900560678275,0.02909206971269203,3.8917946222811537,13907.647301481791,5281.576141330539,10886.591942669655,4542.654699404581,8654.75414649162,3279.8073321679717,2.2371441210963146,1.0688557890815855,0.004531493273925186,0.0017490766746237891,advance_eq19_20,0.3325457447598377,0.3303434700279534,0.4655275118174814,0.398505543713428,1.3998901479063646,1.2063369791438796,342.56168396636383,6.338873836825307e-16,a1_station_hull_matched_sweep_free_surface_marching_not_benchmark_validated,41,8,24,10,3.0,2,16,15.0,False,none,0.0,1.0,1.0,1.0,trapezoid,1.0,1.0,-1.0,1.0,-1.0,1.0,1.0,True,False,True,3.0,11,9,40,True,True,True,True,A1_GRID_RECOMMENDED,"A1 Section 3.3 recommends control radius about 3B, inner free-surface panels greater than 10, outer/free-surface proxy panels greater than 8, and roughly 60 stations at Fn=0.2 or 40 at Fn=0.3."
14,st41_bp8_fs24_cp10_r3p0_h2_fsm_clipfs_onezonefs_noend_pr1p0_pl1p0_pf1p0_pm1p0_dt1p0_fv1p0_hr1p0_hqtrapezoid_hp1p0_hc1p0_cim1p0_cp1p0_cnm1p0_cd1p0_pg1p0,A53,OK,diagnostic_matched_wigley_sensitivity_not_hard_gate,wigley_iii,Fn0.4,0.4,2.1696064159197173,2.0,3.616010693199528,0.15,239.85000000000002,32,33,6,2.475,0.5249999999999999,0.07499999999999996,-0.866109375,0.866109375,0.06778124999999988,0.06778125000000013,heave,pitch_moment,-0.9750000000000001,-627.0229100349162,468.75917737816974,-47.026718252618686,35.15693830336271,-0.01499496780654795,-0.01499496780654795,0.0,0.2338232027290328,0.2338232027290328,0.0,0.0,0.2338232027290328,2.659440551239572,1.138392652833657,0.009315032007156537,0.00420018815349894,0.059954185662980136,0.023039650441670147,3.6965860590418385,12835.06810018319,4846.493588990398,9856.979607991007,4219.351005848938,8220.640251463969,3167.9446640675715,2.3009462738019284,1.0514743934577067,0.004220278984404294,0.0016729460634030877,advance_eq19_20,0.24245222290188562,0.27981120725633785,0.3608376662695483,0.35278298906024524,1.4882835964575598,1.2607893462146325,342.6062403202417,8.710187296722613e-16,a1_station_hull_matched_sweep_free_surface_marching_not_benchmark_validated,41,8,24,10,3.0,2,16,15.0,False,none,0.0,1.0,1.0,1.0,trapezoid,1.0,1.0,-1.0,1.0,-1.0,1.0,1.0,True,False,True,3.0,11,9,40,True,True,True,True,A1_GRID_RECOMMENDED,"A1 Section 3.3 recommends control radius about 3B, inner free-surface panels greater than 10, outer/free-surface proxy panels greater than 8, and roughly 60 stations at Fn=0.2 or 40 at Fn=0.3."
14,st41_bp8_fs24_cp10_r3p0_h2_fsm_clipfs_onezonefs_noend_pr1p0_pl1p0_pf1p0_pm1p0_dt1p0_fv1p0_hr1p0_hqtrapezoid_hp1p0_hc1p0_cim1p0_cp1p0_cnm1p0_cd1p0_pg1p0,A53,OK,diagnostic_matched_wigley_sensitivity_not_hard_gate,wigley_iii,Fn0.4,0.4,2.1696064159197173,2.0,3.616010693199528,0.15,239.85000000000002,33,34,5,2.55,0.4500000000000002,0.07499999999999996,-0.8656874999999999,0.8656874999999999,0.06862499999999994,0.06862500000000005,heave,pitch_moment,-1.0499999999999998,-545.0995837725036,383.1733922493119,-40.88246878293774,28.738004418698377,-0.013035808706856049,-0.013035808706856049,0.0,0.21980781447233083,0.21980781447233083,0.0,0.0,0.21980781447233083,2.4045810940172503,1.0647884250553665,0.007689092437304725,0.003748705633110852,0.052890599982551696,0.020845284409689437,3.3372585377485007,11597.830901531857,4364.193716668453,8912.365722347591,3946.543489270172,7421.55097345905,2988.0145368572544,2.357345642065281,1.286786409552402,0.004515664567881337,0.0018038104213759039,advance_eq19_20,0.16459219338179187,0.2273425527536758,0.2674550747645601,0.3049358153109041,1.6249560156487197,1.3413054952422396,342.6545414156471,3.521021656714648e-16,a1_station_hull_matched_sweep_free_surface_marching_not_benchmark_validated,41,8,24,10,3.0,2,16,15.0,False,none,0.0,1.0,1.0,1.0,trapezoid,1.0,1.0,-1.0,1.0,-1.0,1.0,1.0,True,False,True,3.0,11,9,40,True,True,True,True,A1_GRID_RECOMMENDED,"A1 Section 3.3 recommends control radius about 3B, inner free-surface panels greater than 10, outer/free-surface proxy panels greater than 8, and roughly 60 stations at Fn=0.2 or 40 at Fn=0.3."
14,st41_bp8_fs24_cp10_r3p0_h2_fsm_clipfs_onezonefs_noend_pr1p0_pl1p0_pf1p0_pm1p0_dt1p0_fv1p0_hr1p0_hqtrapezoid_hp1p0_hc1p0_cim1p0_cp1p0_cnm1p0_cd1p0_pg1p0,A53,OK,diagnostic_matched_wigley_sensitivity_not_hard_gate,wigley_iii,Fn0.4,0.4,2.1696064159197173,2.0,3.616010693199528,0.15,239.85000000000002,34,35,4,2.625,0.375,0.07499999999999996,-0.8652343749999999,0.8652343749999999,0.06953124999999993,0.06953125000000009,heave,pitch_moment,-1.125,-464.0621590567675,190.40653096123316,-34.80466192925754,14.280489822092479,-0.01109783553986228,-0.01109783553986228,0.0,0.20774099234897161,0.20774099234897161,0.0,0.0,0.20774099234897161,2.1975848515077283,1.0211665805692811,0.004159989493071297,0.001654387309732946,0.04812563088179097,0.01764113649821156,2.58328969898069,9967.281306305884,3785.9501228741597,8145.152580321874,3784.863006748431,5744.839952715015,2599.460732278163,2.4238278773271777,1.5238114607457887,0.008287849620037188,0.003308059238555295,advance_eq19_20,0.09885075658133263,0.17131447678494363,0.1846796870982379,0.25351351482711076,1.8682678158996866,1.4798137296088183,342.70650863905854,4.783503108373275e-16,a1_station_hull_matched_sweep_free_surface_marching_not_benchmark_validated,41,8,24,10,3.0,2,16,15.0,False,none,0.0,1.0,1.0,1.0,trapezoid,1.0,1.0,-1.0,1.0,-1.0,1.0,1.0,True,False,True,3.0,11,9,40,True,True,True,True,A1_GRID_RECOMMENDED,"A1 Section 3.3 recommends control radius about 3B, inner free-surface panels greater than 10, outer/free-surface proxy panels greater than 8, and roughly 60 stations at Fn=0.2 or 40 at Fn=0.3."
14,st41_bp8_fs24_cp10_r3p0_h2_fsm_clipfs_onezonefs_noend_pr1p0_pl1p0_pf1p0_pm1p0_dt1p0_fv1p0_hr1p0_hqtrapezoid_hp1p0_hc1p0_cim1p0_cp1p0_cnm1p0_cd1p0_pg1p0,A53,OK,diagnostic_matched_wigley_sensitivity_not_hard_gate,wigley_iii,Fn0.4,0.4,2.1696064159197173,2.0,3.616010693199528,0.15,239.85000000000002,35,36,3,2.6999999999999997,0.30000000000000027,0.07499999999999996,-0.8647499999999999,0.8647499999999999,0.0704999999999999,0.07050000000000001,heave,pitch_moment,-1.1999999999999997,-402.27047672557944,-668.023454356697,-30.17028575441844,-50.101759076752245,-0.00962011555158146,-0.00962011555158146,0.0,0.19738201680324977,0.19738201680324977,0.0,0.0,0.19738201680324977,2.1366653995685407,1.0709076394487667,0.009325554702719696,0.004980939179242615,0.06488580419459945,0.033956915648921344,7.1196804878302125,17703.180319722185,11647.657641383359,7919.360055945017,3969.2238125677,15833.077077337224,10950.488156087915,2.5253050174873173,1.7200690911314376,0.00040612071987630336,0.0001367711947962958,advance_eq19_20,0.04641398734063024,0.10838059652543866,0.11262943741025973,0.19547941077693579,2.4266270549797233,1.8036384467680397,342.76452809793597,6.249274659424504e-16,a1_station_hull_matched_sweep_free_surface_marching_not_benchmark_validated,41,8,24,10,3.0,2,16,15.0,False,none,0.0,1.0,1.0,1.0,trapezoid,1.0,1.0,-1.0,1.0,-1.0,1.0,1.0,True,False,True,3.0,11,9,40,True,True,True,True,A1_GRID_RECOMMENDED,"A1 Section 3.3 recommends control radius about 3B, inner free-surface panels greater than 10, outer/free-surface proxy panels greater than 8, and roughly 60 stations at Fn=0.2 or 40 at Fn=0.3."
14,st41_bp8_fs24_cp10_r3p0_h2_fsm_clipfs_onezonefs_noend_pr1p0_pl1p0_pf1p0_pm1p0_dt1p0_fv1p0_hr1p0_hqtrapezoid_hp1p0_hc1p0_cim1p0_cp1p0_cnm1p0_cd1p0_pg1p0,A53,OK,diagnostic_matched_wigley_sensitivity_not_hard_gate,wigley_iii,Fn0.4,0.4,2.1696064159197173,2.0,3.616010693199528,0.15,239.85000000000002,36,37,2,2.775,0.2250000000000001,0.07500000000000018,-0.8642343749999999,0.8642343749999999,0.07153124999999994,0.07153125000000005,heave,pitch_moment,-1.275,-476.3525077829854,1884.8360543502383,-35.72643808372399,141.36270407626822,-0.011391753641627722,-0.011391753641627722,0.0,0.1868760822066452,0.1868760822066452,0.0,0.0,0.1868760822066452,3.064329144807791,1.7597846313401215,0.04271000210520428,0.021788767690993676,0.19879228402400687,0.1173612165630466,20.647113506348003,47299.85974988879,29274.123454363624,11357.663128985636,6522.485045770421,45916.01268193515,28538.24614178355,3.0130672938190104,2.123440403263115,0.006190580898288271,0.0025229408045386614,advance_eq19_20,0.011164807527900032,0.025244594885139814,0.053325714689357394,0.12586153618955212,4.776232331466562,4.985682549559957,342.84460969129094,1.1165906370935443e-15,a1_station_hull_matched_sweep_free_surface_marching_not_benchmark_validated,41,8,24,10,3.0,2,16,15.0,False,none,0.0,1.0,1.0,1.0,trapezoid,1.0,1.0,-1.0,1.0,-1.0,1.0,1.0,True,False,True,3.0,11,9,40,True,True,True,True,A1_GRID_RECOMMENDED,"A1 Section 3.3 recommends control radius about 3B, inner free-surface panels greater than 10, outer/free-surface proxy panels greater than 8, and roughly 60 stations at Fn=0.2 or 40 at Fn=0.3."
14,st41_bp8_fs24_cp10_r3p0_h2_fsm_clipfs_onezonefs_noend_pr1p0_pl1p0_pf1p0_pm1p0_dt1p0_fv1p0_hr1p0_hqtrapezoid_hp1p0_hc1p0_cim1p0_cp1p0_cnm1p0_cd1p0_pg1p0,A53,OK,diagnostic_matched_wigley_sensitivity_not_hard_gate,wigley_iii,Fn0.4,0.4,2.1696064159197173,2.0,3.616010693199528,0.15,239.85000000000002,37,38,1,2.85,0.1499999999999999,0.07499999999999996,-0.8636874999999999,0.8636874999999999,0.07262499999999994,0.07262500000000005,heave,pitch_moment,-1.35,103.46516963689024,1036.8419861559296,7.759887722766763,77.76314896169467,0.0024743224896165237,0.0024743224896165237,0.0,0.18241736663063962,0.18241736663063962,0.0,0.0,0.18241736663063962,1.212047596246542,0.8540169335205042,0.05342018276507474,0.025850511258692963,0.21897798222686574,0.13104031206416134,17.799257455576548,39836.92556345274,27743.417189250762,4492.346495411636,3165.337722878204,39582.81775358138,27562.253798209953,0.5540555338066722,0.2339385168321472,0.0007025313826802202,0.00028222610736231604,advance_eq19_20,0.0036074674809928172,0.010641465525242241,0.012386997184912707,0.027161559048805652,3.4337100057527503,2.5524265416616427,343.0542195004204,7.314807682035697e-16,a1_station_hull_matched_sweep_free_surface_marching_not_benchmark_validated,41,8,24,10,3.0,2,16,15.0,False,none,0.0,1.0,1.0,1.0,trapezoid,1.0,1.0,-1.0,1.0,-1.0,1.0,1.0,True,False,True,3.0,11,9,40,True,True,True,True,A1_GRID_RECOMMENDED,"A1 Section 3.3 recommends control radius about 3B, inner free-surface panels greater than 10, outer/free-surface proxy panels greater than 8, and roughly 60 stations at Fn=0.2 or 40 at Fn=0.3."
14,st41_bp8_fs24_cp10_r3p0_h2_fsm_clipfs_onezonefs_noend_pr1p0_pl1p0_pf1p0_pm1p0_dt1p0_fv1p0_hr1p0_hqtrapezoid_hp1p0_hc1p0_cim1p0_cp1p0_cnm1p0_cd1p0_pg1p0,A53,OK,diagnostic_matched_wigley_sensitivity_not_hard_gate,wigley_iii,Fn0.4,0.4,2.1696064159197173,2.0,3.616010693199528,0.15,239.85000000000002,38,39,0,2.925,0.07500000000000018,0.03749999999999987,-0.8631093749999998,0.8631093749999998,0.07378124999999991,0.07378125000000002,heave,pitch_moment,-1.4249999999999998,-47.61536507665114,-2239.79543027837,-1.7855761903744114,-83.99232863543858,-0.0005693499033246251,-0.0005693499033246251,0.0,0.18308517797212326,0.18308517797212326,0.0,0.0,0.18308517797212326,1.3543731817634503,0.7896922180716583,0.011223414908182806,0.005094185475337254,0.04157895424014196,0.02332804418383987,59.87913734843625,133256.59893229042,72319.33960055248,5019.863605535286,2926.9238925056593,133162.01458517788,72318.40290374718,0.7530552401820433,0.5312989585586861,0.0,0.0,initialize_eq21_22,0.0,0.0,0.004412433047941653,0.013015988199341483,,,418.23117884841605,1.351989908607372e-15,a1_station_hull_matched_sweep_free_surface_marching_not_benchmark_validated,41,8,24,10,3.0,2,16,15.0,False,none,0.0,1.0,1.0,1.0,trapezoid,1.0,1.0,-1.0,1.0,-1.0,1.0,1.0,True,False,True,3.0,11,9,40,True,True,True,True,A1_GRID_RECOMMENDED,"A1 Section 3.3 recommends control radius about 3B, inner free-surface panels greater than 10, outer/free-surface proxy panels greater than 8, and roughly 60 stations at Fn=0.2 or 40 at Fn=0.3."
14,st41_bp8_fs24_cp10_r3p0_h2_fsm_clipfs_onezonefs_noend_pr1p0_pl1p0_pf1p0_pm1p0_dt1p0_fv1p0_hr1p0_hqtrapezoid_hp1p0_hc1p0_cim1p0_cp1p0_cn1p0_cd1p0_pg1p0,A53,OK,diagnostic_matched_wigley_sensitivity_not_hard_gate,wigley_iii,Fn0.4,0.4,2.1696064159197173,2.0,3.616010693199528,0.15,239.85000000000002,0,1,38,0.075,2.925,0.0375,-0.8631093749999998,0.8631093749999998,0.07378124999999991,0.07378125000000002,heave,pitch_moment,1.425,598.6485217468138,-14585.516117766994,22.449319565505515,-546.9568544162622,0.007158203605775045,0.007158203605775045,0.0,0.0,0.0,0.0,0.0,0.0,16.598025819848264,9.036922498139225,0.029013470577202678,0.010997433875278984,0.2433879903809649,0.07879909596347567,408.44704620807744,910404.4703142177,451356.9953788939,61519.104821837514,33494.548596559,908323.5653169146,450112.48870896216,2.5185193521959546,1.7140976906030951,0.04324768928743967,0.01994133879364819,advance_eq19_20,0.8361589797010907,0.8951166177656995,0.5921676021028673,0.9327651687840144,0.7081997759738882,1.042059939756553,113.95001957184003,3.679817864173535e-15,a1_station_hull_matched_sweep_free_surface_marching_not_benchmark_validated,41,8,24,10,3.0,2,16,15.0,False,none,0.0,1.0,1.0,1.0,trapezoid,1.0,1.0,-1.0,1.0,1.0,1.0,1.0,True,False,True,3.0,11,9,40,True,True,True,True,A1_GRID_RECOMMENDED,"A1 Section 3.3 recommends control radius about 3B, inner free-surface panels greater than 10, outer/free-surface proxy panels greater than 8, and roughly 60 stations at Fn=0.2 or 40 at Fn=0.3."
14,st41_bp8_fs24_cp10_r3p0_h2_fsm_clipfs_onezonefs_noend_pr1p0_pl1p0_pf1p0_pm1p0_dt1p0_fv1p0_hr1p0_hqtrapezoid_hp1p0_hc1p0_cim1p0_cp1p0_cn1p0_cd1p0_pg1p0,A53,OK,diagnostic_matched_wigley_sensitivity_not_hard_gate,wigley_iii,Fn0.4,0.4,2.1696064159197173,2.0,3.616010693199528,0.15,239.85000000000002,1,2,37,0.15,2.85,0.07499999999999998,-0.8636874999999999,0.8636874999999999,0.07262499999999991,0.07262500000000005,heave,pitch_moment,1.35,-451.8689735608515,1781.7459030312732,-33.89017301706385,133.63094272734546,-0.010806241052572583,-0.010806241052572583,0.0,0.0017550830794887528,0.0017550830794887528,0.0,0.0,0.0017550830794887528,6.9377066360487705,4.606235742776913,0.07759001754833297,0.03006558310758359,0.789086930487321,0.26834007204907445,94.36634204145632,211425.78376429193,125393.17211387708,25713.991916789517,17072.602643811166,209856.26666851866,124225.4959810865,7.579440395272075,5.273042006442696,0.035310066109991045,0.017417694816876442,advance_eq19_20,1.069431447979116,0.8412157342100133,0.8084859129231732,0.8891733530482523,0.7559960149394834,1.0570098928109994,94.99248929002052,1.2708611137589752e-15,a1_station_hull_matched_sweep_free_surface_marching_not_benchmark_validated,41,8,24,10,3.0,2,16,15.0,False,none,0.0,1.0,1.0,1.0,trapezoid,1.0,1.0,-1.0,1.0,1.0,1.0,1.0,True,False,True,3.0,11,9,40,True,True,True,True,A1_GRID_RECOMMENDED,"A1 Section 3.3 recommends control radius about 3B, inner free-surface panels greater than 10, outer/free-surface proxy panels greater than 8, and roughly 60 stations at Fn=0.2 or 40 at Fn=0.3."
14,st41_bp8_fs24_cp10_r3p0_h2_fsm_clipfs_onezonefs_noend_pr1p0_pl1p0_pf1p0_pm1p0_dt1p0_fv1p0_hr1p0_hqtrapezoid_hp1p0_hc1p0_cim1p0_cp1p0_cn1p0_cd1p0_pg1p0,A53,OK,diagnostic_matched_wigley_sensitivity_not_hard_gate,wigley_iii,Fn0.4,0.4,2.1696064159197173,2.0,3.616010693199528,0.15,239.85000000000002,2,3,36,0.22499999999999998,2.775,0.075,-0.8642343749999999,0.8642343749999999,0.07153124999999994,0.07153125000000006,heave,pitch_moment,1.275,2141.4310377775437,7528.850382200509,160.60732783331576,564.6637786650381,0.051211349629360026,0.051211349629360026,0.0,0.02195763736788247,0.02195763736788247,0.0,0.0,0.02195763736788247,13.840651425648334,7.504090798657902,0.11173626310086787,0.06378189833753616,0.3115226946748491,0.20021396969411662,85.48622848583153,196907.97645012182,128401.62317749672,51299.142144891455,27813.244384954338,190108.25654052995,125353.10236048674,3.8508189565901865,2.3482556533349177,0.05817470834649913,0.027754128751539004,advance_eq19_20,1.2752009799896575,0.8145295530434535,1.0401482344099402,0.8525556318354393,0.8156739609927027,1.0466847134642359,96.31469922371299,1.5350514879927972e-15,a1_station_hull_matched_sweep_free_surface_marching_not_benchmark_validated,41,8,24,10,3.0,2,16,15.0,False,none,0.0,1.0,1.0,1.0,trapezoid,1.0,1.0,-1.0,1.0,1.0,1.0,1.0,True,False,True,3.0,11,9,40,True,True,True,True,A1_GRID_RECOMMENDED,"A1 Section 3.3 recommends control radius about 3B, inner free-surface panels greater than 10, outer/free-surface proxy panels greater than 8, and roughly 60 stations at Fn=0.2 or 40 at Fn=0.3."
14,st41_bp8_fs24_cp10_r3p0_h2_fsm_clipfs_onezonefs_noend_pr1p0_pl1p0_pf1p0_pm1p0_dt1p0_fv1p0_hr1p0_hqtrapezoid_hp1p0_hc1p0_cim1p0_cp1p0_cn1p0_cd1p0_pg1p0,A53,OK,diagnostic_matched_wigley_sensitivity_not_hard_gate,wigley_iii,Fn0.4,0.4,2.1696064159197173,2.0,3.616010693199528,0.15,239.85000000000002,3,4,35,0.3,2.7,0.07500000000000001,-0.8647499999999999,0.8647499999999999,0.0704999999999999,0.07050000000000001,heave,pitch_moment,1.2,1553.8601744254672,-4908.980154676695,116.53951308191006,-368.1735116007522,0.03715985958166887,0.03715985958166887,0.0,0.06614324197339692,0.06614324197339692,0.0,0.0,0.06614324197339692,8.452394322469981,3.8489182927174466,0.13243000437946928,0.08125619758338608,0.6270367556908055,0.33782743409981036,45.0390130938274,104944.9526839116,65494.68525678822,31328.046959520194,14265.672946310497,100159.85506943658,63922.17433938443,1.898808656051645,0.677711821090228,0.07029048222810354,0.03344719641017674,advance_eq19_20,1.506658112232873,0.7685238728895241,1.2498141167091832,0.8173155282644499,0.8295273536588562,1.0634874947885187,97.66111149943426,9.24302645183477e-16,a1_station_hull_matched_sweep_free_surface_marching_not_benchmark_validated,41,8,24,10,3.0,2,16,15.0,False,none,0.0,1.0,1.0,1.0,trapezoid,1.0,1.0,-1.0,1.0,1.0,1.0,1.0,True,False,True,3.0,11,9,40,True,True,True,True,A1_GRID_RECOMMENDED,"A1 Section 3.3 recommends control radius about 3B, inner free-surface panels greater than 10, outer/free-surface proxy panels greater than 8, and roughly 60 stations at Fn=0.2 or 40 at Fn=0.3."
14,st41_bp8_fs24_cp10_r3p0_h2_fsm_clipfs_onezonefs_noend_pr1p0_pl1p0_pf1p0_pm1p0_dt1p0_fv1p0_hr1p0_hqtrapezoid_hp1p0_hc1p0_cim1p0_cp1p0_cn1p0_cd1p0_pg1p0,A53,OK,diagnostic_matched_wigley_sensitivity_not_hard_gate,wigley_iii,Fn0.4,0.4,2.1696064159197173,2.0,3.616010693199528,0.15,239.85000000000002,4,5,34,0.375,2.625,0.07499999999999998,-0.8652343749999999,0.8652343749999999,0.06953124999999993,0.06953125000000009,heave,pitch_moment,1.125,1553.8518461014305,-1119.2679741139561,116.53888845760726,-83.94509805854669,0.037159660413586135,0.037159660413586135,0.0,0.10330300197102443,0.10330300197102443,0.0,0.0,0.10330300197102443,7.560448536220532,3.1924956315199746,0.1597010386456256,0.09831855304921419,0.7952509645641097,0.42121296420933385,9.231620724054652,34737.71218789478,17749.200743465066,28022.129321167115,11832.700800108234,20529.708141052557,13229.562305947195,2.1476461617195963,0.7237175602328133,0.07883241917998246,0.03750077479063541,advance_eq19_20,1.732500698057341,0.7093914789618145,1.482855011305794,0.7694657268105491,0.8559044235702326,1.0846841971328054,98.98004886155589,9.097008734203824e-16,a1_station_hull_matched_sweep_free_surface_marching_not_benchmark_validated,41,8,24,10,3.0,2,16,15.0,False,none,0.0,1.0,1.0,1.0,trapezoid,1.0,1.0,-1.0,1.0,1.0,1.0,1.0,True,False,True,3.0,11,9,40,True,True,True,True,A1_GRID_RECOMMENDED,"A1 Section 3.3 recommends control radius about 3B, inner free-surface panels greater than 10, outer/free-surface proxy panels greater than 8, and roughly 60 stations at Fn=0.2 or 40 at Fn=0.3."
14,st41_bp8_fs24_cp10_r3p0_h2_fsm_clipfs_onezonefs_noend_pr1p0_pl1p0_pf1p0_pm1p0_dt1p0_fv1p0_hr1p0_hqtrapezoid_hp1p0_hc1p0_cim1p0_cp1p0_cn1p0_cd1p0_pg1p0,A53,OK,diagnostic_matched_wigley_sensitivity_not_hard_gate,wigley_iii,Fn0.4,0.4,2.1696064159197173,2.0,3.616010693199528,0.15,239.85000000000002,5,6,33,0.44999999999999996,2.55,0.07500000000000001,-0.8656874999999999,0.8656874999999999,0.06862499999999994,0.06862500000000005,heave,pitch_moment,1.05,1609.8448259500535,-421.9879197872376,120.73836194625403,-31.649093984042825,0.03849870706847797,0.03849870706847797,0.0,0.14113218571205646,0.14113218571205646,0.0,0.0,0.14113218571205646,7.285139201850978,2.95657510365719,0.18267176016008127,0.1122393981346729,0.9155970322053336,0.483637385059857,3.497651626311742,28099.713489357127,12071.058311178898,27001.719786723712,10958.282369823699,7778.240594325437,5062.26197021571,2.447099642256809,0.807237879968173,0.08468163107955545,0.04027622841718679,advance_eq19_20,1.9432699826880744,0.6411957064876471,1.7097809246546876,0.7095521276550373,0.8798473397348486,1.1066077337632751,100.2548122089833,8.31220935356804e-16,a1_station_hull_matched_sweep_free_surface_marching_not_benchmark_validated,41,8,24,10,3.0,2,16,15.0,False,none,0.0,1.0,1.0,1.0,trapezoid,1.0,1.0,-1.0,1.0,1.0,1.0,1.0,True,False,True,3.0,11,9,40,True,True,True,True,A1_GRID_RECOMMENDED,"A1 Section 3.3 recommends control radius about 3B, inner free-surface panels greater than 10, outer/free-surface proxy panels greater than 8, and roughly 60 stations at Fn=0.2 or 40 at Fn=0.3."
14,st41_bp8_fs24_cp10_r3p0_h2_fsm_clipfs_onezonefs_noend_pr1p0_pl1p0_pf1p0_pm1p0_dt1p0_fv1p0_hr1p0_hqtrapezoid_hp1p0_hc1p0_cim1p0_cp1p0_cn1p0_cd1p0_pg1p0,A53,OK,diagnostic_matched_wigley_sensitivity_not_hard_gate,wigley_iii,Fn0.4,0.4,2.1696064159197173,2.0,3.616010693199528,0.15,239.85000000000002,6,7,32,0.525,2.475,0.07500000000000001,-0.866109375,0.866109375,0.0677812499999999,0.06778125000000006,heave,pitch_moment,0.975,1658.4306944044433,-170.9690112233079,124.38230208033326,-12.822675841748094,0.03966061602214951,0.03966061602214951,0.0,0.1802118472573702,0.1802118472573702,0.0,0.0,0.1802118472573702,7.195601365156978,2.851042536860142,0.20008974715863362,0.12245177498169357,1.001633506194913,0.527967770171062,1.7403953791777798,26949.229830136548,10826.69954138834,26669.855767418972,10567.135307554308,3870.3723054236684,2356.4962022752443,2.690654354213583,0.8660888447542046,0.0881254607906105,0.041893814090876,advance_eq19_20,2.1334192216537087,0.5672670432092656,1.921453353832055,0.6409774726183429,0.9006449995058405,1.1299395589633885,101.47605820213124,7.601534161082828e-16,a1_station_hull_matched_sweep_free_surface_marching_not_benchmark_validated,41,8,24,10,3.0,2,16,15.0,False,none,0.0,1.0,1.0,1.0,trapezoid,1.0,1.0,-1.0,1.0,1.0,1.0,1.0,True,False,True,3.0,11,9,40,True,True,True,True,A1_GRID_RECOMMENDED,"A1 Section 3.3 recommends control radius about 3B, inner free-surface panels greater than 10, outer/free-surface proxy panels greater than 8, and roughly 60 stations at Fn=0.2 or 40 at Fn=0.3."
14,st41_bp8_fs24_cp10_r3p0_h2_fsm_clipfs_onezonefs_noend_pr1p0_pl1p0_pf1p0_pm1p0_dt1p0_fv1p0_hr1p0_hqtrapezoid_hp1p0_hc1p0_cim1p0_cp1p0_cn1p0_cd1p0_pg1p0,A53,OK,diagnostic_matched_wigley_sensitivity_not_hard_gate,wigley_iii,Fn0.4,0.4,2.1696064159197173,2.0,3.616010693199528,0.15,239.85000000000002,7,8,31,0.6,2.4,0.07499999999999996,-0.8664999999999999,0.8664999999999998,0.06699999999999995,0.06700000000000006,heave,pitch_moment,0.9,1681.5658317178948,-68.39528068400402,126.11743737884203,-5.129646051300298,0.040213882312205684,0.040213882312205684,0.0,0.2201490964245478,0.2201490964245478,0.0,0.0,0.2201490964245478,7.174137702682608,2.797627794024627,0.21154616103302692,0.12878249645775863,1.0571144270624298,0.5550097880674741,1.110410628268836,26704.719524076474,10443.935071843774,26590.302613570864,10369.158319254888,2469.382873982448,1247.5317771967073,2.8677248598307292,0.8878781565176748,0.08935303241429153,0.04243983608037413,advance_eq19_20,2.2991614644798277,0.4910345920423405,2.1124559294669476,0.5669212029202466,0.9187940743191252,1.1545443276455818,102.63663006147286,5.736848575268727e-16,a1_station_hull_matched_sweep_free_surface_marching_not_benchmark_validated,41,8,24,10,3.0,2,16,15.0,False,none,0.0,1.0,1.0,1.0,trapezoid,1.0,1.0,-1.0,1.0,1.0,1.0,1.0,True,False,True,3.0,11,9,40,True,True,True,True,A1_GRID_RECOMMENDED,"A1 Section 3.3 recommends control radius about 3B, inner free-surface panels greater than 10, outer/free-surface proxy panels greater than 8, and roughly 60 stations at Fn=0.2 or 40 at Fn=0.3."
14,st41_bp8_fs24_cp10_r3p0_h2_fsm_clipfs_onezonefs_noend_pr1p0_pl1p0_pf1p0_pm1p0_dt1p0_fv1p0_hr1p0_hqtrapezoid_hp1p0_hc1p0_cim1p0_cp1p0_cn1p0_cd1p0_pg1p0,A53,OK,diagnostic_matched_wigley_sensitivity_not_hard_gate,wigley_iii,Fn0.4,0.4,2.1696064159197173,2.0,3.616010693199528,0.15,239.85000000000002,8,9,30,0.6749999999999999,2.325,0.07500000000000001,-0.866859375,0.866859375,0.06628124999999993,0.06628125000000007,heave,pitch_moment,0.8250000000000001,1672.857880441115,-31.435159214189316,125.46434103308364,-2.357636941064199,0.04000563561664394,0.04000563561664394,0.0,0.2602588553889726,0.2602588553889726,0.0,0.0,0.2602588553889726,7.175670659044903,2.7668956498526045,0.21704647861902054,0.1313008189647347,1.0842298488195232,0.565667854088163,0.8183553153110591,26658.17715088375,10284.207723386804,26595.984379834084,10255.252363255131,1819.8966661658988,957.5248178418242,2.9815399126131488,0.9144519589632457,0.08855497425343123,0.042007234051546403,advance_eq19_20,2.437880923919435,0.41638287774760857,2.279077009296088,0.4907736543127213,0.9348598559243679,1.1786595475960107,103.73019523740942,7.839044556754209e-16,a1_station_hull_matched_sweep_free_surface_marching_not_benchmark_validated,41,8,24,10,3.0,2,16,15.0,False,none,0.0,1.0,1.0,1.0,trapezoid,1.0,1.0,-1.0,1.0,1.0,1.0,1.0,True,False,True,3.0,11,9,40,True,True,True,True,A1_GRID_RECOMMENDED,"A1 Section 3.3 recommends control radius about 3B, inner free-surface panels greater than 10, outer/free-surface proxy panels greater than 8, and roughly 60 stations at Fn=0.2 or 40 at Fn=0.3."
14,st41_bp8_fs24_cp10_r3p0_h2_fsm_clipfs_onezonefs_noend_pr1p0_pl1p0_pf1p0_pm1p0_dt1p0_fv1p0_hr1p0_hqtrapezoid_hp1p0_hc1p0_cim1p0_cp1p0_cn1p0_cd1p0_pg1p0,A53,OK,diagnostic_matched_wigley_sensitivity_not_hard_gate,wigley_iii,Fn0.4,0.4,2.1696064159197173,2.0,3.616010693199528,0.15,239.85000000000002,9,10,29,0.75,2.25,0.07500000000000001,-0.8671874999999999,0.8671874999999999,0.06562499999999982,0.0656250000000001,heave,pitch_moment,0.75,1630.6042856016918,-26.556067361841215,122.2953214201269,-1.9917050521380915,0.038995160107395344,0.038995160107395344,0.0,0.29975925325099223,0.29975925325099223,0.0,0.0,0.29975925325099223,7.179722079633005,2.7456107781045547,0.21690382422123688,0.1302638640070497,1.0852028177947834,0.5612806762229882,0.624228978044316,26647.18415629595,10193.408683578848,26611.00060950754,10176.361881314695,1388.1894756621552,726.6329070503626,3.040782945004796,0.9278184517951689,0.08594669087363793,0.040703876859285136,advance_eq19_20,2.54788890918878,0.3480983021552127,2.4187502649739567,0.41639863914449193,0.9493154337502338,1.1962099112992082,104.75084920458065,5.473306811989515e-16,a1_station_hull_matched_sweep_free_surface_marching_not_benchmark_validated,41,8,24,10,3.0,2,16,15.0,False,none,0.0,1.0,1.0,1.0,trapezoid,1.0,1.0,-1.0,1.0,1.0,1.0,1.0,True,False,True,3.0,11,9,40,True,True,True,True,A1_GRID_RECOMMENDED,"A1 Section 3.3 recommends control radius about 3B, inner free-surface panels greater than 10, outer/free-surface proxy panels greater than 8, and roughly 60 stations at Fn=0.2 or 40 at Fn=0.3."
14,st41_bp8_fs24_cp10_r3p0_h2_fsm_clipfs_onezonefs_noend_pr1p0_pl1p0_pf1p0_pm1p0_dt1p0_fv1p0_hr1p0_hqtrapezoid_hp1p0_hc1p0_cim1p0_cp1p0_cn1p0_cd1p0_pg1p0,A53,OK,diagnostic_matched_wigley_sensitivity_not_hard_gate,wigley_iii,Fn0.4,0.4,2.1696064159197173,2.0,3.616010693199528,0.15,239.85000000000002,10,11,28,0.825,2.175,0.07499999999999996,-0.8674843749999999,0.8674843749999999,0.06503124999999987,0.0650312500000001,heave,pitch_moment,0.675,1555.5830463576192,-36.98471874990784,116.66872847682137,-2.7738539062430867,0.03720106128059239,0.03720106128059239,0.0,0.3378573639449861,0.3378573639449861,0.0,0.0,0.3378573639449861,7.176162620920923,2.7271489598488863,0.21166825787806973,0.12607288466153121,1.0626359699312093,0.5436131408509183,0.5011790245137342,26621.14930859147,10123.349343262847,26597.807792723528,10107.934795780582,1114.5452577871172,558.4407667680615,3.056520856986602,0.9276506940749244,0.08177065131850254,0.03865197968546795,advance_eq19_20,2.628271557766036,0.2925327832587288,2.529818420063141,0.34854037657596043,0.9625407285590467,1.191457493048552,105.69301673551143,6.298786731190986e-16,a1_station_hull_matched_sweep_free_surface_marching_not_benchmark_validated,41,8,24,10,3.0,2,16,15.0,False,none,0.0,1.0,1.0,1.0,trapezoid,1.0,1.0,-1.0,1.0,1.0,1.0,1.0,True,False,True,3.0,11,9,40,True,True,True,True,A1_GRID_RECOMMENDED,"A1 Section 3.3 recommends control radius about 3B, inner free-surface panels greater than 10, outer/free-surface proxy panels greater than 8, and roughly 60 stations at Fn=0.2 or 40 at Fn=0.3."
14,st41_bp8_fs24_cp10_r3p0_h2_fsm_clipfs_onezonefs_noend_pr1p0_pl1p0_pf1p0_pm1p0_dt1p0_fv1p0_hr1p0_hqtrapezoid_hp1p0_hc1p0_cim1p0_cp1p0_cn1p0_cd1p0_pg1p0,A53,OK,diagnostic_matched_wigley_sensitivity_not_hard_gate,wigley_iii,Fn0.4,0.4,2.1696064159197173,2.0,3.616010693199528,0.15,239.85000000000002,11,12,27,0.8999999999999999,2.1,0.07500000000000001,-0.8677499999999999,0.8677499999999999,0.06449999999999989,0.0645,heave,pitch_moment,0.6000000000000001,1450.0869808964042,-53.37003913788391,108.75652356723033,-4.002752935341293,0.03467817084071949,0.03467817084071949,0.0,0.37379698000564204,0.37379698000564204,0.0,0.0,0.37379698000564204,7.159772266409899,2.707943559553035,0.20206092742798273,0.1192304529469491,1.019523285618878,0.5147536453763027,0.49569339548383384,26559.944192852272,10055.343132841761,26537.058403116906,10036.75168962268,1102.3460604500247,611.1800389772427,3.039534422421649,0.9479858860991615,0.07629225031181783,0.03598487442927237,advance_eq19_20,2.678766312164183,0.25773322946543353,2.6113853146319697,0.29345590407569777,0.974846257687265,1.1386032941284168,106.55145429053391,6.772441436572388e-16,a1_station_hull_matched_sweep_free_surface_marching_not_benchmark_validated,41,8,24,10,3.0,2,16,15.0,False,none,0.0,1.0,1.0,1.0,trapezoid,1.0,1.0,-1.0,1.0,1.0,1.0,1.0,True,False,True,3.0,11,9,40,True,True,True,True,A1_GRID_RECOMMENDED,"A1 Section 3.3 recommends control radius about 3B, inner free-surface panels greater than 10, outer/free-surface proxy panels greater than 8, and roughly 60 stations at Fn=0.2 or 40 at Fn=0.3."
14,st41_bp8_fs24_cp10_r3p0_h2_fsm_clipfs_onezonefs_noend_pr1p0_pl1p0_pf1p0_pm1p0_dt1p0_fv1p0_hr1p0_hqtrapezoid_hp1p0_hc1p0_cim1p0_cp1p0_cn1p0_cd1p0_pg1p0,A53,OK,diagnostic_matched_wigley_sensitivity_not_hard_gate,wigley_iii,Fn0.4,0.4,2.1696064159197173,2.0,3.616010693199528,0.15,239.85000000000002,12,13,26,0.975,2.025,0.07500000000000007,-0.8679843749999999,0.8679843749999999,0.06403124999999998,0.0640312500000001,heave,pitch_moment,0.525,1317.381330208593,-70.29525145199162,98.80359976564456,-5.272143858899376,0.03150457554146654,0.03150457554146654,0.0,0.40688835319673505,0.40688835319673505,0.0,0.0,0.40688835319673505,7.127690718017767,2.6859244406653797,0.18891072031260978,0.11029891600720948,0.9591644477267048,0.47698702706732793,0.6182013853577237,26453.898317206706,9980.761375056107,26418.15100052555,9955.139786036274,1374.7850343026391,714.6953660753151,2.9975903572940577,0.9279047488217635,0.06979368766757627,0.032843091132816825,advance_eq19_20,2.699657334079096,0.2504465445761744,2.6631983740847702,0.2590206173030786,0.9864949675152892,1.0342351408417871,107.32128791426383,7.369683459932191e-16,a1_station_hull_matched_sweep_free_surface_marching_not_benchmark_validated,41,8,24,10,3.0,2,16,15.0,False,none,0.0,1.0,1.0,1.0,trapezoid,1.0,1.0,-1.0,1.0,1.0,1.0,1.0,True,False,True,3.0,11,9,40,True,True,True,True,A1_GRID_RECOMMENDED,"A1 Section 3.3 recommends control radius about 3B, inner free-surface panels greater than 10, outer/free-surface proxy panels greater than 8, and roughly 60 stations at Fn=0.2 or 40 at Fn=0.3."
14,st41_bp8_fs24_cp10_r3p0_h2_fsm_clipfs_onezonefs_noend_pr1p0_pl1p0_pf1p0_pm1p0_dt1p0_fv1p0_hr1p0_hqtrapezoid_hp1p0_hc1p0_cim1p0_cp1p0_cn1p0_cd1p0_pg1p0,A53,OK,diagnostic_matched_wigley_sensitivity_not_hard_gate,wigley_iii,Fn0.4,0.4,2.1696064159197173,2.0,3.616010693199528,0.15,239.85000000000002,13,14,25,1.05,1.95,0.07500000000000001,-0.8681874999999999,0.8681874999999999,0.06362499999999982,0.0636250000000001,heave,pitch_moment,0.44999999999999996,1161.3618636221836,-84.53436595970031,87.10213977166379,-6.340077446977524,0.02777344093503289,0.02777344093503289,0.0,0.43652736143498483,0.43652736143498483,0.0,0.0,0.43652736143498483,7.078008014917243,2.6597368594807644,0.17309566152903566,0.09986202912087348,0.8850597973551756,0.43267044479374583,0.8223812447981552,26297.67646672029,9894.993787944717,26234.006485205035,9858.07784810386,1828.8497156722742,853.9339577441158,2.9328414390392608,0.9622327678217514,0.0625667514883035,0.029370181665695994,advance_eq19_20,2.691695160421309,0.2700441054003856,2.6855514161576735,0.25181363093875936,0.9977175185533738,0.9324907520769746,107.99806268512654,6.468612919511048e-16,a1_station_hull_matched_sweep_free_surface_marching_not_benchmark_validated,41,8,24,10,3.0,2,16,15.0,False,none,0.0,1.0,1.0,1.0,trapezoid,1.0,1.0,-1.0,1.0,1.0,1.0,1.0,True,False,True,3.0,11,9,40,True,True,True,True,A1_GRID_RECOMMENDED,"A1 Section 3.3 recommends control radius about 3B, inner free-surface panels greater than 10, outer/free-surface proxy panels greater than 8, and roughly 60 stations at Fn=0.2 or 40 at Fn=0.3."
14,st41_bp8_fs24_cp10_r3p0_h2_fsm_clipfs_onezonefs_noend_pr1p0_pl1p0_pf1p0_pm1p0_dt1p0_fv1p0_hr1p0_hqtrapezoid_hp1p0_hc1p0_cim1p0_cp1p0_cn1p0_cd1p0_pg1p0,A53,OK,diagnostic_matched_wigley_sensitivity_not_hard_gate,wigley_iii,Fn0.4,0.4,2.1696064159197173,2.0,3.616010693199528,0.15,239.85000000000002,14,15,24,1.125,1.875,0.07499999999999996,-0.8683593749999999,0.8683593749999999,0.06328124999999996,0.06328125000000007,heave,pitch_moment,0.375,986.3527420520429,-93.90594576012806,73.97645565390317,-7.042945932009601,0.02358817736364221,0.02358817736364221,0.0,0.46220817058432234,0.46220817058432234,0.0,0.0,0.46220817058432234,7.008943971687071,2.628326000635532,0.15549149875883445,0.0884914552855416,0.8008085918871927,0.38412338984566824,1.0759983272634401,26087.997819880242,9795.220868248234,25978.02675839824,9741.656296600244,2392.8551962083843,1022.9782288370068,2.8420403450006613,0.925929399748955,0.05490405374790198,0.025708126259891072,advance_eq19_20,2.6560464546102707,0.30828292228707116,2.6792103429480623,0.27124599134537064,1.008721190963202,0.8798605817444147,108.57779417676022,7.081147382293022e-16,a1_station_hull_matched_sweep_free_surface_marching_not_benchmark_validated,41,8,24,10,3.0,2,16,15.0,False,none,0.0,1.0,1.0,1.0,trapezoid,1.0,1.0,-1.0,1.0,1.0,1.0,1.0,True,False,True,3.0,11,9,40,True,True,True,True,A1_GRID_RECOMMENDED,"A1 Section 3.3 recommends control radius about 3B, inner free-surface panels greater than 10, outer/free-surface proxy panels greater than 8, and roughly 60 stations at Fn=0.2 or 40 at Fn=0.3."
14,st41_bp8_fs24_cp10_r3p0_h2_fsm_clipfs_onezonefs_noend_pr1p0_pl1p0_pf1p0_pm1p0_dt1p0_fv1p0_hr1p0_hqtrapezoid_hp1p0_hc1p0_cim1p0_cp1p0_cn1p0_cd1p0_pg1p0,A53,OK,diagnostic_matched_wigley_sensitivity_not_hard_gate,wigley_iii,Fn0.4,0.4,2.1696064159197173,2.0,3.616010693199528,0.15,239.85000000000002,15,16,23,1.2,1.8,0.07499999999999996,-0.8684999999999999,0.8684999999999998,0.06299999999999994,0.06300000000000008,heave,pitch_moment,0.30000000000000004,797.0163066100611,-96.4803032498463,59.776222995754544,-7.236022743738468,0.01906028259517041,0.01906028259517041,0.0,0.4835324005637287,0.4835324005637287,0.0,0.0,0.4835324005637287,6.918461590378834,2.5907362656629886,0.1369290619266248,0.07671921879098804,0.7100083346112588,0.3335346249542929,1.368573598978939,25822.644830315556,9679.47549544732,25642.661868582574,9602.33329089461,3043.4977125281202,1219.6070012681275,2.722907896947682,0.9477984880602729,0.047088272108456196,0.021992144407504678,advance_eq19_20,2.5942709856065664,0.3557303431146454,2.6453647869893047,0.3092498464809006,1.0196948590437216,0.8693378354323713,109.05701762428855,5.674184904629813e-16,a1_station_hull_matched_sweep_free_surface_marching_not_benchmark_validated,41,8,24,10,3.0,2,16,15.0,False,none,0.0,1.0,1.0,1.0,trapezoid,1.0,1.0,-1.0,1.0,1.0,1.0,1.0,True,False,True,3.0,11,9,40,True,True,True,True,A1_GRID_RECOMMENDED,"A1 Section 3.3 recommends control radius about 3B, inner free-surface panels greater than 10, outer/free-surface proxy panels greater than 8, and roughly 60 stations at Fn=0.2 or 40 at Fn=0.3."
14,st41_bp8_fs24_cp10_r3p0_h2_fsm_clipfs_onezonefs_noend_pr1p0_pl1p0_pf1p0_pm1p0_dt1p0_fv1p0_hr1p0_hqtrapezoid_hp1p0_hc1p0_cim1p0_cp1p0_cn1p0_cd1p0_pg1p0,A53,OK,diagnostic_matched_wigley_sensitivity_not_hard_gate,wigley_iii,Fn0.4,0.4,2.1696064159197173,2.0,3.616010693199528,0.15,239.85000000000002,16,17,22,1.275,1.725,0.07499999999999996,-0.8686093749999999,0.8686093749999999,0.0627812499999999,0.06278125000000001,heave,pitch_moment,0.2250000000000001,598.3328644697771,-90.19461942388276,44.87496483523325,-6.764596456791202,0.014308858411288853,0.014308858411288853,0.0,0.5002169710669583,0.5002169710669583,0.0,0.0,0.5002169710669583,6.804268753910998,2.546062659207935,0.11816102502386668,0.06501663059050419,0.6161445083524268,0.28288489453261667,1.696123208597663,25499.92787675165,9546.204195990105,25219.41628788424,9436.754546283217,3771.917790452922,1441.4153408168477,2.581801138926663,0.900477234256452,0.039380081982020095,0.018345201073231135,advance_eq19_20,2.5083086347224284,0.4054214584504456,2.585600600809734,0.35645983380770946,1.0308143762762507,0.8792327746294646,109.43283246067818,6.567444036164022e-16,a1_station_hull_matched_sweep_free_surface_marching_not_benchmark_validated,41,8,24,10,3.0,2,16,15.0,False,none,0.0,1.0,1.0,1.0,trapezoid,1.0,1.0,-1.0,1.0,1.0,1.0,1.0,True,False,True,3.0,11,9,40,True,True,True,True,A1_GRID_RECOMMENDED,"A1 Section 3.3 recommends control radius about 3B, inner free-surface panels greater than 10, outer/free-surface proxy panels greater than 8, and roughly 60 stations at Fn=0.2 or 40 at Fn=0.3."
14,st41_bp8_fs24_cp10_r3p0_h2_fsm_clipfs_onezonefs_noend_pr1p0_pl1p0_pf1p0_pm1p0_dt1p0_fv1p0_hr1p0_hqtrapezoid_hp1p0_hc1p0_cim1p0_cp1p0_cn1p0_cd1p0_pg1p0,A53,OK,diagnostic_matched_wigley_sensitivity_not_hard_gate,wigley_iii,Fn0.4,0.4,2.1696064159197173,2.0,3.616010693199528,0.15,239.85000000000002,17,18,21,1.3499999999999999,1.6500000000000001,0.07500000000000007,-0.8686874999999998,0.8686875,0.0626249999999999,0.06262500000000004,heave,pitch_moment,0.15000000000000013,395.5864969213813,-72.94354656626145,29.668987269103624,-5.470765992469613,0.009460271213552442,0.009460271213552442,0.0,0.512101535879379,0.512101535879379,0.0,0.0,0.512101535879379,6.664143641666096,2.4935117972913754,0.09983796499497985,0.05377975295750596,0.5224652988965508,0.2338841883173237,2.052239473536953,25118.152582471204,9394.02027719593,24700.055036014302,9241.979455690407,4563.865727009213,1683.2803417627,2.4303500643895566,0.8783417460292169,0.032006173343527344,0.014872773584584772,advance_eq19_20,2.400454530010902,0.4529047784844769,2.501874831787934,0.40589667122131096,1.042250457365077,0.8962075264022035,109.70294068380586,7.793065916849264e-16,a1_station_hull_matched_sweep_free_surface_marching_not_benchmark_validated,41,8,24,10,3.0,2,16,15.0,False,none,0.0,1.0,1.0,1.0,trapezoid,1.0,1.0,-1.0,1.0,1.0,1.0,1.0,True,False,True,3.0,11,9,40,True,True,True,True,A1_GRID_RECOMMENDED,"A1 Section 3.3 recommends control radius about 3B, inner free-surface panels greater than 10, outer/free-surface proxy panels greater than 8, and roughly 60 stations at Fn=0.2 or 40 at Fn=0.3."
14,st41_bp8_fs24_cp10_r3p0_h2_fsm_clipfs_onezonefs_noend_pr1p0_pl1p0_pf1p0_pm1p0_dt1p0_fv1p0_hr1p0_hqtrapezoid_hp1p0_hc1p0_cim1p0_cp1p0_cn1p0_cd1p0_pg1p0,A53,OK,diagnostic_matched_wigley_sensitivity_not_hard_gate,wigley_iii,Fn0.4,0.4,2.1696064159197173,2.0,3.616010693199528,0.15,239.85000000000002,18,19,20,1.425,1.575,0.07500000000000007,-0.8687343749999998,0.868734375,0.06253124999999993,0.06253125000000004,heave,pitch_moment,0.07499999999999996,194.2889918459568,-43.068522274008295,14.571674388446771,-3.230139170550625,0.004646332903106444,0.004646332903106444,0.0,0.5191548379377083,0.5191548379377083,0.0,0.0,0.5191548379377083,6.496451092586146,2.4325242281159447,0.08249257878744026,0.04332068680153984,0.4318535322528456,0.18792743578767607,2.424694171289563,24674.891385299234,9221.52509860601,24078.51753410524,9015.934460842538,5392.147831439802,1939.316516253325,2.2720903087138944,0.8350412038257755,0.025137217884165397,0.011653374601815217,advance_eq19_20,2.273318274156563,0.49541513377354524,2.3964746039512077,0.45312904526664227,1.0541746974872392,0.9146451417726936,109.86567790060892,3.8962930220046425e-16,a1_station_hull_matched_sweep_free_surface_marching_not_benchmark_validated,41,8,24,10,3.0,2,16,15.0,False,none,0.0,1.0,1.0,1.0,trapezoid,1.0,1.0,-1.0,1.0,1.0,1.0,1.0,True,False,True,3.0,11,9,40,True,True,True,True,A1_GRID_RECOMMENDED,"A1 Section 3.3 recommends control radius about 3B, inner free-surface panels greater than 10, outer/free-surface proxy panels greater than 8, and roughly 60 stations at Fn=0.2 or 40 at Fn=0.3."
14,st41_bp8_fs24_cp10_r3p0_h2_fsm_clipfs_onezonefs_noend_pr1p0_pl1p0_pf1p0_pm1p0_dt1p0_fv1p0_hr1p0_hqtrapezoid_hp1p0_hc1p0_cim1p0_cp1p0_cn1p0_cd1p0_pg1p0,A53,OK,diagnostic_matched_wigley_sensitivity_not_hard_gate,wigley_iii,Fn0.4,0.4,2.1696064159197173,2.0,3.616010693199528,0.15,239.85000000000002,19,20,19,1.5,1.5,0.07499999999999996,-0.8687499999999999,0.8687499999999999,0.062499999999999944,0.06250000000000003,heave,pitch_moment,0.0,0.0,0.0,0.0,0.0,0.0,0.0,0.0,0.5214780043892616,0.5214780043892616,0.0,0.0,0.5214780043892616,6.3006650216712705,2.3629036481700254,0.06653330692637928,0.033865325233397164,0.3467097744518226,0.14704667960239373,2.7762761508072096,24155.2108631577,9024.053171429514,23352.85389494734,8757.891980252562,6174.0122128851235,2196.2329835403884,2.101902263344931,0.7437540992270774,0.01888543241361017,0.008737725934415148,advance_eq19_20,2.129783676163646,0.5310924392640666,2.271964700193165,0.4954585612098911,1.066758434493041,0.9329045653454355,109.92003615667433,6.352962593419562e-16,a1_station_hull_matched_sweep_free_surface_marching_not_benchmark_validated,41,8,24,10,3.0,2,16,15.0,False,none,0.0,1.0,1.0,1.0,trapezoid,1.0,1.0,-1.0,1.0,1.0,1.0,1.0,True,False,True,3.0,11,9,40,True,True,True,True,A1_GRID_RECOMMENDED,"A1 Section 3.3 recommends control radius about 3B, inner free-surface panels greater than 10, outer/free-surface proxy panels greater than 8, and roughly 60 stations at Fn=0.2 or 40 at Fn=0.3."
14,st41_bp8_fs24_cp10_r3p0_h2_fsm_clipfs_onezonefs_noend_pr1p0_pl1p0_pf1p0_pm1p0_dt1p0_fv1p0_hr1p0_hqtrapezoid_hp1p0_hc1p0_cim1p0_cp1p0_cn1p0_cd1p0_pg1p0,A53,OK,diagnostic_matched_wigley_sensitivity_not_hard_gate,wigley_iii,Fn0.4,0.4,2.1696064159197173,2.0,3.616010693199528,0.15,239.85000000000002,20,21,18,1.575,1.425,0.07499999999999996,-0.8687343749999998,0.868734375,0.06253124999999993,0.06253125000000004,heave,pitch_moment,-0.07499999999999996,-182.03266437803893,54.03215322642651,-13.652449828352912,4.052411491981986,-0.004353228404264916,-0.004353228404264916,0.0,0.5193013901871292,0.5193013901871292,0.0,0.0,0.5193013901871292,6.080613051198796,2.285784254684359,0.052231311092458384,0.02554785930091717,0.2686092019034296,0.11837522205306819,3.071534057170259,23549.629565840052,8799.18993954736,22537.250859702042,8472.0558149679,6830.620497081326,2442.869086570578,1.9312838677504744,0.7179996594092547,0.013334431210004861,0.006162140431527021,advance_eq19_20,1.973527158091695,0.5586720966820121,2.131678232514655,0.5311427371245049,1.0801362544085202,0.9507235823643139,109.86567790060924,6.326386105915656e-16,a1_station_hull_matched_sweep_free_surface_marching_not_benchmark_validated,41,8,24,10,3.0,2,16,15.0,False,none,0.0,1.0,1.0,1.0,trapezoid,1.0,1.0,-1.0,1.0,1.0,1.0,1.0,True,False,True,3.0,11,9,40,True,True,True,True,A1_GRID_RECOMMENDED,"A1 Section 3.3 recommends control radius about 3B, inner free-surface panels greater than 10, outer/free-surface proxy panels greater than 8, and roughly 60 stations at Fn=0.2 or 40 at Fn=0.3."
14,st41_bp8_fs24_cp10_r3p0_h2_fsm_clipfs_onezonefs_noend_pr1p0_pl1p0_pf1p0_pm1p0_dt1p0_fv1p0_hr1p0_hqtrapezoid_hp1p0_hc1p0_cim1p0_cp1p0_cn1p0_cd1p0_pg1p0,A53,OK,diagnostic_matched_wigley_sensitivity_not_hard_gate,wigley_iii,Fn0.4,0.4,2.1696064159197173,2.0,3.616010693199528,0.15,239.85000000000002,21,22,17,1.65,1.35,0.07499999999999996,-0.8686874999999998,0.8686875,0.0626249999999999,0.06262500000000004,heave,pitch_moment,-0.1499999999999999,-347.4010256195252,115.70972530615231,-26.055076921464376,8.678229397961418,-0.00830793757573617,-0.00830793757573617,0.0,0.5129708071971286,0.5129708071971286,0.0,0.0,0.5129708071971286,5.840964361886684,2.20257497673773,0.03975074207417072,0.0184296921968484,0.19864240198364438,0.09170416061773541,3.3227189880565553,22875.321921353672,8552.181173930152,21649.0143309591,8163.648035168767,7389.217245655416,2671.0586818215884,1.7811346450519683,0.6182613678447283,0.008544102211645099,0.003951005846897618,advance_eq19_20,1.808464074695567,0.5774145861842407,1.979286294995133,0.5589749278038028,1.0944570714396535,0.968065132364782,109.70294068380586,2.9836794780554445e-16,a1_station_hull_matched_sweep_free_surface_marching_not_benchmark_validated,41,8,24,10,3.0,2,16,15.0,False,none,0.0,1.0,1.0,1.0,trapezoid,1.0,1.0,-1.0,1.0,1.0,1.0,1.0,True,False,True,3.0,11,9,40,True,True,True,True,A1_GRID_RECOMMENDED,"A1 Section 3.3 recommends control radius about 3B, inner free-surface panels greater than 10, outer/free-surface proxy panels greater than 8, and roughly 60 stations at Fn=0.2 or 40 at Fn=0.3."
14,st41_bp8_fs24_cp10_r3p0_h2_fsm_clipfs_onezonefs_noend_pr1p0_pl1p0_pf1p0_pm1p0_dt1p0_fv1p0_hr1p0_hqtrapezoid_hp1p0_hc1p0_cim1p0_cp1p0_cn1p0_cd1p0_pg1p0,A53,OK,diagnostic_matched_wigley_sensitivity_not_hard_gate,wigley_iii,Fn0.4,0.4,2.1696064159197173,2.0,3.616010693199528,0.15,239.85000000000002,22,23,16,1.7249999999999999,1.2750000000000001,0.07499999999999996,-0.8686093749999999,0.8686093749999999,0.0627812499999999,0.06278125000000001,heave,pitch_moment,-0.22499999999999987,-492.4481838003281,182.4980805425034,-36.93361378502458,13.687356040687748,-0.011776674415401712,-0.011776674415401712,0.0,0.5029285012015597,0.5029285012015597,0.0,0.0,0.5029285012015597,5.583690360778728,2.1138887841809173,0.029185557837068603,0.01280940100440438,0.13783337604491253,0.06757756658658982,3.5462263236859055,22147.118250168416,8287.214796595954,20695.451153393282,7834.940559028565,7886.26326877664,2874.1586214759027,1.6659983579944837,0.5513523420873021,0.004540606596970996,0.002112733261532652,advance_eq19_20,1.6380181752888698,0.5869290553100769,1.818122233183268,0.5781951576254651,1.109952417263402,0.9851193298311027,109.43283246067818,6.7786076514989185e-16,a1_station_hull_matched_sweep_free_surface_marching_not_benchmark_validated,41,8,24,10,3.0,2,16,15.0,False,none,0.0,1.0,1.0,1.0,trapezoid,1.0,1.0,-1.0,1.0,1.0,1.0,1.0,True,False,True,3.0,11,9,40,True,True,True,True,A1_GRID_RECOMMENDED,"A1 Section 3.3 recommends control radius about 3B, inner free-surface panels greater than 10, outer/free-surface proxy panels greater than 8, and roughly 60 stations at Fn=0.2 or 40 at Fn=0.3."
14,st41_bp8_fs24_cp10_r3p0_h2_fsm_clipfs_onezonefs_noend_pr1p0_pl1p0_pf1p0_pm1p0_dt1p0_fv1p0_hr1p0_hqtrapezoid_hp1p0_hc1p0_cim1p0_cp1p0_cn1p0_cd1p0_pg1p0,A53,OK,diagnostic_matched_wigley_sensitivity_not_hard_gate,wigley_iii,Fn0.4,0.4,2.1696064159197173,2.0,3.616010693199528,0.15,239.85000000000002,23,24,15,1.7999999999999998,1.2000000000000002,0.07500000000000007,-0.8684999999999999,0.8684999999999998,0.06299999999999994,0.06300000000000008,heave,pitch_moment,-0.2999999999999998,-614.2907469465742,251.45378203053565,-46.07180602099311,18.85903365229019,-0.014690483915190997,-0.014690483915190997,0.0,0.4896949220362634,0.4896949220362634,0.0,0.0,0.4896949220362634,5.311030401507837,2.020437668833577,0.020568376971149223,0.00913612588914297,0.08708354823086274,0.04638595491418673,3.738356720510708,21368.401319910543,8005.289382210264,19684.861291854126,7488.572320831474,8313.53179396204,3049.3414577843505,1.5975094628165987,0.4910365601215973,0.0013202338579902148,0.0006413562111095081,advance_eq19_20,1.465546644679653,0.5871583045042155,1.6515242625450381,0.588436397957867,1.1268998284978076,1.00217674423379,109.05701762428855,9.115621380358227e-16,a1_station_hull_matched_sweep_free_surface_marching_not_benchmark_validated,41,8,24,10,3.0,2,16,15.0,False,none,0.0,1.0,1.0,1.0,trapezoid,1.0,1.0,-1.0,1.0,1.0,1.0,1.0,True,False,True,3.0,11,9,40,True,True,True,True,A1_GRID_RECOMMENDED,"A1 Section 3.3 recommends control radius about 3B, inner free-surface panels greater than 10, outer/free-surface proxy panels greater than 8, and roughly 60 stations at Fn=0.2 or 40 at Fn=0.3."
14,st41_bp8_fs24_cp10_r3p0_h2_fsm_clipfs_onezonefs_noend_pr1p0_pl1p0_pf1p0_pm1p0_dt1p0_fv1p0_hr1p0_hqtrapezoid_hp1p0_hc1p0_cim1p0_cp1p0_cn1p0_cd1p0_pg1p0,A53,OK,diagnostic_matched_wigley_sensitivity_not_hard_gate,wigley_iii,Fn0.4,0.4,2.1696064159197173,2.0,3.616010693199528,0.15,239.85000000000002,24,25,14,1.875,1.125,0.07500000000000007,-0.8683593749999999,0.8683593749999999,0.06328124999999996,0.06328125000000007,heave,pitch_moment,-0.375,-710.9051529884198,319.3213772163192,-53.317886474131534,23.949103291223963,-0.017000973508251565,-0.017000973508251565,0.0,0.47384919332454206,0.47384919332454206,0.0,0.0,0.47384919332454206,5.025517982817651,1.9230385594817054,0.01391059243680105,0.006053478627068266,0.04804586488083853,0.028363945810297657,3.8953080012503505,20542.43418548915,7707.408730193609,18626.63493385353,7127.571194383885,8662.567362283573,3193.4509101616445,1.5806059320872772,0.5135698790160116,0.0011585685875138603,0.00048145168160309356,advance_eq19_20,1.2942592757431317,0.5783321750262174,1.4827569812786148,0.589667610328498,1.1456413788707462,1.01960021557121,108.57779417676022,6.947389778397607e-16,a1_station_hull_matched_sweep_free_surface_marching_not_benchmark_validated,41,8,24,10,3.0,2,16,15.0,False,none,0.0,1.0,1.0,1.0,trapezoid,1.0,1.0,-1.0,1.0,1.0,1.0,1.0,True,False,True,3.0,11,9,40,True,True,True,True,A1_GRID_RECOMMENDED,"A1 Section 3.3 recommends control radius about 3B, inner free-surface panels greater than 10, outer/free-surface proxy panels greater than 8, and roughly 60 stations at Fn=0.2 or 40 at Fn=0.3."
14,st41_bp8_fs24_cp10_r3p0_h2_fsm_clipfs_onezonefs_noend_pr1p0_pl1p0_pf1p0_pm1p0_dt1p0_fv1p0_hr1p0_hqtrapezoid_hp1p0_hc1p0_cim1p0_cp1p0_cn1p0_cd1p0_pg1p0,A53,OK,diagnostic_matched_wigley_sensitivity_not_hard_gate,wigley_iii,Fn0.4,0.4,2.1696064159197173,2.0,3.616010693199528,0.15,239.85000000000002,25,26,13,1.95,1.05,0.07499999999999996,-0.8681874999999999,0.8681874999999999,0.0636249999999999,0.06362500000000004,heave,pitch_moment,-0.44999999999999996,-781.1853860636094,382.69658262425156,-58.58890395477067,28.70224369681885,-0.018681693328107037,-0.018681693328107037,0.0,0.4560078599063628,0.4560078599063628,0.0,0.0,0.4560078599063628,4.72997328141848,1.8226118000571068,0.009262423929019681,0.004624749065635656,0.027461921776067204,0.01359595987284806,4.0136982999181825,19672.687355786013,7394.637057719887,17531.224813261215,6755.348352522092,8925.849222645262,3303.5840722755156,1.6121263622064448,0.5793492775030721,0.002935427809109926,0.0012840405287656705,advance_eq19_20,1.127138055557375,0.5609283045147828,1.3149310940923258,0.5821497382555725,1.16661050313139,1.0378327026288088,107.99806268512636,6.675883798612436e-16,a1_station_hull_matched_sweep_free_surface_marching_not_benchmark_validated,41,8,24,10,3.0,2,16,15.0,False,none,0.0,1.0,1.0,1.0,trapezoid,1.0,1.0,-1.0,1.0,1.0,1.0,1.0,True,False,True,3.0,11,9,40,True,True,True,True,A1_GRID_RECOMMENDED,"A1 Section 3.3 recommends control radius about 3B, inner free-surface panels greater than 10, outer/free-surface proxy panels greater than 8, and roughly 60 stations at Fn=0.2 or 40 at Fn=0.3."
14,st41_bp8_fs24_cp10_r3p0_h2_fsm_clipfs_onezonefs_noend_pr1p0_pl1p0_pf1p0_pm1p0_dt1p0_fv1p0_hr1p0_hqtrapezoid_hp1p0_hc1p0_cim1p0_cp1p0_cn1p0_cd1p0_pg1p0,A53,OK,diagnostic_matched_wigley_sensitivity_not_hard_gate,wigley_iii,Fn0.4,0.4,2.1696064159197173,2.0,3.616010693199528,0.15,239.85000000000002,26,27,12,2.025,0.9750000000000001,0.07500000000000007,-0.8679843749999999,0.8679843749999999,0.06403124999999998,0.0640312500000001,heave,pitch_moment,-0.5249999999999999,-824.9606969440789,438.2497510291884,-61.87205227080597,32.86873132718916,-0.01972855998460247,-0.01972855998460247,0.0,0.43680273325000807,0.43680273325000807,0.0,0.0,0.43680273325000807,4.4274520199079905,1.7201708391516939,0.006707537013740731,0.003824001292656478,0.03296614270639892,0.015875064726269997,4.091173228365148,18763.338158443938,7068.16214331028,16409.956693805525,6375.660052215094,9098.141577022507,3377.8063260942477,1.6832416290993744,0.6552922728480159,0.004092078793987203,0.0018022948938994647,advance_eq19_20,0.9668589317670236,0.535640850573754,1.150924162093989,0.5663938927698668,1.1903744427230654,1.0574135489538776,107.32128791426383,4.677005074612609e-16,a1_station_hull_matched_sweep_free_surface_marching_not_benchmark_validated,41,8,24,10,3.0,2,16,15.0,False,none,0.0,1.0,1.0,1.0,trapezoid,1.0,1.0,-1.0,1.0,1.0,1.0,1.0,True,False,True,3.0,11,9,40,True,True,True,True,A1_GRID_RECOMMENDED,"A1 Section 3.3 recommends control radius about 3B, inner free-surface panels greater than 10, outer/free-surface proxy panels greater than 8, and roughly 60 stations at Fn=0.2 or 40 at Fn=0.3."
14,st41_bp8_fs24_cp10_r3p0_h2_fsm_clipfs_onezonefs_noend_pr1p0_pl1p0_pf1p0_pm1p0_dt1p0_fv1p0_hr1p0_hqtrapezoid_hp1p0_hc1p0_cim1p0_cp1p0_cn1p0_cd1p0_pg1p0,A53,OK,diagnostic_matched_wigley_sensitivity_not_hard_gate,wigley_iii,Fn0.4,0.4,2.1696064159197173,2.0,3.616010693199528,0.15,239.85000000000002,27,28,11,2.1,0.8999999999999999,0.07499999999999996,-0.8677499999999999,0.8677499999999999,0.06449999999999989,0.06450000000000003,heave,pitch_moment,-0.6000000000000001,-842.965068217779,482.974230697516,-63.22238011633339,36.22306730231368,-0.020159126337610557,-0.020159126337610557,0.0,0.41685889008890153,0.41685889008890153,0.0,0.0,0.41685889008890153,4.121151525038548,1.6168056437429297,0.0059522530585870035,0.003181912831800044,0.045346630389785696,0.018513271645188803,4.126925892016343,17819.796436390803,6729.3050236390845,15274.681182405804,5992.546159014774,9177.650015677458,3415.829464401208,1.783014584004171,0.715318311480788,0.004712419646466082,0.002077228962794389,advance_eq19_20,0.815715014203999,0.5033628710609787,0.9933032634438023,0.5431226937589986,1.21770869255496,1.0789883898552448,106.55145429053415,6.327697777533237e-16,a1_station_hull_matched_sweep_free_surface_marching_not_benchmark_validated,41,8,24,10,3.0,2,16,15.0,False,none,0.0,1.0,1.0,1.0,trapezoid,1.0,1.0,-1.0,1.0,1.0,1.0,1.0,True,False,True,3.0,11,9,40,True,True,True,True,A1_GRID_RECOMMENDED,"A1 Section 3.3 recommends control radius about 3B, inner free-surface panels greater than 10, outer/free-surface proxy panels greater than 8, and roughly 60 stations at Fn=0.2 or 40 at Fn=0.3."
14,st41_bp8_fs24_cp10_r3p0_h2_fsm_clipfs_onezonefs_noend_pr1p0_pl1p0_pf1p0_pm1p0_dt1p0_fv1p0_hr1p0_hqtrapezoid_hp1p0_hc1p0_cim1p0_cp1p0_cn1p0_cd1p0_pg1p0,A53,OK,diagnostic_matched_wigley_sensitivity_not_hard_gate,wigley_iii,Fn0.4,0.4,2.1696064159197173,2.0,3.616010693199528,0.15,239.85000000000002,28,29,10,2.175,0.8250000000000002,0.07499999999999996,-0.8674843749999999,0.8674843749999999,0.06503124999999987,0.0650312500000001,heave,pitch_moment,-0.6749999999999998,-836.7579622335991,514.3887697373285,-62.756847167519894,38.57915773029961,-0.02001068622016823,-0.02001068622016823,0.0,0.39677398381001217,0.39677398381001217,0.0,0.0,0.39677398381001217,3.8142910595595336,1.513668831808137,0.0060320926795278795,0.0026667100959485647,0.05410107359543357,0.019863923183963222,4.1218613619303675,16848.93945095076,6379.34613256804,14137.330189801198,5610.278748825588,9166.387277785101,3419.416145330678,1.8996051906154454,0.8144399843540808,0.0048899461920566085,0.0021529757204349644,advance_eq19_20,0.6755383260071259,0.465180824846193,0.844246932493571,0.513243187462613,1.2497395040243289,1.1033197415914795,105.69301673551156,5.951523961493279e-16,a1_station_hull_matched_sweep_free_surface_marching_not_benchmark_validated,41,8,24,10,3.0,2,16,15.0,False,none,0.0,1.0,1.0,1.0,trapezoid,1.0,1.0,-1.0,1.0,1.0,1.0,1.0,True,False,True,3.0,11,9,40,True,True,True,True,A1_GRID_RECOMMENDED,"A1 Section 3.3 recommends control radius about 3B, inner free-surface panels greater than 10, outer/free-surface proxy panels greater than 8, and roughly 60 stations at Fn=0.2 or 40 at Fn=0.3."
14,st41_bp8_fs24_cp10_r3p0_h2_fsm_clipfs_onezonefs_noend_pr1p0_pl1p0_pf1p0_pm1p0_dt1p0_fv1p0_hr1p0_hqtrapezoid_hp1p0_hc1p0_cim1p0_cp1p0_cn1p0_cd1p0_pg1p0,A53,OK,diagnostic_matched_wigley_sensitivity_not_hard_gate,wigley_iii,Fn0.4,0.4,2.1696064159197173,2.0,3.616010693199528,0.15,239.85000000000002,29,30,9,2.25,0.75,0.07499999999999996,-0.8671874999999999,0.8671874999999999,0.06562499999999982,0.0656250000000001,heave,pitch_moment,-0.75,-808.6089125507516,530.5770709113582,-60.645668441306334,39.79328031835184,-0.019337514495460898,-0.019337514495460898,0.0,0.3770998834521975,0.3770998834521975,0.0,0.0,0.3770998834521975,3.5100110885884197,1.411986082441331,0.006136965432592225,0.00249385678800575,0.05802229984729246,0.020651894384339023,4.077937722951172,15858.426336214221,6018.894971475595,13009.543570324257,5233.400692075683,9068.707843621803,3392.170136841305,2.0194496626963505,0.835718006636742,0.004724306380620614,0.0020755903045420196,advance_eq19_20,0.5476199259733194,0.42235461350740666,0.7054607890760975,0.4778333122181788,1.2882306790101503,1.1313557303187816,104.75084920458065,6.9245252044117e-16,a1_station_hull_matched_sweep_free_surface_marching_not_benchmark_validated,41,8,24,10,3.0,2,16,15.0,False,none,0.0,1.0,1.0,1.0,trapezoid,1.0,1.0,-1.0,1.0,1.0,1.0,1.0,True,False,True,3.0,11,9,40,True,True,True,True,A1_GRID_RECOMMENDED,"A1 Section 3.3 recommends control radius about 3B, inner free-surface panels greater than 10, outer/free-surface proxy panels greater than 8, and roughly 60 stations at Fn=0.2 or 40 at Fn=0.3."
14,st41_bp8_fs24_cp10_r3p0_h2_fsm_clipfs_onezonefs_noend_pr1p0_pl1p0_pf1p0_pm1p0_dt1p0_fv1p0_hr1p0_hqtrapezoid_hp1p0_hc1p0_cim1p0_cp1p0_cn1p0_cd1p0_pg1p0,A53,OK,diagnostic_matched_wigley_sensitivity_not_hard_gate,wigley_iii,Fn0.4,0.4,2.1696064159197173,2.0,3.616010693199528,0.15,239.85000000000002,30,31,8,2.3249999999999997,0.6750000000000003,0.07499999999999996,-0.866859375,0.866859375,0.06628124999999996,0.06628125000000007,heave,pitch_moment,-0.8249999999999997,-761.3774599485375,529.8777698165779,-57.103309496140284,39.74083273624332,-0.018207995781085284,-0.018207995781085284,0.0,0.3583271283139245,0.3583271283139245,0.0,0.0,0.3583271283139245,3.2113880432089625,1.3131392177390693,0.005975636000839457,0.002414525656452169,0.05765701066669736,0.019846911479463655,3.9957932770173294,14853.83402765565,5646.216954252272,11902.723841863135,4867.033589329241,8886.03119876831,3338.213228584749,2.1279710185704666,0.9687571587215875,0.004321990444737628,0.0018932613565907689,advance_eq19_20,0.432642531503428,0.376220285139321,0.5780847508854121,0.4381119774126069,1.3361718018720306,1.1645091844273265,103.73019523740956,2.9761389602290564e-16,a1_station_hull_matched_sweep_free_surface_marching_not_benchmark_validated,41,8,24,10,3.0,2,16,15.0,False,none,0.0,1.0,1.0,1.0,trapezoid,1.0,1.0,-1.0,1.0,1.0,1.0,1.0,True,False,True,3.0,11,9,40,True,True,True,True,A1_GRID_RECOMMENDED,"A1 Section 3.3 recommends control radius about 3B, inner free-surface panels greater than 10, outer/free-surface proxy panels greater than 8, and roughly 60 stations at Fn=0.2 or 40 at Fn=0.3."
14,st41_bp8_fs24_cp10_r3p0_h2_fsm_clipfs_onezonefs_noend_pr1p0_pl1p0_pf1p0_pm1p0_dt1p0_fv1p0_hr1p0_hqtrapezoid_hp1p0_hc1p0_cim1p0_cp1p0_cn1p0_cd1p0_pg1p0,A53,OK,diagnostic_matched_wigley_sensitivity_not_hard_gate,wigley_iii,Fn0.4,0.4,2.1696064159197173,2.0,3.616010693199528,0.15,239.85000000000002,31,32,7,2.4,0.6000000000000001,0.07500000000000018,-0.8664999999999999,0.8664999999999998,0.06699999999999995,0.06700000000000006,heave,pitch_moment,-0.8999999999999999,-698.4464893189836,509.88963900555615,-52.383486698923896,38.2417229254168,-0.01670303023114645,-0.01670303023114645,0.0,0.3408716153078086,0.3408716153078086,0.0,0.0,0.3408716153078086,2.921770458362701,1.2189338712350044,0.005534043223463011,0.002142807588223856,0.05399717668734515,0.01795900505517272,3.8687449555534186,13830.888612486566,5253.210013634077,10829.282051026863,4517.8698605060945,8603.495224053882,3258.959375488371,2.2145804081461997,1.061053779396516,0.0037981530790003096,0.0016568589324438105,advance_eq19_20,0.33067017244973007,0.3279365488495048,0.4626094357166985,0.3953089332794096,1.3990056384266907,1.2054433538020277,102.63663006147284,4.258099436504331e-16,a1_station_hull_matched_sweep_free_surface_marching_not_benchmark_validated,41,8,24,10,3.0,2,16,15.0,False,none,0.0,1.0,1.0,1.0,trapezoid,1.0,1.0,-1.0,1.0,1.0,1.0,1.0,True,False,True,3.0,11,9,40,True,True,True,True,A1_GRID_RECOMMENDED,"A1 Section 3.3 recommends control radius about 3B, inner free-surface panels greater than 10, outer/free-surface proxy panels greater than 8, and roughly 60 stations at Fn=0.2 or 40 at Fn=0.3."
14,st41_bp8_fs24_cp10_r3p0_h2_fsm_clipfs_onezonefs_noend_pr1p0_pl1p0_pf1p0_pm1p0_dt1p0_fv1p0_hr1p0_hqtrapezoid_hp1p0_hc1p0_cim1p0_cp1p0_cn1p0_cd1p0_pg1p0,A53,OK,diagnostic_matched_wigley_sensitivity_not_hard_gate,wigley_iii,Fn0.4,0.4,2.1696064159197173,2.0,3.616010693199528,0.15,239.85000000000002,32,33,6,2.475,0.5249999999999999,0.07499999999999996,-0.866109375,0.866109375,0.06778124999999988,0.06778125000000013,heave,pitch_moment,-0.9750000000000001,-623.809874934155,464.97154085481714,-46.785740620061596,34.872865564111265,-0.014918129532975872,-0.014918129532975872,0.0,0.32506103542574744,0.32506103542574744,0.0,0.0,0.32506103542574744,2.645916806047816,1.1323377883933519,0.004909180293258124,0.0017618335638398112,0.0482613617519233,0.015463811268930094,3.668291039830979,12756.28253002769,4816.353011349314,9806.855050584874,4196.9091899228715,8157.716469865055,3146.3499030690396,2.2802619706356433,1.0438746610532945,0.003279371968599975,0.00142046132706012,advance_eq19_20,0.24127701238400542,0.2780590372594759,0.35886276202377887,0.35031975890924477,1.4873475035103194,1.2598754651600748,101.4760582021312,6.281608426029454e-16,a1_station_hull_matched_sweep_free_surface_marching_not_benchmark_validated,41,8,24,10,3.0,2,16,15.0,False,none,0.0,1.0,1.0,1.0,trapezoid,1.0,1.0,-1.0,1.0,1.0,1.0,1.0,True,False,True,3.0,11,9,40,True,True,True,True,A1_GRID_RECOMMENDED,"A1 Section 3.3 recommends control radius about 3B, inner free-surface panels greater than 10, outer/free-surface proxy panels greater than 8, and roughly 60 stations at Fn=0.2 or 40 at Fn=0.3."
14,st41_bp8_fs24_cp10_r3p0_h2_fsm_clipfs_onezonefs_noend_pr1p0_pl1p0_pf1p0_pm1p0_dt1p0_fv1p0_hr1p0_hqtrapezoid_hp1p0_hc1p0_cim1p0_cp1p0_cn1p0_cd1p0_pg1p0,A53,OK,diagnostic_matched_wigley_sensitivity_not_hard_gate,wigley_iii,Fn0.4,0.4,2.1696064159197173,2.0,3.616010693199528,0.15,239.85000000000002,33,34,5,2.55,0.4500000000000002,0.07499999999999996,-0.8656874999999999,0.8656874999999999,0.06862499999999994,0.06862500000000005,heave,pitch_moment,-1.0499999999999998,-542.5211727027618,378.86835035108936,-40.689087952707105,28.415126276331684,-0.01297414717844288,-0.01297414717844288,0.0,0.3111148970700381,0.3111148970700381,0.0,0.0,0.3111148970700381,2.3932888309211613,1.0595558602835211,0.004303448667679339,0.0013674579964751655,0.041885668184166926,0.013419605335593023,3.3056068219719847,11520.658452098764,4334.329208574578,8870.511954639065,3927.1494538481234,7351.162413694865,2966.2043423525524,2.3399918179996657,1.2795751387055458,0.0031902221793056896,0.0013666506443364844,advance_eq19_20,0.1639084925040034,0.2261043300699158,0.2661823895833248,0.3031213644464402,1.6239694814887238,1.3406260921792577,100.2548122089833,2.9973331639926854e-16,a1_station_hull_matched_sweep_free_surface_marching_not_benchmark_validated,41,8,24,10,3.0,2,16,15.0,False,none,0.0,1.0,1.0,1.0,trapezoid,1.0,1.0,-1.0,1.0,1.0,1.0,1.0,True,False,True,3.0,11,9,40,True,True,True,True,A1_GRID_RECOMMENDED,"A1 Section 3.3 recommends control radius about 3B, inner free-surface panels greater than 10, outer/free-surface proxy panels greater than 8, and roughly 60 stations at Fn=0.2 or 40 at Fn=0.3."
14,st41_bp8_fs24_cp10_r3p0_h2_fsm_clipfs_onezonefs_noend_pr1p0_pl1p0_pf1p0_pm1p0_dt1p0_fv1p0_hr1p0_hqtrapezoid_hp1p0_hc1p0_cim1p0_cp1p0_cn1p0_cd1p0_pg1p0,A53,OK,diagnostic_matched_wigley_sensitivity_not_hard_gate,wigley_iii,Fn0.4,0.4,2.1696064159197173,2.0,3.616010693199528,0.15,239.85000000000002,34,35,4,2.625,0.375,0.07499999999999996,-0.8652343749999999,0.8652343749999999,0.06953124999999993,0.06953125000000009,heave,pitch_moment,-1.125,-462.2215830609042,188.36282676363828,-34.666618729567794,14.127212007272863,-0.011053819001771291,-0.011053819001771291,0.0,0.29910091397993094,0.29910091397993094,0.0,0.0,0.29910091397993094,2.188908748440229,1.0169828967694095,0.004205856187924255,0.0015664146479251425,0.03672981876454222,0.01223107835179602,2.5659767015047357,9918.820146064661,3770.7077333123675,8112.99537681781,3769.3565552571968,5706.338502552317,2584.1786949141574,2.411337120252919,1.518330628339448,0.005195883160408521,0.0021907987807606635,advance_eq19_20,0.09850798625931773,0.17040499583038712,0.1839045204320056,0.252200750116026,1.8668996029203708,1.4800079591977127,98.98004886155589,4.772279070694561e-16,a1_station_hull_matched_sweep_free_surface_marching_not_benchmark_validated,41,8,24,10,3.0,2,16,15.0,False,none,0.0,1.0,1.0,1.0,trapezoid,1.0,1.0,-1.0,1.0,1.0,1.0,1.0,True,False,True,3.0,11,9,40,True,True,True,True,A1_GRID_RECOMMENDED,"A1 Section 3.3 recommends control radius about 3B, inner free-surface panels greater than 10, outer/free-surface proxy panels greater than 8, and roughly 60 stations at Fn=0.2 or 40 at Fn=0.3."
14,st41_bp8_fs24_cp10_r3p0_h2_fsm_clipfs_onezonefs_noend_pr1p0_pl1p0_pf1p0_pm1p0_dt1p0_fv1p0_hr1p0_hqtrapezoid_hp1p0_hc1p0_cim1p0_cp1p0_cn1p0_cd1p0_pg1p0,A53,OK,diagnostic_matched_wigley_sensitivity_not_hard_gate,wigley_iii,Fn0.4,0.4,2.1696064159197173,2.0,3.616010693199528,0.15,239.85000000000002,35,36,3,2.6999999999999997,0.30000000000000027,0.07499999999999996,-0.8647499999999999,0.8647499999999999,0.0704999999999999,0.07050000000000001,heave,pitch_moment,-1.1999999999999997,-400.6171562186104,-658.9393903382784,-30.04628671639576,-49.42045427537085,-0.00958057714336839,-0.00958057714336839,0.0,0.2887837159073611,0.2887837159073611,0.0,0.0,0.2887837159073611,2.1279145936188675,1.0663640281140008,0.004126025156233379,0.0019023487543103734,0.04015774062494164,0.014161331442602626,7.041279078365547,17532.804973487924,11531.886663059197,7886.925972859683,3952.3833217161377,15658.724371320744,10833.424024188414,2.5121555136169125,1.7129541574127471,0.0005355360490585,0.00024511194337155395,advance_eq19_20,0.04634207988553888,0.1078118456164243,0.11220858264677996,0.19447291110217563,2.421310889021941,1.803817660204763,97.66111149943443,8.300451173792893e-16,a1_station_hull_matched_sweep_free_surface_marching_not_benchmark_validated,41,8,24,10,3.0,2,16,15.0,False,none,0.0,1.0,1.0,1.0,trapezoid,1.0,1.0,-1.0,1.0,1.0,1.0,1.0,True,False,True,3.0,11,9,40,True,True,True,True,A1_GRID_RECOMMENDED,"A1 Section 3.3 recommends control radius about 3B, inner free-surface panels greater than 10, outer/free-surface proxy panels greater than 8, and roughly 60 stations at Fn=0.2 or 40 at Fn=0.3."
14,st41_bp8_fs24_cp10_r3p0_h2_fsm_clipfs_onezonefs_noend_pr1p0_pl1p0_pf1p0_pm1p0_dt1p0_fv1p0_hr1p0_hqtrapezoid_hp1p0_hc1p0_cim1p0_cp1p0_cn1p0_cd1p0_pg1p0,A53,OK,diagnostic_matched_wigley_sensitivity_not_hard_gate,wigley_iii,Fn0.4,0.4,2.1696064159197173,2.0,3.616010693199528,0.15,239.85000000000002,36,37,2,2.775,0.2250000000000001,0.07500000000000018,-0.8642343749999999,0.8642343749999999,0.07153124999999994,0.07153125000000005,heave,pitch_moment,-1.275,-473.13129279013174,1881.2058612146466,-35.48484695925996,141.09043959109883,-0.011314719749655384,-0.011314719749655384,0.0,0.2783360674608492,0.2783360674608492,0.0,0.0,0.2783360674608492,3.0435883666305505,1.7477048903338215,0.009857433144293302,0.005061414531696155,0.08564495723542313,0.032538054331647866,20.613737300026273,47209.38292875489,29240.358575203107,11280.7892814196,6477.712561304312,45841.7891197761,28513.81787098273,2.9884366104800666,2.107421797487725,0.003346466915973419,0.0013863800793190244,advance_eq19_20,0.011324267241924136,0.025771260541050237,0.05320115099717086,0.1251881255743892,4.697977349051974,4.857664039171888,96.3146992237131,8.317928290331872e-16,a1_station_hull_matched_sweep_free_surface_marching_not_benchmark_validated,41,8,24,10,3.0,2,16,15.0,False,none,0.0,1.0,1.0,1.0,trapezoid,1.0,1.0,-1.0,1.0,1.0,1.0,1.0,True,False,True,3.0,11,9,40,True,True,True,True,A1_GRID_RECOMMENDED,"A1 Section 3.3 recommends control radius about 3B, inner free-surface panels greater than 10, outer/free-surface proxy panels greater than 8, and roughly 60 stations at Fn=0.2 or 40 at Fn=0.3."
14,st41_bp8_fs24_cp10_r3p0_h2_fsm_clipfs_onezonefs_noend_pr1p0_pl1p0_pf1p0_pm1p0_dt1p0_fv1p0_hr1p0_hqtrapezoid_hp1p0_hc1p0_cim1p0_cp1p0_cn1p0_cd1p0_pg1p0,A53,OK,diagnostic_matched_wigley_sensitivity_not_hard_gate,wigley_iii,Fn0.4,0.4,2.1696064159197173,2.0,3.616010693199528,0.15,239.85000000000002,37,38,1,2.85,0.1499999999999999,0.07499999999999996,-0.8636874999999999,0.8636874999999999,0.07262499999999994,0.07262500000000005,heave,pitch_moment,-1.35,103.80306774431975,1027.8480538543904,7.785230080823976,77.08860403907923,0.0024824031692244138,0.0024824031692244138,0.0,0.27391990917063375,0.27391990917063375,0.0,0.0,0.27391990917063375,1.2161632108801417,0.8569128409807559,0.010303632387987106,0.0053815694396227645,0.07491818762507324,0.030039722206836938,17.6743447202012,39562.6582164795,27564.250194629338,4507.600654598927,3176.07114602956,39305.03099467843,27380.658517783715,0.5704751654149455,0.2359475575839672,0.00032762493207579604,0.00013295634105313145,advance_eq19_20,0.003604970997906601,0.010634101290128194,0.012527145605790936,0.02764291597852727,3.4749643237256067,2.599459533471684,94.99248929002074,5.344985176288856e-16,a1_station_hull_matched_sweep_free_surface_marching_not_benchmark_validated,41,8,24,10,3.0,2,16,15.0,False,none,0.0,1.0,1.0,1.0,trapezoid,1.0,1.0,-1.0,1.0,1.0,1.0,1.0,True,False,True,3.0,11,9,40,True,True,True,True,A1_GRID_RECOMMENDED,"A1 Section 3.3 recommends control radius about 3B, inner free-surface panels greater than 10, outer/free-surface proxy panels greater than 8, and roughly 60 stations at Fn=0.2 or 40 at Fn=0.3."
14,st41_bp8_fs24_cp10_r3p0_h2_fsm_clipfs_onezonefs_noend_pr1p0_pl1p0_pf1p0_pm1p0_dt1p0_fv1p0_hr1p0_hqtrapezoid_hp1p0_hc1p0_cim1p0_cp1p0_cn1p0_cd1p0_pg1p0,A53,OK,diagnostic_matched_wigley_sensitivity_not_hard_gate,wigley_iii,Fn0.4,0.4,2.1696064159197173,2.0,3.616010693199528,0.15,239.85000000000002,38,39,0,2.925,0.07500000000000018,0.03749999999999987,-0.8631093749999998,0.8631093749999998,0.07378124999999991,0.07378125000000002,heave,pitch_moment,-1.4249999999999998,-47.55856809715636,-2236.957417817355,-1.7834463036433572,-83.8859031681505,-0.0005686707663541865,-0.0005686707663541865,0.0,0.2745924399888917,0.2745924399888917,0.0,0.0,0.2745924399888917,1.3526688004850982,0.7886839727845547,0.0015366268150546994,0.0008239586505968437,0.00851675677713366,0.003853498738785419,59.80398779464646,133089.35850472006,72319.49727361668,5013.546468084281,2923.1869211226362,132994.89350727064,72318.56376398988,0.752371207944583,0.5306392395023662,0.0,0.0,initialize_eq21_22,0.0,0.0,0.004408425046550284,0.013004165221350386,,,113.95001957184003,1.0977799932066088e-15,a1_station_hull_matched_sweep_free_surface_marching_not_benchmark_validated,41,8,24,10,3.0,2,16,15.0,False,none,0.0,1.0,1.0,1.0,trapezoid,1.0,1.0,-1.0,1.0,1.0,1.0,1.0,True,False,True,3.0,11,9,40,True,True,True,True,A1_GRID_RECOMMENDED,"A1 Section 3.3 recommends control radius about 3B, inner free-surface panels greater than 10, outer/free-surface proxy panels greater than 8, and roughly 60 stations at Fn=0.2 or 40 at Fn=0.3."
14,st41_bp8_fs24_cp10_r3p0_h2_fsm_clipfs_onezonefs_noend_pr1p0_pl1p0_pf1p0_pm1p0_dt1p0_fv1p0_hr1p0_hqtrapezoid_hp1p0_hc1p0_ci1p0_cp1p0_cnm1p0_cd1p0_pg1p0,A53,OK,diagnostic_matched_wigley_sensitivity_not_hard_gate,wigley_iii,Fn0.4,0.4,2.1696064159197173,2.0,3.616010693199528,0.15,239.85000000000002,0,1,38,0.075,2.925,0.0375,-0.8631093749999998,0.8631093749999998,0.07378124999999991,0.07378125000000002,heave,pitch_moment,1.425,116475955997050.98,-2320864646791422.5,4367848349889.4116,-87032424254678.34,1392734764.9190505,1392734764.9190505,0.0,0.0,0.0,0.0,0.0,0.0,3340140927943.1494,1938549236140.8308,3505187186642.1743,2249716714058.289,20484127820793.11,14469042543125.875,72298389241784.77,1.6125644214569162e+17,9.086192508644202e+16,1.2379934945041718e+16,7185060136358497.0,1.607805253886282e+17,9.0577394206563e+16,30439298279541.816,14044166769605.715,403615831902.21356,212640603491.3795,advance_eq19_20,421186084530.2374,736984233965.1555,1027590487255.8693,1788868706020.6248,2.439754125310133,2.4272821908225546,690.6987294891596,5.586763555933396e-15,a1_station_hull_matched_sweep_free_surface_marching_not_benchmark_validated,41,8,24,10,3.0,2,16,15.0,False,none,0.0,1.0,1.0,1.0,trapezoid,1.0,1.0,1.0,1.0,-1.0,1.0,1.0,True,False,True,3.0,11,9,40,True,True,True,True,A1_GRID_RECOMMENDED,"A1 Section 3.3 recommends control radius about 3B, inner free-surface panels greater than 10, outer/free-surface proxy panels greater than 8, and roughly 60 stations at Fn=0.2 or 40 at Fn=0.3."
14,st41_bp8_fs24_cp10_r3p0_h2_fsm_clipfs_onezonefs_noend_pr1p0_pl1p0_pf1p0_pm1p0_dt1p0_fv1p0_hr1p0_hqtrapezoid_hp1p0_hc1p0_ci1p0_cp1p0_cnm1p0_cd1p0_pg1p0,A53,OK,diagnostic_matched_wigley_sensitivity_not_hard_gate,wigley_iii,Fn0.4,0.4,2.1696064159197173,2.0,3.616010693199528,0.15,239.85000000000002,1,2,37,0.15,2.85,0.07499999999999998,-0.8636874999999999,0.8636874999999999,0.07262499999999991,0.07262500000000005,heave,pitch_moment,1.35,-96047436818275.4,-724547067332875.2,-7203557761370.654,-54341030049965.63,-2296930781.8613653,-2296930781.8613653,0.0,244269373.9883678,244269373.9883678,0.0,0.0,244269373.9883678,1084673909933.9905,764606341904.3948,1532219776171.7737,927919981047.9403,8308174162981.759,5872647178146.832,21309518676483.137,4.755932296915536e+16,2.7235602401909024e+16,4020247268379747.5,2833945326124827.5,4.738910015167533e+16,2.7235019319910932e+16,12852209792742.76,5773598306903.33,158789297876.8719,85421311091.83246,advance_eq19_20,172706361528.4949,298790089279.301,424337122379.6312,742532436946.2659,2.4569860578622613,2.4851307442535897,467.1647912208976,5.375967273907066e-15,a1_station_hull_matched_sweep_free_surface_marching_not_benchmark_validated,41,8,24,10,3.0,2,16,15.0,False,none,0.0,1.0,1.0,1.0,trapezoid,1.0,1.0,1.0,1.0,-1.0,1.0,1.0,True,False,True,3.0,11,9,40,True,True,True,True,A1_GRID_RECOMMENDED,"A1 Section 3.3 recommends control radius about 3B, inner free-surface panels greater than 10, outer/free-surface proxy panels greater than 8, and roughly 60 stations at Fn=0.2 or 40 at Fn=0.3."
14,st41_bp8_fs24_cp10_r3p0_h2_fsm_clipfs_onezonefs_noend_pr1p0_pl1p0_pf1p0_pm1p0_dt1p0_fv1p0_hr1p0_hqtrapezoid_hp1p0_hc1p0_ci1p0_cp1p0_cnm1p0_cd1p0_pg1p0,A53,OK,diagnostic_matched_wigley_sensitivity_not_hard_gate,wigley_iii,Fn0.4,0.4,2.1696064159197173,2.0,3.616010693199528,0.15,239.85000000000002,2,3,36,0.22499999999999998,2.775,0.075,-0.8642343749999999,0.8642343749999999,0.07153124999999994,0.07153125000000006,heave,pitch_moment,1.275,49654053433741.52,569768700610892.0,3724054007530.6143,42732652545816.9,1187454111.7837384,1187454111.7837384,0.0,-310468961.05044574,-310468961.05044574,0.0,0.0,-310468961.05044574,319713650447.33984,183811923319.86176,571822490751.0842,375613254866.15063,3466397392809.08,2445385482245.2334,7634767040187.902,1.7019852533853356e+16,1.1968490432702766e+16,1184990178248922.8,681282527268746.6,1.6978550543305164e+16,1.1949084373111438e+16,5100651965098.426,2338622817456.442,65961832432.86714,35378477930.63353,advance_eq19_20,71930955776.29668,124627525552.18736,173943718774.3113,300934903606.3235,2.418203913698458,2.414674465155035,461.5326042201192,4.6428763181418635e-15,a1_station_hull_matched_sweep_free_surface_marching_not_benchmark_validated,41,8,24,10,3.0,2,16,15.0,False,none,0.0,1.0,1.0,1.0,trapezoid,1.0,1.0,1.0,1.0,-1.0,1.0,1.0,True,False,True,3.0,11,9,40,True,True,True,True,A1_GRID_RECOMMENDED,"A1 Section 3.3 recommends control radius about 3B, inner free-surface panels greater than 10, outer/free-surface proxy panels greater than 8, and roughly 60 stations at Fn=0.2 or 40 at Fn=0.3."
14,st41_bp8_fs24_cp10_r3p0_h2_fsm_clipfs_onezonefs_noend_pr1p0_pl1p0_pf1p0_pm1p0_dt1p0_fv1p0_hr1p0_hqtrapezoid_hp1p0_hc1p0_ci1p0_cp1p0_cnm1p0_cd1p0_pg1p0,A53,OK,diagnostic_matched_wigley_sensitivity_not_hard_gate,wigley_iii,Fn0.4,0.4,2.1696064159197173,2.0,3.616010693199528,0.15,239.85000000000002,3,4,35,0.3,2.7,0.07500000000000001,-0.8647499999999999,0.8647499999999999,0.0704999999999999,0.07050000000000001,heave,pitch_moment,1.2,15236173778030.66,-219859191619860.9,1142713033352.2996,-16489439371489.57,364366168.5086078,364366168.5086078,0.0,465441179.09572756,465441179.09572756,0.0,0.0,465441179.09572756,80776042435.21268,41367719010.61,237638931928.2587,155376787500.23468,1428131494990.1855,1007977168956.8035,1953885042274.549,4355442618163512.0,2534356727160328.0,299389209030069.6,153325767153030.12,4345140561780640.5,2529714456145148.5,2131948538604.3892,966385880724.535,27221253975.8021,14596762111.146605,advance_eq19_20,29886036522.73979,51787678101.59612,72424833199.98297,125484519691.96593,2.423366950812501,2.4230574586833704,463.56398367166815,4.9619270311991446e-15,a1_station_hull_matched_sweep_free_surface_marching_not_benchmark_validated,41,8,24,10,3.0,2,16,15.0,False,none,0.0,1.0,1.0,1.0,trapezoid,1.0,1.0,1.0,1.0,-1.0,1.0,1.0,True,False,True,3.0,11,9,40,True,True,True,True,A1_GRID_RECOMMENDED,"A1 Section 3.3 recommends control radius about 3B, inner free-surface panels greater than 10, outer/free-surface proxy panels greater than 8, and roughly 60 stations at Fn=0.2 or 40 at Fn=0.3."
14,st41_bp8_fs24_cp10_r3p0_h2_fsm_clipfs_onezonefs_noend_pr1p0_pl1p0_pf1p0_pm1p0_dt1p0_fv1p0_hr1p0_hqtrapezoid_hp1p0_hc1p0_ci1p0_cp1p0_cnm1p0_cd1p0_pg1p0,A53,OK,diagnostic_matched_wigley_sensitivity_not_hard_gate,wigley_iii,Fn0.4,0.4,2.1696064159197173,2.0,3.616010693199528,0.15,239.85000000000002,4,5,34,0.375,2.625,0.07499999999999998,-0.8652343749999999,0.8652343749999999,0.06953124999999993,0.06953125000000009,heave,pitch_moment,1.125,5787611191785.201,-60526209919517.03,434070839383.89,-4539465743963.776,138408090.21284893,138408090.21284893,0.0,716828308.456456,716828308.456456,0.0,0.0,716828308.456456,27216372808.862473,13180921854.785408,98084558195.37148,64103597274.65537,589008165222.323,415747779293.8499,472445851912.6572,1055478605433182.9,546270256343996.7,100875062484625.38,48853913232459.68,1050647090271466.6,544081324921202.56,885897081559.2438,398336432384.04645,11222745585.746078,6019552810.858489,advance_eq19_20,12410708106.402021,21503539933.61161,30081748519.26394,52127295836.97908,2.423854324939475,2.424126260044296,465.55753958209425,6.210572495702671e-15,a1_station_hull_matched_sweep_free_surface_marching_not_benchmark_validated,41,8,24,10,3.0,2,16,15.0,False,none,0.0,1.0,1.0,1.0,trapezoid,1.0,1.0,1.0,1.0,-1.0,1.0,1.0,True,False,True,3.0,11,9,40,True,True,True,True,A1_GRID_RECOMMENDED,"A1 Section 3.3 recommends control radius about 3B, inner free-surface panels greater than 10, outer/free-surface proxy panels greater than 8, and roughly 60 stations at Fn=0.2 or 40 at Fn=0.3."
14,st41_bp8_fs24_cp10_r3p0_h2_fsm_clipfs_onezonefs_noend_pr1p0_pl1p0_pf1p0_pm1p0_dt1p0_fv1p0_hr1p0_hqtrapezoid_hp1p0_hc1p0_ci1p0_cp1p0_cnm1p0_cd1p0_pg1p0,A53,OK,diagnostic_matched_wigley_sensitivity_not_hard_gate,wigley_iii,Fn0.4,0.4,2.1696064159197173,2.0,3.616010693199528,0.15,239.85000000000002,5,6,33,0.44999999999999996,2.55,0.07500000000000001,-0.8656874999999999,0.8656874999999999,0.06862499999999994,0.06862500000000005,heave,pitch_moment,1.05,2282646549818.937,-21585139304772.555,171198491236.4203,-1618885447857.942,54588454.39372656,54588454.39372656,0.0,813326580.7597437,813326580.7597437,0.0,0.0,813326580.7597437,9952848249.58778,4669054809.90083,40436469726.066444,26440073764.995335,243014453957.10938,171528891472.39084,156275400287.48535,349484866694761.3,170540189710995.84,36889345840759.16,17305435922729.494,347532513892004.0,169659889762391.25,367703639329.2174,164155785637.2653,4626601868.5851145,2482590755.782263,advance_eq19_20,5152802559.2813635,8926504126.77652,12487829673.174612,21637344798.628418,2.4235024590028593,2.423943852075712,467.4627559098952,3.976579780642299e-15,a1_station_hull_matched_sweep_free_surface_marching_not_benchmark_validated,41,8,24,10,3.0,2,16,15.0,False,none,0.0,1.0,1.0,1.0,trapezoid,1.0,1.0,1.0,1.0,-1.0,1.0,1.0,True,False,True,3.0,11,9,40,True,True,True,True,A1_GRID_RECOMMENDED,"A1 Section 3.3 recommends control radius about 3B, inner free-surface panels greater than 10, outer/free-surface proxy panels greater than 8, and roughly 60 stations at Fn=0.2 or 40 at Fn=0.3."
14,st41_bp8_fs24_cp10_r3p0_h2_fsm_clipfs_onezonefs_noend_pr1p0_pl1p0_pf1p0_pm1p0_dt1p0_fv1p0_hr1p0_hqtrapezoid_hp1p0_hc1p0_ci1p0_cp1p0_cnm1p0_cd1p0_pg1p0,A53,OK,diagnostic_matched_wigley_sensitivity_not_hard_gate,wigley_iii,Fn0.4,0.4,2.1696064159197173,2.0,3.616010693199528,0.15,239.85000000000002,6,7,32,0.525,2.475,0.07500000000000001,-0.866109375,0.866109375,0.0677812499999999,0.06778125000000006,heave,pitch_moment,0.975,905203693162.6846,-8150462693451.356,67890276987.201355,-611284702008.8518,21647534.755288165,21647534.755288165,0.0,851444575.334251,851444575.334251,0.0,0.0,851444575.334251,3780584851.029608,1737244158.953706,16668584514.521553,10906921789.727291,100294987612.6848,70790042540.34674,56573016140.90286,126587637931559.36,59716511223120.14,14012401129067.986,6438940791861.897,125809708256913.38,59368356505296.08,152562412783.03815,67661711828.66677,1907717371.1061633,1024119639.0422254,advance_eq19_20,2139174408.3333006,3705098219.133852,5183015155.611459,8978909837.441914,2.422904432392547,2.4233932021216242,469.26868604625724,4.677135192938137e-15,a1_station_hull_matched_sweep_free_surface_marching_not_benchmark_validated,41,8,24,10,3.0,2,16,15.0,False,none,0.0,1.0,1.0,1.0,trapezoid,1.0,1.0,1.0,1.0,-1.0,1.0,1.0,True,False,True,3.0,11,9,40,True,True,True,True,A1_GRID_RECOMMENDED,"A1 Section 3.3 recommends control radius about 3B, inner free-surface panels greater than 10, outer/free-surface proxy panels greater than 8, and roughly 60 stations at Fn=0.2 or 40 at Fn=0.3."
14,st41_bp8_fs24_cp10_r3p0_h2_fsm_clipfs_onezonefs_noend_pr1p0_pl1p0_pf1p0_pm1p0_dt1p0_fv1p0_hr1p0_hqtrapezoid_hp1p0_hc1p0_ci1p0_cp1p0_cnm1p0_cd1p0_pg1p0,A53,OK,diagnostic_matched_wigley_sensitivity_not_hard_gate,wigley_iii,Fn0.4,0.4,2.1696064159197173,2.0,3.616010693199528,0.15,239.85000000000002,7,8,31,0.6,2.4,0.07499999999999996,-0.8664999999999999,0.8664999999999998,0.06699999999999995,0.06700000000000006,heave,pitch_moment,0.9,357415118591.0433,-3126071137093.83,26806133894.328228,-234455335282.0371,8547420.056067437,8547420.056067437,0.0,866542052.7399288,866542052.7399288,0.0,0.0,866542052.7399288,1467855229.3714314,664617826.4197497,6872489459.006627,4500408405.823268,41405430032.739235,29223688944.908188,21351196041.0761,47792453352322.82,22056609128675.414,5440474710612.84,2463346796405.464,47481784216235.33,21918620595644.39,63288148660.70751,27897311384.940807,786857398.3223903,422595140.8344476,advance_eq19_20,887995181.7535257,1537727903.4667585,2150933410.039082,3725489535.8984184,2.4222354515388584,2.422723504918797,470.9710640470017,5.589468533396523e-15,a1_station_hull_matched_sweep_free_surface_marching_not_benchmark_validated,41,8,24,10,3.0,2,16,15.0,False,none,0.0,1.0,1.0,1.0,trapezoid,1.0,1.0,1.0,1.0,-1.0,1.0,1.0,True,False,True,3.0,11,9,40,True,True,True,True,A1_GRID_RECOMMENDED,"A1 Section 3.3 recommends control radius about 3B, inner free-surface panels greater than 10, outer/free-surface proxy panels greater than 8, and roughly 60 stations at Fn=0.2 or 40 at Fn=0.3."
14,st41_bp8_fs24_cp10_r3p0_h2_fsm_clipfs_onezonefs_noend_pr1p0_pl1p0_pf1p0_pm1p0_dt1p0_fv1p0_hr1p0_hqtrapezoid_hp1p0_hc1p0_ci1p0_cp1p0_cnm1p0_cd1p0_pg1p0,A53,OK,diagnostic_matched_wigley_sensitivity_not_hard_gate,wigley_iii,Fn0.4,0.4,2.1696064159197173,2.0,3.616010693199528,0.15,239.85000000000002,8,9,30,0.6749999999999999,2.325,0.07500000000000001,-0.866859375,0.866859375,0.06628124999999993,0.06628125000000007,heave,pitch_moment,0.8250000000000001,139936710381.44427,-1200589405010.6694,10495253278.608322,-90044205375.80022,3346522.804098394,3346522.804098394,0.0,872489024.1700118,872489024.1700118,0.0,0.0,872489024.1700118,578109632.378242,258817938.2066567,2834433675.305315,1857493897.5987353,17098594865.775995,12067636152.71931,8252748192.378396,18477504258449.777,8395575512941.015,2142711877834.4055,959285642950.8033,18352845812832.867,8340591061113.31,26251199182.480328,11506176142.853056,324654696.0890889,174434406.9801132,advance_eq19_20,368579093.31637084,638144036.2711358,892538000.0920523,1545603460.9454856,2.4215643705160996,2.422029155011623,472.56584172229344,5.11376779254622e-15,a1_station_hull_matched_sweep_free_surface_marching_not_benchmark_validated,41,8,24,10,3.0,2,16,15.0,False,none,0.0,1.0,1.0,1.0,trapezoid,1.0,1.0,1.0,1.0,-1.0,1.0,1.0,True,False,True,3.0,11,9,40,True,True,True,True,A1_GRID_RECOMMENDED,"A1 Section 3.3 recommends control radius about 3B, inner free-surface panels greater than 10, outer/free-surface proxy panels greater than 8, and roughly 60 stations at Fn=0.2 or 40 at Fn=0.3."
14,st41_bp8_fs24_cp10_r3p0_h2_fsm_clipfs_onezonefs_noend_pr1p0_pl1p0_pf1p0_pm1p0_dt1p0_fv1p0_hr1p0_hqtrapezoid_hp1p0_hc1p0_ci1p0_cp1p0_cnm1p0_cd1p0_pg1p0,A53,OK,diagnostic_matched_wigley_sensitivity_not_hard_gate,wigley_iii,Fn0.4,0.4,2.1696064159197173,2.0,3.616010693199528,0.15,239.85000000000002,9,10,29,0.75,2.25,0.07500000000000001,-0.8671874999999999,0.8671874999999999,0.06562499999999982,0.0656250000000001,heave,pitch_moment,0.75,54194531681.8483,-458615098081.4524,4064589876.1386228,-34396132356.10893,1296037.5846793316,1296037.5846793316,0.0,874810304.3644006,874810304.3644006,0.0,0.0,874810304.3644006,229992552.10923988,102039151.93287326,1169418256.0724547,766885621.4373797,7062865745.442846,4984562814.436814,3239553739.928204,7254528178022.336,3257303554154.996,852446915977.8425,378199031127.138,7204270493336.57,3235273085346.16,10887584105.878214,4747357902.238012,133996201.10114773,72022992.82306775,advance_eq19_20,152966024.4438614,264793950.0220313,370319028.3188199,641159612.4420806,2.420923402207705,2.4213529515637915,474.0481182363453,4.962967035438228e-15,a1_station_hull_matched_sweep_free_surface_marching_not_benchmark_validated,41,8,24,10,3.0,2,16,15.0,False,none,0.0,1.0,1.0,1.0,trapezoid,1.0,1.0,1.0,1.0,-1.0,1.0,1.0,True,False,True,3.0,11,9,40,True,True,True,True,A1_GRID_RECOMMENDED,"A1 Section 3.3 recommends control radius about 3B, inner free-surface panels greater than 10, outer/free-surface proxy panels greater than 8, and roughly 60 stations at Fn=0.2 or 40 at Fn=0.3."
14,st41_bp8_fs24_cp10_r3p0_h2_fsm_clipfs_onezonefs_noend_pr1p0_pl1p0_pf1p0_pm1p0_dt1p0_fv1p0_hr1p0_hqtrapezoid_hp1p0_hc1p0_ci1p0_cp1p0_cnm1p0_cd1p0_pg1p0,A53,OK,diagnostic_matched_wigley_sensitivity_not_hard_gate,wigley_iii,Fn0.4,0.4,2.1696064159197173,2.0,3.616010693199528,0.15,239.85000000000002,10,11,28,0.825,2.175,0.07499999999999996,-0.8674843749999999,0.8674843749999999,0.06503124999999987,0.0650312500000001,heave,pitch_moment,0.675,20716432755.178257,-173506525715.867,1553732456.6383684,-13012989428.690018,495424.0702514603,495424.0702514603,0.0,875706035.1918662,875706035.1918662,0.0,0.0,875706035.1918662,92189648.80970372,40596515.93323755,482642384.14592254,316706714.25426704,2918164613.345733,2059401760.4654806,1285508908.2719598,2879122443225.4224,1280518120708.984,341692724795.6528,150467371614.26282,2858774584486.515,1271647053055.0383,4515058299.209809,1959393945.5461326,55322768.19197026,29746431.993734144,advance_eq19_20,63473039.21700442,109858742.09519605,153625676.738972,265936922.61805832,2.42032961764679,2.420716982064255,475.4122985160682,5.340196488744903e-15,a1_station_hull_matched_sweep_free_surface_marching_not_benchmark_validated,41,8,24,10,3.0,2,16,15.0,False,none,0.0,1.0,1.0,1.0,trapezoid,1.0,1.0,1.0,1.0,-1.0,1.0,1.0,True,False,True,3.0,11,9,40,True,True,True,True,A1_GRID_RECOMMENDED,"A1 Section 3.3 recommends control radius about 3B, inner free-surface panels greater than 10, outer/free-surface proxy panels greater than 8, and roughly 60 stations at Fn=0.2 or 40 at Fn=0.3."
14,st41_bp8_fs24_cp10_r3p0_h2_fsm_clipfs_onezonefs_noend_pr1p0_pl1p0_pf1p0_pm1p0_dt1p0_fv1p0_hr1p0_hqtrapezoid_hp1p0_hc1p0_ci1p0_cp1p0_cnm1p0_cd1p0_pg1p0,A53,OK,diagnostic_matched_wigley_sensitivity_not_hard_gate,wigley_iii,Fn0.4,0.4,2.1696064159197173,2.0,3.616010693199528,0.15,239.85000000000002,11,12,27,0.8999999999999999,2.1,0.07500000000000001,-0.8677499999999999,0.8677499999999999,0.06449999999999989,0.0645,heave,pitch_moment,0.6000000000000001,7797229790.705479,-64777172390.159355,584792234.302911,-4858287929.261952,186467.20529776913,186467.20529776913,0.0,876046980.8296407,876046980.8296407,0.0,0.0,876046980.8296407,37169846.57596902,16265672.777625764,199263212.87724617,130827749.9677376,1205970615.7288344,851048556.4016047,514223329.720207,1151822444870.2422,508285988255.9556,137766726750.37207,60287267863.37871,1143553791260.9753,504698019800.8535,1872120470.4414744,808971933.4765507,22847996.297698207,12288935.690859389,advance_eq19_20,26332864.69677079,45570485.6385319,63720080.456600495,110286676.35069169,2.4197929541792127,2.420133882826988,476.65246731613325,3.758724969365363e-15,a1_station_hull_matched_sweep_free_surface_marching_not_benchmark_validated,41,8,24,10,3.0,2,16,15.0,False,none,0.0,1.0,1.0,1.0,trapezoid,1.0,1.0,1.0,1.0,-1.0,1.0,1.0,True,False,True,3.0,11,9,40,True,True,True,True,A1_GRID_RECOMMENDED,"A1 Section 3.3 recommends control radius about 3B, inner free-surface panels greater than 10, outer/free-surface proxy panels greater than 8, and roughly 60 stations at Fn=0.2 or 40 at Fn=0.3."
14,st41_bp8_fs24_cp10_r3p0_h2_fsm_clipfs_onezonefs_noend_pr1p0_pl1p0_pf1p0_pm1p0_dt1p0_fv1p0_hr1p0_hqtrapezoid_hp1p0_hc1p0_ci1p0_cp1p0_cnm1p0_cd1p0_pg1p0,A53,OK,diagnostic_matched_wigley_sensitivity_not_hard_gate,wigley_iii,Fn0.4,0.4,2.1696064159197173,2.0,3.616010693199528,0.15,239.85000000000002,12,13,26,0.975,2.025,0.07500000000000007,-0.8679843749999999,0.8679843749999999,0.06403124999999998,0.0640312500000001,heave,pitch_moment,0.525,2880046211.606906,-23770163699.520092,216003465.87051815,-1782762277.4640086,68874.99568717695,68874.99568717695,0.0,876174651.9301332,876174651.9301332,0.0,0.0,876174651.9301332,15057183.335525956,6554283.084836044,82293496.86662681,54056621.812447265,498483402.34754366,351767719.8908529,206978531.46974507,463659408396.33057,203264202972.67105,55808109349.49579,24292866664.049522,460288498580.25995,201807316119.50525,776121167.5389503,334101213.17226344,9438768.424479738,5078071.33839065,advance_eq19_20,10922077.061209911,18899027.77604698,26423994.559433173,45728304.73595547,2.4193195498756177,2.4196114888995757,477.76272938128045,7.918626121563341e-15,a1_station_hull_matched_sweep_free_surface_marching_not_benchmark_validated,41,8,24,10,3.0,2,16,15.0,False,none,0.0,1.0,1.0,1.0,trapezoid,1.0,1.0,1.0,1.0,-1.0,1.0,1.0,True,False,True,3.0,11,9,40,True,True,True,True,A1_GRID_RECOMMENDED,"A1 Section 3.3 recommends control radius about 3B, inner free-surface panels greater than 10, outer/free-surface proxy panels greater than 8, and roughly 60 stations at Fn=0.2 or 40 at Fn=0.3."
14,st41_bp8_fs24_cp10_r3p0_h2_fsm_clipfs_onezonefs_noend_pr1p0_pl1p0_pf1p0_pm1p0_dt1p0_fv1p0_hr1p0_hqtrapezoid_hp1p0_hc1p0_ci1p0_cp1p0_cnm1p0_cd1p0_pg1p0,A53,OK,diagnostic_matched_wigley_sensitivity_not_hard_gate,wigley_iii,Fn0.4,0.4,2.1696064159197173,2.0,3.616010693199528,0.15,239.85000000000002,13,14,25,1.05,1.95,0.07500000000000001,-0.8681874999999999,0.8681874999999999,0.06362499999999982,0.0636250000000001,heave,pitch_moment,0.44999999999999996,1038982470.1556937,-8528418830.4649935,77923685.26167704,-639631412.2848746,24846.79338221429,24846.79338221429,0.0,876221512.8246679,876221512.8246679,0.0,0.0,876221512.8246679,6123362.581369303,2653628.790288602,33996119.55445674,22340535.444977764,206081938.62392277,145423421.69017473,83725249.91061644,187570244650.87247,81771658539.73184,22695698186.883495,9835438833.502356,186192110365.06903,81178003691.2151,321688860.4258608,138021018.32256487,3900267.9119117926,2098828.1102786865,advance_eq19_20,4528916.346270626,7835846.609980215,10955055.471677078,18956126.323945317,2.4189131867489913,2.4191548491775774,478.7374711729425,4.175065506032925e-15,a1_station_hull_matched_sweep_free_surface_marching_not_benchmark_validated,41,8,24,10,3.0,2,16,15.0,False,none,0.0,1.0,1.0,1.0,trapezoid,1.0,1.0,1.0,1.0,-1.0,1.0,1.0,True,False,True,3.0,11,9,40,True,True,True,True,A1_GRID_RECOMMENDED,"A1 Section 3.3 recommends control radius about 3B, inner free-surface panels greater than 10, outer/free-surface proxy panels greater than 8, and roughly 60 stations at Fn=0.2 or 40 at Fn=0.3."
14,st41_bp8_fs24_cp10_r3p0_h2_fsm_clipfs_onezonefs_noend_pr1p0_pl1p0_pf1p0_pm1p0_dt1p0_fv1p0_hr1p0_hqtrapezoid_hp1p0_hc1p0_ci1p0_cp1p0_cnm1p0_cd1p0_pg1p0,A53,OK,diagnostic_matched_wigley_sensitivity_not_hard_gate,wigley_iii,Fn0.4,0.4,2.1696064159197173,2.0,3.616010693199528,0.15,239.85000000000002,14,15,24,1.125,1.875,0.07499999999999996,-0.8683593749999999,0.8683593749999999,0.06328124999999996,0.06328125000000007,heave,pitch_moment,0.375,363348237.73620415,-2968628666.0885315,27251117.830215294,-222647149.95663974,8689.307902827528,8689.307902827528,0.0,876238280.8753104,876238280.8753104,0.0,0.0,876238280.8753104,2498479.075169666,1078770.2129702603,14047732.359817747,9234687.024540368,85210276.46365082,60128049.77552023,34006635.43947637,76190400289.9939,33059142210.962788,9260390228.8625,3998365741.2457333,75625539794.16405,32816458601.194218,133302436.02757715,57032677.2013951,1612031.3157282246,867633.118939082,advance_eq19_20,1877366.4942974397,3247931.8381193387,4540553.376306086,7855990.348991424,2.4185759094445123,2.4187670002152215,479.5715522185469,3.630313369575216e-15,a1_station_hull_matched_sweep_free_surface_marching_not_benchmark_validated,41,8,24,10,3.0,2,16,15.0,False,none,0.0,1.0,1.0,1.0,trapezoid,1.0,1.0,1.0,1.0,-1.0,1.0,1.0,True,False,True,3.0,11,9,40,True,True,True,True,A1_GRID_RECOMMENDED,"A1 Section 3.3 recommends control radius about 3B, inner free-surface panels greater than 10, outer/free-surface proxy panels greater than 8, and roughly 60 stations at Fn=0.2 or 40 at Fn=0.3."
14,st41_bp8_fs24_cp10_r3p0_h2_fsm_clipfs_onezonefs_noend_pr1p0_pl1p0_pf1p0_pm1p0_dt1p0_fv1p0_hr1p0_hqtrapezoid_hp1p0_hc1p0_ci1p0_cp1p0_cnm1p0_cd1p0_pg1p0,A53,OK,diagnostic_matched_wigley_sensitivity_not_hard_gate,wigley_iii,Fn0.4,0.4,2.1696064159197173,2.0,3.616010693199528,0.15,239.85000000000002,15,16,23,1.2,1.8,0.07499999999999996,-0.8684999999999999,0.8684999999999998,0.06299999999999994,0.06300000000000008,heave,pitch_moment,0.30000000000000004,121642296.68233603,-989783690.5739269,9123172.251175197,-74233776.79304448,2909.0202183595034,2909.0202183595034,0.0,876244080.039371,876244080.039371,0.0,0.0,876244080.039371,1022389.7774666811,440135.80808393366,5806080.977544474,3817879.5885697585,35236578.44739798,24864012.884236455,13860234.27062557,31055095955.338436,13421910879.175793,3789396677.1358395,1631324183.2038074,30823034529.692066,13322404927.70851,55223038.48554928,23572287.39735364,666407.5480361361,358726.5903109618,advance_eq19_20,777953.6377261985,1345818.8638484273,1881331.8291912638,3254794.4177816263,2.4183084157688586,2.4184490983239755,480.2604432484979,3.708583077432287e-15,a1_station_hull_matched_sweep_free_surface_marching_not_benchmark_validated,41,8,24,10,3.0,2,16,15.0,False,none,0.0,1.0,1.0,1.0,trapezoid,1.0,1.0,1.0,1.0,-1.0,1.0,1.0,True,False,True,3.0,11,9,40,True,True,True,True,A1_GRID_RECOMMENDED,"A1 Section 3.3 recommends control radius about 3B, inner free-surface panels greater than 10, outer/free-surface proxy panels greater than 8, and roughly 60 stations at Fn=0.2 or 40 at Fn=0.3."
14,st41_bp8_fs24_cp10_r3p0_h2_fsm_clipfs_onezonefs_noend_pr1p0_pl1p0_pf1p0_pm1p0_dt1p0_fv1p0_hr1p0_hqtrapezoid_hp1p0_hc1p0_ci1p0_cp1p0_cnm1p0_cd1p0_pg1p0,A53,OK,diagnostic_matched_wigley_sensitivity_not_hard_gate,wigley_iii,Fn0.4,0.4,2.1696064159197173,2.0,3.616010693199528,0.15,239.85000000000002,16,17,22,1.275,1.725,0.07499999999999996,-0.8686093749999999,0.8686093749999999,0.0627812499999999,0.06278125000000001,heave,pitch_moment,0.2250000000000001,38073652.68766631,-308661111.7145009,2855523.951574972,-23149583.378587555,910.5140931731705,910.5140931731705,0.0,876245989.8065268,876245989.8065268,0.0,0.0,876245989.8065268,419449.5922214626,180164.7244274305,2400195.228257027,1578630.7218350295,14572408.746699419,10282598.033053122,5665982.761833537,12695822506.245474,5469493414.350092,1554652565.999265,667764509.3186083,12600276366.378675,5428577048.335365,22870064.169301566,9744650.595189037,275537.69133387675,148335.7571043803,advance_eq19_20,322250.05556293903,557455.1581590842,779236.3436510392,1348038.3517355658,2.418110812393159,2.418200517127278,480.80032593830697,4.064761634159994e-15,a1_station_hull_matched_sweep_free_surface_marching_not_benchmark_validated,41,8,24,10,3.0,2,16,15.0,False,none,0.0,1.0,1.0,1.0,trapezoid,1.0,1.0,1.0,1.0,-1.0,1.0,1.0,True,False,True,3.0,11,9,40,True,True,True,True,A1_GRID_RECOMMENDED,"A1 Section 3.3 recommends control radius about 3B, inner free-surface panels greater than 10, outer/free-surface proxy panels greater than 8, and roughly 60 stations at Fn=0.2 or 40 at Fn=0.3."
14,st41_bp8_fs24_cp10_r3p0_h2_fsm_clipfs_onezonefs_noend_pr1p0_pl1p0_pf1p0_pm1p0_dt1p0_fv1p0_hr1p0_hqtrapezoid_hp1p0_hc1p0_ci1p0_cp1p0_cnm1p0_cd1p0_pg1p0,A53,OK,diagnostic_matched_wigley_sensitivity_not_hard_gate,wigley_iii,Fn0.4,0.4,2.1696064159197173,2.0,3.616010693199528,0.15,239.85000000000002,17,18,21,1.3499999999999999,1.6500000000000001,0.07500000000000007,-0.8686874999999998,0.8686875,0.0626249999999999,0.06262500000000004,heave,pitch_moment,0.15000000000000013,10564427.764250612,-85354837.9536197,792332.0823187965,-6401612.846521484,252.64348668012485,252.64348668012485,0.0,876246571.3853167,876246571.3853167,0.0,0.0,876246571.3853167,172493.60365238079,73974.5063458361,992392.19401464,652804.8234036608,6026845.233473172,4252626.866778474,2322370.762924173,5204017704.935936,2236302610.216167,639332183.1984183,274179921.11996716,5164596270.069271,2219431173.817807,9468140.673628885,4029048.4982821583,113942.11412374867,61343.63835933455,advance_eq19_20,133429.55552174393,230814.24202072917,322630.5717922464,558113.4659124915,2.4179843103776957,2.4180200538161247,481.18816478284884,3.557670879826914e-15,a1_station_hull_matched_sweep_free_surface_marching_not_benchmark_validated,41,8,24,10,3.0,2,16,15.0,False,none,0.0,1.0,1.0,1.0,trapezoid,1.0,1.0,1.0,1.0,-1.0,1.0,1.0,True,False,True,3.0,11,9,40,True,True,True,True,A1_GRID_RECOMMENDED,"A1 Section 3.3 recommends control radius about 3B, inner free-surface panels greater than 10, outer/free-surface proxy panels greater than 8, and roughly 60 stations at Fn=0.2 or 40 at Fn=0.3."
14,st41_bp8_fs24_cp10_r3p0_h2_fsm_clipfs_onezonefs_noend_pr1p0_pl1p0_pf1p0_pm1p0_dt1p0_fv1p0_hr1p0_hqtrapezoid_hp1p0_hc1p0_ci1p0_cp1p0_cnm1p0_cd1p0_pg1p0,A53,OK,diagnostic_matched_wigley_sensitivity_not_hard_gate,wigley_iii,Fn0.4,0.4,2.1696064159197173,2.0,3.616010693199528,0.15,239.85000000000002,18,19,20,1.425,1.575,0.07500000000000007,-0.8687343749999998,0.868734375,0.06253124999999993,0.06253125000000004,heave,pitch_moment,0.07499999999999996,2192717.877289981,-17659109.31245998,164453.84079674873,-1324433.1984344996,52.43785107784107,52.43785107784107,0.0,876246723.9259857,876246723.9259857,0.0,0.0,876246723.9259857,71094.18075204056,30462.54640042029,410374.7454164855,269970.5564100637,2492608.737412544,1758809.461069759,954192.0441995825,2138274924.01797,917181626.5049543,263504250.76922968,112906715.86415672,2121976710.642839,910205586.3985038,3918312.035502318,1666063.6940579868,47123.48337491329,25370.07927733995,advance_eq19_20,55222.45781339455,95527.9250982943,133524.23512152003,230978.02220867667,2.4179335800793154,2.4179110136748996,481.4217579468673,4.311032932155953e-15,a1_station_hull_matched_sweep_free_surface_marching_not_benchmark_validated,41,8,24,10,3.0,2,16,15.0,False,none,0.0,1.0,1.0,1.0,trapezoid,1.0,1.0,1.0,1.0,-1.0,1.0,1.0,True,False,True,3.0,11,9,40,True,True,True,True,A1_GRID_RECOMMENDED,"A1 Section 3.3 recommends control radius about 3B, inner free-surface panels greater than 10, outer/free-surface proxy panels greater than 8, and roughly 60 stations at Fn=0.2 or 40 at Fn=0.3."
14,st41_bp8_fs24_cp10_r3p0_h2_fsm_clipfs_onezonefs_noend_pr1p0_pl1p0_pf1p0_pm1p0_dt1p0_fv1p0_hr1p0_hqtrapezoid_hp1p0_hc1p0_ci1p0_cp1p0_cnm1p0_cd1p0_pg1p0,A53,OK,diagnostic_matched_wigley_sensitivity_not_hard_gate,wigley_iii,Fn0.4,0.4,2.1696064159197173,2.0,3.616010693199528,0.15,239.85000000000002,19,20,19,1.5,1.5,0.07499999999999996,-0.8687499999999999,0.8687499999999999,0.062499999999999944,0.06250000000000003,heave,pitch_moment,0.0,0.0,0.0,0.0,0.0,0.0,0.0,0.0,876246750.1449112,876246750.1449112,0.0,0.0,876246750.1449112,29364.810471485387,12580.505782251203,169717.43763691824,111651.7040546891,1030878.2251255773,727396.4917678889,392928.49018977623,880564772.129416,377273457.63198364,108838055.38538535,46628524.520340815,873812677.6462208,374380878.96505624,1620910.0224615438,688985.8256583118,19490.709337638382,10492.795593001907,advance_eq19_20,22843.80652851651,39518.13317148249,55235.52530152147,95550.52858018078,2.417965028401442,2.4178907481675527,481.49977128544,5.203015915544083e-15,a1_station_hull_matched_sweep_free_surface_marching_not_benchmark_validated,41,8,24,10,3.0,2,16,15.0,False,none,0.0,1.0,1.0,1.0,trapezoid,1.0,1.0,1.0,1.0,-1.0,1.0,1.0,True,False,True,3.0,11,9,40,True,True,True,True,A1_GRID_RECOMMENDED,"A1 Section 3.3 recommends control radius about 3B, inner free-surface panels greater than 10, outer/free-surface proxy panels greater than 8, and roughly 60 stations at Fn=0.2 or 40 at Fn=0.3."
14,st41_bp8_fs24_cp10_r3p0_h2_fsm_clipfs_onezonefs_noend_pr1p0_pl1p0_pf1p0_pm1p0_dt1p0_fv1p0_hr1p0_hqtrapezoid_hp1p0_hc1p0_ci1p0_cp1p0_cnm1p0_cd1p0_pg1p0,A53,OK,diagnostic_matched_wigley_sensitivity_not_hard_gate,wigley_iii,Fn0.4,0.4,2.1696064159197173,2.0,3.616010693199528,0.15,239.85000000000002,20,21,18,1.575,1.425,0.07499999999999996,-0.8687343749999998,0.868734375,0.06253124999999993,0.06253125000000004,heave,pitch_moment,-0.07499999999999996,-374913.7478267377,3000488.0921202707,-28118.53108700531,225036.60690902016,-8.965891818181115,-8.965891818181115,0.0,876246745.6619651,876246745.6619651,0.0,0.0,876246745.6619651,12154.909380990941,5210.2954390502355,70195.26827062343,46176.36726652893,426325.2553525073,300819.3548517861,162146.1887105073,363391640.3240267,155630774.2464744,45051089.35394787,19311496.12289274,360588246.626827,154427989.7235361,670240.2630278887,284939.07846635295,8061.972079500139,4339.753988519266,advance_eq19_20,9444.935943106231,16339.813628652842,22838.517929824757,39508.995181915096,2.4180701772249047,2.4179587405228236,481.4217579468676,4.1894443935000296e-15,a1_station_hull_matched_sweep_free_surface_marching_not_benchmark_validated,41,8,24,10,3.0,2,16,15.0,False,none,0.0,1.0,1.0,1.0,trapezoid,1.0,1.0,1.0,1.0,-1.0,1.0,1.0,True,False,True,3.0,11,9,40,True,True,True,True,A1_GRID_RECOMMENDED,"A1 Section 3.3 recommends control radius about 3B, inner free-surface panels greater than 10, outer/free-surface proxy panels greater than 8, and roughly 60 stations at Fn=0.2 or 40 at Fn=0.3."
14,st41_bp8_fs24_cp10_r3p0_h2_fsm_clipfs_onezonefs_noend_pr1p0_pl1p0_pf1p0_pm1p0_dt1p0_fv1p0_hr1p0_hqtrapezoid_hp1p0_hc1p0_ci1p0_cp1p0_cnm1p0_cd1p0_pg1p0,A53,OK,diagnostic_matched_wigley_sensitivity_not_hard_gate,wigley_iii,Fn0.4,0.4,2.1696064159197173,2.0,3.616010693199528,0.15,239.85000000000002,21,22,17,1.65,1.35,0.07499999999999996,-0.8686874999999998,0.8686875,0.0626249999999999,0.06262500000000004,heave,pitch_moment,-0.1499999999999999,-308892.3133031088,2463612.1692641373,-23166.923497733147,184770.9126948102,-7.387019229348913,-7.387019229348913,0.0,876246737.4855098,876246737.4855098,0.0,0.0,876246737.4855098,5042.8909403732405,2164.230349758846,29034.249970613913,19097.17802081312,176298.02378134202,124398.38988948776,67045.68749770953,150266305.14459762,64374831.53379941,18691026.254154377,8021527.089456815,149099322.59864846,63873108.88126682,277012.0082732658,117846.25178592377,3334.7533954136275,1794.8538781190373,advance_eq19_20,3903.0110975989487,6752.613374696225,9438.380516803518,16328.491135201939,2.4182305099285557,2.418099516313045,481.18816478284884,5.384061190497336e-15,a1_station_hull_matched_sweep_free_surface_marching_not_benchmark_validated,41,8,24,10,3.0,2,16,15.0,False,none,0.0,1.0,1.0,1.0,trapezoid,1.0,1.0,1.0,1.0,-1.0,1.0,1.0,True,False,True,3.0,11,9,40,True,True,True,True,A1_GRID_RECOMMENDED,"A1 Section 3.3 recommends control radius about 3B, inner free-surface panels greater than 10, outer/free-surface proxy panels greater than 8, and roughly 60 stations at Fn=0.2 or 40 at Fn=0.3."
14,st41_bp8_fs24_cp10_r3p0_h2_fsm_clipfs_onezonefs_noend_pr1p0_pl1p0_pf1p0_pm1p0_dt1p0_fv1p0_hr1p0_hqtrapezoid_hp1p0_hc1p0_ci1p0_cp1p0_cnm1p0_cd1p0_pg1p0,A53,OK,diagnostic_matched_wigley_sensitivity_not_hard_gate,wigley_iii,Fn0.4,0.4,2.1696064159197173,2.0,3.616010693199528,0.15,239.85000000000002,22,23,16,1.7249999999999999,1.2750000000000001,0.07499999999999996,-0.8686093749999999,0.8686093749999999,0.0627812499999999,0.06278125000000001,heave,pitch_moment,-0.22499999999999987,-190473.26931734136,1512706.8031786308,-14285.495198800594,113453.01023839724,-4.555081633719611,-4.555081633719611,0.0,876246731.5144593,876246731.5144593,0.0,0.0,876246731.5144593,2098.065988796192,902.0097712258063,12009.391616069222,7897.677136091098,72897.4369161319,51437.97394625982,27777.52094360234,62260480.850825526,26698355.28023289,7776294.776788402,3343218.90257605,61772944.84902355,26488206.09325965,114432.70424292343,48740.20280425326,1379.3665127029437,742.2811875116747,advance_eq19_20,1612.0031236640461,2789.0712689511793,3898.5040706105874,6744.8309861259395,2.4184221564964323,2.41830714805015,480.80032593830697,3.2647423502018047e-15,a1_station_hull_matched_sweep_free_surface_marching_not_benchmark_validated,41,8,24,10,3.0,2,16,15.0,False,none,0.0,1.0,1.0,1.0,trapezoid,1.0,1.0,1.0,1.0,-1.0,1.0,1.0,True,False,True,3.0,11,9,40,True,True,True,True,A1_GRID_RECOMMENDED,"A1 Section 3.3 recommends control radius about 3B, inner free-surface panels greater than 10, outer/free-surface proxy panels greater than 8, and roughly 60 stations at Fn=0.2 or 40 at Fn=0.3."
14,st41_bp8_fs24_cp10_r3p0_h2_fsm_clipfs_onezonefs_noend_pr1p0_pl1p0_pf1p0_pm1p0_dt1p0_fv1p0_hr1p0_hqtrapezoid_hp1p0_hc1p0_ci1p0_cp1p0_cnm1p0_cd1p0_pg1p0,A53,OK,diagnostic_matched_wigley_sensitivity_not_hard_gate,wigley_iii,Fn0.4,0.4,2.1696064159197173,2.0,3.616010693199528,0.15,239.85000000000002,23,24,15,1.7999999999999998,1.2000000000000002,0.07500000000000007,-0.8684999999999999,0.8684999999999998,0.06299999999999994,0.06300000000000008,heave,pitch_moment,-0.2999999999999998,-104274.40511702192,823147.3057862957,-7820.580383776651,61736.04793397223,-2.4936749881908065,-2.4936749881908065,0.0,876246727.9900811,876246727.9900811,0.0,0.0,876246727.9900811,876.2700546995602,377.58240547129486,4967.354693860253,3265.8478563645335,30138.4852189963,21266.640645728618,11532.117522703415,25850497.00293308,11102919.78402478,3247816.9351222487,1399475.5661419071,25645660.07055746,11014367.701791177,47246.85896079435,20158.21841225843,570.5221384678574,306.95025862961603,advance_eq19_20,665.4298081164687,1151.335985208673,1609.4047510968255,2784.5848593844044,2.4185943152326215,2.418568424124878,480.2604432484979,4.110075759312333e-15,a1_station_hull_matched_sweep_free_surface_marching_not_benchmark_validated,41,8,24,10,3.0,2,16,15.0,False,none,0.0,1.0,1.0,1.0,trapezoid,1.0,1.0,1.0,1.0,-1.0,1.0,1.0,True,False,True,3.0,11,9,40,True,True,True,True,A1_GRID_RECOMMENDED,"A1 Section 3.3 recommends control radius about 3B, inner free-surface panels greater than 10, outer/free-surface proxy panels greater than 8, and roughly 60 stations at Fn=0.2 or 40 at Fn=0.3."
14,st41_bp8_fs24_cp10_r3p0_h2_fsm_clipfs_onezonefs_noend_pr1p0_pl1p0_pf1p0_pm1p0_dt1p0_fv1p0_hr1p0_hqtrapezoid_hp1p0_hc1p0_ci1p0_cp1p0_cnm1p0_cd1p0_pg1p0,A53,OK,diagnostic_matched_wigley_sensitivity_not_hard_gate,wigley_iii,Fn0.4,0.4,2.1696064159197173,2.0,3.616010693199528,0.15,239.85000000000002,24,25,14,1.875,1.125,0.07500000000000007,-0.8683593749999999,0.8683593749999999,0.06328124999999996,0.06328125000000007,heave,pitch_moment,-0.375,-53559.385061075984,418634.8976558293,-4016.9538795807025,31397.617324187227,-1.280848342024087,-1.280848342024087,0.0,876246726.1028194,876246726.1028194,0.0,0.0,876246726.1028194,368.2525034725866,159.0830006190195,2054.5125757385604,1350.3447762705318,12458.381689981818,8791.164639980132,4798.556362174498,10758186.75220723,4630956.269858724,1364895.1151132288,589626.9771282576,10671253.137289323,4593266.37603203,19496.45148194903,8336.717928181477,235.95140623748455,126.91466111652524,advance_eq19_20,274.55825268439224,475.0037388901445,664.0568746193387,1148.9645455784823,2.4186374589973787,2.4188536878953,479.5715522185469,5.729381023471577e-15,a1_station_hull_matched_sweep_free_surface_marching_not_benchmark_validated,41,8,24,10,3.0,2,16,15.0,False,none,0.0,1.0,1.0,1.0,trapezoid,1.0,1.0,1.0,1.0,-1.0,1.0,1.0,True,False,True,3.0,11,9,40,True,True,True,True,A1_GRID_RECOMMENDED,"A1 Section 3.3 recommends control radius about 3B, inner free-surface panels greater than 10, outer/free-surface proxy panels greater than 8, and roughly 60 stations at Fn=0.2 or 40 at Fn=0.3."
14,st41_bp8_fs24_cp10_r3p0_h2_fsm_clipfs_onezonefs_noend_pr1p0_pl1p0_pf1p0_pm1p0_dt1p0_fv1p0_hr1p0_hqtrapezoid_hp1p0_hc1p0_ci1p0_cp1p0_cnm1p0_cd1p0_pg1p0,A53,OK,diagnostic_matched_wigley_sensitivity_not_hard_gate,wigley_iii,Fn0.4,0.4,2.1696064159197173,2.0,3.616010693199528,0.15,239.85000000000002,25,26,13,1.95,1.05,0.07499999999999996,-0.8681874999999999,0.8681874999999999,0.0636249999999999,0.06362500000000004,heave,pitch_moment,-0.44999999999999996,-26548.860734138765,203779.16523295944,-1991.1645550604062,15283.43739247195,-0.6349039335528702,-0.6349039335528702,0.0,876246725.1449434,876246725.1449434,0.0,0.0,876246725.1449434,156.4883576084969,67.7633901929795,849.6815666926223,558.2540261759456,5148.988526987218,3633.4159686697344,2002.169487402993,4490136.544829132,1938169.0306367131,580010.1638353954,251158.97213389754,4452517.75976893,1921826.8293568753,8040.591946685542,3447.465943036946,97.56725104454279,52.46655791101655,advance_eq19_20,113.24880235317082,195.86420856338592,273.87048469793814,473.81417759311756,2.4183079997955503,2.419095255168996,478.73747117294215,4.775752431368187e-15,a1_station_hull_matched_sweep_free_surface_marching_not_benchmark_validated,41,8,24,10,3.0,2,16,15.0,False,none,0.0,1.0,1.0,1.0,trapezoid,1.0,1.0,1.0,1.0,-1.0,1.0,1.0,True,False,True,3.0,11,9,40,True,True,True,True,A1_GRID_RECOMMENDED,"A1 Section 3.3 recommends control radius about 3B, inner free-surface panels greater than 10, outer/free-surface proxy panels greater than 8, and roughly 60 stations at Fn=0.2 or 40 at Fn=0.3."
14,st41_bp8_fs24_cp10_r3p0_h2_fsm_clipfs_onezonefs_noend_pr1p0_pl1p0_pf1p0_pm1p0_dt1p0_fv1p0_hr1p0_hqtrapezoid_hp1p0_hc1p0_ci1p0_cp1p0_cnm1p0_cd1p0_pg1p0,A53,OK,diagnostic_matched_wigley_sensitivity_not_hard_gate,wigley_iii,Fn0.4,0.4,2.1696064159197173,2.0,3.616010693199528,0.15,239.85000000000002,26,27,12,2.025,0.9750000000000001,0.07500000000000007,-0.8679843749999999,0.8679843749999999,0.06403124999999998,0.0640312500000001,heave,pitch_moment,-0.5249999999999999,-12983.932727317,96191.79999861366,-973.7949545487759,7214.38499989603,-0.31050484780159204,-0.31050484780159204,0.0,876246724.6722388,876246724.6722388,0.0,0.0,876246724.6722388,67.92761527807546,29.454442842852618,351.3564932222899,230.75201563963475,2127.6348470281123,1501.4094724983554,838.5123432036906,1881642.3910775697,814760.5862592367,251767.65778929112,109170.2697890391,1864722.8036336682,807413.5651050728,3314.0770873237097,1425.437803487988,40.33465501808714,21.685055585832664,advance_eq19_20,46.71724760132374,80.72660894220293,112.9170851444883,195.28840533386375,2.4170320586542595,2.419133020608887,477.76272938128045,4.000917998841153e-15,a1_station_hull_matched_sweep_free_surface_marching_not_benchmark_validated,41,8,24,10,3.0,2,16,15.0,False,none,0.0,1.0,1.0,1.0,trapezoid,1.0,1.0,1.0,1.0,-1.0,1.0,1.0,True,False,True,3.0,11,9,40,True,True,True,True,A1_GRID_RECOMMENDED,"A1 Section 3.3 recommends control radius about 3B, inner free-surface panels greater than 10, outer/free-surface proxy panels greater than 8, and roughly 60 stations at Fn=0.2 or 40 at Fn=0.3."
14,st41_bp8_fs24_cp10_r3p0_h2_fsm_clipfs_onezonefs_noend_pr1p0_pl1p0_pf1p0_pm1p0_dt1p0_fv1p0_hr1p0_hqtrapezoid_hp1p0_hc1p0_ci1p0_cp1p0_cnm1p0_cd1p0_pg1p0,A53,OK,diagnostic_matched_wigley_sensitivity_not_hard_gate,wigley_iii,Fn0.4,0.4,2.1696064159197173,2.0,3.616010693199528,0.15,239.85000000000002,27,28,11,2.1,0.8999999999999999,0.07499999999999996,-0.8677499999999999,0.8677499999999999,0.06449999999999989,0.06450000000000003,heave,pitch_moment,-0.6000000000000001,-6430.3806179451885,44426.42822119155,-482.27854634588886,3331.982116589364,-0.1537796287930988,-0.1537796287930988,0.0,876246724.4400966,876246724.4400966,0.0,0.0,876246724.4400966,30.71202516953127,13.302783038010835,145.26361393709678,95.36255771142356,879.0129884481541,620.3050400008574,353.2318800736668,793738.2915371668,344742.3505947864,113831.38670840906,49305.580857629495,785533.5071480918,341198.2532046587,1365.1403709248589,589.2747451662318,16.667962702586717,8.960287148293126,advance_eq19_20,19.293758040414634,33.265696967962974,46.56241889630127,80.4553030468545,2.413341081543936,2.4185665829980407,476.6524673161357,4.776921088467312e-15,a1_station_hull_matched_sweep_free_surface_marching_not_benchmark_validated,41,8,24,10,3.0,2,16,15.0,False,none,0.0,1.0,1.0,1.0,trapezoid,1.0,1.0,1.0,1.0,-1.0,1.0,1.0,True,False,True,3.0,11,9,40,True,True,True,True,A1_GRID_RECOMMENDED,"A1 Section 3.3 recommends control radius about 3B, inner free-surface panels greater than 10, outer/free-surface proxy panels greater than 8, and roughly 60 stations at Fn=0.2 or 40 at Fn=0.3."
14,st41_bp8_fs24_cp10_r3p0_h2_fsm_clipfs_onezonefs_noend_pr1p0_pl1p0_pf1p0_pm1p0_dt1p0_fv1p0_hr1p0_hqtrapezoid_hp1p0_hc1p0_ci1p0_cp1p0_cnm1p0_cd1p0_pg1p0,A53,OK,diagnostic_matched_wigley_sensitivity_not_hard_gate,wigley_iii,Fn0.4,0.4,2.1696064159197173,2.0,3.616010693199528,0.15,239.85000000000002,28,29,10,2.175,0.8250000000000002,0.07499999999999996,-0.8674843749999999,0.8674843749999999,0.06503124999999987,0.0650312500000001,heave,pitch_moment,-0.6749999999999998,-3344.17426343936,20244.451381509265,-250.81306975795184,1518.333853613194,-0.07997440702281038,-0.07997440702281038,0.0,876246724.3232195,876246724.3232195,0.0,0.0,876246724.3232195,14.944245047899075,6.440383093531538,60.03960980997141,39.40297900199209,363.1201724885796,256.2504950899963,150.369757793415,338955.5585924464,147487.1833092929,55389.513642372076,23870.706487874282,334399.27105060924,145542.6350327584,562.0084179123587,243.54542502736703,6.883368430441429,3.701073428892278,advance_eq19_20,7.999671945286204,13.715758585994768,19.224431039096658,33.140877790091274,2.4031524255722294,2.416262839733239,475.4122985160682,4.3782837243797565e-15,a1_station_hull_matched_sweep_free_surface_marching_not_benchmark_validated,41,8,24,10,3.0,2,16,15.0,False,none,0.0,1.0,1.0,1.0,trapezoid,1.0,1.0,1.0,1.0,-1.0,1.0,1.0,True,False,True,3.0,11,9,40,True,True,True,True,A1_GRID_RECOMMENDED,"A1 Section 3.3 recommends control radius about 3B, inner free-surface panels greater than 10, outer/free-surface proxy panels greater than 8, and roughly 60 stations at Fn=0.2 or 40 at Fn=0.3."
14,st41_bp8_fs24_cp10_r3p0_h2_fsm_clipfs_onezonefs_noend_pr1p0_pl1p0_pf1p0_pm1p0_dt1p0_fv1p0_hr1p0_hqtrapezoid_hp1p0_hc1p0_ci1p0_cp1p0_cnm1p0_cd1p0_pg1p0,A53,OK,diagnostic_matched_wigley_sensitivity_not_hard_gate,wigley_iii,Fn0.4,0.4,2.1696064159197173,2.0,3.616010693199528,0.15,239.85000000000002,29,30,9,2.25,0.75,0.07499999999999996,-0.8671874999999999,0.8671874999999999,0.06562499999999982,0.0656250000000001,heave,pitch_moment,-0.75,-1907.764478482175,9207.565073755759,-143.08233588616304,690.5673805316815,-0.045623320104400907,-0.045623320104400907,0.0,876246724.2604208,876246724.2604208,0.0,0.0,876246724.2604208,8.158843138425853,3.485830966136097,24.804020964664677,16.278704744507444,150.02037659417687,105.86677026275618,65.33596575607282,148410.66318212776,64440.698945315096,30240.025633502617,12919.922099440022,145297.1637570537,63132.236563463644,231.26722391571164,100.62598783642407,2.8394766530452875,1.528000668251889,advance_eq19_20,3.356598794694579,5.671296464945141,7.971452330917728,13.660042563707114,2.3748600349607942,2.4086278416480646,474.0481182363453,3.857757082230016e-15,a1_station_hull_matched_sweep_free_surface_marching_not_benchmark_validated,41,8,24,10,3.0,2,16,15.0,False,none,0.0,1.0,1.0,1.0,trapezoid,1.0,1.0,1.0,1.0,-1.0,1.0,1.0,True,False,True,3.0,11,9,40,True,True,True,True,A1_GRID_RECOMMENDED,"A1 Section 3.3 recommends control radius about 3B, inner free-surface panels greater than 10, outer/free-surface proxy panels greater than 8, and roughly 60 stations at Fn=0.2 or 40 at Fn=0.3."
14,st41_bp8_fs24_cp10_r3p0_h2_fsm_clipfs_onezonefs_noend_pr1p0_pl1p0_pf1p0_pm1p0_dt1p0_fv1p0_hr1p0_hqtrapezoid_hp1p0_hc1p0_ci1p0_cp1p0_cnm1p0_cd1p0_pg1p0,A53,OK,diagnostic_matched_wigley_sensitivity_not_hard_gate,wigley_iii,Fn0.4,0.4,2.1696064159197173,2.0,3.616010693199528,0.15,239.85000000000002,30,31,8,2.3249999999999997,0.6750000000000003,0.07499999999999996,-0.866859375,0.866859375,0.06628124999999996,0.06628125000000007,heave,pitch_moment,-0.8249999999999997,-1231.2682567620943,4263.2144699877845,-92.34511925715702,319.74108524908365,-0.02944522054280904,-0.02944522054280904,0.0,876246724.2228863,876246724.2228863,0.0,0.0,876246724.2228863,5.1457250368922836,2.1820697793999897,10.239427573972689,6.724617598245892,62.00568928459822,43.7537264255604,29.57497584077967,68479.69110527758,29387.536094483352,19072.17167660871,8087.647347008346,65770.20876819686,28252.73859460337,95.15580142944003,41.5596890798083,1.1686415347080539,0.6301752628703985,advance_eq19_20,1.456455750623492,2.3704216098252187,3.3491064511720876,5.648168475620448,2.299490698387763,2.382769568168471,472.56584172230123,2.7564505099235664e-15,a1_station_hull_matched_sweep_free_surface_marching_not_benchmark_validated,41,8,24,10,3.0,2,16,15.0,False,none,0.0,1.0,1.0,1.0,trapezoid,1.0,1.0,1.0,1.0,-1.0,1.0,1.0,True,False,True,3.0,11,9,40,True,True,True,True,A1_GRID_RECOMMENDED,"A1 Section 3.3 recommends control radius about 3B, inner free-surface panels greater than 10, outer/free-surface proxy panels greater than 8, and roughly 60 stations at Fn=0.2 or 40 at Fn=0.3."
14,st41_bp8_fs24_cp10_r3p0_h2_fsm_clipfs_onezonefs_noend_pr1p0_pl1p0_pf1p0_pm1p0_dt1p0_fv1p0_hr1p0_hqtrapezoid_hp1p0_hc1p0_ci1p0_cp1p0_cnm1p0_cd1p0_pg1p0,A53,OK,diagnostic_matched_wigley_sensitivity_not_hard_gate,wigley_iii,Fn0.4,0.4,2.1696064159197173,2.0,3.616010693199528,0.15,239.85000000000002,31,32,7,2.4,0.6000000000000001,0.07500000000000018,-0.8664999999999999,0.8664999999999998,0.06699999999999995,0.06700000000000006,heave,pitch_moment,-0.8999999999999999,-893.9245893539354,2077.472366230672,-67.04434420154531,155.81042746730077,-0.021377800115943875,-0.021377800115943875,0.0,876246724.1974748,876246724.1974748,0.0,0.0,876246724.1974748,3.722982678517577,1.580164076018295,4.223427215700368,2.7785296831416115,25.659214349999463,18.103154968475405,14.474854562970942,35022.80057688659,14598.514393256735,13798.903805519081,5856.737450789204,32189.855762559713,13372.181905831494,39.21294642037256,17.165920309069406,0.4791835723800534,0.25956385035754204,advance_eq19_20,0.6840446749872928,1.028620971664607,1.4610896776957365,2.363745369849939,2.135956511499601,2.2979750899154947,470.9710640469985,1.5551056708399179e-15,a1_station_hull_matched_sweep_free_surface_marching_not_benchmark_validated,41,8,24,10,3.0,2,16,15.0,False,none,0.0,1.0,1.0,1.0,trapezoid,1.0,1.0,1.0,1.0,-1.0,1.0,1.0,True,False,True,3.0,11,9,40,True,True,True,True,A1_GRID_RECOMMENDED,"A1 Section 3.3 recommends control radius about 3B, inner free-surface panels greater than 10, outer/free-surface proxy panels greater than 8, and roughly 60 stations at Fn=0.2 or 40 at Fn=0.3."
14,st41_bp8_fs24_cp10_r3p0_h2_fsm_clipfs_onezonefs_noend_pr1p0_pl1p0_pf1p0_pm1p0_dt1p0_fv1p0_hr1p0_hqtrapezoid_hp1p0_hc1p0_ci1p0_cp1p0_cnm1p0_cd1p0_pg1p0,A53,OK,diagnostic_matched_wigley_sensitivity_not_hard_gate,wigley_iii,Fn0.4,0.4,2.1696064159197173,2.0,3.616010693199528,0.15,239.85000000000002,32,33,6,2.475,0.5249999999999999,0.07499999999999996,-0.866109375,0.866109375,0.06778124999999988,0.06778125000000013,heave,pitch_moment,-0.9750000000000001,-702.4234210395157,1106.5891932176673,-52.68175657796365,82.994189491325,-0.016798136745061334,-0.016798136745061334,0.0,876246724.1783868,876246724.1783868,0.0,0.0,876246724.1783868,2.9750862921863552,1.2801067990238804,1.7385975340733983,1.1470165020898098,10.627475860502505,7.494727652726223,8.023487146841918,20975.346569609726,8338.931250767515,11026.892441880625,4744.601870550465,17843.00442163355,6857.589043898453,16.266045199731046,7.087647929833484,0.19360818893129011,0.10609022208981768,advance_eq19_20,0.3641461551896112,0.49796309406287825,0.6967315984028146,1.0327122167754557,1.913329547692261,2.0738730020121814,469.2686860462597,1.0203949366851796e-15,a1_station_hull_matched_sweep_free_surface_marching_not_benchmark_validated,41,8,24,10,3.0,2,16,15.0,False,none,0.0,1.0,1.0,1.0,trapezoid,1.0,1.0,1.0,1.0,-1.0,1.0,1.0,True,False,True,3.0,11,9,40,True,True,True,True,A1_GRID_RECOMMENDED,"A1 Section 3.3 recommends control radius about 3B, inner free-surface panels greater than 10, outer/free-surface proxy panels greater than 8, and roughly 60 stations at Fn=0.2 or 40 at Fn=0.3."
14,st41_bp8_fs24_cp10_r3p0_h2_fsm_clipfs_onezonefs_noend_pr1p0_pl1p0_pf1p0_pm1p0_dt1p0_fv1p0_hr1p0_hqtrapezoid_hp1p0_hc1p0_ci1p0_cp1p0_cnm1p0_cd1p0_pg1p0,A53,OK,diagnostic_matched_wigley_sensitivity_not_hard_gate,wigley_iii,Fn0.4,0.4,2.1696064159197173,2.0,3.616010693199528,0.15,239.85000000000002,33,34,5,2.55,0.4500000000000002,0.07499999999999996,-0.8656874999999999,0.8656874999999999,0.06862499999999994,0.06862500000000005,heave,pitch_moment,-1.0499999999999998,-572.5200282962455,653.0637834202086,-42.93900212221839,48.979783756515616,-0.01369155617045646,-0.01369155617045646,0.0,876246724.1631418,876246724.1631418,0.0,0.0,876246724.1631418,2.5256739548861673,1.1176149201821897,0.7202562512823342,0.4753837171374384,4.436273563302315,3.125039945501538,5.183256241607266,14849.179967892775,5683.074844983946,9361.185629114021,4142.3401898145885,11526.76664707572,4400.206285302665,7.060516153296472,2.953591872114572,0.0781119516206736,0.04388332298739793,advance_eq19_20,0.21393417329962303,0.28946641025196734,0.3804697817731851,0.5115887665219093,1.7784432281434652,1.7673510583718317,467.4627559098952,6.076933978834258e-16,a1_station_hull_matched_sweep_free_surface_marching_not_benchmark_validated,41,8,24,10,3.0,2,16,15.0,False,none,0.0,1.0,1.0,1.0,trapezoid,1.0,1.0,1.0,1.0,-1.0,1.0,1.0,True,False,True,3.0,11,9,40,True,True,True,True,A1_GRID_RECOMMENDED,"A1 Section 3.3 recommends control radius about 3B, inner free-surface panels greater than 10, outer/free-surface proxy panels greater than 8, and roughly 60 stations at Fn=0.2 or 40 at Fn=0.3."
14,st41_bp8_fs24_cp10_r3p0_h2_fsm_clipfs_onezonefs_noend_pr1p0_pl1p0_pf1p0_pm1p0_dt1p0_fv1p0_hr1p0_hqtrapezoid_hp1p0_hc1p0_ci1p0_cp1p0_cnm1p0_cd1p0_pg1p0,A53,OK,diagnostic_matched_wigley_sensitivity_not_hard_gate,wigley_iii,Fn0.4,0.4,2.1696064159197173,2.0,3.616010693199528,0.15,239.85000000000002,34,35,4,2.625,0.375,0.07499999999999996,-0.8652343749999999,0.8652343749999999,0.06953124999999993,0.06953125000000009,heave,pitch_moment,-1.125,-468.20963306186786,313.8225033912838,-35.11572247964007,23.53668775434627,-0.01119702049497263,-0.01119702049497263,0.0,876246724.1506976,876246724.1506976,0.0,0.0,876246724.1506976,2.218833876277298,1.0269886697134538,0.3031721033381763,0.19330176002534036,1.8449417045182297,1.293776288772482,3.3080033304058767,11034.068685074822,4221.73882809739,8223.910198628371,3806.4420617655724,7356.491880770691,3022.9621361877635,3.5829727130696187,1.5855044776873812,0.026667022940804766,0.017038782446324494,advance_eq19_20,0.12601244520617524,0.19229209686758905,0.22878277765232033,0.3094014340163356,1.8155570053259218,1.6090179422682522,465.55753958209425,1.0900829564186462e-15,a1_station_hull_matched_sweep_free_surface_marching_not_benchmark_validated,41,8,24,10,3.0,2,16,15.0,False,none,0.0,1.0,1.0,1.0,trapezoid,1.0,1.0,1.0,1.0,-1.0,1.0,1.0,True,False,True,3.0,11,9,40,True,True,True,True,A1_GRID_RECOMMENDED,"A1 Section 3.3 recommends control radius about 3B, inner free-surface panels greater than 10, outer/free-surface proxy panels greater than 8, and roughly 60 stations at Fn=0.2 or 40 at Fn=0.3."
14,st41_bp8_fs24_cp10_r3p0_h2_fsm_clipfs_onezonefs_noend_pr1p0_pl1p0_pf1p0_pm1p0_dt1p0_fv1p0_hr1p0_hqtrapezoid_hp1p0_hc1p0_ci1p0_cp1p0_cnm1p0_cd1p0_pg1p0,A53,OK,diagnostic_matched_wigley_sensitivity_not_hard_gate,wigley_iii,Fn0.4,0.4,2.1696064159197173,2.0,3.616010693199528,0.15,239.85000000000002,35,36,3,2.6999999999999997,0.30000000000000027,0.07499999999999996,-0.8647499999999999,0.8647499999999999,0.0704999999999999,0.07050000000000001,heave,pitch_moment,-1.1999999999999997,-397.3183730751073,-250.4388276653187,-29.798877980633026,-18.782912074898892,-0.009501688244340988,-0.009501688244340988,0.0,876246724.1403482,876246724.1403482,0.0,0.0,876246724.1403482,2.111758818209086,1.0535117721757203,0.16397906194414086,0.08683054193065774,0.8595230076874188,0.5942103240670803,4.216377635779485,12214.04295158229,7271.765747802095,7827.046029805015,3904.7475794389643,9376.576969790767,6134.453800606319,2.7409257811740084,1.7082363533375673,0.03366241938463379,0.012432261692804673,advance_eq19_20,0.06639883224639409,0.1205279238629913,0.1360261333716301,0.21182055650984954,2.048622374364381,1.7574396846877913,463.5639836716682,7.556194080957375e-16,a1_station_hull_matched_sweep_free_surface_marching_not_benchmark_validated,41,8,24,10,3.0,2,16,15.0,False,none,0.0,1.0,1.0,1.0,trapezoid,1.0,1.0,1.0,1.0,-1.0,1.0,1.0,True,False,True,3.0,11,9,40,True,True,True,True,A1_GRID_RECOMMENDED,"A1 Section 3.3 recommends control radius about 3B, inner free-surface panels greater than 10, outer/free-surface proxy panels greater than 8, and roughly 60 stations at Fn=0.2 or 40 at Fn=0.3."
14,st41_bp8_fs24_cp10_r3p0_h2_fsm_clipfs_onezonefs_noend_pr1p0_pl1p0_pf1p0_pm1p0_dt1p0_fv1p0_hr1p0_hqtrapezoid_hp1p0_hc1p0_ci1p0_cp1p0_cnm1p0_cd1p0_pg1p0,A53,OK,diagnostic_matched_wigley_sensitivity_not_hard_gate,wigley_iii,Fn0.4,0.4,2.1696064159197173,2.0,3.616010693199528,0.15,239.85000000000002,36,37,2,2.775,0.2250000000000001,0.07500000000000018,-0.8642343749999999,0.8642343749999999,0.07153124999999994,0.07153125000000005,heave,pitch_moment,-1.275,-392.97694974511364,2365.95005835039,-29.473271230883594,177.44625437627968,-0.0093978650793083,-0.0093978650793083,0.0,876246724.1308984,876246724.1308984,0.0,0.0,876246724.1308984,2.5269613930781363,1.4407618498824677,0.282701786169828,0.13796156577672308,0.528149807527488,0.28603719359698215,26.71909190285348,60152.78761652627,39252.68619270234,9365.957404139739,5340.0555119171595,59419.161050478964,38887.751033871944,2.4659446062340327,1.702789205157128,0.03662759778506698,0.012616752324731442,advance_eq19_20,0.028352121520124257,0.07721803890415659,0.07076759706452233,0.13301805363393454,2.496024751244512,1.722629265410861,461.53260422011545,8.775441256665367e-16,a1_station_hull_matched_sweep_free_surface_marching_not_benchmark_validated,41,8,24,10,3.0,2,16,15.0,False,none,0.0,1.0,1.0,1.0,trapezoid,1.0,1.0,1.0,1.0,-1.0,1.0,1.0,True,False,True,3.0,11,9,40,True,True,True,True,A1_GRID_RECOMMENDED,"A1 Section 3.3 recommends control radius about 3B, inner free-surface panels greater than 10, outer/free-surface proxy panels greater than 8, and roughly 60 stations at Fn=0.2 or 40 at Fn=0.3."
14,st41_bp8_fs24_cp10_r3p0_h2_fsm_clipfs_onezonefs_noend_pr1p0_pl1p0_pf1p0_pm1p0_dt1p0_fv1p0_hr1p0_hqtrapezoid_hp1p0_hc1p0_ci1p0_cp1p0_cnm1p0_cd1p0_pg1p0,A53,OK,diagnostic_matched_wigley_sensitivity_not_hard_gate,wigley_iii,Fn0.4,0.4,2.1696064159197173,2.0,3.616010693199528,0.15,239.85000000000002,37,38,1,2.85,0.1499999999999999,0.07499999999999996,-0.8636874999999999,0.8636874999999999,0.07262499999999994,0.07262500000000005,heave,pitch_moment,-1.35,195.37651587948557,759.9053855284056,14.653238690961409,56.99290391463039,0.004672340545906448,0.004672340545906448,0.0,876246724.1285356,876246724.1285356,0.0,0.0,876246724.1285356,2.225542339750343,1.5694941119529742,0.7635453100492238,0.3553626458579129,0.8545813881864676,0.4171155199188221,14.65739950800193,33623.33953673479,23714.78012276989,8248.774521173176,5817.190179029043,32595.807713590977,22990.23911777192,2.07720904134145,0.6108675081543844,0.0017599237575182186,0.0006936876353798211,advance_eq19_20,0.004064324962110308,0.011989123726147995,0.028970507709356084,0.0780120779229227,7.127999847313834,6.506904066122881,467.16479122089714,1.171737832620918e-15,a1_station_hull_matched_sweep_free_surface_marching_not_benchmark_validated,41,8,24,10,3.0,2,16,15.0,False,none,0.0,1.0,1.0,1.0,trapezoid,1.0,1.0,1.0,1.0,-1.0,1.0,1.0,True,False,True,3.0,11,9,40,True,True,True,True,A1_GRID_RECOMMENDED,"A1 Section 3.3 recommends control radius about 3B, inner free-surface panels greater than 10, outer/free-surface proxy panels greater than 8, and roughly 60 stations at Fn=0.2 or 40 at Fn=0.3."
14,st41_bp8_fs24_cp10_r3p0_h2_fsm_clipfs_onezonefs_noend_pr1p0_pl1p0_pf1p0_pm1p0_dt1p0_fv1p0_hr1p0_hqtrapezoid_hp1p0_hc1p0_ci1p0_cp1p0_cnm1p0_cd1p0_pg1p0,A53,OK,diagnostic_matched_wigley_sensitivity_not_hard_gate,wigley_iii,Fn0.4,0.4,2.1696064159197173,2.0,3.616010693199528,0.15,239.85000000000002,38,39,0,2.925,0.07500000000000018,0.03749999999999987,-0.8631093749999998,0.8631093749999998,0.07378124999999991,0.07378125000000002,heave,pitch_moment,-1.4249999999999998,-52.03956266669441,-2967.25296622791,-1.9514836000010334,-111.27198623354623,-0.000622251240238145,-0.000622251240238145,0.0,876246724.1302495,876246724.1302495,0.0,0.0,876246724.1302495,1.4826811370528143,0.8649467516815234,0.057979844103438344,0.029298599250220825,0.07869109696545455,0.04000331729496435,80.59223263794611,179308.99175860616,109545.97164983279,5495.425617342917,3205.8481207068,179224.7606296969,109545.2137018223,0.8390267042508075,0.5857699970440308,0.0,0.0,initialize_eq21_22,0.0,0.0,0.004916172095219567,0.014501939696775639,,,690.6987294891596,1.7447639126794795e-15,a1_station_hull_matched_sweep_free_surface_marching_not_benchmark_validated,41,8,24,10,3.0,2,16,15.0,False,none,0.0,1.0,1.0,1.0,trapezoid,1.0,1.0,1.0,1.0,-1.0,1.0,1.0,True,False,True,3.0,11,9,40,True,True,True,True,A1_GRID_RECOMMENDED,"A1 Section 3.3 recommends control radius about 3B, inner free-surface panels greater than 10, outer/free-surface proxy panels greater than 8, and roughly 60 stations at Fn=0.2 or 40 at Fn=0.3."
14,st41_bp8_fs24_cp10_r3p0_h2_fsm_clipfs_onezonefs_noend_pr1p0_pl1p0_pf1p0_pm1p0_dt1p0_fv1p0_hr1p0_hqtrapezoid_hp1p0_hc1p0_ci1p0_cp1p0_cn1p0_cd1p0_pg1p0,A53,OK,diagnostic_matched_wigley_sensitivity_not_hard_gate,wigley_iii,Fn0.4,0.4,2.1696064159197173,2.0,3.616010693199528,0.15,239.85000000000002,0,1,38,0.075,2.925,0.0375,-0.8631093749999998,0.8631093749999998,0.07378124999999991,0.07378125000000002,heave,pitch_moment,1.425,1023.7107105670725,-23563.210883369626,38.38915164626522,-883.620408126361,0.01224078809761256,0.01224078809761256,0.0,0.0,0.0,0.0,0.0,0.0,28.404863735381465,15.507893931691841,0.3043813348256196,0.10864558085340276,0.48057360719377873,0.27005374847487673,670.0716499831302,1493851.00359846,759190.945315252,105280.09828116524,57478.62804315181,1490136.5447025432,757011.9541770412,4.249470454556768,2.9394093602009788,0.045861103083985416,0.025591804552654553,advance_eq19_20,1.6357289704482505,0.790818800339751,1.3652348737788726,0.8634833999217895,0.8346339145688345,1.0918852707482678,113.94877021527233,3.8267601590155196e-15,a1_station_hull_matched_sweep_free_surface_marching_not_benchmark_validated,41,8,24,10,3.0,2,16,15.0,False,none,0.0,1.0,1.0,1.0,trapezoid,1.0,1.0,1.0,1.0,1.0,1.0,1.0,True,False,True,3.0,11,9,40,True,True,True,True,A1_GRID_RECOMMENDED,"A1 Section 3.3 recommends control radius about 3B, inner free-surface panels greater than 10, outer/free-surface proxy panels greater than 8, and roughly 60 stations at Fn=0.2 or 40 at Fn=0.3."
14,st41_bp8_fs24_cp10_r3p0_h2_fsm_clipfs_onezonefs_noend_pr1p0_pl1p0_pf1p0_pm1p0_dt1p0_fv1p0_hr1p0_hqtrapezoid_hp1p0_hc1p0_ci1p0_cp1p0_cn1p0_cd1p0_pg1p0,A53,OK,diagnostic_matched_wigley_sensitivity_not_hard_gate,wigley_iii,Fn0.4,0.4,2.1696064159197173,2.0,3.616010693199528,0.15,239.85000000000002,1,2,37,0.15,2.85,0.07499999999999998,-0.8636874999999999,0.8636874999999999,0.07262499999999991,0.07262500000000005,heave,pitch_moment,1.35,-733.7346445322669,1153.539104943821,-55.03009833992,86.51543287078655,-0.017546930418694873,-0.017546930418694873,0.0,0.003467322888265122,0.003467322888265122,0.0,0.0,0.003467322888265122,11.04332348323822,7.371916866485968,0.6226139028376863,0.243274264775136,0.8432013409918614,0.4110855883137793,155.47570527199184,348168.43984415825,180982.42235652762,40931.095198947136,27323.353474056,345754.1148697004,178907.99746508914,10.829603008903645,7.553213015529817,0.04530693114736421,0.025816977206698746,advance_eq19_20,1.8486611750154953,0.756424394994426,1.5984626994953823,0.7847907310228035,0.8646596364431055,1.0375005568515363,77.78531556101733,7.06727887471196e-16,a1_station_hull_matched_sweep_free_surface_marching_not_benchmark_validated,41,8,24,10,3.0,2,16,15.0,False,none,0.0,1.0,1.0,1.0,trapezoid,1.0,1.0,1.0,1.0,1.0,1.0,1.0,True,False,True,3.0,11,9,40,True,True,True,True,A1_GRID_RECOMMENDED,"A1 Section 3.3 recommends control radius about 3B, inner free-surface panels greater than 10, outer/free-surface proxy panels greater than 8, and roughly 60 stations at Fn=0.2 or 40 at Fn=0.3."
14,st41_bp8_fs24_cp10_r3p0_h2_fsm_clipfs_onezonefs_noend_pr1p0_pl1p0_pf1p0_pm1p0_dt1p0_fv1p0_hr1p0_hqtrapezoid_hp1p0_hc1p0_ci1p0_cp1p0_cn1p0_cd1p0_pg1p0,A53,OK,diagnostic_matched_wigley_sensitivity_not_hard_gate,wigley_iii,Fn0.4,0.4,2.1696064159197173,2.0,3.616010693199528,0.15,239.85000000000002,2,3,36,0.22499999999999998,2.775,0.075,-0.8642343749999999,0.8642343749999999,0.07153124999999994,0.07153125000000006,heave,pitch_moment,1.275,3013.3461043617917,10807.570279825215,226.00095782713439,810.5677709868911,0.07206280201528141,0.07206280201528141,0.0,0.03072525868655838,0.03072525868655838,0.0,0.0,0.03072525868655838,19.480334553502647,10.547169738123433,0.18430739925670922,0.09490610423211716,0.6933382172910231,0.46811281855285963,124.8838449001944,286954.5957085547,190131.52763378958,72202.12550388406,39092.145519945916,277722.51091868925,186069.34717735174,5.7923572048689,3.3698142253273797,0.056305685327761465,0.03183366340045965,advance_eq19_20,2.013921047616653,0.6762356152106975,1.8105104128168288,0.7753403837512202,0.8989977114343446,1.1465536069253675,77.91010290862684,1.868737964582417e-15,a1_station_hull_matched_sweep_free_surface_marching_not_benchmark_validated,41,8,24,10,3.0,2,16,15.0,False,none,0.0,1.0,1.0,1.0,trapezoid,1.0,1.0,1.0,1.0,1.0,1.0,1.0,True,False,True,3.0,11,9,40,True,True,True,True,A1_GRID_RECOMMENDED,"A1 Section 3.3 recommends control radius about 3B, inner free-surface panels greater than 10, outer/free-surface proxy panels greater than 8, and roughly 60 stations at Fn=0.2 or 40 at Fn=0.3."
14,st41_bp8_fs24_cp10_r3p0_h2_fsm_clipfs_onezonefs_noend_pr1p0_pl1p0_pf1p0_pm1p0_dt1p0_fv1p0_hr1p0_hqtrapezoid_hp1p0_hc1p0_ci1p0_cp1p0_cn1p0_cd1p0_pg1p0,A53,OK,diagnostic_matched_wigley_sensitivity_not_hard_gate,wigley_iii,Fn0.4,0.4,2.1696064159197173,2.0,3.616010693199528,0.15,239.85000000000002,3,4,35,0.3,2.7,0.07500000000000001,-0.8647499999999999,0.8647499999999999,0.0704999999999999,0.07050000000000001,heave,pitch_moment,1.2,2091.323811829614,-7560.147331019305,156.84928588722107,-567.011049826448,0.05001305810294229,0.05001305810294229,0.0,0.09176318874567024,0.09176318874567024,0.0,0.0,0.09176318874567024,11.379417652715436,5.178590157616996,0.3386799199457332,0.12365319769712298,0.8657084614026385,0.5706821977523168,68.62321571453995,158328.5583407991,97310.08368211724,42176.798312467545,19193.983320281906,152607.50332269137,95398.34060674955,2.5392759394977857,0.9423431339278431,0.062495343622638824,0.03531313803193734,advance_eq19_20,2.1947130246591775,0.6105394356433417,1.9823092706813727,0.682805365116788,0.9032202608763442,1.1183640650456883,78.9850404442889,1.359625870484384e-15,a1_station_hull_matched_sweep_free_surface_marching_not_benchmark_validated,41,8,24,10,3.0,2,16,15.0,False,none,0.0,1.0,1.0,1.0,trapezoid,1.0,1.0,1.0,1.0,1.0,1.0,1.0,True,False,True,3.0,11,9,40,True,True,True,True,A1_GRID_RECOMMENDED,"A1 Section 3.3 recommends control radius about 3B, inner free-surface panels greater than 10, outer/free-surface proxy panels greater than 8, and roughly 60 stations at Fn=0.2 or 40 at Fn=0.3."
14,st41_bp8_fs24_cp10_r3p0_h2_fsm_clipfs_onezonefs_noend_pr1p0_pl1p0_pf1p0_pm1p0_dt1p0_fv1p0_hr1p0_hqtrapezoid_hp1p0_hc1p0_ci1p0_cp1p0_cn1p0_cd1p0_pg1p0,A53,OK,diagnostic_matched_wigley_sensitivity_not_hard_gate,wigley_iii,Fn0.4,0.4,2.1696064159197173,2.0,3.616010693199528,0.15,239.85000000000002,4,5,34,0.375,2.625,0.07499999999999998,-0.8652343749999999,0.8652343749999999,0.06953124999999993,0.06953125000000009,heave,pitch_moment,1.125,2001.4130084499866,-2125.487893651407,150.10597563374895,-159.4115920238555,0.04786288211963842,0.04786288211963842,0.0,0.1407011588569606,0.1407011588569606,0.0,0.0,0.1407011588569606,9.740257484115332,4.1124852399208605,0.392218148537189,0.13965021280596532,0.9812733226748039,0.645526515832151,16.807590667212075,51965.26339799849,27032.734062632742,36101.39709750472,15242.560368258533,37377.50296142907,22325.614534005977,2.4869446520080825,0.8429129928998534,0.06657166782206635,0.03762008423970968,advance_eq19_20,2.363473211146964,0.5385077846823372,2.1658089119324098,0.6140697217976827,0.9163670236318735,1.1403172605200482,80.04292683338196,7.966497231678194e-16,a1_station_hull_matched_sweep_free_surface_marching_not_benchmark_validated,41,8,24,10,3.0,2,16,15.0,False,none,0.0,1.0,1.0,1.0,trapezoid,1.0,1.0,1.0,1.0,1.0,1.0,1.0,True,False,True,3.0,11,9,40,True,True,True,True,A1_GRID_RECOMMENDED,"A1 Section 3.3 recommends control radius about 3B, inner free-surface panels greater than 10, outer/free-surface proxy panels greater than 8, and roughly 60 stations at Fn=0.2 or 40 at Fn=0.3."
14,st41_bp8_fs24_cp10_r3p0_h2_fsm_clipfs_onezonefs_noend_pr1p0_pl1p0_pf1p0_pm1p0_dt1p0_fv1p0_hr1p0_hqtrapezoid_hp1p0_hc1p0_ci1p0_cp1p0_cn1p0_cd1p0_pg1p0,A53,OK,diagnostic_matched_wigley_sensitivity_not_hard_gate,wigley_iii,Fn0.4,0.4,2.1696064159197173,2.0,3.616010693199528,0.15,239.85000000000002,5,6,33,0.44999999999999996,2.55,0.07500000000000001,-0.8656874999999999,0.8656874999999999,0.06862499999999994,0.06862500000000005,heave,pitch_moment,1.05,1998.7036121505075,-1076.675647742221,149.9027709112881,-80.75067358066659,0.04779808813901083,0.04779808813901083,0.0,0.18853164398628522,0.18853164398628522,0.0,0.0,0.18853164398628522,9.045574305559741,3.6727119123443503,0.4212938841262977,0.15066000572792765,1.0636046258823317,0.7004975016580569,7.825595038352086,37774.272770636,16916.048816077862,33526.61575041079,13612.57968678042,17402.922733688145,10042.429079609294,2.6351765930844095,0.825825810414782,0.06885952571824007,0.038916307845606075,advance_eq19_20,2.513146617558153,0.4626756256125299,2.336411305917813,0.5406960486848114,0.9296756860878809,1.1686287730610214,81.06571677861561,3.1238725278367087e-16,a1_station_hull_matched_sweep_free_surface_marching_not_benchmark_validated,41,8,24,10,3.0,2,16,15.0,False,none,0.0,1.0,1.0,1.0,trapezoid,1.0,1.0,1.0,1.0,1.0,1.0,1.0,True,False,True,3.0,11,9,40,True,True,True,True,A1_GRID_RECOMMENDED,"A1 Section 3.3 recommends control radius about 3B, inner free-surface panels greater than 10, outer/free-surface proxy panels greater than 8, and roughly 60 stations at Fn=0.2 or 40 at Fn=0.3."
14,st41_bp8_fs24_cp10_r3p0_h2_fsm_clipfs_onezonefs_noend_pr1p0_pl1p0_pf1p0_pm1p0_dt1p0_fv1p0_hr1p0_hqtrapezoid_hp1p0_hc1p0_ci1p0_cp1p0_cn1p0_cd1p0_pg1p0,A53,OK,diagnostic_matched_wigley_sensitivity_not_hard_gate,wigley_iii,Fn0.4,0.4,2.1696064159197173,2.0,3.616010693199528,0.15,239.85000000000002,6,7,32,0.525,2.475,0.07500000000000001,-0.866109375,0.866109375,0.0677812499999999,0.06778125000000006,heave,pitch_moment,0.975,1996.2160932454328,-668.9955498358805,149.7162069934075,-50.17466623769105,0.047738600255389965,0.047738600255389965,0.0,0.23629998818348566,0.23629998818348566,0.0,0.0,0.23629998818348566,8.660394175428245,3.4351164061249335,0.4369654087090638,0.15745558810888302,1.1161737918374492,0.7356108344831982,4.6367798348250036,33714.555811971986,13975.777969662018,32098.979894313226,12731.953098356214,10311.486960814582,5763.656839069096,2.765423283614252,0.8690005735670614,0.06948970227345762,0.039269764450887826,advance_eq19_20,2.6400301952405947,0.3870043270969125,2.4876007969974716,0.4641846781914138,0.9422622519553298,1.1994302019139285,82.0454186369934,1.0911759746676634e-15,a1_station_hull_matched_sweep_free_surface_marching_not_benchmark_validated,41,8,24,10,3.0,2,16,15.0,False,none,0.0,1.0,1.0,1.0,trapezoid,1.0,1.0,1.0,1.0,1.0,1.0,1.0,True,False,True,3.0,11,9,40,True,True,True,True,A1_GRID_RECOMMENDED,"A1 Section 3.3 recommends control radius about 3B, inner free-surface panels greater than 10, outer/free-surface proxy panels greater than 8, and roughly 60 stations at Fn=0.2 or 40 at Fn=0.3."
14,st41_bp8_fs24_cp10_r3p0_h2_fsm_clipfs_onezonefs_noend_pr1p0_pl1p0_pf1p0_pm1p0_dt1p0_fv1p0_hr1p0_hqtrapezoid_hp1p0_hc1p0_ci1p0_cp1p0_cn1p0_cd1p0_pg1p0,A53,OK,diagnostic_matched_wigley_sensitivity_not_hard_gate,wigley_iii,Fn0.4,0.4,2.1696064159197173,2.0,3.616010693199528,0.15,239.85000000000002,7,8,31,0.6,2.4,0.07499999999999996,-0.8664999999999999,0.8664999999999998,0.06699999999999995,0.06700000000000006,heave,pitch_moment,0.9,1971.0723758011745,-472.3544558143829,147.830428185088,-35.4265841860787,0.04713729968474156,0.04713729968474156,0.0,0.28373793815355136,0.28373793815355136,0.0,0.0,0.28373793815355136,8.407064017492031,3.28394924541078,0.44245240658945323,0.16028793529906937,1.1401177974488261,0.751011381383583,3.209296901935318,31966.924659648957,12767.017435622609,31160.03422030577,12171.665477013148,7136.98392775589,3853.2186178801235,2.8418561920522705,0.8809163014507974,0.06859007300853186,0.03875147097078047,advance_eq19_20,2.7418942821743966,0.3168698467232052,2.6158776680175775,0.3882363373771638,0.9540403089294586,1.2252233571353328,82.97650322796618,5.336845439357917e-16,a1_station_hull_matched_sweep_free_surface_marching_not_benchmark_validated,41,8,24,10,3.0,2,16,15.0,False,none,0.0,1.0,1.0,1.0,trapezoid,1.0,1.0,1.0,1.0,1.0,1.0,1.0,True,False,True,3.0,11,9,40,True,True,True,True,A1_GRID_RECOMMENDED,"A1 Section 3.3 recommends control radius about 3B, inner free-surface panels greater than 10, outer/free-surface proxy panels greater than 8, and roughly 60 stations at Fn=0.2 or 40 at Fn=0.3."
14,st41_bp8_fs24_cp10_r3p0_h2_fsm_clipfs_onezonefs_noend_pr1p0_pl1p0_pf1p0_pm1p0_dt1p0_fv1p0_hr1p0_hqtrapezoid_hp1p0_hc1p0_ci1p0_cp1p0_cn1p0_cd1p0_pg1p0,A53,OK,diagnostic_matched_wigley_sensitivity_not_hard_gate,wigley_iii,Fn0.4,0.4,2.1696064159197173,2.0,3.616010693199528,0.15,239.85000000000002,8,9,30,0.6749999999999999,2.325,0.07500000000000001,-0.866859375,0.866859375,0.06628124999999993,0.06628125000000007,heave,pitch_moment,0.8250000000000001,1916.2171781570648,-367.7789703668417,143.71628836177987,-27.58342277751313,0.04582546257395812,0.04582546257395812,0.0,0.3302193192829012,0.3302193192829012,0.0,0.0,0.3302193192829012,8.216094655308988,3.175214127416907,0.43925664294401695,0.15940721043965714,1.1369483902224309,0.7475829903652677,2.5067757629440086,30958.278575710527,12118.795514209718,30452.22328318521,11768.648443886186,5574.6846980192495,2892.0785811324117,2.8600947458334702,0.8919115299118334,0.06631920184860784,0.037451879462364446,advance_eq19_20,2.8175054439144978,0.2598648754403289,2.719113402562487,0.31816514775599924,0.9650783136676713,1.224348412677486,83.85411691935546,7.985766191587617e-16,a1_station_hull_matched_sweep_free_surface_marching_not_benchmark_validated,41,8,24,10,3.0,2,16,15.0,False,none,0.0,1.0,1.0,1.0,trapezoid,1.0,1.0,1.0,1.0,1.0,1.0,1.0,True,False,True,3.0,11,9,40,True,True,True,True,A1_GRID_RECOMMENDED,"A1 Section 3.3 recommends control radius about 3B, inner free-surface panels greater than 10, outer/free-surface proxy panels greater than 8, and roughly 60 stations at Fn=0.2 or 40 at Fn=0.3."
14,st41_bp8_fs24_cp10_r3p0_h2_fsm_clipfs_onezonefs_noend_pr1p0_pl1p0_pf1p0_pm1p0_dt1p0_fv1p0_hr1p0_hqtrapezoid_hp1p0_hc1p0_ci1p0_cp1p0_cn1p0_cd1p0_pg1p0,A53,OK,diagnostic_matched_wigley_sensitivity_not_hard_gate,wigley_iii,Fn0.4,0.4,2.1696064159197173,2.0,3.616010693199528,0.15,239.85000000000002,9,10,29,0.75,2.25,0.07500000000000001,-0.8671874999999999,0.8671874999999999,0.06562499999999982,0.0656250000000001,heave,pitch_moment,0.75,1830.4577793080875,-308.3379735662519,137.2843334481066,-23.125348017468895,0.043774565542496056,0.043774565542496056,0.0,0.3750193333411283,0.3750193333411283,0.0,0.0,0.3750193333411283,8.055203987159034,3.0888765314072026,0.42842214805838486,0.15515092464114852,1.1090053546571137,0.7269618535563188,2.1564490230122253,30238.591882149914,11693.252602769975,29855.89634730731,11448.64583173005,4795.611776829409,2379.2152176289073,2.8277830074492583,0.8827827734541223,0.06286796684705517,0.03548078056902858,advance_eq19_20,2.8664271812951063,0.22580065032532817,2.796130954228418,0.26152628663370336,0.9754760115570327,1.1582175970569728,84.67363722110893,8.555218020680838e-16,a1_station_hull_matched_sweep_free_surface_marching_not_benchmark_validated,41,8,24,10,3.0,2,16,15.0,False,none,0.0,1.0,1.0,1.0,trapezoid,1.0,1.0,1.0,1.0,1.0,1.0,1.0,True,False,True,3.0,11,9,40,True,True,True,True,A1_GRID_RECOMMENDED,"A1 Section 3.3 recommends control radius about 3B, inner free-surface panels greater than 10, outer/free-surface proxy panels greater than 8, and roughly 60 stations at Fn=0.2 or 40 at Fn=0.3."
14,st41_bp8_fs24_cp10_r3p0_h2_fsm_clipfs_onezonefs_noend_pr1p0_pl1p0_pf1p0_pm1p0_dt1p0_fv1p0_hr1p0_hqtrapezoid_hp1p0_hc1p0_ci1p0_cp1p0_cn1p0_cd1p0_pg1p0,A53,OK,diagnostic_matched_wigley_sensitivity_not_hard_gate,wigley_iii,Fn0.4,0.4,2.1696064159197173,2.0,3.616010693199528,0.15,239.85000000000002,10,11,28,0.825,2.175,0.07499999999999996,-0.8674843749999999,0.8674843749999999,0.06503124999999987,0.0650312500000001,heave,pitch_moment,0.675,1715.3520702622088,-271.6082846581004,128.6514052696656,-20.370621349357517,0.04102186484548845,0.04102186484548845,0.0,0.4174175485351205,0.4174175485351205,0.0,0.0,0.4174175485351205,7.907906638989897,3.0147344043798663,0.41088980917795115,0.1486139822011259,1.0594115070737615,0.6914064855766816,1.9952774859864133,29643.919123161686,11369.642918075499,29309.951841596285,11173.844639478959,4437.191006014693,2100.9464670313873,2.7588961547036916,0.8684665065130005,0.058451959569972435,0.032962428047803444,advance_eq19_20,2.888877239644696,0.2218523476377822,2.846524705862634,0.22794730714573821,0.9853394484193206,1.0274730449005987,85.43060038090825,4.235976708648847e-16,a1_station_hull_matched_sweep_free_surface_marching_not_benchmark_validated,41,8,24,10,3.0,2,16,15.0,False,none,0.0,1.0,1.0,1.0,trapezoid,1.0,1.0,1.0,1.0,1.0,1.0,1.0,True,False,True,3.0,11,9,40,True,True,True,True,A1_GRID_RECOMMENDED,"A1 Section 3.3 recommends control radius about 3B, inner free-surface panels greater than 10, outer/free-surface proxy panels greater than 8, and roughly 60 stations at Fn=0.2 or 40 at Fn=0.3."
14,st41_bp8_fs24_cp10_r3p0_h2_fsm_clipfs_onezonefs_noend_pr1p0_pl1p0_pf1p0_pm1p0_dt1p0_fv1p0_hr1p0_hqtrapezoid_hp1p0_hc1p0_ci1p0_cp1p0_cn1p0_cd1p0_pg1p0,A53,OK,diagnostic_matched_wigley_sensitivity_not_hard_gate,wigley_iii,Fn0.4,0.4,2.1696064159197173,2.0,3.616010693199528,0.15,239.85000000000002,11,12,27,0.8999999999999999,2.1,0.07500000000000001,-0.8677499999999999,0.8677499999999999,0.06449999999999989,0.0645,heave,pitch_moment,0.6000000000000001,1573.9077204715902,-245.82072834763923,118.04307903536929,-18.436554626072944,0.03763928753039432,0.03763928753039432,0.0,0.45674812472306187,0.45674812472306187,0.0,0.0,0.45674812472306187,7.765269856447811,2.947166229351868,0.3876087757084073,0.14137261282665406,0.9918762757437074,0.6436176288335226,1.94272664895559,29103.734648716505,11097.067085167777,28781.281307407633,10923.40921497221,4320.326007001067,1955.5124686317724,2.6697015322143938,0.8608484388824941,0.05330122133770423,0.030029319047750243,advance_eq19_20,2.885590912670176,0.24452059166373075,2.870527654805944,0.22421773107703866,0.9947798359781037,0.9169687082443635,86.12073569235693,6.002196545309472e-16,a1_station_hull_matched_sweep_free_surface_marching_not_benchmark_validated,41,8,24,10,3.0,2,16,15.0,False,none,0.0,1.0,1.0,1.0,trapezoid,1.0,1.0,1.0,1.0,1.0,1.0,1.0,True,False,True,3.0,11,9,40,True,True,True,True,A1_GRID_RECOMMENDED,"A1 Section 3.3 recommends control radius about 3B, inner free-surface panels greater than 10, outer/free-surface proxy panels greater than 8, and roughly 60 stations at Fn=0.2 or 40 at Fn=0.3."
14,st41_bp8_fs24_cp10_r3p0_h2_fsm_clipfs_onezonefs_noend_pr1p0_pl1p0_pf1p0_pm1p0_dt1p0_fv1p0_hr1p0_hqtrapezoid_hp1p0_hc1p0_ci1p0_cp1p0_cn1p0_cd1p0_pg1p0,A53,OK,diagnostic_matched_wigley_sensitivity_not_hard_gate,wigley_iii,Fn0.4,0.4,2.1696064159197173,2.0,3.616010693199528,0.15,239.85000000000002,12,13,26,0.975,2.025,0.07500000000000007,-0.8679843749999999,0.8679843749999999,0.06403124999999998,0.0640312500000001,heave,pitch_moment,0.525,1409.906526225311,-224.63294145183085,105.74298946689841,-16.847470608887328,0.033717273536007064,0.033717273536007064,0.0,0.4924264052562626,0.4924264052562626,0.0,0.0,0.4924264052562626,7.6220935999046295,2.882833726779858,0.3595694661801418,0.13226011669627064,0.9104560867187991,0.5865454914700613,1.957902053274831,28584.173856811998,10851.18816221607,28250.611260868394,10684.966522321018,4354.073777940647,1892.029320253083,2.57436835762833,0.8316769027870613,0.047649785034814214,0.02681595778603814,advance_eq19_20,2.8576884621418817,0.2827795492274098,2.8688834079862815,0.24666866064950507,1.0039174829561404,0.8723002116787996,86.74002633334426,6.574115252912982e-16,a1_station_hull_matched_sweep_free_surface_marching_not_benchmark_validated,41,8,24,10,3.0,2,16,15.0,False,none,0.0,1.0,1.0,1.0,trapezoid,1.0,1.0,1.0,1.0,1.0,1.0,1.0,True,False,True,3.0,11,9,40,True,True,True,True,A1_GRID_RECOMMENDED,"A1 Section 3.3 recommends control radius about 3B, inner free-surface panels greater than 10, outer/free-surface proxy panels greater than 8, and roughly 60 stations at Fn=0.2 or 40 at Fn=0.3."
14,st41_bp8_fs24_cp10_r3p0_h2_fsm_clipfs_onezonefs_noend_pr1p0_pl1p0_pf1p0_pm1p0_dt1p0_fv1p0_hr1p0_hqtrapezoid_hp1p0_hc1p0_ci1p0_cp1p0_cn1p0_cd1p0_pg1p0,A53,OK,diagnostic_matched_wigley_sensitivity_not_hard_gate,wigley_iii,Fn0.4,0.4,2.1696064159197173,2.0,3.616010693199528,0.15,239.85000000000002,13,14,25,1.05,1.95,0.07500000000000001,-0.8681874999999999,0.8681874999999999,0.06362499999999982,0.0636250000000001,heave,pitch_moment,0.44999999999999996,1227.5180003590606,-204.5918829496043,92.06385002692956,-15.344391221220324,0.029355534866050203,0.029355534866050203,0.0,0.5239628094572912,0.5239628094572912,0.0,0.0,0.5239628094572912,7.474870306291328,2.8195475343122616,0.32780921669328406,0.1216283238473274,0.819318677271616,0.5232057228437947,2.0222071474503585,28067.55214059046,10619.09604461709,27704.941231774803,10450.401884908939,4497.078441462682,1885.2854554931612,2.4801618146092577,0.8460716850301058,0.04172596462916098,0.02345312964148575,advance_eq19_20,2.8065600022333244,0.32734713021995543,2.8427219534076222,0.2844893022486906,1.0128847953172289,0.8690752903730447,87.28477208365122,6.516364274813621e-16,a1_station_hull_matched_sweep_free_surface_marching_not_benchmark_validated,41,8,24,10,3.0,2,16,15.0,False,none,0.0,1.0,1.0,1.0,trapezoid,1.0,1.0,1.0,1.0,1.0,1.0,1.0,True,False,True,3.0,11,9,40,True,True,True,True,A1_GRID_RECOMMENDED,"A1 Section 3.3 recommends control radius about 3B, inner free-surface panels greater than 10, outer/free-surface proxy panels greater than 8, and roughly 60 stations at Fn=0.2 or 40 at Fn=0.3."
14,st41_bp8_fs24_cp10_r3p0_h2_fsm_clipfs_onezonefs_noend_pr1p0_pl1p0_pf1p0_pm1p0_dt1p0_fv1p0_hr1p0_hqtrapezoid_hp1p0_hc1p0_ci1p0_cp1p0_cn1p0_cd1p0_pg1p0,A53,OK,diagnostic_matched_wigley_sensitivity_not_hard_gate,wigley_iii,Fn0.4,0.4,2.1696064159197173,2.0,3.616010693199528,0.15,239.85000000000002,14,15,24,1.125,1.875,0.07499999999999996,-0.8683593749999999,0.8683593749999999,0.06328124999999996,0.06328125000000007,heave,pitch_moment,0.375,1031.0976628327608,-183.58582215055105,77.33232471245701,-13.76893666129132,0.024658231800051944,0.024658231800051944,0.0,0.5509696927903422,0.5509696927903422,0.0,0.0,0.5509696927903422,7.320634307608894,2.75566991011395,0.2934058466880496,0.1098580974651687,0.7225342808528794,0.45651717834882566,2.129726825326704,27543.534579920368,10393.165721743606,27133.27923575001,10213.64515844773,4736.185708994777,1923.3684766428714,2.3860266099281473,0.8101022624236104,0.03574364610614246,0.020062841326630672,advance_eq19_20,2.7337827843266185,0.3729566591340993,2.79345038811548,0.32862461869409976,1.0218260222176208,0.8811335329340249,87.75164677623461,5.26905297917e-16,a1_station_hull_matched_sweep_free_surface_marching_not_benchmark_validated,41,8,24,10,3.0,2,16,15.0,False,none,0.0,1.0,1.0,1.0,trapezoid,1.0,1.0,1.0,1.0,1.0,1.0,1.0,True,False,True,3.0,11,9,40,True,True,True,True,A1_GRID_RECOMMENDED,"A1 Section 3.3 recommends control radius about 3B, inner free-surface panels greater than 10, outer/free-surface proxy panels greater than 8, and roughly 60 stations at Fn=0.2 or 40 at Fn=0.3."
14,st41_bp8_fs24_cp10_r3p0_h2_fsm_clipfs_onezonefs_noend_pr1p0_pl1p0_pf1p0_pm1p0_dt1p0_fv1p0_hr1p0_hqtrapezoid_hp1p0_hc1p0_ci1p0_cp1p0_cn1p0_cd1p0_pg1p0,A53,OK,diagnostic_matched_wigley_sensitivity_not_hard_gate,wigley_iii,Fn0.4,0.4,2.1696064159197173,2.0,3.616010693199528,0.15,239.85000000000002,15,16,23,1.2,1.8,0.07499999999999996,-0.8684999999999999,0.8684999999999998,0.06299999999999994,0.06300000000000008,heave,pitch_moment,0.30000000000000004,825.1209691253969,-159.84125691021157,61.88407268440473,-11.988094268265861,0.019732392820948106,0.019732392820948106,0.0,0.5731650051008423,0.5731650051008423,0.0,0.0,0.5731650051008423,7.15639790956985,2.689814991353232,0.2574605289082458,0.0973496308918505,0.6239029491498967,0.38916850215753285,2.2800432870499936,27004.84160904556,10168.267919141239,26524.551649940207,9969.559765748225,5070.466457762306,2000.3876005942336,2.2894279234573194,0.8286183533864071,0.029894634278178064,0.016753965502344446,advance_eq19_20,2.641077173484842,0.4167932427543286,2.722671304807014,0.37389230039557564,1.03089426244009,0.8970690069847409,88.13774872231025,7.51426973525266e-16,a1_station_hull_matched_sweep_free_surface_marching_not_benchmark_validated,41,8,24,10,3.0,2,16,15.0,False,none,0.0,1.0,1.0,1.0,trapezoid,1.0,1.0,1.0,1.0,1.0,1.0,1.0,True,False,True,3.0,11,9,40,True,True,True,True,A1_GRID_RECOMMENDED,"A1 Section 3.3 recommends control radius about 3B, inner free-surface panels greater than 10, outer/free-surface proxy panels greater than 8, and roughly 60 stations at Fn=0.2 or 40 at Fn=0.3."
14,st41_bp8_fs24_cp10_r3p0_h2_fsm_clipfs_onezonefs_noend_pr1p0_pl1p0_pf1p0_pm1p0_dt1p0_fv1p0_hr1p0_hqtrapezoid_hp1p0_hc1p0_ci1p0_cp1p0_cn1p0_cd1p0_pg1p0,A53,OK,diagnostic_matched_wigley_sensitivity_not_hard_gate,wigley_iii,Fn0.4,0.4,2.1696064159197173,2.0,3.616010693199528,0.15,239.85000000000002,16,17,22,1.275,1.725,0.07499999999999996,-0.8686093749999999,0.8686093749999999,0.0627812499999999,0.06278125000000001,heave,pitch_moment,0.2250000000000001,614.1989287513557,-131.42973456233833,46.06491965635165,-9.857230092175369,0.014688288124799071,0.014688288124799071,0.0,0.590375345573716,0.590375345573716,0.0,0.0,0.590375345573716,6.979054534896648,2.6207423736172655,0.22106729911483738,0.08450812461331692,0.5268190850458612,0.32351615084156066,2.4723973307339135,26445.129655782494,9940.433644866898,25867.244222274163,9713.548258299174,5498.232339249659,2111.6820976877534,2.1951299317580095,0.7906149039114058,0.02434239571205308,0.013618763723798843,advance_eq19_20,2.53029126550245,0.457177908899216,2.63213348121749,0.4174542368685275,1.0402492065255644,0.9131111296993016,88.44064379627237,5.134837592795019e-16,a1_station_hull_matched_sweep_free_surface_marching_not_benchmark_validated,41,8,24,10,3.0,2,16,15.0,False,none,0.0,1.0,1.0,1.0,trapezoid,1.0,1.0,1.0,1.0,1.0,1.0,1.0,True,False,True,3.0,11,9,40,True,True,True,True,A1_GRID_RECOMMENDED,"A1 Section 3.3 recommends control radius about 3B, inner free-surface panels greater than 10, outer/free-surface proxy panels greater than 8, and roughly 60 stations at Fn=0.2 or 40 at Fn=0.3."
14,st41_bp8_fs24_cp10_r3p0_h2_fsm_clipfs_onezonefs_noend_pr1p0_pl1p0_pf1p0_pm1p0_dt1p0_fv1p0_hr1p0_hqtrapezoid_hp1p0_hc1p0_ci1p0_cp1p0_cn1p0_cd1p0_pg1p0,A53,OK,diagnostic_matched_wigley_sensitivity_not_hard_gate,wigley_iii,Fn0.4,0.4,2.1696064159197173,2.0,3.616010693199528,0.15,239.85000000000002,17,18,21,1.3499999999999999,1.6500000000000001,0.07500000000000007,-0.8686874999999998,0.8686875,0.0626249999999999,0.06262500000000004,heave,pitch_moment,0.15000000000000013,403.1047017181334,-96.30223297797292,30.232852628860034,-7.222667473347975,0.009640065662983413,0.009640065662983413,0.0,0.6025395224676072,0.6025395224676072,0.0,0.0,0.6025395224676072,6.785644059200129,2.5473805635350835,0.185268894130144,0.07172530122827515,0.4341714671972776,0.2615140889317628,2.701536433338055,25857.98876601667,9706.22518791143,25150.385515271355,9441.63924132629,6007.802548076391,2250.8344752766325,2.110256304290028,0.7759272645585934,0.019217432129461264,0.010730399905947485,advance_eq19_20,2.4033954240078765,0.493040179494407,2.5237041147168164,0.45758552459215274,1.0500578013535178,0.9280897249822284,88.65840109908919,6.659235994454314e-16,a1_station_hull_matched_sweep_free_surface_marching_not_benchmark_validated,41,8,24,10,3.0,2,16,15.0,False,none,0.0,1.0,1.0,1.0,trapezoid,1.0,1.0,1.0,1.0,1.0,1.0,1.0,True,False,True,3.0,11,9,40,True,True,True,True,A1_GRID_RECOMMENDED,"A1 Section 3.3 recommends control radius about 3B, inner free-surface panels greater than 10, outer/free-surface proxy panels greater than 8, and roughly 60 stations at Fn=0.2 or 40 at Fn=0.3."
14,st41_bp8_fs24_cp10_r3p0_h2_fsm_clipfs_onezonefs_noend_pr1p0_pl1p0_pf1p0_pm1p0_dt1p0_fv1p0_hr1p0_hqtrapezoid_hp1p0_hc1p0_ci1p0_cp1p0_cn1p0_cd1p0_pg1p0,A53,OK,diagnostic_matched_wigley_sensitivity_not_hard_gate,wigley_iii,Fn0.4,0.4,2.1696064159197173,2.0,3.616010693199528,0.15,239.85000000000002,18,19,20,1.425,1.575,0.07500000000000007,-0.8687343749999998,0.868734375,0.06253124999999993,0.06253125000000004,heave,pitch_moment,0.07499999999999996,196.74024141035372,-52.74546031967659,14.755518105776542,-3.955909523975748,0.004704953421935494,0.004704953421935494,0.0,0.6097120320100666,0.6097120320100666,0.0,0.0,0.6097120320100666,6.573826625538781,2.468922021041262,0.15100393409359048,0.05935868490669495,0.34828196313728116,0.20467718955755826,2.955911215677289,25236.457829708026,9462.47182039117,24365.303057517704,9150.839639480018,6573.493036883059,2408.4241412629594,2.029034978079629,0.74674981409725,0.014609349297675751,0.008138776103867906,advance_eq19_20,2.2624812749020764,0.5236705959560937,2.3993473544929276,0.49321965694592107,1.0604937955107605,0.9418509665325457,88.78962105356729,4.083436559791718e-16,a1_station_hull_matched_sweep_free_surface_marching_not_benchmark_validated,41,8,24,10,3.0,2,16,15.0,False,none,0.0,1.0,1.0,1.0,trapezoid,1.0,1.0,1.0,1.0,1.0,1.0,1.0,True,False,True,3.0,11,9,40,True,True,True,True,A1_GRID_RECOMMENDED,"A1 Section 3.3 recommends control radius about 3B, inner free-surface panels greater than 10, outer/free-surface proxy panels greater than 8, and roughly 60 stations at Fn=0.2 or 40 at Fn=0.3."
14,st41_bp8_fs24_cp10_r3p0_h2_fsm_clipfs_onezonefs_noend_pr1p0_pl1p0_pf1p0_pm1p0_dt1p0_fv1p0_hr1p0_hqtrapezoid_hp1p0_hc1p0_ci1p0_cp1p0_cn1p0_cd1p0_pg1p0,A53,OK,diagnostic_matched_wigley_sensitivity_not_hard_gate,wigley_iii,Fn0.4,0.4,2.1696064159197173,2.0,3.616010693199528,0.15,239.85000000000002,19,20,19,1.5,1.5,0.07499999999999996,-0.8687499999999999,0.8687499999999999,0.062499999999999944,0.06250000000000003,heave,pitch_moment,0.0,0.0,0.0,0.0,0.0,0.0,0.0,0.0,0.6120645087210342,0.6120645087210342,0.0,0.0,0.6120645087210342,6.34236938590046,2.384930678261239,0.11905882505886078,0.047712850067429625,0.2708771376549038,0.15407020647107458,3.199289864053689,24560.50739715976,9202.679489863292,23507.42740762832,8839.533206010548,7114.729810823748,2559.6801544309023,1.9359750701752367,0.6651878615295568,0.010567772195464634,0.005871160573173294,advance_eq19_20,2.1097758313299964,0.5484280502173753,2.2611123614335527,0.5236995602107193,1.0717310947714072,0.9549102384590749,88.83345571237246,7.912563719675411e-16,a1_station_hull_matched_sweep_free_surface_marching_not_benchmark_validated,41,8,24,10,3.0,2,16,15.0,False,none,0.0,1.0,1.0,1.0,trapezoid,1.0,1.0,1.0,1.0,1.0,1.0,1.0,True,False,True,3.0,11,9,40,True,True,True,True,A1_GRID_RECOMMENDED,"A1 Section 3.3 recommends control radius about 3B, inner free-surface panels greater than 10, outer/free-surface proxy panels greater than 8, and roughly 60 stations at Fn=0.2 or 40 at Fn=0.3."
14,st41_bp8_fs24_cp10_r3p0_h2_fsm_clipfs_onezonefs_noend_pr1p0_pl1p0_pf1p0_pm1p0_dt1p0_fv1p0_hr1p0_hqtrapezoid_hp1p0_hc1p0_ci1p0_cp1p0_cn1p0_cd1p0_pg1p0,A53,OK,diagnostic_matched_wigley_sensitivity_not_hard_gate,wigley_iii,Fn0.4,0.4,2.1696064159197173,2.0,3.616010693199528,0.15,239.85000000000002,20,21,18,1.575,1.425,0.07499999999999996,-0.8687343749999998,0.868734375,0.06253124999999993,0.06253125000000004,heave,pitch_moment,-0.07499999999999996,-182.54346738858382,60.07289784991267,-13.690760054143778,4.505467338743448,-0.004365444026016569,-0.004365444026016569,0.0,0.6098817867080261,0.6098817867080261,0.0,0.0,0.6098817867080261,6.0943210555058736,2.2962698123621963,0.08992955148368767,0.03699338567063379,0.20296048698825456,0.11025053005964024,3.3976037915980677,23818.26466710312,8923.420176100193,22588.058357112783,8510.9196008723,7555.749559629433,2689.4561402264203,1.8357673329676616,0.654959267636375,0.007117085242898717,0.003940273455899553,advance_eq19_20,1.9482281790884128,0.56673477735248,2.111689310854875,0.5484911625239451,1.0839024573820437,0.9678092547738811,88.78962105356736,4.382260949349913e-16,a1_station_hull_matched_sweep_free_surface_marching_not_benchmark_validated,41,8,24,10,3.0,2,16,15.0,False,none,0.0,1.0,1.0,1.0,trapezoid,1.0,1.0,1.0,1.0,1.0,1.0,1.0,True,False,True,3.0,11,9,40,True,True,True,True,A1_GRID_RECOMMENDED,"A1 Section 3.3 recommends control radius about 3B, inner free-surface panels greater than 10, outer/free-surface proxy panels greater than 8, and roughly 60 stations at Fn=0.2 or 40 at Fn=0.3."
14,st41_bp8_fs24_cp10_r3p0_h2_fsm_clipfs_onezonefs_noend_pr1p0_pl1p0_pf1p0_pm1p0_dt1p0_fv1p0_hr1p0_hqtrapezoid_hp1p0_hc1p0_ci1p0_cp1p0_cn1p0_cd1p0_pg1p0,A53,OK,diagnostic_matched_wigley_sensitivity_not_hard_gate,wigley_iii,Fn0.4,0.4,2.1696064159197173,2.0,3.616010693199528,0.15,239.85000000000002,21,22,17,1.65,1.35,0.07499999999999996,-0.8686874999999998,0.8686875,0.0626249999999999,0.06262500000000004,heave,pitch_moment,-0.1499999999999999,-347.117864855626,124.69411209920771,-26.033839864171934,9.352058407440573,-0.008301165914811516,-0.008301165914811516,0.0,0.603548481737612,0.603548481737612,0.0,0.0,0.603548481737612,5.833467216142686,2.2040461301405623,0.0639663173447253,0.02734336367444718,0.14506126064935024,0.07339093940322608,3.563814321133413,23028.005529490605,8630.014769690899,21621.226827800852,8169.100734265644,7925.376276684565,2813.079838560777,1.7432385264489765,0.5697634415008371,0.004260836019290175,0.0023468311130935776,advance_eq19_20,1.7809915251212873,0.5781651578545157,1.9540229710373787,0.5670701749376781,1.097154558837279,0.9808100111774126,88.65840109908919,6.139837662450803e-16,a1_station_hull_matched_sweep_free_surface_marching_not_benchmark_validated,41,8,24,10,3.0,2,16,15.0,False,none,0.0,1.0,1.0,1.0,trapezoid,1.0,1.0,1.0,1.0,1.0,1.0,1.0,True,False,True,3.0,11,9,40,True,True,True,True,A1_GRID_RECOMMENDED,"A1 Section 3.3 recommends control radius about 3B, inner free-surface panels greater than 10, outer/free-surface proxy panels greater than 8, and roughly 60 stations at Fn=0.2 or 40 at Fn=0.3."
14,st41_bp8_fs24_cp10_r3p0_h2_fsm_clipfs_onezonefs_noend_pr1p0_pl1p0_pf1p0_pm1p0_dt1p0_fv1p0_hr1p0_hqtrapezoid_hp1p0_hc1p0_ci1p0_cp1p0_cn1p0_cd1p0_pg1p0,A53,OK,diagnostic_matched_wigley_sensitivity_not_hard_gate,wigley_iii,Fn0.4,0.4,2.1696064159197173,2.0,3.616010693199528,0.15,239.85000000000002,22,23,16,1.7249999999999999,1.2750000000000001,0.07499999999999996,-0.8686093749999999,0.8686093749999999,0.0627812499999999,0.06278125000000001,heave,pitch_moment,-0.22499999999999987,-490.6269253189206,191.95213916463106,-36.797019398919026,14.39641043734732,-0.011733119846885888,-0.011733119846885888,0.0,0.5935313388567632,0.5935313388567632,0.0,0.0,0.5935313388567632,5.560892685607372,2.1085804703346582,0.04155268381109506,0.01888508800702942,0.09757226571859703,0.04785077592900644,3.7142430804690845,22204.44703128042,8326.44402003687,20610.953600263583,7815.265766406859,8259.906758112918,2963.6868410253974,1.6678893505562842,0.5098671897525154,0.001980293536129359,0.001078925619503112,advance_eq19_20,1.6107318442732304,0.5823618864610209,1.7906802520761012,0.5789872595217087,1.111718414485103,0.9942052750741989,88.44064379627237,6.37528471989365e-16,a1_station_hull_matched_sweep_free_surface_marching_not_benchmark_validated,41,8,24,10,3.0,2,16,15.0,False,none,0.0,1.0,1.0,1.0,trapezoid,1.0,1.0,1.0,1.0,1.0,1.0,1.0,True,False,True,3.0,11,9,40,True,True,True,True,A1_GRID_RECOMMENDED,"A1 Section 3.3 recommends control radius about 3B, inner free-surface panels greater than 10, outer/free-surface proxy panels greater than 8, and roughly 60 stations at Fn=0.2 or 40 at Fn=0.3."
14,st41_bp8_fs24_cp10_r3p0_h2_fsm_clipfs_onezonefs_noend_pr1p0_pl1p0_pf1p0_pm1p0_dt1p0_fv1p0_hr1p0_hqtrapezoid_hp1p0_hc1p0_ci1p0_cp1p0_cn1p0_cd1p0_pg1p0,A53,OK,diagnostic_matched_wigley_sensitivity_not_hard_gate,wigley_iii,Fn0.4,0.4,2.1696064159197173,2.0,3.616010693199528,0.15,239.85000000000002,23,24,15,1.7999999999999998,1.2000000000000002,0.07500000000000007,-0.8684999999999999,0.8684999999999998,0.06299999999999994,0.06300000000000008,heave,pitch_moment,-0.2999999999999998,-610.6516202881237,259.5595279639144,-45.79887152160932,19.466964597293597,-0.014603455855746761,-0.014603455855746761,0.0,0.5803630510054469,0.5803630510054469,0.0,0.0,0.5803630510054469,5.277960222325222,2.010293596849589,0.02317056874242707,0.011687286448023316,0.060996913633990964,0.03372865147428736,3.844943580586761,21349.363699026595,8013.082819641168,19562.289617265007,7450.974221245622,8550.564617822625,3096.126700222047,1.6190983258773857,0.46315693365849575,0.00024071245156918742,0.00011437935690729293,advance_eq19_20,1.4401054881219293,0.5791162964840288,1.624249259378422,0.5839082355639551,1.1278682518574652,1.008274571289082,88.13774872231025,3.388414877047846e-16,a1_station_hull_matched_sweep_free_surface_marching_not_benchmark_validated,41,8,24,10,3.0,2,16,15.0,False,none,0.0,1.0,1.0,1.0,trapezoid,1.0,1.0,1.0,1.0,1.0,1.0,1.0,True,False,True,3.0,11,9,40,True,True,True,True,A1_GRID_RECOMMENDED,"A1 Section 3.3 recommends control radius about 3B, inner free-surface panels greater than 10, outer/free-surface proxy panels greater than 8, and roughly 60 stations at Fn=0.2 or 40 at Fn=0.3."
14,st41_bp8_fs24_cp10_r3p0_h2_fsm_clipfs_onezonefs_noend_pr1p0_pl1p0_pf1p0_pm1p0_dt1p0_fv1p0_hr1p0_hqtrapezoid_hp1p0_hc1p0_ci1p0_cp1p0_cn1p0_cd1p0_pg1p0,A53,OK,diagnostic_matched_wigley_sensitivity_not_hard_gate,wigley_iii,Fn0.4,0.4,2.1696064159197173,2.0,3.616010693199528,0.15,239.85000000000002,24,25,14,1.875,1.125,0.07500000000000007,-0.8683593749999999,0.8683593749999999,0.06328124999999996,0.06328125000000007,heave,pitch_moment,-0.375,-705.524945976241,324.90534365110375,-52.91437094821813,24.3679007738328,-0.016872308303760568,-0.016872308303760568,0.0,0.5646251689256933,0.5646251689256933,0.0,0.0,0.5646251689256933,4.986352929169541,1.909715507686109,0.01069841589409114,0.00576735789434706,0.03699033842517908,0.021728036502739412,3.951652602744572,20464.395747344544,7690.331025849586,18481.473149742447,7078.190489180984,8787.869111410486,3206.719444496586,1.6035763669662144,0.5231076970244003,0.0010183838395628516,0.0005767816964148407,advance_eq19_20,1.2717074681816176,0.5683965523746217,1.457300895175621,0.5816523978664874,1.1459403452740422,1.0233214741301402,87.75164677623461,3.705149381069805e-16,a1_station_hull_matched_sweep_free_surface_marching_not_benchmark_validated,41,8,24,10,3.0,2,16,15.0,False,none,0.0,1.0,1.0,1.0,trapezoid,1.0,1.0,1.0,1.0,1.0,1.0,1.0,True,False,True,3.0,11,9,40,True,True,True,True,A1_GRID_RECOMMENDED,"A1 Section 3.3 recommends control radius about 3B, inner free-surface panels greater than 10, outer/free-surface proxy panels greater than 8, and roughly 60 stations at Fn=0.2 or 40 at Fn=0.3."
14,st41_bp8_fs24_cp10_r3p0_h2_fsm_clipfs_onezonefs_noend_pr1p0_pl1p0_pf1p0_pm1p0_dt1p0_fv1p0_hr1p0_hqtrapezoid_hp1p0_hc1p0_ci1p0_cp1p0_cn1p0_cd1p0_pg1p0,A53,OK,diagnostic_matched_wigley_sensitivity_not_hard_gate,wigley_iii,Fn0.4,0.4,2.1696064159197173,2.0,3.616010693199528,0.15,239.85000000000002,25,26,13,1.95,1.05,0.07499999999999996,-0.8681874999999999,0.8681874999999999,0.0636249999999999,0.06362500000000004,heave,pitch_moment,-0.44999999999999996,-774.3873808623636,385.1791286524339,-58.07905356467723,28.888434648932527,-0.01851912212455125,-0.01851912212455125,0.0,0.5469294537115373,0.5469294537115373,0.0,0.0,0.5469294537115373,4.688081797930626,1.807487728653489,0.011189397567402354,0.006334648762697977,0.02878859311255293,0.011887790466129216,4.030334210699347,19551.38095920129,7358.663943180242,17375.957759708992,6699.292328503891,8962.844935879884,3291.8342572186302,1.623817634545885,0.5819870797902833,0.0018471990664822935,0.001029848029127302,advance_eq19_20,1.1080080593410855,0.5503659408857544,1.2923370278677369,0.572222705017321,1.166360674881976,1.0397131481217579,87.28477208365148,5.007191734132427e-16,a1_station_hull_matched_sweep_free_surface_marching_not_benchmark_validated,41,8,24,10,3.0,2,16,15.0,False,none,0.0,1.0,1.0,1.0,trapezoid,1.0,1.0,1.0,1.0,1.0,1.0,1.0,True,False,True,3.0,11,9,40,True,True,True,True,A1_GRID_RECOMMENDED,"A1 Section 3.3 recommends control radius about 3B, inner free-surface panels greater than 10, outer/free-surface proxy panels greater than 8, and roughly 60 stations at Fn=0.2 or 40 at Fn=0.3."
14,st41_bp8_fs24_cp10_r3p0_h2_fsm_clipfs_onezonefs_noend_pr1p0_pl1p0_pf1p0_pm1p0_dt1p0_fv1p0_hr1p0_hqtrapezoid_hp1p0_hc1p0_ci1p0_cp1p0_cn1p0_cd1p0_pg1p0,A53,OK,diagnostic_matched_wigley_sensitivity_not_hard_gate,wigley_iii,Fn0.4,0.4,2.1696064159197173,2.0,3.616010693199528,0.15,239.85000000000002,26,27,12,2.025,0.9750000000000001,0.07500000000000007,-0.8679843749999999,0.8679843749999999,0.06403124999999998,0.0640312500000001,heave,pitch_moment,-0.5249999999999999,-817.2104619165198,437.562177506746,-61.29078464373904,32.817163313005985,-0.01954321663769835,-0.01954321663769835,0.0,0.5278982843304125,0.5278982843304125,0.0,0.0,0.5278982843304125,4.385447904713881,1.7043570212145414,0.017907944082587803,0.00863561411185754,0.03221279237274187,0.01738484574757411,4.077811456860915,18612.83786100671,7018.686107840259,16254.27218086273,6317.047544085013,9068.427047209278,3348.651499851544,1.6782851526403146,0.6517205479880205,0.0023169085291658586,0.00128305513433727,advance_eq19_20,0.9512804954452191,0.5253942277774692,1.1317276787502653,0.5558206192867555,1.1896887239558014,1.0579115450849097,86.74002633334426,8.828277819845457e-16,a1_station_hull_matched_sweep_free_surface_marching_not_benchmark_validated,41,8,24,10,3.0,2,16,15.0,False,none,0.0,1.0,1.0,1.0,trapezoid,1.0,1.0,1.0,1.0,1.0,1.0,1.0,True,False,True,3.0,11,9,40,True,True,True,True,A1_GRID_RECOMMENDED,"A1 Section 3.3 recommends control radius about 3B, inner free-surface panels greater than 10, outer/free-surface proxy panels greater than 8, and roughly 60 stations at Fn=0.2 or 40 at Fn=0.3."
14,st41_bp8_fs24_cp10_r3p0_h2_fsm_clipfs_onezonefs_noend_pr1p0_pl1p0_pf1p0_pm1p0_dt1p0_fv1p0_hr1p0_hqtrapezoid_hp1p0_hc1p0_ci1p0_cp1p0_cn1p0_cd1p0_pg1p0,A53,OK,diagnostic_matched_wigley_sensitivity_not_hard_gate,wigley_iii,Fn0.4,0.4,2.1696064159197173,2.0,3.616010693199528,0.15,239.85000000000002,27,28,11,2.1,0.8999999999999999,0.07499999999999996,-0.8677499999999999,0.8677499999999999,0.06449999999999989,0.06450000000000003,heave,pitch_moment,-0.6000000000000001,-834.7787559258118,479.45190703149365,-62.60840669443584,35.958893027362,-0.01996335440119828,-0.01996335440119828,0.0,0.5081449988109643,0.5081449988109643,0.0,0.0,0.5081449988109643,4.080960007452204,1.6011628401410027,0.02318012435832316,0.010083188700431879,0.03722278455214783,0.02140652991413785,4.092310974837088,17652.463782202623,6671.129596627135,15125.714901103465,5934.567500291182,9100.671750618849,3375.879733448859,1.7621766652700885,0.708807414547086,0.0024959248476496875,0.0013754453041757739,advance_eq19_20,0.8035210493844883,0.49406962282056816,0.9776391983249114,0.5328489444350917,1.2166939485577892,1.078489588963471,86.12073569235677,5.79282354264444e-16,a1_station_hull_matched_sweep_free_surface_marching_not_benchmark_validated,41,8,24,10,3.0,2,16,15.0,False,none,0.0,1.0,1.0,1.0,trapezoid,1.0,1.0,1.0,1.0,1.0,1.0,1.0,True,False,True,3.0,11,9,40,True,True,True,True,A1_GRID_RECOMMENDED,"A1 Section 3.3 recommends control radius about 3B, inner free-surface panels greater than 10, outer/free-surface proxy panels greater than 8, and roughly 60 stations at Fn=0.2 or 40 at Fn=0.3."
14,st41_bp8_fs24_cp10_r3p0_h2_fsm_clipfs_onezonefs_noend_pr1p0_pl1p0_pf1p0_pm1p0_dt1p0_fv1p0_hr1p0_hqtrapezoid_hp1p0_hc1p0_ci1p0_cp1p0_cn1p0_cd1p0_pg1p0,A53,OK,diagnostic_matched_wigley_sensitivity_not_hard_gate,wigley_iii,Fn0.4,0.4,2.1696064159197173,2.0,3.616010693199528,0.15,239.85000000000002,28,29,10,2.175,0.8250000000000002,0.07499999999999996,-0.8674843749999999,0.8674843749999999,0.06503124999999987,0.0650312500000001,heave,pitch_moment,-0.6749999999999998,-828.6280971990049,508.6493741214981,-62.14710728992533,38.148703059112336,-0.0198162641942513,-0.0198162641942513,0.0,0.4882551895132395,0.4882551895132395,0.0,0.0,0.4882551895132395,3.777224756898601,1.4988273375070662,0.026185017468911324,0.010764349024338649,0.0398732296775129,0.02257016661771888,4.073650425217371,16675.345517740974,6316.672470950179,13999.947239352412,5555.2700716774625,9059.173551234835,3374.186515983326,1.8671493721542178,0.8041541185195153,0.0024515995754013226,0.001345103350636907,advance_eq19_20,0.666361369345424,0.45721091791898466,0.8319529053006954,0.5039132833468811,1.2485011040149796,1.1021462165437,85.43060038090854,4.698503234571122e-16,a1_station_hull_matched_sweep_free_surface_marching_not_benchmark_validated,41,8,24,10,3.0,2,16,15.0,False,none,0.0,1.0,1.0,1.0,trapezoid,1.0,1.0,1.0,1.0,1.0,1.0,1.0,True,False,True,3.0,11,9,40,True,True,True,True,A1_GRID_RECOMMENDED,"A1 Section 3.3 recommends control radius about 3B, inner free-surface panels greater than 10, outer/free-surface proxy panels greater than 8, and roughly 60 stations at Fn=0.2 or 40 at Fn=0.3."
14,st41_bp8_fs24_cp10_r3p0_h2_fsm_clipfs_onezonefs_noend_pr1p0_pl1p0_pf1p0_pm1p0_dt1p0_fv1p0_hr1p0_hqtrapezoid_hp1p0_hc1p0_ci1p0_cp1p0_cn1p0_cd1p0_pg1p0,A53,OK,diagnostic_matched_wigley_sensitivity_not_hard_gate,wigley_iii,Fn0.4,0.4,2.1696064159197173,2.0,3.616010693199528,0.15,239.85000000000002,29,30,9,2.25,0.75,0.07499999999999996,-0.8671874999999999,0.8671874999999999,0.06562499999999982,0.0656250000000001,heave,pitch_moment,-0.75,-800.9508002157706,523.3944833012081,-60.071310016182764,39.25458624759058,-0.019154374220864596,-0.019154374220864596,0.0,0.46876987030568157,0.46876987030568157,0.0,0.0,0.46876987030568157,3.476854227185783,1.3983691440356236,0.027094644937604294,0.010787301798337326,0.03970236756200581,0.02164012568694776,4.022605328789499,15687.273339729218,5955.314248170319,12886.650615804767,5182.930722319913,8945.657088305905,3346.004369595213,1.98064325772075,0.8231577602541211,0.002248021651170728,0.0012279721743297953,advance_eq19_20,0.5409761887625192,0.41585375564638055,0.6961714473869258,0.46982532265550486,1.2868800177313076,1.1297849695387117,84.67363722110893,3.9784762744884205e-16,a1_station_hull_matched_sweep_free_surface_marching_not_benchmark_validated,41,8,24,10,3.0,2,16,15.0,False,none,0.0,1.0,1.0,1.0,trapezoid,1.0,1.0,1.0,1.0,1.0,1.0,1.0,True,False,True,3.0,11,9,40,True,True,True,True,A1_GRID_RECOMMENDED,"A1 Section 3.3 recommends control radius about 3B, inner free-surface panels greater than 10, outer/free-surface proxy panels greater than 8, and roughly 60 stations at Fn=0.2 or 40 at Fn=0.3."
14,st41_bp8_fs24_cp10_r3p0_h2_fsm_clipfs_onezonefs_noend_pr1p0_pl1p0_pf1p0_pm1p0_dt1p0_fv1p0_hr1p0_hqtrapezoid_hp1p0_hc1p0_ci1p0_cp1p0_cn1p0_cd1p0_pg1p0,A53,OK,diagnostic_matched_wigley_sensitivity_not_hard_gate,wigley_iii,Fn0.4,0.4,2.1696064159197173,2.0,3.616010693199528,0.15,239.85000000000002,30,31,8,2.3249999999999997,0.6750000000000003,0.07499999999999996,-0.866859375,0.866859375,0.06628124999999996,0.06628125000000007,heave,pitch_moment,-0.8249999999999997,-754.497201913723,522.065734200123,-56.58729014352919,39.1549300650092,-0.018043457538412393,-0.018043457538412393,0.0,0.45017095442604316,0.45017095442604316,0.0,0.0,0.45017095442604316,3.182486584133305,1.3009886050091033,0.026280613835806124,0.010279951375623847,0.03718238158844199,0.019302672483710644,3.9385853485745437,14691.936511274722,5584.741225258322,11795.603157169822,4821.998425129746,8758.809542962594,3294.226855038603,2.0876647049931614,0.9576041200371861,0.0019454680450205443,0.0010575013163240015,advance_eq19_20,0.4280040328302821,0.37115009120861087,0.5713142840677515,0.43157800816645053,1.3348338806291031,1.162812615136541,83.85411691935549,2.9124264167278413e-16,a1_station_hull_matched_sweep_free_surface_marching_not_benchmark_validated,41,8,24,10,3.0,2,16,15.0,False,none,0.0,1.0,1.0,1.0,trapezoid,1.0,1.0,1.0,1.0,1.0,1.0,1.0,True,False,True,3.0,11,9,40,True,True,True,True,A1_GRID_RECOMMENDED,"A1 Section 3.3 recommends control radius about 3B, inner free-surface panels greater than 10, outer/free-surface proxy panels greater than 8, and roughly 60 stations at Fn=0.2 or 40 at Fn=0.3."
14,st41_bp8_fs24_cp10_r3p0_h2_fsm_clipfs_onezonefs_noend_pr1p0_pl1p0_pf1p0_pm1p0_dt1p0_fv1p0_hr1p0_hqtrapezoid_hp1p0_hc1p0_ci1p0_cp1p0_cn1p0_cd1p0_pg1p0,A53,OK,diagnostic_matched_wigley_sensitivity_not_hard_gate,wigley_iii,Fn0.4,0.4,2.1696064159197173,2.0,3.616010693199528,0.15,239.85000000000002,31,32,7,2.4,0.6000000000000001,0.07500000000000018,-0.8664999999999999,0.8664999999999998,0.06699999999999995,0.06700000000000006,heave,pitch_moment,-0.8999999999999999,-692.5287974630778,502.2185153425511,-51.93965980973096,37.666388650691424,-0.016561511320994607,-0.016561511320994607,0.0,0.4328684699963396,0.4328684699963396,0.0,0.0,0.4328684699963396,2.897122363763394,1.208334474274053,0.02419903465302768,0.009392632668567213,0.033023067646924,0.016148324265068795,3.8137674007406686,13683.361412781125,5196.41943374543,10737.926083047823,4478.584139435021,8481.233577009227,3219.0428680763425,2.1768824795644948,1.0482132881761606,0.0015989992783541596,0.000863918443485929,advance_eq19_20,0.32752805809588836,0.32410890676245735,0.4578237889465378,0.39021003993156284,1.3978154775750649,1.2039472899075607,82.97650322796612,3.8326980261148956e-16,a1_station_hull_matched_sweep_free_surface_marching_not_benchmark_validated,41,8,24,10,3.0,2,16,15.0,False,none,0.0,1.0,1.0,1.0,trapezoid,1.0,1.0,1.0,1.0,1.0,1.0,1.0,True,False,True,3.0,11,9,40,True,True,True,True,A1_GRID_RECOMMENDED,"A1 Section 3.3 recommends control radius about 3B, inner free-surface panels greater than 10, outer/free-surface proxy panels greater than 8, and roughly 60 stations at Fn=0.2 or 40 at Fn=0.3."
14,st41_bp8_fs24_cp10_r3p0_h2_fsm_clipfs_onezonefs_noend_pr1p0_pl1p0_pf1p0_pm1p0_dt1p0_fv1p0_hr1p0_hqtrapezoid_hp1p0_hc1p0_ci1p0_cp1p0_cn1p0_cd1p0_pg1p0,A53,OK,diagnostic_matched_wigley_sensitivity_not_hard_gate,wigley_iii,Fn0.4,0.4,2.1696064159197173,2.0,3.616010693199528,0.15,239.85000000000002,32,33,6,2.475,0.5249999999999999,0.07499999999999996,-0.866109375,0.866109375,0.06778124999999988,0.06778125000000013,heave,pitch_moment,-0.9750000000000001,-618.9196362851527,458.1497314095173,-46.418972721386424,34.36122985571378,-0.014801181699117549,-0.014801181699117549,0.0,0.41718712348628345,0.41718712348628345,0.0,0.0,0.41718712348628345,2.6252455944304067,1.1232325480193253,0.021384427673840502,0.00830903848662215,0.028007048885318405,0.01266757646216354,3.618896873178518,12627.184416753305,4766.793155482579,9730.239045278686,4163.1614272023235,8047.8714214649135,3111.315819505647,2.2485284084605266,1.029960384152581,0.0012566004444543304,0.0006733268682420039,advance_eq19_20,0.2391987287165634,0.2751757036804917,0.35554590407036474,0.3464531633628797,1.48640381986171,1.259025265417868,82.0454186369934,6.758988152712913e-16,a1_station_hull_matched_sweep_free_surface_marching_not_benchmark_validated,41,8,24,10,3.0,2,16,15.0,False,none,0.0,1.0,1.0,1.0,trapezoid,1.0,1.0,1.0,1.0,1.0,1.0,1.0,True,False,True,3.0,11,9,40,True,True,True,True,A1_GRID_RECOMMENDED,"A1 Section 3.3 recommends control radius about 3B, inner free-surface panels greater than 10, outer/free-surface proxy panels greater than 8, and roughly 60 stations at Fn=0.2 or 40 at Fn=0.3."
14,st41_bp8_fs24_cp10_r3p0_h2_fsm_clipfs_onezonefs_noend_pr1p0_pl1p0_pf1p0_pm1p0_dt1p0_fv1p0_hr1p0_hqtrapezoid_hp1p0_hc1p0_ci1p0_cp1p0_cn1p0_cd1p0_pg1p0,A53,OK,diagnostic_matched_wigley_sensitivity_not_hard_gate,wigley_iii,Fn0.4,0.4,2.1696064159197173,2.0,3.616010693199528,0.15,239.85000000000002,33,34,5,2.55,0.4500000000000002,0.07499999999999996,-0.8656874999999999,0.8656874999999999,0.06862499999999994,0.06862500000000005,heave,pitch_moment,-1.0499999999999998,-538.6088458972793,373.679086103931,-40.39566344229592,28.025931457794808,-0.012880585661697603,-0.012880585661697603,0.0,0.4033462398058759,0.4033462398058759,0.0,0.0,0.4033462398058759,2.376065352798116,1.0517325508575393,0.018521130671140803,0.007279197292371197,0.02296565561964734,0.009204489026166806,3.2656627862905165,11414.858710583363,4294.005848981296,8806.674666545368,3898.1530540440504,7262.33300670032,2936.34127961115,2.3160583634442866,1.2747464891267484,0.0010693739337652075,0.0005632682835799815,advance_eq19_20,0.16258608049706919,0.22382455015931582,0.2638999776092566,0.30015611667768055,1.623140042508213,1.3410330388870781,81.06571677861561,4.499908448452307e-16,a1_station_hull_matched_sweep_free_surface_marching_not_benchmark_validated,41,8,24,10,3.0,2,16,15.0,False,none,0.0,1.0,1.0,1.0,trapezoid,1.0,1.0,1.0,1.0,1.0,1.0,1.0,True,False,True,3.0,11,9,40,True,True,True,True,A1_GRID_RECOMMENDED,"A1 Section 3.3 recommends control radius about 3B, inner free-surface panels greater than 10, outer/free-surface proxy panels greater than 8, and roughly 60 stations at Fn=0.2 or 40 at Fn=0.3."
14,st41_bp8_fs24_cp10_r3p0_h2_fsm_clipfs_onezonefs_noend_pr1p0_pl1p0_pf1p0_pm1p0_dt1p0_fv1p0_hr1p0_hqtrapezoid_hp1p0_hc1p0_ci1p0_cp1p0_cn1p0_cd1p0_pg1p0,A53,OK,diagnostic_matched_wigley_sensitivity_not_hard_gate,wigley_iii,Fn0.4,0.4,2.1696064159197173,2.0,3.616010693199528,0.15,239.85000000000002,34,35,4,2.625,0.375,0.07499999999999996,-0.8652343749999999,0.8652343749999999,0.06953124999999993,0.06953125000000009,heave,pitch_moment,-1.125,-459.1073454860555,188.23280713247505,-34.433050911454146,14.11746053493562,-0.010979343426111388,-0.010979343426111388,0.0,0.3914162752619713,0.3914162752619713,0.0,0.0,0.3914162752619713,2.174187291799365,1.0099587007709774,0.016674189642188066,0.006718002749601021,0.019008026609109926,0.006180610795885718,2.5514117756468657,9855.557304294196,3744.343470169306,8058.431608569152,3743.3219982197006,5673.948342048972,2566.4255004328484,2.393684455551488,1.5133062029572433,0.001485656105561898,0.000760187245217085,advance_eq19_20,0.09778665063740839,0.16846019587551855,0.18236067340937934,0.24975421158409628,1.8648831125791423,1.482571062476081,80.04292683338196,6.299319959077571e-16,a1_station_hull_matched_sweep_free_surface_marching_not_benchmark_validated,41,8,24,10,3.0,2,16,15.0,False,none,0.0,1.0,1.0,1.0,trapezoid,1.0,1.0,1.0,1.0,1.0,1.0,1.0,True,False,True,3.0,11,9,40,True,True,True,True,A1_GRID_RECOMMENDED,"A1 Section 3.3 recommends control radius about 3B, inner free-surface panels greater than 10, outer/free-surface proxy panels greater than 8, and roughly 60 stations at Fn=0.2 or 40 at Fn=0.3."
14,st41_bp8_fs24_cp10_r3p0_h2_fsm_clipfs_onezonefs_noend_pr1p0_pl1p0_pf1p0_pm1p0_dt1p0_fv1p0_hr1p0_hqtrapezoid_hp1p0_hc1p0_ci1p0_cp1p0_cn1p0_cd1p0_pg1p0,A53,OK,diagnostic_matched_wigley_sensitivity_not_hard_gate,wigley_iii,Fn0.4,0.4,2.1696064159197173,2.0,3.616010693199528,0.15,239.85000000000002,35,36,3,2.6999999999999997,0.30000000000000027,0.07499999999999996,-0.8647499999999999,0.8647499999999999,0.0704999999999999,0.07050000000000001,heave,pitch_moment,-1.1999999999999997,-397.4529158052615,-620.7344658372833,-29.808968685394596,-46.555084937796224,-0.009504905772560421,-0.009504905772560421,0.0,0.3811741506626355,0.3811741506626355,0.0,0.0,0.3811741506626355,2.1111700209101407,1.0576314758801437,0.017946320317989893,0.0075653693746974135,0.019780117242543305,0.007516222444248251,6.727461337524121,16883.580225920374,11082.231520563044,7824.863705042673,3920.0168944031734,14960.84186276278,10365.776527735621,2.4905369163871103,1.7012044455700042,0.0001815461100907742,0.0001009979094511856,advance_eq19_20,0.046215908414820185,0.10631297720863556,0.11128025735732741,0.19225164488595212,2.4078344702977397,1.8083553855204797,78.98504044428888,4.747391123723519e-16,a1_station_hull_matched_sweep_free_surface_marching_not_benchmark_validated,41,8,24,10,3.0,2,16,15.0,False,none,0.0,1.0,1.0,1.0,trapezoid,1.0,1.0,1.0,1.0,1.0,1.0,1.0,True,False,True,3.0,11,9,40,True,True,True,True,A1_GRID_RECOMMENDED,"A1 Section 3.3 recommends control radius about 3B, inner free-surface panels greater than 10, outer/free-surface proxy panels greater than 8, and roughly 60 stations at Fn=0.2 or 40 at Fn=0.3."
14,st41_bp8_fs24_cp10_r3p0_h2_fsm_clipfs_onezonefs_noend_pr1p0_pl1p0_pf1p0_pm1p0_dt1p0_fv1p0_hr1p0_hqtrapezoid_hp1p0_hc1p0_ci1p0_cp1p0_cn1p0_cd1p0_pg1p0,A53,OK,diagnostic_matched_wigley_sensitivity_not_hard_gate,wigley_iii,Fn0.4,0.4,2.1696064159197173,2.0,3.616010693199528,0.15,239.85000000000002,36,37,2,2.775,0.2250000000000001,0.07500000000000018,-0.8642343749999999,0.8642343749999999,0.07153124999999994,0.07153125000000005,heave,pitch_moment,-1.275,-462.9581016131961,1889.136745123341,-34.72185762098979,141.6852558842509,-0.011071432508078337,-0.011071432508078337,0.0,0.3708859815223161,0.3708859815223161,0.0,0.0,0.3708859815223161,2.978024497967024,1.7091375450844775,0.0388412550330062,0.017061989778812875,0.04193537040822835,0.018190810648291426,20.73092734008388,47405.317173653355,29465.404833802804,11037.782639990388,6334.766130153617,46102.401789136755,28776.393451858217,2.919238792611275,2.0581420358904037,0.000846767419546704,0.00041964538379023246,advance_eq19_20,0.01185246119230764,0.027418679150823817,0.052930556486886236,0.12334477293892303,4.465786103669226,4.498567281831191,77.91010290862681,9.285900975700135e-16,a1_station_hull_matched_sweep_free_surface_marching_not_benchmark_validated,41,8,24,10,3.0,2,16,15.0,False,none,0.0,1.0,1.0,1.0,trapezoid,1.0,1.0,1.0,1.0,1.0,1.0,1.0,True,False,True,3.0,11,9,40,True,True,True,True,A1_GRID_RECOMMENDED,"A1 Section 3.3 recommends control radius about 3B, inner free-surface panels greater than 10, outer/free-surface proxy panels greater than 8, and roughly 60 stations at Fn=0.2 or 40 at Fn=0.3."
14,st41_bp8_fs24_cp10_r3p0_h2_fsm_clipfs_onezonefs_noend_pr1p0_pl1p0_pf1p0_pm1p0_dt1p0_fv1p0_hr1p0_hqtrapezoid_hp1p0_hc1p0_ci1p0_cp1p0_cn1p0_cd1p0_pg1p0,A53,OK,diagnostic_matched_wigley_sensitivity_not_hard_gate,wigley_iii,Fn0.4,0.4,2.1696064159197173,2.0,3.616010693199528,0.15,239.85000000000002,37,38,1,2.85,0.1499999999999999,0.07499999999999996,-0.8636874999999999,0.8636874999999999,0.07262499999999994,0.07262500000000005,heave,pitch_moment,-1.35,107.19627844863273,996.2452740045229,8.03972088364745,74.71839555033917,0.002563550260435441,0.002563550260435441,0.0,0.3666320403984947,0.3666320403984947,0.0,0.0,0.3666320403984947,1.2535788746081276,0.8833562989716728,0.03734376567615131,0.01676922221203694,0.04003545867174091,0.01855519195562274,17.275912378289238,38698.91238808622,27016.803730949934,4646.27848073582,3274.0814685613964,38418.97859522327,26817.68212157593,0.6207723204016796,0.24665088857519468,5.9156867828285085e-05,2.6955281226348326e-05,advance_eq19_20,0.0036297277147413977,0.010707129737398676,0.013020054878988703,0.02920888245878341,3.587061042102527,2.7279843595020994,77.78531556101758,2.4346708193619053e-16,a1_station_hull_matched_sweep_free_surface_marching_not_benchmark_validated,41,8,24,10,3.0,2,16,15.0,False,none,0.0,1.0,1.0,1.0,trapezoid,1.0,1.0,1.0,1.0,1.0,1.0,1.0,True,False,True,3.0,11,9,40,True,True,True,True,A1_GRID_RECOMMENDED,"A1 Section 3.3 recommends control radius about 3B, inner free-surface panels greater than 10, outer/free-surface proxy panels greater than 8, and roughly 60 stations at Fn=0.2 or 40 at Fn=0.3."
14,st41_bp8_fs24_cp10_r3p0_h2_fsm_clipfs_onezonefs_noend_pr1p0_pl1p0_pf1p0_pm1p0_dt1p0_fv1p0_hr1p0_hqtrapezoid_hp1p0_hc1p0_ci1p0_cp1p0_cn1p0_cd1p0_pg1p0,A53,OK,diagnostic_matched_wigley_sensitivity_not_hard_gate,wigley_iii,Fn0.4,0.4,2.1696064159197173,2.0,3.616010693199528,0.15,239.85000000000002,38,39,0,2.925,0.07500000000000018,0.03749999999999987,-0.8631093749999998,0.8631093749999998,0.07378124999999991,0.07378125000000002,heave,pitch_moment,-1.4249999999999998,-47.80636089302791,-2253.523219024167,-1.7927385334885402,-84.50712071340595,-0.0005716336923791554,-0.0005716336923791554,0.0,0.36734218183633327,0.36734218183633327,0.0,0.0,0.36734218183633327,1.3598522519491167,0.7928968190152298,0.004305060891030446,0.0020563470617926205,0.004870763096139642,0.002542015892064957,60.2522542055056,134086.53007711866,73289.44744472163,5040.171291324951,2938.801460567036,133991.769230338,73288.51521471149,0.7570610439783486,0.5336897937571384,0.0,0.0,initialize_eq21_22,0.0,0.0,0.00443590455456063,0.013085225477245535,,,113.94877021527233,1.0956202933659661e-15,a1_station_hull_matched_sweep_free_surface_marching_not_benchmark_validated,41,8,24,10,3.0,2,16,15.0,False,none,0.0,1.0,1.0,1.0,trapezoid,1.0,1.0,1.0,1.0,1.0,1.0,1.0,True,False,True,3.0,11,9,40,True,True,True,True,A1_GRID_RECOMMENDED,"A1 Section 3.3 recommends control radius about 3B, inner free-surface panels greater than 10, outer/free-surface proxy panels greater than 8, and roughly 60 stations at Fn=0.2 or 40 at Fn=0.3."
32,st41_bp8_fs24_cp10_r3p0_h2_fsm_clipfs_onezonefs_noend_pr1p0_pl1p0_pf1p0_pm1p0_dt1p0_fv0p0_hr1p0_hqtrapezoid_hp1p0_hc1p0_cim1p0_cp1p0_cnm1p0_cd1p0_pg1p0,A35,OK,diagnostic_matched_wigley_sensitivity_not_hard_gate,wigley_iii,Fn0.4,0.4,2.1696064159197173,1.5,2.7120080198996463,-0.2,239.85000000000002,0,1,38,0.075,2.925,0.0375,-0.8631093749999998,0.8631093749999998,0.07378124999999991,0.07378125000000002,pitch,heave_force,1.425,-899.2552422577296,-1571.6800900988364,-33.72207158466486,-58.93800337870636,-0.019115804672411953,0.0005693619258041416,-0.019685166598216085,0.0,0.0,0.0,0.0,0.0,1.6599795635297308,0.9678816759354953,0.01385082360334437,0.006270977907030154,0.051510350596847394,0.028962813145923944,69.01340995933201,153515.7470176151,81615.11768864689,4614.424836391198,2690.525439137248,153475.23545807105,81602.98358761925,0.9229681620583076,0.6511824150444466,0.00022622455812296833,0.00011945318700438081,advance_eq19_20,0.0,0.0,0.0,0.0,,,418.23117884841605,1.029244766516916e-15,a1_station_hull_matched_sweep_free_surface_marching_not_benchmark_validated,41,8,24,10,3.0,2,16,15.0,False,none,0.0,1.0,0.0,1.0,trapezoid,1.0,1.0,-1.0,1.0,-1.0,1.0,1.0,True,False,True,3.0,11,9,40,True,True,True,True,A1_GRID_RECOMMENDED,"A1 Section 3.3 recommends control radius about 3B, inner free-surface panels greater than 10, outer/free-surface proxy panels greater than 8, and roughly 60 stations at Fn=0.2 or 40 at Fn=0.3."
32,st41_bp8_fs24_cp10_r3p0_h2_fsm_clipfs_onezonefs_noend_pr1p0_pl1p0_pf1p0_pm1p0_dt1p0_fv0p0_hr1p0_hqtrapezoid_hp1p0_hc1p0_cim1p0_cp1p0_cnm1p0_cd1p0_pg1p0,A35,OK,diagnostic_matched_wigley_sensitivity_not_hard_gate,wigley_iii,Fn0.4,0.4,2.1696064159197173,1.5,2.7120080198996463,-0.2,239.85000000000002,1,2,37,0.15,2.85,0.07499999999999998,-0.8636874999999999,0.8636874999999999,0.07262499999999991,0.07262500000000005,pitch,heave_force,1.35,379.44061656877454,700.8567905614906,28.458046242658085,52.564259292111785,0.01613182191275884,-0.0024446837359263862,0.018576505648685224,-0.011049893716032528,-0.0006529799421590518,-0.010396913773873475,0.0,-0.011049893716032528,1.4023287501058133,0.9885163042629818,0.06122465931710162,0.030135592065755914,0.25443917939660876,0.15187209672254795,19.332014825522545,43082.70466374449,30263.886461109327,3898.204987243383,2747.885748586835,42991.43498306152,30200.826135801573,0.669912697412955,0.325883665939929,0.009068723401419386,0.003724232239444846,advance_eq19_20,0.0,0.0,0.0,0.0,,,343.0542195004202,7.407853451266287e-16,a1_station_hull_matched_sweep_free_surface_marching_not_benchmark_validated,41,8,24,10,3.0,2,16,15.0,False,none,0.0,1.0,0.0,1.0,trapezoid,1.0,1.0,-1.0,1.0,-1.0,1.0,1.0,True,False,True,3.0,11,9,40,True,True,True,True,A1_GRID_RECOMMENDED,"A1 Section 3.3 recommends control radius about 3B, inner free-surface panels greater than 10, outer/free-surface proxy panels greater than 8, and roughly 60 stations at Fn=0.2 or 40 at Fn=0.3."
32,st41_bp8_fs24_cp10_r3p0_h2_fsm_clipfs_onezonefs_noend_pr1p0_pl1p0_pf1p0_pm1p0_dt1p0_fv0p0_hr1p0_hqtrapezoid_hp1p0_hc1p0_cim1p0_cp1p0_cnm1p0_cd1p0_pg1p0,A35,OK,diagnostic_matched_wigley_sensitivity_not_hard_gate,wigley_iii,Fn0.4,0.4,2.1696064159197173,1.5,2.7120080198996463,-0.2,239.85000000000002,2,3,36,0.22499999999999998,2.775,0.075,-0.8642343749999999,0.8642343749999999,0.07153124999999994,0.07153125000000006,pitch,heave_force,1.275,1069.3484190360446,1104.8478454633746,80.20113142770334,82.86358840975309,0.045463077765827385,0.010951722148217258,0.03451135561761013,0.01974755612326058,0.0036005392639863834,0.016147016859274204,0.0,0.01974755612326058,3.325654299144245,1.9154860954234707,0.04699030531807357,0.023463764339184196,0.21427641894652769,0.12716124232904297,21.233023091182588,48192.43622519164,30550.550702592747,9244.681158960253,5324.68399411458,47218.985706201274,30073.43947461662,3.4540102639710275,2.4362670688279318,0.0045972991601344795,0.0019003339696581727,advance_eq19_20,0.0,0.0,0.0,0.0,,,342.8446096912935,1.8029897464108653e-15,a1_station_hull_matched_sweep_free_surface_marching_not_benchmark_validated,41,8,24,10,3.0,2,16,15.0,False,none,0.0,1.0,0.0,1.0,trapezoid,1.0,1.0,-1.0,1.0,-1.0,1.0,1.0,True,False,True,3.0,11,9,40,True,True,True,True,A1_GRID_RECOMMENDED,"A1 Section 3.3 recommends control radius about 3B, inner free-surface panels greater than 10, outer/free-surface proxy panels greater than 8, and roughly 60 stations at Fn=0.2 or 40 at Fn=0.3."
32,st41_bp8_fs24_cp10_r3p0_h2_fsm_clipfs_onezonefs_noend_pr1p0_pl1p0_pf1p0_pm1p0_dt1p0_fv0p0_hr1p0_hqtrapezoid_hp1p0_hc1p0_cim1p0_cp1p0_cnm1p0_cd1p0_pg1p0,A35,OK,diagnostic_matched_wigley_sensitivity_not_hard_gate,wigley_iii,Fn0.4,0.4,2.1696064159197173,1.5,2.7120080198996463,-0.2,239.85000000000002,3,4,35,0.3,2.7,0.07500000000000001,-0.8647499999999999,0.8647499999999999,0.0704999999999999,0.07050000000000001,pitch,heave_force,1.2,-243.99066988763013,-965.5882965594166,-18.29930024157226,-72.41912224195626,-0.010373201663529789,0.008504988229468673,-0.018878189892998457,0.03729249417440938,0.013328894452829353,0.02396359972158004,0.0,0.03729249417440938,2.0357682895689115,1.0406724574480481,0.00848302416418286,0.004622749643922866,0.06214493267413082,0.031874560342442265,10.572951473025617,24685.086483089053,15834.835647005879,5659.04542616748,2892.869851954975,23512.62193486131,15347.594728082746,3.2059022832814583,2.2431473119685656,0.004066510445056231,0.0016853440574232698,advance_eq19_20,0.0,0.0,0.0,0.0,,,342.76452809793557,6.661755919300393e-16,a1_station_hull_matched_sweep_free_surface_marching_not_benchmark_validated,41,8,24,10,3.0,2,16,15.0,False,none,0.0,1.0,0.0,1.0,trapezoid,1.0,1.0,-1.0,1.0,-1.0,1.0,1.0,True,False,True,3.0,11,9,40,True,True,True,True,A1_GRID_RECOMMENDED,"A1 Section 3.3 recommends control radius about 3B, inner free-surface panels greater than 10, outer/free-surface proxy panels greater than 8, and roughly 60 stations at Fn=0.2 or 40 at Fn=0.3."
32,st41_bp8_fs24_cp10_r3p0_h2_fsm_clipfs_onezonefs_noend_pr1p0_pl1p0_pf1p0_pm1p0_dt1p0_fv0p0_hr1p0_hqtrapezoid_hp1p0_hc1p0_cim1p0_cp1p0_cnm1p0_cd1p0_pg1p0,A35,OK,diagnostic_matched_wigley_sensitivity_not_hard_gate,wigley_iii,Fn0.4,0.4,2.1696064159197173,1.5,2.7120080198996463,-0.2,239.85000000000002,4,5,34,0.375,2.625,0.07499999999999998,-0.8652343749999999,0.8652343749999999,0.06953124999999993,0.06953125000000009,pitch,heave_force,1.125,154.86509281884003,-385.7139793113479,11.614881961413,-28.928548448351084,0.006584050280246106,0.008992467493533447,-0.0024084172132873413,0.03539791848276754,0.02207762231433041,0.01332029616843714,0.0,0.03539791848276754,1.8268280747510803,0.8830111536999269,0.004090634848139602,0.002135303340316919,0.04527227949570249,0.016664182405783746,2.319797219151772,8384.840085522048,4648.520597127151,5078.23169944533,2454.601663757417,5158.873103562013,3366.4913730236267,3.4819971840484234,2.4255914028094834,0.0042422465833129065,0.0017591898223313662,advance_eq19_20,0.0,0.0,0.0,0.0,,,342.70650863905854,5.087718889995899e-16,a1_station_hull_matched_sweep_free_surface_marching_not_benchmark_validated,41,8,24,10,3.0,2,16,15.0,False,none,0.0,1.0,0.0,1.0,trapezoid,1.0,1.0,-1.0,1.0,-1.0,1.0,1.0,True,False,True,3.0,11,9,40,True,True,True,True,A1_GRID_RECOMMENDED,"A1 Section 3.3 recommends control radius about 3B, inner free-surface panels greater than 10, outer/free-surface proxy panels greater than 8, and roughly 60 stations at Fn=0.2 or 40 at Fn=0.3."
32,st41_bp8_fs24_cp10_r3p0_h2_fsm_clipfs_onezonefs_noend_pr1p0_pl1p0_pf1p0_pm1p0_dt1p0_fv0p0_hr1p0_hqtrapezoid_hp1p0_hc1p0_cim1p0_cp1p0_cnm1p0_cd1p0_pg1p0,A35,OK,diagnostic_matched_wigley_sensitivity_not_hard_gate,wigley_iii,Fn0.4,0.4,2.1696064159197173,1.5,2.7120080198996463,-0.2,239.85000000000002,5,6,33,0.44999999999999996,2.55,0.07500000000000001,-0.8656874999999999,0.8656874999999999,0.06862499999999994,0.06862500000000005,pitch,heave_force,1.05,247.0197521449864,-326.4654479122368,18.526481410873984,-24.484908593417764,0.010501982330124327,0.009728393269843899,0.0007735890602804287,0.04394093478795275,0.031438052696019084,0.012502882091933683,0.0,0.04394093478795275,1.7516349733938918,0.8212108860427607,0.007327697110094097,0.004274163184750667,0.049482803198816525,0.022540703116743516,1.2520315233464374,7002.549403933129,3443.966491381897,4869.209298175462,2282.808771701283,2784.326016635822,1662.1888471263874,3.7659074323925115,2.616165160796399,0.004657927096729515,0.0019310290428956596,advance_eq19_20,0.0,0.0,0.0,0.0,,,342.6545414156471,3.964538657104689e-16,a1_station_hull_matched_sweep_free_surface_marching_not_benchmark_validated,41,8,24,10,3.0,2,16,15.0,False,none,0.0,1.0,0.0,1.0,trapezoid,1.0,1.0,-1.0,1.0,-1.0,1.0,1.0,True,False,True,3.0,11,9,40,True,True,True,True,A1_GRID_RECOMMENDED,"A1 Section 3.3 recommends control radius about 3B, inner free-surface panels greater than 10, outer/free-surface proxy panels greater than 8, and roughly 60 stations at Fn=0.2 or 40 at Fn=0.3."
32,st41_bp8_fs24_cp10_r3p0_h2_fsm_clipfs_onezonefs_noend_pr1p0_pl1p0_pf1p0_pm1p0_dt1p0_fv0p0_hr1p0_hqtrapezoid_hp1p0_hc1p0_cim1p0_cp1p0_cnm1p0_cd1p0_pg1p0,A35,OK,diagnostic_matched_wigley_sensitivity_not_hard_gate,wigley_iii,Fn0.4,0.4,2.1696064159197173,1.5,2.7120080198996463,-0.2,239.85000000000002,6,7,32,0.525,2.475,0.07500000000000001,-0.866109375,0.866109375,0.0677812499999999,0.06778125000000006,pitch,heave_force,0.975,292.15504457277655,-342.6985483458062,21.911628342958245,-25.70239112593547,0.012420897880097958,0.010379635676596841,0.0020412622035011164,0.055402374893063905,0.04149206716923946,0.013910307723824457,0.0,0.055402374893063905,1.7097380335754553,0.7867489638787276,0.009807541945368165,0.005637759254220001,0.05702239984539317,0.027189699049557516,1.0510707561712729,6802.780212869924,3195.5104009028696,4752.743840458688,2187.0112371790174,2337.4201025791513,1248.008911373468,4.006773539478491,2.778147608513087,0.005151881690187516,0.0021346509232918393,advance_eq19_20,0.0,0.0,0.0,0.0,,,342.6062403202438,4.2293625164379385e-16,a1_station_hull_matched_sweep_free_surface_marching_not_benchmark_validated,41,8,24,10,3.0,2,16,15.0,False,none,0.0,1.0,0.0,1.0,trapezoid,1.0,1.0,-1.0,1.0,-1.0,1.0,1.0,True,False,True,3.0,11,9,40,True,True,True,True,A1_GRID_RECOMMENDED,"A1 Section 3.3 recommends control radius about 3B, inner free-surface panels greater than 10, outer/free-surface proxy panels greater than 8, and roughly 60 stations at Fn=0.2 or 40 at Fn=0.3."
32,st41_bp8_fs24_cp10_r3p0_h2_fsm_clipfs_onezonefs_noend_pr1p0_pl1p0_pf1p0_pm1p0_dt1p0_fv0p0_hr1p0_hqtrapezoid_hp1p0_hc1p0_cim1p0_cp1p0_cnm1p0_cd1p0_pg1p0,A35,OK,diagnostic_matched_wigley_sensitivity_not_hard_gate,wigley_iii,Fn0.4,0.4,2.1696064159197173,1.5,2.7120080198996463,-0.2,239.85000000000002,7,8,31,0.6,2.4,0.07499999999999996,-0.8664999999999999,0.8664999999999998,0.06699999999999995,0.06700000000000006,pitch,heave_force,0.9,317.36333118595155,-383.4377787740584,23.802249838946352,-28.757833408054363,0.013492621814258839,0.010843592287003104,0.0026490295272557354,0.0683591347402423,0.05210368115103943,0.016255453589202884,0.0,0.0683591347402423,1.6764119226148038,0.7619152383265931,0.011503052232710594,0.00657687222186639,0.06441533730238688,0.030999781925405995,1.0482925035195274,6806.57329200414,3130.726577097942,4660.103643256402,2117.9782427461078,2331.241694931422,1160.8614502607775,4.196021759248643,2.9052038198211894,0.00564765717998841,0.0023387352927435353,advance_eq19_20,0.0,0.0,0.0,0.0,,,342.56168396636383,4.121589493248451e-16,a1_station_hull_matched_sweep_free_surface_marching_not_benchmark_validated,41,8,24,10,3.0,2,16,15.0,False,none,0.0,1.0,0.0,1.0,trapezoid,1.0,1.0,-1.0,1.0,-1.0,1.0,1.0,True,False,True,3.0,11,9,40,True,True,True,True,A1_GRID_RECOMMENDED,"A1 Section 3.3 recommends control radius about 3B, inner free-surface panels greater than 10, outer/free-surface proxy panels greater than 8, and roughly 60 stations at Fn=0.2 or 40 at Fn=0.3."
32,st41_bp8_fs24_cp10_r3p0_h2_fsm_clipfs_onezonefs_noend_pr1p0_pl1p0_pf1p0_pm1p0_dt1p0_fv0p0_hr1p0_hqtrapezoid_hp1p0_hc1p0_cim1p0_cp1p0_cnm1p0_cd1p0_pg1p0,A35,OK,diagnostic_matched_wigley_sensitivity_not_hard_gate,wigley_iii,Fn0.4,0.4,2.1696064159197173,1.5,2.7120080198996463,-0.2,239.85000000000002,8,9,30,0.6749999999999999,2.325,0.07500000000000001,-0.866859375,0.866859375,0.06628124999999993,0.06628125000000007,pitch,heave_force,0.8250000000000001,329.57357188562275,-434.06432347716583,24.71801789142171,-32.55482426078744,0.014011737111562068,0.011078297335630106,0.002933439775931964,0.08211131420315275,0.06306462596235603,0.019046688240796732,0.0,0.08211131420315275,1.6437651171852243,0.7405841122752101,0.012670887528445396,0.007240244270376169,0.07101706287267268,0.03412170950346923,1.1027786475121777,6864.343436650577,3118.440267075538,4569.351785153551,2058.6818031981456,2452.4105197062313,1173.3592013928323,4.334700324135533,2.99790590343379,0.006104548134354661,0.002526619226967556,advance_eq19_20,0.0,0.0,0.0,0.0,,,342.5212065841895,3.569095115981236e-16,a1_station_hull_matched_sweep_free_surface_marching_not_benchmark_validated,41,8,24,10,3.0,2,16,15.0,False,none,0.0,1.0,0.0,1.0,trapezoid,1.0,1.0,-1.0,1.0,-1.0,1.0,1.0,True,False,True,3.0,11,9,40,True,True,True,True,A1_GRID_RECOMMENDED,"A1 Section 3.3 recommends control radius about 3B, inner free-surface panels greater than 10, outer/free-surface proxy panels greater than 8, and roughly 60 stations at Fn=0.2 or 40 at Fn=0.3."
32,st41_bp8_fs24_cp10_r3p0_h2_fsm_clipfs_onezonefs_noend_pr1p0_pl1p0_pf1p0_pm1p0_dt1p0_fv0p0_hr1p0_hqtrapezoid_hp1p0_hc1p0_cim1p0_cp1p0_cnm1p0_cd1p0_pg1p0,A35,OK,diagnostic_matched_wigley_sensitivity_not_hard_gate,wigley_iii,Fn0.4,0.4,2.1696064159197173,1.5,2.7120080198996463,-0.2,239.85000000000002,9,10,29,0.75,2.25,0.07500000000000001,-0.8671874999999999,0.8671874999999999,0.06562499999999982,0.0656250000000001,pitch,heave_force,0.75,331.4318691890153,-488.3572616917568,24.85739018917615,-36.62679462688176,0.014090742151745623,0.011066906006250338,0.003023836145495285,0.09616255383480661,0.07413722763329626,0.02202532620151036,0.0,0.09616255383480661,1.6092839802390768,0.7204101563573421,0.01347000966029069,0.007706319567351013,0.07668697655520566,0.03663594535028151,1.1763739832141946,6938.132022252837,3125.294075558909,4473.500837222011,2002.6020746997265,2616.075255040114,1220.4177562549007,4.427105134305652,3.0591400894121294,0.006501088929377614,0.0026895363726310534,advance_eq19_20,0.0,0.0,0.0,0.0,,,342.4849787194831,3.8623195958687893e-16,a1_station_hull_matched_sweep_free_surface_marching_not_benchmark_validated,41,8,24,10,3.0,2,16,15.0,False,none,0.0,1.0,0.0,1.0,trapezoid,1.0,1.0,-1.0,1.0,-1.0,1.0,1.0,True,False,True,3.0,11,9,40,True,True,True,True,A1_GRID_RECOMMENDED,"A1 Section 3.3 recommends control radius about 3B, inner free-surface panels greater than 10, outer/free-surface proxy panels greater than 8, and roughly 60 stations at Fn=0.2 or 40 at Fn=0.3."
32,st41_bp8_fs24_cp10_r3p0_h2_fsm_clipfs_onezonefs_noend_pr1p0_pl1p0_pf1p0_pm1p0_dt1p0_fv0p0_hr1p0_hqtrapezoid_hp1p0_hc1p0_cim1p0_cp1p0_cnm1p0_cd1p0_pg1p0,A35,OK,diagnostic_matched_wigley_sensitivity_not_hard_gate,wigley_iii,Fn0.4,0.4,2.1696064159197173,1.5,2.7120080198996463,-0.2,239.85000000000002,10,11,28,0.825,2.175,0.07499999999999996,-0.8674843749999999,0.8674843749999999,0.06503124999999987,0.0650312500000001,pitch,heave_force,0.675,324.3233026222765,-542.9356064569802,24.324247696670724,-40.72017048427349,0.013788523240795585,0.010806444363844123,0.002982078876951462,0.11010218653107721,0.0850739028183435,0.025028283712733735,0.0,0.11010218653107721,1.5725804219744286,0.7005654063585351,0.014000135514555699,0.008023514164059251,0.08139585018161355,0.03860250798259953,1.2550154327586078,7014.20344539421,3139.672798171104,4371.4719842401155,1947.4374755213169,2790.9617733661194,1279.5920180298833,4.47898280194102,3.0928168574869717,0.006827925529033086,0.0028236937430098988,advance_eq19_20,0.0,0.0,0.0,0.0,,,342.4529909421924,4.3451639473761344e-16,a1_station_hull_matched_sweep_free_surface_marching_not_benchmark_validated,41,8,24,10,3.0,2,16,15.0,False,none,0.0,1.0,0.0,1.0,trapezoid,1.0,1.0,-1.0,1.0,-1.0,1.0,1.0,True,False,True,3.0,11,9,40,True,True,True,True,A1_GRID_RECOMMENDED,"A1 Section 3.3 recommends control radius about 3B, inner free-surface panels greater than 10, outer/free-surface proxy panels greater than 8, and roughly 60 stations at Fn=0.2 or 40 at Fn=0.3."
32,st41_bp8_fs24_cp10_r3p0_h2_fsm_clipfs_onezonefs_noend_pr1p0_pl1p0_pf1p0_pm1p0_dt1p0_fv0p0_hr1p0_hqtrapezoid_hp1p0_hc1p0_cim1p0_cp1p0_cnm1p0_cd1p0_pg1p0,A35,OK,diagnostic_matched_wigley_sensitivity_not_hard_gate,wigley_iii,Fn0.4,0.4,2.1696064159197173,1.5,2.7120080198996463,-0.2,239.85000000000002,11,12,27,0.8999999999999999,2.1,0.07500000000000001,-0.8677499999999999,0.8677499999999999,0.06449999999999989,0.0645,pitch,heave_force,0.6000000000000001,309.20868069882795,-595.6380064481442,23.1906510524121,-44.67285048361082,0.013145928909823234,0.010303135519709464,0.0028427933901137687,0.12356941260638662,0.09562869276012029,0.027940719846266348,0.0,0.12356941260638662,1.5342403596674539,0.680923537530889,0.014328950035105462,0.008225763205203511,0.08516162943829772,0.04007899712681409,1.3320699363588882,7086.459496154448,3156.5609501862496,4264.893963868649,1892.836847090264,2962.3191673874635,1341.324948800814,4.4968859286042635,3.1034119887725504,0.007084019798190269,0.0029287126456915592,advance_eq19_20,0.0,0.0,0.0,0.0,,,342.4251138934239,3.6210798743189073e-16,a1_station_hull_matched_sweep_free_surface_marching_not_benchmark_validated,41,8,24,10,3.0,2,16,15.0,False,none,0.0,1.0,0.0,1.0,trapezoid,1.0,1.0,-1.0,1.0,-1.0,1.0,1.0,True,False,True,3.0,11,9,40,True,True,True,True,A1_GRID_RECOMMENDED,"A1 Section 3.3 recommends control radius about 3B, inner free-surface panels greater than 10, outer/free-surface proxy panels greater than 8, and roughly 60 stations at Fn=0.2 or 40 at Fn=0.3."
32,st41_bp8_fs24_cp10_r3p0_h2_fsm_clipfs_onezonefs_noend_pr1p0_pl1p0_pf1p0_pm1p0_dt1p0_fv0p0_hr1p0_hqtrapezoid_hp1p0_hc1p0_cim1p0_cp1p0_cnm1p0_cd1p0_pg1p0,A35,OK,diagnostic_matched_wigley_sensitivity_not_hard_gate,wigley_iii,Fn0.4,0.4,2.1696064159197173,1.5,2.7120080198996463,-0.2,239.85000000000002,12,13,26,0.975,2.025,0.07500000000000007,-0.8679843749999999,0.8679843749999999,0.06403124999999998,0.0640312500000001,pitch,heave_force,0.525,286.9110409215335,-644.9291730749765,21.518328069115032,-48.369687980623276,0.012197950390246477,0.009570009061658788,0.002627941328587691,0.13624135225642148,0.10556526505080441,0.03067608720561708,0.0,0.13624135225642148,1.4953474498306452,0.6617183923725471,0.014506573798355717,0.008339482890436626,0.08804032630552051,0.04112739929799088,1.4039357517186528,7151.951150362268,3173.4971251716,4156.779133389124,1839.450226705185,3122.1377148295564,1400.7969375720452,4.487870606998654,3.095753528121748,0.007274190686856898,0.0030066166536868674,advance_eq19_20,0.0,0.0,0.0,0.0,,,342.4011560901492,4.746992615797924e-16,a1_station_hull_matched_sweep_free_surface_marching_not_benchmark_validated,41,8,24,10,3.0,2,16,15.0,False,none,0.0,1.0,0.0,1.0,trapezoid,1.0,1.0,-1.0,1.0,-1.0,1.0,1.0,True,False,True,3.0,11,9,40,True,True,True,True,A1_GRID_RECOMMENDED,"A1 Section 3.3 recommends control radius about 3B, inner free-surface panels greater than 10, outer/free-surface proxy panels greater than 8, and roughly 60 stations at Fn=0.2 or 40 at Fn=0.3."
32,st41_bp8_fs24_cp10_r3p0_h2_fsm_clipfs_onezonefs_noend_pr1p0_pl1p0_pf1p0_pm1p0_dt1p0_fv0p0_hr1p0_hqtrapezoid_hp1p0_hc1p0_cim1p0_cp1p0_cnm1p0_cd1p0_pg1p0,A35,OK,diagnostic_matched_wigley_sensitivity_not_hard_gate,wigley_iii,Fn0.4,0.4,2.1696064159197173,1.5,2.7120080198996463,-0.2,239.85000000000002,13,14,25,1.05,1.95,0.07500000000000001,-0.8681874999999999,0.8681874999999999,0.06362499999999982,0.0636250000000001,pitch,heave_force,0.44999999999999996,258.2266790073875,-689.6462819803446,19.367000925554063,-51.72347114852585,0.010978441993215769,0.008625449975274745,0.0023529920179410223,0.14782954844815258,0.11466299456927118,0.03316655387888144,0.0,0.14782954844815258,1.4572550436181182,0.6433815814637945,0.014573260757124968,0.008386944751971962,0.09012292567763475,0.04181592501547704,1.468504294327207,7209.259171505812,3189.1940182917406,4050.8895494648345,1788.477409005167,3265.7282472474144,1455.2871490062018,4.459287725915981,3.0748762429444594,0.007407200467738078,0.0030610422350315935,advance_eq19_20,0.0,0.0,0.0,0.0,,,342.3809050598612,4.0431985359345934e-16,a1_station_hull_matched_sweep_free_surface_marching_not_benchmark_validated,41,8,24,10,3.0,2,16,15.0,False,none,0.0,1.0,0.0,1.0,trapezoid,1.0,1.0,-1.0,1.0,-1.0,1.0,1.0,True,False,True,3.0,11,9,40,True,True,True,True,A1_GRID_RECOMMENDED,"A1 Section 3.3 recommends control radius about 3B, inner free-surface panels greater than 10, outer/free-surface proxy panels greater than 8, and roughly 60 stations at Fn=0.2 or 40 at Fn=0.3."
32,st41_bp8_fs24_cp10_r3p0_h2_fsm_clipfs_onezonefs_noend_pr1p0_pl1p0_pf1p0_pm1p0_dt1p0_fv0p0_hr1p0_hqtrapezoid_hp1p0_hc1p0_cim1p0_cp1p0_cnm1p0_cd1p0_pg1p0,A35,OK,diagnostic_matched_wigley_sensitivity_not_hard_gate,wigley_iii,Fn0.4,0.4,2.1696064159197173,1.5,2.7120080198996463,-0.2,239.85000000000002,14,15,24,1.125,1.875,0.07499999999999996,-0.8683593749999999,0.8683593749999999,0.06328124999999996,0.06328125000000007,pitch,heave_force,0.375,223.97014270222957,-728.8783440189927,16.797760702667208,-54.66587580142442,0.009522034010274903,0.007492182898187334,0.0020298511120875663,0.15807978644989792,0.12272181100600221,0.035357975443895726,0.0,0.15807978644989792,1.4214531512001747,0.6264525845924215,0.014563426146474764,0.008387897238408337,0.09152952893407315,0.04221806732669152,1.5244848632918941,7257.7689666104525,3202.966204488556,3951.367154615661,1741.4180443390464,3390.220443879851,1503.1455706356019,4.418572423112515,3.045875751359637,0.007494035442669323,0.003096528614172953,advance_eq19_20,0.0,0.0,0.0,0.0,,,342.3641533741088,3.4804321983874415e-16,a1_station_hull_matched_sweep_free_surface_marching_not_benchmark_validated,41,8,24,10,3.0,2,16,15.0,False,none,0.0,1.0,0.0,1.0,trapezoid,1.0,1.0,-1.0,1.0,-1.0,1.0,1.0,True,False,True,3.0,11,9,40,True,True,True,True,A1_GRID_RECOMMENDED,"A1 Section 3.3 recommends control radius about 3B, inner free-surface panels greater than 10, outer/free-surface proxy panels greater than 8, and roughly 60 stations at Fn=0.2 or 40 at Fn=0.3."
32,st41_bp8_fs24_cp10_r3p0_h2_fsm_clipfs_onezonefs_noend_pr1p0_pl1p0_pf1p0_pm1p0_dt1p0_fv0p0_hr1p0_hqtrapezoid_hp1p0_hc1p0_cim1p0_cp1p0_cnm1p0_cd1p0_pg1p0,A35,OK,diagnostic_matched_wigley_sensitivity_not_hard_gate,wigley_iii,Fn0.4,0.4,2.1696064159197173,1.5,2.7120080198996463,-0.2,239.85000000000002,15,16,23,1.2,1.8,0.07499999999999996,-0.8684999999999999,0.8684999999999998,0.06299999999999994,0.06300000000000008,pitch,heave_force,0.30000000000000004,184.99104907414699,-761.904342526103,13.874328680561016,-57.142825689457695,0.007864847696339508,0.006196475210259024,0.0016683724860804845,0.16677322730320515,0.12956614006022538,0.03720708724297976,0.0,0.16677322730320515,1.3894672260140573,0.6115175459424308,0.014507505803572827,0.00836019870886296,0.09239970031588211,0.04240973454650095,1.5710641058025507,7297.294982108046,3214.45553767484,3862.452416846284,1699.9015011278534,3493.805532864647,1543.3254154455387,4.372987125617535,3.013731199253458,0.007546239783478175,0.0031178295642658727,advance_eq19_20,0.0,0.0,0.0,0.0,,,342.35071396278477,2.7979023697524017e-16,a1_station_hull_matched_sweep_free_surface_marching_not_benchmark_validated,41,8,24,10,3.0,2,16,15.0,False,none,0.0,1.0,0.0,1.0,trapezoid,1.0,1.0,-1.0,1.0,-1.0,1.0,1.0,True,False,True,3.0,11,9,40,True,True,True,True,A1_GRID_RECOMMENDED,"A1 Section 3.3 recommends control radius about 3B, inner free-surface panels greater than 10, outer/free-surface proxy panels greater than 8, and roughly 60 stations at Fn=0.2 or 40 at Fn=0.3."
32,st41_bp8_fs24_cp10_r3p0_h2_fsm_clipfs_onezonefs_noend_pr1p0_pl1p0_pf1p0_pm1p0_dt1p0_fv0p0_hr1p0_hqtrapezoid_hp1p0_hc1p0_cim1p0_cp1p0_cnm1p0_cd1p0_pg1p0,A35,OK,diagnostic_matched_wigley_sensitivity_not_hard_gate,wigley_iii,Fn0.4,0.4,2.1696064159197173,1.5,2.7120080198996463,-0.2,239.85000000000002,16,17,22,1.275,1.725,0.07499999999999996,-0.8686093749999999,0.8686093749999999,0.0627812499999999,0.06278125000000001,pitch,heave_force,0.2250000000000001,142.17764632374116,-788.1598126250019,10.663323474280581,-59.11198594687511,0.0060446466991603285,0.0047674562309997165,0.0012771904681606109,0.17372797450095506,0.13504810578085474,0.038679868720100305,0.0,0.17372797450095506,1.362760981884396,0.5991574025640595,0.014432422923739916,0.008319822093072969,0.09287951706855882,0.042464893922411734,1.6077208741394575,7327.867583912876,3223.4851531523086,3788.214179878719,1665.5426729593698,3575.324561629549,1575.1459524953063,4.329299434128769,2.9830835147984507,0.0075742978686889435,0.003129246239447464,advance_eq19_20,0.0,0.0,0.0,0.0,,,342.34042855322906,2.6358897588825974e-16,a1_station_hull_matched_sweep_free_surface_marching_not_benchmark_validated,41,8,24,10,3.0,2,16,15.0,False,none,0.0,1.0,0.0,1.0,trapezoid,1.0,1.0,-1.0,1.0,-1.0,1.0,1.0,True,False,True,3.0,11,9,40,True,True,True,True,A1_GRID_RECOMMENDED,"A1 Section 3.3 recommends control radius about 3B, inner free-surface panels greater than 10, outer/free-surface proxy panels greater than 8, and roughly 60 stations at Fn=0.2 or 40 at Fn=0.3."
32,st41_bp8_fs24_cp10_r3p0_h2_fsm_clipfs_onezonefs_noend_pr1p0_pl1p0_pf1p0_pm1p0_dt1p0_fv0p0_hr1p0_hqtrapezoid_hp1p0_hc1p0_cim1p0_cp1p0_cnm1p0_cd1p0_pg1p0,A35,OK,diagnostic_matched_wigley_sensitivity_not_hard_gate,wigley_iii,Fn0.4,0.4,2.1696064159197173,1.5,2.7120080198996463,-0.2,239.85000000000002,17,18,21,1.3499999999999999,1.6500000000000001,0.07500000000000007,-0.8686874999999998,0.8686875,0.0626249999999999,0.06262500000000004,pitch,heave_force,0.15000000000000013,96.45365803039232,-807.2181641260343,7.23402435227943,-60.54136230945262,0.004100702893250776,0.0032365001355739668,0.0008642027576768088,0.1788006492971606,0.13905008396414156,0.03975056533301902,0.0,0.1788006492971606,1.3426335707240746,0.5898976628576021,0.01436113376342484,0.008280442295795479,0.09310637783010546,0.04245015744393958,1.6341214887183482,7349.60553485624,3229.9764788492516,3732.2638368799444,1639.8023724046216,3634.035477973498,1598.1637117288478,4.2934001090245655,2.9579728139524164,0.007586167959676707,0.00313402437225929,advance_eq19_20,0.0,0.0,0.0,0.0,,,342.3331719804855,3.140103235700561e-16,a1_station_hull_matched_sweep_free_surface_marching_not_benchmark_validated,41,8,24,10,3.0,2,16,15.0,False,none,0.0,1.0,0.0,1.0,trapezoid,1.0,1.0,-1.0,1.0,-1.0,1.0,1.0,True,False,True,3.0,11,9,40,True,True,True,True,A1_GRID_RECOMMENDED,"A1 Section 3.3 recommends control radius about 3B, inner free-surface panels greater than 10, outer/free-surface proxy panels greater than 8, and roughly 60 stations at Fn=0.2 or 40 at Fn=0.3."
32,st41_bp8_fs24_cp10_r3p0_h2_fsm_clipfs_onezonefs_noend_pr1p0_pl1p0_pf1p0_pm1p0_dt1p0_fv0p0_hr1p0_hqtrapezoid_hp1p0_hc1p0_cim1p0_cp1p0_cnm1p0_cd1p0_pg1p0,A35,OK,diagnostic_matched_wigley_sensitivity_not_hard_gate,wigley_iii,Fn0.4,0.4,2.1696064159197173,1.5,2.7120080198996463,-0.2,239.85000000000002,18,19,20,1.425,1.575,0.07500000000000007,-0.8687343749999998,0.868734375,0.06253124999999993,0.06253125000000004,pitch,heave_force,0.07499999999999996,48.77154242421819,-818.7800857119532,3.6578656818163675,-61.40850642839655,0.002073509799537885,0.0016366444366868026,0.000436865362851082,0.18188775564355494,0.14148665625027196,0.04040109939328296,0.0,0.18188775564355494,1.330114089430692,0.5841593621295537,0.014311627392927708,0.008252781532508417,0.0931932241360099,0.04241895047102616,1.6500595669377727,7362.638034391863,3233.900425714021,3697.462079865491,1623.8509968696815,3669.4793186548486,1612.1000769532245,4.26989439423324,2.941557717684582,0.007586141769685767,0.0031338882649643344,advance_eq19_20,0.0,0.0,0.0,0.0,,,342.3288541718238,5.883505768526095e-16,a1_station_hull_matched_sweep_free_surface_marching_not_benchmark_validated,41,8,24,10,3.0,2,16,15.0,False,none,0.0,1.0,0.0,1.0,trapezoid,1.0,1.0,-1.0,1.0,-1.0,1.0,1.0,True,False,True,3.0,11,9,40,True,True,True,True,A1_GRID_RECOMMENDED,"A1 Section 3.3 recommends control radius about 3B, inner free-surface panels greater than 10, outer/free-surface proxy panels greater than 8, and roughly 60 stations at Fn=0.2 or 40 at Fn=0.3."
32,st41_bp8_fs24_cp10_r3p0_h2_fsm_clipfs_onezonefs_noend_pr1p0_pl1p0_pf1p0_pm1p0_dt1p0_fv0p0_hr1p0_hqtrapezoid_hp1p0_hc1p0_cim1p0_cp1p0_cnm1p0_cd1p0_pg1p0,A35,OK,diagnostic_matched_wigley_sensitivity_not_hard_gate,wigley_iii,Fn0.4,0.4,2.1696064159197173,1.5,2.7120080198996463,-0.2,239.85000000000002,19,20,19,1.5,1.5,0.07499999999999996,-0.8687499999999999,0.8687499999999999,0.062499999999999944,0.06250000000000003,pitch,heave_force,0.0,0.10379332079764562,-822.6676321558405,0.007784499059823417,-61.700072411688,4.412746800757905e-06,2.0282403319548947e-06,2.3845064688030096e-06,0.18292671691672427,0.14230599258878135,0.0406207243279429,0.0,0.18292671691672427,1.3258660624077623,0.5822157531312928,0.014295750416344946,0.008243898477354227,0.09321444900912536,0.04240616754973705,1.655422049914726,7367.058022355886,3235.2489497647557,3685.6533794266816,1618.4481365990782,3681.404658063709,1616.8008133542965,4.261726912408886,2.935857851860968,0.007574214672686828,0.0031287874126148876,advance_eq19_20,0.0,0.0,0.0,0.0,,,342.3274209292955,2.824053865930469e-16,a1_station_hull_matched_sweep_free_surface_marching_not_benchmark_validated,41,8,24,10,3.0,2,16,15.0,False,none,0.0,1.0,0.0,1.0,trapezoid,1.0,1.0,-1.0,1.0,-1.0,1.0,1.0,True,False,True,3.0,11,9,40,True,True,True,True,A1_GRID_RECOMMENDED,"A1 Section 3.3 recommends control radius about 3B, inner free-surface panels greater than 10, outer/free-surface proxy panels greater than 8, and roughly 60 stations at Fn=0.2 or 40 at Fn=0.3."
32,st41_bp8_fs24_cp10_r3p0_h2_fsm_clipfs_onezonefs_noend_pr1p0_pl1p0_pf1p0_pm1p0_dt1p0_fv0p0_hr1p0_hqtrapezoid_hp1p0_hc1p0_cim1p0_cp1p0_cnm1p0_cd1p0_pg1p0,A35,OK,diagnostic_matched_wigley_sensitivity_not_hard_gate,wigley_iii,Fn0.4,0.4,2.1696064159197173,1.5,2.7120080198996463,-0.2,239.85000000000002,20,21,18,1.575,1.425,0.07499999999999996,-0.8687343749999998,0.868734375,0.06253124999999993,0.06253125000000004,pitch,heave_force,-0.07499999999999996,-48.56679758251717,-818.8212411171286,-3.6425098186887856,-61.41159308378461,-0.0020648051243406284,-0.0016326590365480114,-0.00043214608779261606,0.18189652072795434,0.14149067719067332,0.040405843537280994,0.0,0.18189652072795434,1.3301195510177952,0.5841618924807429,0.014318226195009552,0.00825661514773603,0.09319602470845528,0.04242434507189582,1.6501718667196004,7362.897219196922,3234.020119939072,3697.4772620302174,1623.858030760718,3669.7290561401874,1612.2154934311109,4.269914048480338,2.9415701913164938,0.007546085918060691,0.003116903857996505,advance_eq19_20,0.0,0.0,0.0,0.0,,,342.32885417182297,4.987240414285799e-16,a1_station_hull_matched_sweep_free_surface_marching_not_benchmark_validated,41,8,24,10,3.0,2,16,15.0,False,none,0.0,1.0,0.0,1.0,trapezoid,1.0,1.0,-1.0,1.0,-1.0,1.0,1.0,True,False,True,3.0,11,9,40,True,True,True,True,A1_GRID_RECOMMENDED,"A1 Section 3.3 recommends control radius about 3B, inner free-surface panels greater than 10, outer/free-surface proxy panels greater than 8, and roughly 60 stations at Fn=0.2 or 40 at Fn=0.3."
32,st41_bp8_fs24_cp10_r3p0_h2_fsm_clipfs_onezonefs_noend_pr1p0_pl1p0_pf1p0_pm1p0_dt1p0_fv0p0_hr1p0_hqtrapezoid_hp1p0_hc1p0_cim1p0_cp1p0_cnm1p0_cd1p0_pg1p0,A35,OK,diagnostic_matched_wigley_sensitivity_not_hard_gate,wigley_iii,Fn0.4,0.4,2.1696064159197173,1.5,2.7120080198996463,-0.2,239.85000000000002,21,22,17,1.65,1.35,0.07499999999999996,-0.8686874999999998,0.8686875,0.0626249999999999,0.06262500000000004,pitch,heave_force,-0.1499999999999999,-96.2573323741847,-807.29883790951,-7.219299928063848,-60.547412843213216,-0.0040923561575968844,-0.003232724481803389,-0.0008596316757934953,0.17881794008698557,0.13905798543149764,0.03975995465548794,0.0,0.17881794008698557,1.3426463696350868,0.5899035916373987,0.01437616930457749,0.00828924247923142,0.09311190369799317,0.04246220110474662,1.6343426190459382,7350.1182800102115,3230.2134630157416,3732.299415397988,1639.8188532754368,3634.5272378954296,1598.3911947906452,4.293446153987351,2.9580019756692266,0.00749378893724299,0.0030949188891628847,advance_eq19_20,0.0,0.0,0.0,0.0,,,342.3331719804855,3.4578698792160025e-16,a1_station_hull_matched_sweep_free_surface_marching_not_benchmark_validated,41,8,24,10,3.0,2,16,15.0,False,none,0.0,1.0,0.0,1.0,trapezoid,1.0,1.0,-1.0,1.0,-1.0,1.0,1.0,True,False,True,3.0,11,9,40,True,True,True,True,A1_GRID_RECOMMENDED,"A1 Section 3.3 recommends control radius about 3B, inner free-surface panels greater than 10, outer/free-surface proxy panels greater than 8, and roughly 60 stations at Fn=0.2 or 40 at Fn=0.3."
32,st41_bp8_fs24_cp10_r3p0_h2_fsm_clipfs_onezonefs_noend_pr1p0_pl1p0_pf1p0_pm1p0_dt1p0_fv0p0_hr1p0_hqtrapezoid_hp1p0_hc1p0_cim1p0_cp1p0_cnm1p0_cd1p0_pg1p0,A35,OK,diagnostic_matched_wigley_sensitivity_not_hard_gate,wigley_iii,Fn0.4,0.4,2.1696064159197173,1.5,2.7120080198996463,-0.2,239.85000000000002,22,23,16,1.7249999999999999,1.2750000000000001,0.07499999999999996,-0.8686093749999999,0.8686093749999999,0.0627812499999999,0.06278125000000001,pitch,heave_force,-0.22499999999999987,-141.99500396018158,-788.2767765307027,-10.649625297013612,-59.12075823980267,-0.006036881705235029,-0.004764018621727514,-0.001272863083507515,0.17375332115556963,0.13505961387973217,0.03869370727583744,0.0,0.17375332115556963,1.3627845984269986,0.5991683431775499,0.014459235274114737,0.00833567907785366,0.09288749717244263,0.04248588754918954,1.608043906256596,7328.622672889797,3223.834631295835,3788.2798293379824,1665.573085766686,3576.042935497288,1575.4788131035382,4.329384184323876,2.983137064936172,0.0074068325579908795,0.003058488880297003,advance_eq19_20,0.0,0.0,0.0,0.0,,,342.34042855322906,3.3145798208964455e-16,a1_station_hull_matched_sweep_free_surface_marching_not_benchmark_validated,41,8,24,10,3.0,2,16,15.0,False,none,0.0,1.0,0.0,1.0,trapezoid,1.0,1.0,-1.0,1.0,-1.0,1.0,1.0,True,False,True,3.0,11,9,40,True,True,True,True,A1_GRID_RECOMMENDED,"A1 Section 3.3 recommends control radius about 3B, inner free-surface panels greater than 10, outer/free-surface proxy panels greater than 8, and roughly 60 stations at Fn=0.2 or 40 at Fn=0.3."
32,st41_bp8_fs24_cp10_r3p0_h2_fsm_clipfs_onezonefs_noend_pr1p0_pl1p0_pf1p0_pm1p0_dt1p0_fv0p0_hr1p0_hqtrapezoid_hp1p0_hc1p0_cim1p0_cp1p0_cnm1p0_cd1p0_pg1p0,A35,OK,diagnostic_matched_wigley_sensitivity_not_hard_gate,wigley_iii,Fn0.4,0.4,2.1696064159197173,1.5,2.7120080198996463,-0.2,239.85000000000002,23,24,15,1.7999999999999998,1.2000000000000002,0.07500000000000007,-0.8684999999999999,0.8684999999999998,0.06299999999999994,0.06300000000000008,pitch,heave_force,-0.2999999999999998,-184.82685014133136,-762.0528632945267,-13.862013760599865,-57.15396474708955,-0.007857866820210866,-0.0061934870482255435,-0.001664379771985323,0.1668059468928467,0.12958086104475566,0.037225085848091026,0.0,0.1668059468928467,1.389506256671629,0.6115356360915717,0.014550332269551883,0.008385841193663035,0.09240945072287808,0.04244264694353365,1.5714786587361966,7298.275649331852,3214.910336168472,3862.5609145890494,1699.9517882731436,3494.7274349868376,1543.7536333359267,4.373126392773716,3.013819016231393,0.007273668597055681,0.003002853958629772,advance_eq19_20,0.0,0.0,0.0,0.0,,,342.35071396278477,2.744422757883529e-16,a1_station_hull_matched_sweep_free_surface_marching_not_benchmark_validated,41,8,24,10,3.0,2,16,15.0,False,none,0.0,1.0,0.0,1.0,trapezoid,1.0,1.0,-1.0,1.0,-1.0,1.0,1.0,True,False,True,3.0,11,9,40,True,True,True,True,A1_GRID_RECOMMENDED,"A1 Section 3.3 recommends control radius about 3B, inner free-surface panels greater than 10, outer/free-surface proxy panels greater than 8, and roughly 60 stations at Fn=0.2 or 40 at Fn=0.3."
32,st41_bp8_fs24_cp10_r3p0_h2_fsm_clipfs_onezonefs_noend_pr1p0_pl1p0_pf1p0_pm1p0_dt1p0_fv0p0_hr1p0_hqtrapezoid_hp1p0_hc1p0_cim1p0_cp1p0_cnm1p0_cd1p0_pg1p0,A35,OK,diagnostic_matched_wigley_sensitivity_not_hard_gate,wigley_iii,Fn0.4,0.4,2.1696064159197173,1.5,2.7120080198996463,-0.2,239.85000000000002,24,25,14,1.875,1.125,0.07500000000000007,-0.8683593749999999,0.8683593749999999,0.06328124999999996,0.06328125000000007,pitch,heave_force,-0.375,-223.82848111072786,-729.0522980433605,-16.787136083304606,-54.678922353252084,-0.009516011303516087,-0.007489732706572287,-0.0020262785969437985,0.15811900783098318,0.12273925116735673,0.03537975666362646,0.0,0.15811900783098318,1.4215126860270482,0.6264802045785448,0.014626632264331543,0.008426280166526731,0.09153968029328448,0.04226604323612222,1.5249770807919971,7258.952901180473,3203.5167611683037,3951.532650016804,1741.4948226035192,3391.3150600822582,1503.6557665712542,4.4187828824925495,3.046008238668228,0.0070833116161207665,0.0029235083148120423,advance_eq19_20,0.0,0.0,0.0,0.0,,,342.3641533741088,3.005535994463953e-16,a1_station_hull_matched_sweep_free_surface_marching_not_benchmark_validated,41,8,24,10,3.0,2,16,15.0,False,none,0.0,1.0,0.0,1.0,trapezoid,1.0,1.0,-1.0,1.0,-1.0,1.0,1.0,True,False,True,3.0,11,9,40,True,True,True,True,A1_GRID_RECOMMENDED,"A1 Section 3.3 recommends control radius about 3B, inner free-surface panels greater than 10, outer/free-surface proxy panels greater than 8, and roughly 60 stations at Fn=0.2 or 40 at Fn=0.3."
32,st41_bp8_fs24_cp10_r3p0_h2_fsm_clipfs_onezonefs_noend_pr1p0_pl1p0_pf1p0_pm1p0_dt1p0_fv0p0_hr1p0_hqtrapezoid_hp1p0_hc1p0_cim1p0_cp1p0_cnm1p0_cd1p0_pg1p0,A35,OK,diagnostic_matched_wigley_sensitivity_not_hard_gate,wigley_iii,Fn0.4,0.4,2.1696064159197173,1.5,2.7120080198996463,-0.2,239.85000000000002,25,26,13,1.95,1.05,0.07499999999999996,-0.8681874999999999,0.8681874999999999,0.0636249999999999,0.06362500000000004,pitch,heave_force,-0.44999999999999996,-258.11086338460154,-689.838276308424,-19.358314753845104,-51.73787072313177,-0.010973518121284513,-0.008623598102637933,-0.002349920018646582,0.14787424311858288,0.11468258576275163,0.033191657355831274,0.0,0.14787424311858288,1.4573399864585332,0.6434210465827106,0.014660511025468207,0.008440789089335377,0.09013114558987197,0.04188173128087594,1.4690567374265793,7210.6183853560715,3189.828293960937,4051.1256742708833,1788.5871144671485,3266.9567959425635,1455.8624526832225,4.459584090363055,3.075062559556199,0.006827008578255574,0.0028168913553131094,advance_eq19_20,0.0,0.0,0.0,0.0,,,342.3809050598591,3.7643231920819873e-16,a1_station_hull_matched_sweep_free_surface_marching_not_benchmark_validated,41,8,24,10,3.0,2,16,15.0,False,none,0.0,1.0,0.0,1.0,trapezoid,1.0,1.0,-1.0,1.0,-1.0,1.0,1.0,True,False,True,3.0,11,9,40,True,True,True,True,A1_GRID_RECOMMENDED,"A1 Section 3.3 recommends control radius about 3B, inner free-surface panels greater than 10, outer/free-surface proxy panels greater than 8, and roughly 60 stations at Fn=0.2 or 40 at Fn=0.3."
32,st41_bp8_fs24_cp10_r3p0_h2_fsm_clipfs_onezonefs_noend_pr1p0_pl1p0_pf1p0_pm1p0_dt1p0_fv0p0_hr1p0_hqtrapezoid_hp1p0_hc1p0_cim1p0_cp1p0_cnm1p0_cd1p0_pg1p0,A35,OK,diagnostic_matched_wigley_sensitivity_not_hard_gate,wigley_iii,Fn0.4,0.4,2.1696064159197173,1.5,2.7120080198996463,-0.2,239.85000000000002,26,27,12,2.025,0.9750000000000001,0.07500000000000007,-0.8679843749999999,0.8679843749999999,0.06403124999999998,0.0640312500000001,pitch,heave_force,-0.5249999999999999,-286.8235397835871,-645.1306330416044,-21.51176548376905,-48.38479747812037,-0.012194230301481916,-0.009568783129308945,-0.002625447172172969,0.1362903689071997,0.1055863951467782,0.030703973760421496,0.0,0.1362903689071997,1.4954618226731256,0.6617716376525079,0.014620013656909977,0.00841079055258555,0.08804309478228887,0.04121283372932882,1.4045271044898637,7153.451528698388,3174.200332020299,4157.097067956842,1839.598238372117,3123.4527926652095,1401.4166052884927,4.4882628460104526,3.095999853257125,0.006499964981605724,0.0026811048050531592,advance_eq19_20,0.0,0.0,0.0,0.0,,,342.4011560901492,4.424081754891003e-16,a1_station_hull_matched_sweep_free_surface_marching_not_benchmark_validated,41,8,24,10,3.0,2,16,15.0,False,none,0.0,1.0,0.0,1.0,trapezoid,1.0,1.0,-1.0,1.0,-1.0,1.0,1.0,True,False,True,3.0,11,9,40,True,True,True,True,A1_GRID_RECOMMENDED,"A1 Section 3.3 recommends control radius about 3B, inner free-surface panels greater than 10, outer/free-surface proxy panels greater than 8, and roughly 60 stations at Fn=0.2 or 40 at Fn=0.3."
32,st41_bp8_fs24_cp10_r3p0_h2_fsm_clipfs_onezonefs_noend_pr1p0_pl1p0_pf1p0_pm1p0_dt1p0_fv0p0_hr1p0_hqtrapezoid_hp1p0_hc1p0_cim1p0_cp1p0_cnm1p0_cd1p0_pg1p0,A35,OK,diagnostic_matched_wigley_sensitivity_not_hard_gate,wigley_iii,Fn0.4,0.4,2.1696064159197173,1.5,2.7120080198996463,-0.2,239.85000000000002,27,28,11,2.1,0.8999999999999999,0.07499999999999996,-0.8677499999999999,0.8677499999999999,0.06449999999999989,0.06450000000000003,pitch,heave_force,-0.6000000000000001,-309.15117088729556,-595.8391499406094,-23.186337816547155,-44.68793624554568,-0.013143483894721081,-0.010302526504825394,-0.002840957389895684,0.12362151180909815,0.09565074032971099,0.02797077147938716,0.0,0.12362151180909815,1.534386575997497,0.680991786770342,0.01446842098371159,0.008315296173410201,0.08515414154300047,0.040184242277301295,1.3326742975364372,7088.059633220861,3157.314855718486,4265.300417224859,1893.0265668871314,2963.663173923015,1341.9633715840346,4.4973765846487925,3.1037198547221365,0.006103270136622878,0.002516718117649645,advance_eq19_20,0.0,0.0,0.0,0.0,,,342.4251138934241,4.3969894007809823e-16,a1_station_hull_matched_sweep_free_surface_marching_not_benchmark_validated,41,8,24,10,3.0,2,16,15.0,False,none,0.0,1.0,0.0,1.0,trapezoid,1.0,1.0,-1.0,1.0,-1.0,1.0,1.0,True,False,True,3.0,11,9,40,True,True,True,True,A1_GRID_RECOMMENDED,"A1 Section 3.3 recommends control radius about 3B, inner free-surface panels greater than 10, outer/free-surface proxy panels greater than 8, and roughly 60 stations at Fn=0.2 or 40 at Fn=0.3."
32,st41_bp8_fs24_cp10_r3p0_h2_fsm_clipfs_onezonefs_noend_pr1p0_pl1p0_pf1p0_pm1p0_dt1p0_fv0p0_hr1p0_hqtrapezoid_hp1p0_hc1p0_cim1p0_cp1p0_cnm1p0_cd1p0_pg1p0,A35,OK,diagnostic_matched_wigley_sensitivity_not_hard_gate,wigley_iii,Fn0.4,0.4,2.1696064159197173,1.5,2.7120080198996463,-0.2,239.85000000000002,28,29,10,2.175,0.8250000000000002,0.07499999999999996,-0.8674843749999999,0.8674843749999999,0.06503124999999987,0.0650312500000001,pitch,heave_force,-0.6749999999999998,-324.2968986340253,-543.1251415065657,-24.322267397551883,-40.734385612992405,-0.013787400681908486,-0.010806402872595669,-0.0029809978093128164,0.11015606952078341,0.08509627564100049,0.02505979387978292,0.0,0.11015606952078341,1.572758428423184,0.7006487768317847,0.014162381459705026,0.008130179292376376,0.08137218512367388,0.03872535470629898,1.255600677425531,7015.851905300696,3140.4540384136485,4371.96680802965,1947.669229448195,2792.2632677149645,1280.2161925995074,4.479564214797339,3.0931814305273857,0.005646398445618409,0.0023278336074039523,advance_eq19_20,0.0,0.0,0.0,0.0,,,342.45299094219155,3.319053134006475e-16,a1_station_hull_matched_sweep_free_surface_marching_not_benchmark_validated,41,8,24,10,3.0,2,16,15.0,False,none,0.0,1.0,0.0,1.0,trapezoid,1.0,1.0,-1.0,1.0,-1.0,1.0,1.0,True,False,True,3.0,11,9,40,True,True,True,True,A1_GRID_RECOMMENDED,"A1 Section 3.3 recommends control radius about 3B, inner free-surface panels greater than 10, outer/free-surface proxy panels greater than 8, and roughly 60 stations at Fn=0.2 or 40 at Fn=0.3."
32,st41_bp8_fs24_cp10_r3p0_h2_fsm_clipfs_onezonefs_noend_pr1p0_pl1p0_pf1p0_pm1p0_dt1p0_fv0p0_hr1p0_hqtrapezoid_hp1p0_hc1p0_cim1p0_cp1p0_cnm1p0_cd1p0_pg1p0,A35,OK,diagnostic_matched_wigley_sensitivity_not_hard_gate,wigley_iii,Fn0.4,0.4,2.1696064159197173,1.5,2.7120080198996463,-0.2,239.85000000000002,29,30,9,2.25,0.75,0.07499999999999996,-0.8671874999999999,0.8671874999999999,0.06562499999999982,0.0656250000000001,pitch,heave_force,-0.75,-331.437812782749,-488.5212766780032,-24.85783595870616,-36.63909575085022,-0.014090994842131005,-0.011067337641416913,-0.003023657200714094,0.09621687175876363,0.07415940538399418,0.022057466374769456,0.0,0.09621687175876363,1.6094900153736829,0.7205070772382101,0.013647713480298656,0.007826314880402469,0.0766406869923131,0.03677068619609208,1.1768971387283802,6939.759970572571,3126.0694945965947,4474.073575382879,2002.8714961610917,2617.238672639217,1220.9797291299965,4.42775604339265,3.059548058447093,0.00515103558075352,0.0021237117695453167,advance_eq19_20,0.0,0.0,0.0,0.0,,,342.4849787194831,3.641764649481263e-16,a1_station_hull_matched_sweep_free_surface_marching_not_benchmark_validated,41,8,24,10,3.0,2,16,15.0,False,none,0.0,1.0,0.0,1.0,trapezoid,1.0,1.0,-1.0,1.0,-1.0,1.0,1.0,True,False,True,3.0,11,9,40,True,True,True,True,A1_GRID_RECOMMENDED,"A1 Section 3.3 recommends control radius about 3B, inner free-surface panels greater than 10, outer/free-surface proxy panels greater than 8, and roughly 60 stations at Fn=0.2 or 40 at Fn=0.3."
32,st41_bp8_fs24_cp10_r3p0_h2_fsm_clipfs_onezonefs_noend_pr1p0_pl1p0_pf1p0_pm1p0_dt1p0_fv0p0_hr1p0_hqtrapezoid_hp1p0_hc1p0_cim1p0_cp1p0_cnm1p0_cd1p0_pg1p0,A35,OK,diagnostic_matched_wigley_sensitivity_not_hard_gate,wigley_iii,Fn0.4,0.4,2.1696064159197173,1.5,2.7120080198996463,-0.2,239.85000000000002,30,31,8,2.3249999999999997,0.6750000000000003,0.07499999999999996,-0.866859375,0.866859375,0.06628124999999996,0.06628125000000007,pitch,heave_force,-0.8249999999999997,-329.61445699778636,-434.1840272177725,-24.721084274833963,-32.56380204133292,-0.0140134753317723,-0.011079053310046442,-0.002934422021725857,0.08216463667181201,0.06308620990826252,0.01907842676354949,0.0,0.08216463667181201,1.6439893385272986,0.7406901910836166,0.012851093153347913,0.007365605992342627,0.07094319733262619,0.03425731708760976,1.1031757643471698,6865.849464115329,3119.156075492403,4569.975077483437,2058.9766819417637,2453.2936466201263,1173.7767142341127,4.335380165929996,2.9983319012600114,0.004659062352830655,0.001922407548586093,advance_eq19_20,0.0,0.0,0.0,0.0,,,342.52120658418943,4.873913334760535e-16,a1_station_hull_matched_sweep_free_surface_marching_not_benchmark_validated,41,8,24,10,3.0,2,16,15.0,False,none,0.0,1.0,0.0,1.0,trapezoid,1.0,1.0,-1.0,1.0,-1.0,1.0,1.0,True,False,True,3.0,11,9,40,True,True,True,True,A1_GRID_RECOMMENDED,"A1 Section 3.3 recommends control radius about 3B, inner free-surface panels greater than 10, outer/free-surface proxy panels greater than 8, and roughly 60 stations at Fn=0.2 or 40 at Fn=0.3."
32,st41_bp8_fs24_cp10_r3p0_h2_fsm_clipfs_onezonefs_noend_pr1p0_pl1p0_pf1p0_pm1p0_dt1p0_fv0p0_hr1p0_hqtrapezoid_hp1p0_hc1p0_cim1p0_cp1p0_cnm1p0_cd1p0_pg1p0,A35,OK,diagnostic_matched_wigley_sensitivity_not_hard_gate,wigley_iii,Fn0.4,0.4,2.1696064159197173,1.5,2.7120080198996463,-0.2,239.85000000000002,31,32,7,2.4,0.6000000000000001,0.07500000000000018,-0.8664999999999999,0.8664999999999998,0.06699999999999995,0.06700000000000006,pitch,heave_force,-0.8999999999999999,-317.4480909809731,-383.48066030204967,-23.80860682357304,-28.761049522653792,-0.013496225355521843,-0.010844453221159126,-0.002651772134362717,0.06840978632816493,0.05212445664265973,0.0162853296855052,0.0,0.06840978632816493,1.6766338583745262,0.7620210324449257,0.011663840243687832,0.006692774986742099,0.06431190765372326,0.031116035623141244,1.0484305497840853,6807.76307385701,3131.2653157350433,4660.720582105678,2118.272330105918,2331.5486886442327,1160.9360462213033,4.196661437302248,2.905604503371516,0.004243922464046522,0.0017552788283551365,advance_eq19_20,0.0,0.0,0.0,0.0,,,342.56168396636383,4.4402168101497157e-16,a1_station_hull_matched_sweep_free_surface_marching_not_benchmark_validated,41,8,24,10,3.0,2,16,15.0,False,none,0.0,1.0,0.0,1.0,trapezoid,1.0,1.0,-1.0,1.0,-1.0,1.0,1.0,True,False,True,3.0,11,9,40,True,True,True,True,A1_GRID_RECOMMENDED,"A1 Section 3.3 recommends control radius about 3B, inner free-surface panels greater than 10, outer/free-surface proxy panels greater than 8, and roughly 60 stations at Fn=0.2 or 40 at Fn=0.3."
32,st41_bp8_fs24_cp10_r3p0_h2_fsm_clipfs_onezonefs_noend_pr1p0_pl1p0_pf1p0_pm1p0_dt1p0_fv0p0_hr1p0_hqtrapezoid_hp1p0_hc1p0_cim1p0_cp1p0_cnm1p0_cd1p0_pg1p0,A35,OK,diagnostic_matched_wigley_sensitivity_not_hard_gate,wigley_iii,Fn0.4,0.4,2.1696064159197173,1.5,2.7120080198996463,-0.2,239.85000000000002,32,33,6,2.475,0.5249999999999999,0.07499999999999996,-0.866109375,0.866109375,0.06778124999999988,0.06778125000000013,pitch,heave_force,-0.9750000000000001,-292.32671017213505,-342.5695859740441,-21.924503262910115,-25.692718948053294,-0.01242819619966753,-0.010380248487563254,-0.0020479477121042797,0.05544757555057021,0.04151210578829853,0.013935469762271698,0.0,0.05544757555057021,1.7099122859232807,0.7868328723576129,0.009909074064973392,0.0057160183607261475,0.056913602162822964,0.02725061616034411,1.0504337145058686,6803.008304141201,3195.4337287965395,4753.2282285675965,2187.244486658384,2336.0034196525708,1246.9510518253303,4.007246273841152,2.77844289918617,0.004062927296567947,0.0016976323460367176,advance_eq19_20,0.0,0.0,0.0,0.0,,,342.6062403202417,3.444499461983487e-16,a1_station_hull_matched_sweep_free_surface_marching_not_benchmark_validated,41,8,24,10,3.0,2,16,15.0,False,none,0.0,1.0,0.0,1.0,trapezoid,1.0,1.0,-1.0,1.0,-1.0,1.0,1.0,True,False,True,3.0,11,9,40,True,True,True,True,A1_GRID_RECOMMENDED,"A1 Section 3.3 recommends control radius about 3B, inner free-surface panels greater than 10, outer/free-surface proxy panels greater than 8, and roughly 60 stations at Fn=0.2 or 40 at Fn=0.3."
32,st41_bp8_fs24_cp10_r3p0_h2_fsm_clipfs_onezonefs_noend_pr1p0_pl1p0_pf1p0_pm1p0_dt1p0_fv0p0_hr1p0_hqtrapezoid_hp1p0_hc1p0_cim1p0_cp1p0_cnm1p0_cd1p0_pg1p0,A35,OK,diagnostic_matched_wigley_sensitivity_not_hard_gate,wigley_iii,Fn0.4,0.4,2.1696064159197173,1.5,2.7120080198996463,-0.2,239.85000000000002,33,34,5,2.55,0.4500000000000002,0.07499999999999996,-0.8656874999999999,0.8656874999999999,0.06862499999999994,0.06862500000000005,pitch,heave_force,-1.0499999999999998,-247.61689800754544,-325.5600577240417,-18.571267350565897,-24.417004329303115,-0.010527369835547046,-0.009727936994550677,-0.0007994328409963689,0.043969792532962966,0.03145801304724159,0.012511779485721379,0.0,0.043969792532962966,1.751621784097493,0.8212040355572323,0.007233188530556115,0.004230900531239863,0.04927010753165928,0.022418763050612484,1.2463011746351011,6996.689207858638,3439.587838210668,4869.1726344609115,2282.789728665298,2771.5826002730105,1653.9078356539185,3.7658908089469536,2.6161482328587127,0.004586339652859805,0.0018958976247699653,advance_eq19_20,0.0,0.0,0.0,0.0,,,342.6545414156471,4.727799026518549e-16,a1_station_hull_matched_sweep_free_surface_marching_not_benchmark_validated,41,8,24,10,3.0,2,16,15.0,False,none,0.0,1.0,0.0,1.0,trapezoid,1.0,1.0,-1.0,1.0,-1.0,1.0,1.0,True,False,True,3.0,11,9,40,True,True,True,True,A1_GRID_RECOMMENDED,"A1 Section 3.3 recommends control radius about 3B, inner free-surface panels greater than 10, outer/free-surface proxy panels greater than 8, and roughly 60 stations at Fn=0.2 or 40 at Fn=0.3."
32,st41_bp8_fs24_cp10_r3p0_h2_fsm_clipfs_onezonefs_noend_pr1p0_pl1p0_pf1p0_pm1p0_dt1p0_fv0p0_hr1p0_hqtrapezoid_hp1p0_hc1p0_cim1p0_cp1p0_cnm1p0_cd1p0_pg1p0,A35,OK,diagnostic_matched_wigley_sensitivity_not_hard_gate,wigley_iii,Fn0.4,0.4,2.1696064159197173,1.5,2.7120080198996463,-0.2,239.85000000000002,34,35,4,2.625,0.375,0.07499999999999996,-0.8652343749999999,0.8652343749999999,0.06953124999999993,0.06953125000000009,pitch,heave_force,-1.125,-154.34764052072813,-386.3259942636137,-11.576073039054604,-28.97444956977101,-0.006562050926573917,-0.008986632701952305,0.0024245817753783877,0.03542508215190246,0.02210072819899007,0.01332435395291239,0.0,0.03542508215190246,1.8257483471356069,0.8824656741310454,0.0029428229367423286,0.0015288559377803646,0.04470400639305164,0.01571665500812244,2.3258670911194748,8391.933235603867,4653.8005109589185,5075.230263744046,2453.0853351677815,5172.371567556076,3374.461978406899,3.479747896212851,2.4241276436414636,0.009046065151156945,0.003655457487629601,advance_eq19_20,0.0,0.0,0.0,0.0,,,342.70650863905854,4.1068294269005174e-16,a1_station_hull_matched_sweep_free_surface_marching_not_benchmark_validated,41,8,24,10,3.0,2,16,15.0,False,none,0.0,1.0,0.0,1.0,trapezoid,1.0,1.0,-1.0,1.0,-1.0,1.0,1.0,True,False,True,3.0,11,9,40,True,True,True,True,A1_GRID_RECOMMENDED,"A1 Section 3.3 recommends control radius about 3B, inner free-surface panels greater than 10, outer/free-surface proxy panels greater than 8, and roughly 60 stations at Fn=0.2 or 40 at Fn=0.3."
32,st41_bp8_fs24_cp10_r3p0_h2_fsm_clipfs_onezonefs_noend_pr1p0_pl1p0_pf1p0_pm1p0_dt1p0_fv0p0_hr1p0_hqtrapezoid_hp1p0_hc1p0_cim1p0_cp1p0_cnm1p0_cd1p0_pg1p0,A35,OK,diagnostic_matched_wigley_sensitivity_not_hard_gate,wigley_iii,Fn0.4,0.4,2.1696064159197173,1.5,2.7120080198996463,-0.2,239.85000000000002,35,36,3,2.6999999999999997,0.30000000000000027,0.07499999999999996,-0.8647499999999999,0.8647499999999999,0.0704999999999999,0.07050000000000001,pitch,heave_force,-1.1999999999999997,246.28922116587992,-969.5862516312236,18.471691587440983,-72.71896887234173,0.010470923990183626,-0.008509188336233606,0.018980112326417234,0.037379518683707307,0.013352817679897143,0.024026701003810165,0.0,0.037379518683707307,2.0367749679699854,1.0412054200482328,0.008713062619069718,0.00478392576854894,0.06293242918347036,0.03238536324663976,10.620487879074933,24787.6920563875,15896.311998855397,5661.843799062082,2894.351385772132,23618.33560870453,15410.156594957092,3.207611828700601,2.244276083877728,0.00025580764954098966,8.659128216043343e-05,advance_eq19_20,0.0,0.0,0.0,0.0,,,342.76452809793597,4.90996771342759e-16,a1_station_hull_matched_sweep_free_surface_marching_not_benchmark_validated,41,8,24,10,3.0,2,16,15.0,False,none,0.0,1.0,0.0,1.0,trapezoid,1.0,1.0,-1.0,1.0,-1.0,1.0,1.0,True,False,True,3.0,11,9,40,True,True,True,True,A1_GRID_RECOMMENDED,"A1 Section 3.3 recommends control radius about 3B, inner free-surface panels greater than 10, outer/free-surface proxy panels greater than 8, and roughly 60 stations at Fn=0.2 or 40 at Fn=0.3."
32,st41_bp8_fs24_cp10_r3p0_h2_fsm_clipfs_onezonefs_noend_pr1p0_pl1p0_pf1p0_pm1p0_dt1p0_fv0p0_hr1p0_hqtrapezoid_hp1p0_hc1p0_cim1p0_cp1p0_cnm1p0_cd1p0_pg1p0,A35,OK,diagnostic_matched_wigley_sensitivity_not_hard_gate,wigley_iii,Fn0.4,0.4,2.1696064159197173,1.5,2.7120080198996463,-0.2,239.85000000000002,36,37,2,2.775,0.2250000000000001,0.07500000000000018,-0.8642343749999999,0.8642343749999999,0.07153124999999994,0.07153125000000005,pitch,heave_force,-1.275,-1070.7261815935417,1105.9314714191096,-80.30446361951581,82.94486035643341,-0.04552165299274072,-0.01097235385599502,-0.03454929913674571,0.019854154182428772,0.0036120465837828158,0.016242107598645958,0.0,0.019854154182428772,3.3319226695129522,1.9191599843948015,0.0465800937555464,0.023776304176880977,0.21589669138384085,0.12762163299660553,21.257908576324777,48250.293725645664,30591.053474763,9262.10602643968,5334.896700877912,47274.32720713474,30112.675159982984,3.460510537315653,2.440856333957385,0.007219213376280726,0.0029404114700386248,advance_eq19_20,0.0,0.0,0.0,0.0,,,342.84460969129094,1.0175288253531052e-15,a1_station_hull_matched_sweep_free_surface_marching_not_benchmark_validated,41,8,24,10,3.0,2,16,15.0,False,none,0.0,1.0,0.0,1.0,trapezoid,1.0,1.0,-1.0,1.0,-1.0,1.0,1.0,True,False,True,3.0,11,9,40,True,True,True,True,A1_GRID_RECOMMENDED,"A1 Section 3.3 recommends control radius about 3B, inner free-surface panels greater than 10, outer/free-surface proxy panels greater than 8, and roughly 60 stations at Fn=0.2 or 40 at Fn=0.3."
32,st41_bp8_fs24_cp10_r3p0_h2_fsm_clipfs_onezonefs_noend_pr1p0_pl1p0_pf1p0_pm1p0_dt1p0_fv0p0_hr1p0_hqtrapezoid_hp1p0_hc1p0_cim1p0_cp1p0_cnm1p0_cd1p0_pg1p0,A35,OK,diagnostic_matched_wigley_sensitivity_not_hard_gate,wigley_iii,Fn0.4,0.4,2.1696064159197173,1.5,2.7120080198996463,-0.2,239.85000000000002,37,38,1,2.85,0.1499999999999999,0.07499999999999996,-0.8636874999999999,0.8636874999999999,0.07262499999999994,0.07262500000000005,pitch,heave_force,-1.35,-380.412565027513,702.7304504048325,-28.530942377063457,52.704783780362405,-0.01617314405582969,0.002450120652086485,-0.01862326470791617,-0.010993244341856456,-0.0006490700181714488,-0.010344174323685012,0.0,-0.010993244341856456,1.4053190684728223,0.9906292433237291,0.06193644103250333,0.02997442338490816,0.25407136936527425,0.15200973446032118,19.368714585417663,43164.75584736393,30318.698588040283,3906.5174988215995,2753.759313957098,43073.04961845597,30255.311033330152,0.673324010253572,0.3264993996891997,0.0008610600653629852,0.00034591142323837253,advance_eq19_20,0.0,0.0,0.0,0.0,,,343.0542195004204,9.216629041469658e-16,a1_station_hull_matched_sweep_free_surface_marching_not_benchmark_validated,41,8,24,10,3.0,2,16,15.0,False,none,0.0,1.0,0.0,1.0,trapezoid,1.0,1.0,-1.0,1.0,-1.0,1.0,1.0,True,False,True,3.0,11,9,40,True,True,True,True,A1_GRID_RECOMMENDED,"A1 Section 3.3 recommends control radius about 3B, inner free-surface panels greater than 10, outer/free-surface proxy panels greater than 8, and roughly 60 stations at Fn=0.2 or 40 at Fn=0.3."
32,st41_bp8_fs24_cp10_r3p0_h2_fsm_clipfs_onezonefs_noend_pr1p0_pl1p0_pf1p0_pm1p0_dt1p0_fv0p0_hr1p0_hqtrapezoid_hp1p0_hc1p0_cim1p0_cp1p0_cnm1p0_cd1p0_pg1p0,A35,OK,diagnostic_matched_wigley_sensitivity_not_hard_gate,wigley_iii,Fn0.4,0.4,2.1696064159197173,1.5,2.7120080198996463,-0.2,239.85000000000002,38,39,0,2.925,0.07500000000000018,0.03749999999999987,-0.8631093749999998,0.8631093749999998,0.07378124999999991,0.07378125000000002,pitch,heave_force,-1.4249999999999998,900.7506554680817,-1574.0137564718566,33.77814958005295,-59.02551586769441,0.019147593229753918,-0.0005693499033246251,0.019716943133078545,6.777685998264221e-05,6.640404547164896e-06,6.113645543547342e-05,0.0,6.777685998264221e-05,1.6599922639270084,0.9678890504724025,0.013756018040883288,0.006243706383095017,0.05096139181591215,0.0285920995772383,69.11804681945215,153748.3551555037,81794.8554130994,4614.460141059953,2690.5459389355647,153707.93178120584,81782.73225798951,0.9229848093892771,0.6511884412031526,0.0,0.0,initialize_eq21_22,0.0,0.0,0.0,0.0,,,418.23117884841605,1.0574049402996793e-15,a1_station_hull_matched_sweep_free_surface_marching_not_benchmark_validated,41,8,24,10,3.0,2,16,15.0,False,none,0.0,1.0,0.0,1.0,trapezoid,1.0,1.0,-1.0,1.0,-1.0,1.0,1.0,True,False,True,3.0,11,9,40,True,True,True,True,A1_GRID_RECOMMENDED,"A1 Section 3.3 recommends control radius about 3B, inner free-surface panels greater than 10, outer/free-surface proxy panels greater than 8, and roughly 60 stations at Fn=0.2 or 40 at Fn=0.3."
32,st41_bp8_fs24_cp10_r3p0_h2_fsm_clipfs_onezonefs_noend_pr1p0_pl1p0_pf1p0_pm1p0_dt1p0_fv0p0_hr1p0_hqtrapezoid_hp1p0_hc1p0_cim1p0_cp1p0_cn1p0_cd1p0_pg1p0,A35,OK,diagnostic_matched_wigley_sensitivity_not_hard_gate,wigley_iii,Fn0.4,0.4,2.1696064159197173,1.5,2.7120080198996463,-0.2,239.85000000000002,0,1,38,0.075,2.925,0.0375,-0.8631093749999998,0.8631093749999998,0.07378124999999991,0.07378125000000002,pitch,heave_force,1.425,-898.9441836518779,-1571.1145314588268,-33.71040688694542,-58.916794929706,-0.019109192383406876,0.0005686583285969525,-0.01967785071200383,0.0,0.0,0.0,0.0,0.0,1.657850173803299,0.9666221470023892,0.0018708186933665547,0.0010015016426249451,0.010475039456448874,0.004731025755928362,68.98643680025708,153455.88995308493,81729.17834144075,4608.505541325234,2687.0241902551716,153415.25129060983,81717.09385178791,0.9221121454198259,0.6503572991455777,0.00020613941792276488,9.11573618983262e-05,advance_eq19_20,0.0,0.0,0.0,0.0,,,113.95001957184003,8.16434562233445e-16,a1_station_hull_matched_sweep_free_surface_marching_not_benchmark_validated,41,8,24,10,3.0,2,16,15.0,False,none,0.0,1.0,0.0,1.0,trapezoid,1.0,1.0,-1.0,1.0,1.0,1.0,1.0,True,False,True,3.0,11,9,40,True,True,True,True,A1_GRID_RECOMMENDED,"A1 Section 3.3 recommends control radius about 3B, inner free-surface panels greater than 10, outer/free-surface proxy panels greater than 8, and roughly 60 stations at Fn=0.2 or 40 at Fn=0.3."
32,st41_bp8_fs24_cp10_r3p0_h2_fsm_clipfs_onezonefs_noend_pr1p0_pl1p0_pf1p0_pm1p0_dt1p0_fv0p0_hr1p0_hqtrapezoid_hp1p0_hc1p0_cim1p0_cp1p0_cn1p0_cd1p0_pg1p0,A35,OK,diagnostic_matched_wigley_sensitivity_not_hard_gate,wigley_iii,Fn0.4,0.4,2.1696064159197173,1.5,2.7120080198996463,-0.2,239.85000000000002,1,2,37,0.15,2.85,0.07499999999999998,-0.8636874999999999,0.8636874999999999,0.07262499999999991,0.07262500000000005,pitch,heave_force,1.35,375.6863416481685,695.4897615101257,28.176475623612628,52.16173211325942,0.015972209863373037,-0.002456221410769974,0.018428431274143012,-0.011123087451720358,-0.0006594523767880351,-0.010463635074932321,0.0,-0.011123087451720358,1.4090720444676337,0.9932676414300967,0.011378180548476256,0.00595437094838402,0.0880881123235337,0.0350755670480282,19.211800014759884,42817.89527710299,30085.489071248718,3916.950052342929,2761.0935547018594,42724.09568772429,30020.671031243684,0.6901286969652656,0.3285277691521006,0.005462988040136928,0.0022987986181516,advance_eq19_20,0.0,0.0,0.0,0.0,,,94.99248929002052,4.719421399719131e-16,a1_station_hull_matched_sweep_free_surface_marching_not_benchmark_validated,41,8,24,10,3.0,2,16,15.0,False,none,0.0,1.0,0.0,1.0,trapezoid,1.0,1.0,-1.0,1.0,1.0,1.0,1.0,True,False,True,3.0,11,9,40,True,True,True,True,A1_GRID_RECOMMENDED,"A1 Section 3.3 recommends control radius about 3B, inner free-surface panels greater than 10, outer/free-surface proxy panels greater than 8, and roughly 60 stations at Fn=0.2 or 40 at Fn=0.3."
32,st41_bp8_fs24_cp10_r3p0_h2_fsm_clipfs_onezonefs_noend_pr1p0_pl1p0_pf1p0_pm1p0_dt1p0_fv0p0_hr1p0_hqtrapezoid_hp1p0_hc1p0_cim1p0_cp1p0_cn1p0_cd1p0_pg1p0,A35,OK,diagnostic_matched_wigley_sensitivity_not_hard_gate,wigley_iii,Fn0.4,0.4,2.1696064159197173,1.5,2.7120080198996463,-0.2,239.85000000000002,2,3,36,0.22499999999999998,2.775,0.075,-0.8642343749999999,0.8642343749999999,0.07153124999999994,0.07153125000000006,pitch,heave_force,1.275,1066.830694050656,1104.627775346934,80.01230205379919,82.84708315102004,0.045356037324408974,0.010883824894538555,0.03447221242987042,0.019541036142170648,0.0035543493650962536,0.015986686777074394,0.0,0.019541036142170648,3.3050588146060416,1.9035448019356993,0.011630066516432953,0.005893982997314986,0.09331237973827328,0.03561938407574174,21.22139233557357,48154.71932629631,30551.77040577894,9187.429661737893,5291.489488315098,47193.120690160176,30081.163768227147,3.4293994547635704,2.420188979846554,0.003104980091103988,0.0013240921767228022,advance_eq19_20,0.0,0.0,0.0,0.0,,,96.31469922371299,1.080488589402827e-15,a1_station_hull_matched_sweep_free_surface_marching_not_benchmark_validated,41,8,24,10,3.0,2,16,15.0,False,none,0.0,1.0,0.0,1.0,trapezoid,1.0,1.0,-1.0,1.0,1.0,1.0,1.0,True,False,True,3.0,11,9,40,True,True,True,True,A1_GRID_RECOMMENDED,"A1 Section 3.3 recommends control radius about 3B, inner free-surface panels greater than 10, outer/free-surface proxy panels greater than 8, and roughly 60 stations at Fn=0.2 or 40 at Fn=0.3."
32,st41_bp8_fs24_cp10_r3p0_h2_fsm_clipfs_onezonefs_noend_pr1p0_pl1p0_pf1p0_pm1p0_dt1p0_fv0p0_hr1p0_hqtrapezoid_hp1p0_hc1p0_cim1p0_cp1p0_cn1p0_cd1p0_pg1p0,A35,OK,diagnostic_matched_wigley_sensitivity_not_hard_gate,wigley_iii,Fn0.4,0.4,2.1696064159197173,1.5,2.7120080198996463,-0.2,239.85000000000002,3,4,35,0.3,2.7,0.07500000000000001,-0.8647499999999999,0.8647499999999999,0.0704999999999999,0.07050000000000001,pitch,heave_force,1.2,-240.62897235162154,-957.89861070999,-18.04717292637162,-71.84239580324926,-0.010230279942429274,0.008471258439270563,-0.018701538381699835,0.0371039148331605,0.013231891032000814,0.023872023801159693,0.0,0.0371039148331605,2.027727946052682,1.036441712105866,0.004551955075977749,0.002053369371978263,0.04045013692053498,0.014287191282036885,10.484250437327953,24487.422430586466,15712.111088454447,5636.694813166249,2881.10919127437,23315.364440309222,15225.342762346261,3.1912951689528932,2.2339369161069063,0.0029544569251879096,0.001269732224164079,advance_eq19_20,0.0,0.0,0.0,0.0,,,97.66111149943426,4.762093039729911e-16,a1_station_hull_matched_sweep_free_surface_marching_not_benchmark_validated,41,8,24,10,3.0,2,16,15.0,False,none,0.0,1.0,0.0,1.0,trapezoid,1.0,1.0,-1.0,1.0,1.0,1.0,1.0,True,False,True,3.0,11,9,40,True,True,True,True,A1_GRID_RECOMMENDED,"A1 Section 3.3 recommends control radius about 3B, inner free-surface panels greater than 10, outer/free-surface proxy panels greater than 8, and roughly 60 stations at Fn=0.2 or 40 at Fn=0.3."
32,st41_bp8_fs24_cp10_r3p0_h2_fsm_clipfs_onezonefs_noend_pr1p0_pl1p0_pf1p0_pm1p0_dt1p0_fv0p0_hr1p0_hqtrapezoid_hp1p0_hc1p0_cim1p0_cp1p0_cn1p0_cd1p0_pg1p0,A35,OK,diagnostic_matched_wigley_sensitivity_not_hard_gate,wigley_iii,Fn0.4,0.4,2.1696064159197173,1.5,2.7120080198996463,-0.2,239.85000000000002,4,5,34,0.375,2.625,0.07499999999999998,-0.8652343749999999,0.8652343749999999,0.06953124999999993,0.06953125000000009,pitch,heave_force,1.125,153.85598278139264,-384.6727061843865,11.539198708604445,-28.85045296382898,0.006541148222048737,0.008956081223683212,-0.0024149330016344766,0.03525934897297024,0.021945560863477705,0.013313788109492537,0.0,0.03525934897297024,1.8194835463661594,0.879308810464841,0.003746160688278775,0.0014152398557955115,0.03480580956043654,0.011516530181490715,2.3151897362128686,8357.45710174463,4633.953854190803,5057.815319065986,2444.3098595977935,5148.62676840289,3359.2376487753827,3.4663244785784384,2.415574157101636,0.0031919580006670007,0.0013766728201812372,advance_eq19_20,0.0,0.0,0.0,0.0,,,98.98004886155589,4.66664638421257e-16,a1_station_hull_matched_sweep_free_surface_marching_not_benchmark_validated,41,8,24,10,3.0,2,16,15.0,False,none,0.0,1.0,0.0,1.0,trapezoid,1.0,1.0,-1.0,1.0,1.0,1.0,1.0,True,False,True,3.0,11,9,40,True,True,True,True,A1_GRID_RECOMMENDED,"A1 Section 3.3 recommends control radius about 3B, inner free-surface panels greater than 10, outer/free-surface proxy panels greater than 8, and roughly 60 stations at Fn=0.2 or 40 at Fn=0.3."
32,st41_bp8_fs24_cp10_r3p0_h2_fsm_clipfs_onezonefs_noend_pr1p0_pl1p0_pf1p0_pm1p0_dt1p0_fv0p0_hr1p0_hqtrapezoid_hp1p0_hc1p0_cim1p0_cp1p0_cn1p0_cd1p0_pg1p0,A35,OK,diagnostic_matched_wigley_sensitivity_not_hard_gate,wigley_iii,Fn0.4,0.4,2.1696064159197173,1.5,2.7120080198996463,-0.2,239.85000000000002,5,6,33,0.44999999999999996,2.55,0.07500000000000001,-0.8656874999999999,0.8656874999999999,0.06862499999999994,0.06862500000000005,pitch,heave_force,1.05,245.12555960395315,-326.07556001330966,18.38441697029649,-24.45566700099823,0.01042145121298472,0.0096852949269325,0.0007361562860522208,0.04374064869048695,0.03126624893878555,0.012474399751701408,0.0,0.04374064869048695,1.743933542293765,0.8174195965101009,0.0038890870195394077,0.0013329633730737118,0.036440461078322314,0.01208998585139695,1.2530275137161793,6977.532041295911,3432.830777773911,4847.800796694507,2272.26971389249,2786.540946409618,1664.334391384234,3.747619490137253,2.6043957267078386,0.0035519090684816733,0.001534009721124688,advance_eq19_20,0.0,0.0,0.0,0.0,,,100.2548122089833,4.139626683705773e-16,a1_station_hull_matched_sweep_free_surface_marching_not_benchmark_validated,41,8,24,10,3.0,2,16,15.0,False,none,0.0,1.0,0.0,1.0,trapezoid,1.0,1.0,-1.0,1.0,1.0,1.0,1.0,True,False,True,3.0,11,9,40,True,True,True,True,A1_GRID_RECOMMENDED,"A1 Section 3.3 recommends control radius about 3B, inner free-surface panels greater than 10, outer/free-surface proxy panels greater than 8, and roughly 60 stations at Fn=0.2 or 40 at Fn=0.3."
32,st41_bp8_fs24_cp10_r3p0_h2_fsm_clipfs_onezonefs_noend_pr1p0_pl1p0_pf1p0_pm1p0_dt1p0_fv0p0_hr1p0_hqtrapezoid_hp1p0_hc1p0_cim1p0_cp1p0_cn1p0_cd1p0_pg1p0,A35,OK,diagnostic_matched_wigley_sensitivity_not_hard_gate,wigley_iii,Fn0.4,0.4,2.1696064159197173,1.5,2.7120080198996463,-0.2,239.85000000000002,6,7,32,0.525,2.475,0.07500000000000001,-0.866109375,0.866109375,0.0677812499999999,0.06778125000000006,pitch,heave_force,0.975,289.7019612864431,-342.28417805389927,21.72764709648324,-25.67131335404245,0.0123166056641772,0.01032880475457146,0.001987800909605741,0.055109677129067926,0.04127329877953754,0.013836378349530392,0.0,0.055109677129067926,1.7014331887377043,0.7827211113232562,0.004297002553242908,0.0014798294216561932,0.04036913619582875,0.013554589696222554,1.0514197299928447,6773.978351775957,3182.5319996107232,4729.657964509585,2175.8145795347705,2338.196166817479,1250.1580329496321,3.985382406420533,2.7643547186669024,0.003941127298924377,0.001702755271451694,advance_eq19_20,0.0,0.0,0.0,0.0,,,101.47605820213124,4.1449807387554093e-16,a1_station_hull_matched_sweep_free_surface_marching_not_benchmark_validated,41,8,24,10,3.0,2,16,15.0,False,none,0.0,1.0,0.0,1.0,trapezoid,1.0,1.0,-1.0,1.0,1.0,1.0,1.0,True,False,True,3.0,11,9,40,True,True,True,True,A1_GRID_RECOMMENDED,"A1 Section 3.3 recommends control radius about 3B, inner free-surface panels greater than 10, outer/free-surface proxy panels greater than 8, and roughly 60 stations at Fn=0.2 or 40 at Fn=0.3."
32,st41_bp8_fs24_cp10_r3p0_h2_fsm_clipfs_onezonefs_noend_pr1p0_pl1p0_pf1p0_pm1p0_dt1p0_fv0p0_hr1p0_hqtrapezoid_hp1p0_hc1p0_cim1p0_cp1p0_cn1p0_cd1p0_pg1p0,A35,OK,diagnostic_matched_wigley_sensitivity_not_hard_gate,wigley_iii,Fn0.4,0.4,2.1696064159197173,1.5,2.7120080198996463,-0.2,239.85000000000002,7,8,31,0.6,2.4,0.07499999999999996,-0.8664999999999999,0.8664999999999998,0.06699999999999995,0.06700000000000006,pitch,heave_force,0.9,314.47862166254555,-382.72110175218154,23.585896624690903,-28.7040826314136,0.013369979117959115,0.010785178721406153,0.0025848003965529623,0.06795296952013608,0.05183029051752634,0.016122679002609743,0.0,0.06795296952013608,1.6674579165950159,0.757616617253737,0.0047770217801588275,0.0016462480562054328,0.0450173703401371,0.01516642992567076,1.0474691348660983,6773.958441479171,3115.730476961357,4635.213223717109,2106.0289005514096,2329.410649370446,1161.3526278322431,4.171418742311225,2.88934533598949,0.004315292970447026,0.0018643430357203482,advance_eq19_20,0.0,0.0,0.0,0.0,,,102.63663006147286,3.667698892016829e-16,a1_station_hull_matched_sweep_free_surface_marching_not_benchmark_validated,41,8,24,10,3.0,2,16,15.0,False,none,0.0,1.0,0.0,1.0,trapezoid,1.0,1.0,-1.0,1.0,1.0,1.0,1.0,True,False,True,3.0,11,9,40,True,True,True,True,A1_GRID_RECOMMENDED,"A1 Section 3.3 recommends control radius about 3B, inner free-surface panels greater than 10, outer/free-surface proxy panels greater than 8, and roughly 60 stations at Fn=0.2 or 40 at Fn=0.3."
32,st41_bp8_fs24_cp10_r3p0_h2_fsm_clipfs_onezonefs_noend_pr1p0_pl1p0_pf1p0_pm1p0_dt1p0_fv0p0_hr1p0_hqtrapezoid_hp1p0_hc1p0_cim1p0_cp1p0_cn1p0_cd1p0_pg1p0,A35,OK,diagnostic_matched_wigley_sensitivity_not_hard_gate,wigley_iii,Fn0.4,0.4,2.1696064159197173,1.5,2.7120080198996463,-0.2,239.85000000000002,8,9,30,0.6749999999999999,2.325,0.07500000000000001,-0.866859375,0.866859375,0.06628124999999993,0.06628125000000007,pitch,heave_force,0.8250000000000001,326.35691826455417,-432.87061626384286,24.476768869841568,-32.46529621978822,0.013874981895846506,0.01101321661076508,0.0028617652850814247,0.08157545002703888,0.06272948818361196,0.018845961843426934,0.0,0.08157545002703888,1.6341939993412835,0.7360231527382621,0.0052535939103738796,0.0018098363336271962,0.04967734328399048,0.016733053955324356,1.100774978214405,6828.007771020752,3101.544699588325,4542.7459130925745,2046.0032103844392,2447.954666598306,1172.1029497177237,4.3069853553074955,2.980063275062433,0.0046510674127299475,0.002009003488954923,advance_eq19_20,0.0,0.0,0.0,0.0,,,103.73019523740942,4.250789185578573e-16,a1_station_hull_matched_sweep_free_surface_marching_not_benchmark_validated,41,8,24,10,3.0,2,16,15.0,False,none,0.0,1.0,0.0,1.0,trapezoid,1.0,1.0,-1.0,1.0,1.0,1.0,1.0,True,False,True,3.0,11,9,40,True,True,True,True,A1_GRID_RECOMMENDED,"A1 Section 3.3 recommends control radius about 3B, inner free-surface panels greater than 10, outer/free-surface proxy panels greater than 8, and roughly 60 stations at Fn=0.2 or 40 at Fn=0.3."
32,st41_bp8_fs24_cp10_r3p0_h2_fsm_clipfs_onezonefs_noend_pr1p0_pl1p0_pf1p0_pm1p0_dt1p0_fv0p0_hr1p0_hqtrapezoid_hp1p0_hc1p0_cim1p0_cp1p0_cn1p0_cd1p0_pg1p0,A35,OK,diagnostic_matched_wigley_sensitivity_not_hard_gate,wigley_iii,Fn0.4,0.4,2.1696064159197173,1.5,2.7120080198996463,-0.2,239.85000000000002,9,10,29,0.75,2.25,0.07500000000000001,-0.8671874999999999,0.8671874999999999,0.06562499999999982,0.0656250000000001,pitch,heave_force,0.75,327.9846405524081,-486.56228734932813,24.59884804143061,-36.49217155119962,0.013944184097520474,0.010996663279441038,0.002947520818079437,0.09548503302372238,0.07373442812871503,0.02175060489500737,0.0,0.09548503302372238,1.5991646100293224,0.7156149320428562,0.005690285762563489,0.0019589058543511405,0.05397929490632226,0.018153471952149353,1.1730782646580442,6898.082679827683,3106.5744454204523,4445.370928727693,1989.2722707316707,2608.746082612512,1217.4524489944765,4.3965127636180705,3.03947389050497,0.004936720797174084,0.0021318530535687436,advance_eq19_20,0.0,0.0,0.0,0.0,,,104.75084920458065,3.7328024118573853e-16,a1_station_hull_matched_sweep_free_surface_marching_not_benchmark_validated,41,8,24,10,3.0,2,16,15.0,False,none,0.0,1.0,0.0,1.0,trapezoid,1.0,1.0,-1.0,1.0,1.0,1.0,1.0,True,False,True,3.0,11,9,40,True,True,True,True,A1_GRID_RECOMMENDED,"A1 Section 3.3 recommends control radius about 3B, inner free-surface panels greater than 10, outer/free-surface proxy panels greater than 8, and roughly 60 stations at Fn=0.2 or 40 at Fn=0.3."
32,st41_bp8_fs24_cp10_r3p0_h2_fsm_clipfs_onezonefs_noend_pr1p0_pl1p0_pf1p0_pm1p0_dt1p0_fv0p0_hr1p0_hqtrapezoid_hp1p0_hc1p0_cim1p0_cp1p0_cn1p0_cd1p0_pg1p0,A35,OK,diagnostic_matched_wigley_sensitivity_not_hard_gate,wigley_iii,Fn0.4,0.4,2.1696064159197173,1.5,2.7120080198996463,-0.2,239.85000000000002,10,11,28,0.825,2.175,0.07499999999999996,-0.8674843749999999,0.8674843749999999,0.06503124999999987,0.0650312500000001,pitch,heave_force,0.675,320.7539670597042,-540.4530719356826,24.056547529477804,-40.53398039517617,0.01363677384147461,0.010733003422048054,0.002903770419426553,0.10927551199321991,0.08459926147945956,0.024676250513760364,0.0,0.10927551199321991,1.5619993405136652,0.6955732912672044,0.006068556639614979,0.0020874042678066407,0.05772746004569617,0.019375321746074873,1.2502861846397504,6970.446682738751,3119.1821318189354,4342.058607014795,1933.560352953267,2780.4446511284414,1274.9130012353921,4.445835241645942,3.071538778862308,0.005168022231411857,0.002231175612183921,advance_eq19_20,0.0,0.0,0.0,0.0,,,105.69301673551143,3.241654329333656e-16,a1_station_hull_matched_sweep_free_surface_marching_not_benchmark_validated,41,8,24,10,3.0,2,16,15.0,False,none,0.0,1.0,0.0,1.0,trapezoid,1.0,1.0,-1.0,1.0,1.0,1.0,1.0,True,False,True,3.0,11,9,40,True,True,True,True,A1_GRID_RECOMMENDED,"A1 Section 3.3 recommends control radius about 3B, inner free-surface panels greater than 10, outer/free-surface proxy panels greater than 8, and roughly 60 stations at Fn=0.2 or 40 at Fn=0.3."
32,st41_bp8_fs24_cp10_r3p0_h2_fsm_clipfs_onezonefs_noend_pr1p0_pl1p0_pf1p0_pm1p0_dt1p0_fv0p0_hr1p0_hqtrapezoid_hp1p0_hc1p0_cim1p0_cp1p0_cn1p0_cd1p0_pg1p0,A35,OK,diagnostic_matched_wigley_sensitivity_not_hard_gate,wigley_iii,Fn0.4,0.4,2.1696064159197173,1.5,2.7120080198996463,-0.2,239.85000000000002,11,12,27,0.8999999999999999,2.1,0.07500000000000001,-0.8677499999999999,0.8677499999999999,0.06449999999999989,0.0645,pitch,heave_force,0.6000000000000001,305.6317905470694,-592.4165519901313,22.92238429103021,-44.431241399259854,0.012993858329052364,0.010228792512069058,0.0027650658169833023,0.12259082807848341,0.09508015944651811,0.027510668631965295,0.0,0.12259082807848341,1.5232903245395908,0.675775273017083,0.006380420475041909,0.0021928112387642534,0.06083347181011398,0.020377102830980133,1.325806390973769,7039.055899550828,3134.3604177602956,4234.454966206578,1878.525659074007,2948.3900034271555,1334.9253220927062,4.461556106092267,3.080762672370586,0.005345993039756894,0.00230747981668494,advance_eq19_20,0.0,0.0,0.0,0.0,,,106.55145429053391,3.151355734044377e-16,a1_station_hull_matched_sweep_free_surface_marching_not_benchmark_validated,41,8,24,10,3.0,2,16,15.0,False,none,0.0,1.0,0.0,1.0,trapezoid,1.0,1.0,-1.0,1.0,1.0,1.0,1.0,True,False,True,3.0,11,9,40,True,True,True,True,A1_GRID_RECOMMENDED,"A1 Section 3.3 recommends control radius about 3B, inner free-surface panels greater than 10, outer/free-surface proxy panels greater than 8, and roughly 60 stations at Fn=0.2 or 40 at Fn=0.3."
32,st41_bp8_fs24_cp10_r3p0_h2_fsm_clipfs_onezonefs_noend_pr1p0_pl1p0_pf1p0_pm1p0_dt1p0_fv0p0_hr1p0_hqtrapezoid_hp1p0_hc1p0_cim1p0_cp1p0_cn1p0_cd1p0_pg1p0,A35,OK,diagnostic_matched_wigley_sensitivity_not_hard_gate,wigley_iii,Fn0.4,0.4,2.1696064159197173,1.5,2.7120080198996463,-0.2,239.85000000000002,12,13,26,0.975,2.025,0.07500000000000007,-0.8679843749999999,0.8679843749999999,0.06403124999999998,0.0640312500000001,pitch,heave_force,0.525,283.44394252397285,-640.9516371024305,21.258295689297984,-48.07137278268233,0.012050547578156321,0.009497262624218197,0.0025532849539381232,0.13511303103208777,0.10494318701466174,0.030169844017426006,0.0,0.13511303103208777,1.4841193667691006,0.6564540786282842,0.006625104129384666,0.002275047540750232,0.06328268033746934,0.02115894884719322,1.3961048049224412,7101.041313262702,3149.67310927408,4125.56721579534,1824.8164440841333,3104.722890607475,1392.7046315796365,4.450750505563955,3.0719834030736504,0.005475397062774114,0.002362862528315886,advance_eq19_20,0.0,0.0,0.0,0.0,,,107.32128791426383,3.223805596129414e-16,a1_station_hull_matched_sweep_free_surface_marching_not_benchmark_validated,41,8,24,10,3.0,2,16,15.0,False,none,0.0,1.0,0.0,1.0,trapezoid,1.0,1.0,-1.0,1.0,1.0,1.0,1.0,True,False,True,3.0,11,9,40,True,True,True,True,A1_GRID_RECOMMENDED,"A1 Section 3.3 recommends control radius about 3B, inner free-surface panels greater than 10, outer/free-surface proxy panels greater than 8, and roughly 60 stations at Fn=0.2 or 40 at Fn=0.3."
32,st41_bp8_fs24_cp10_r3p0_h2_fsm_clipfs_onezonefs_noend_pr1p0_pl1p0_pf1p0_pm1p0_dt1p0_fv0p0_hr1p0_hqtrapezoid_hp1p0_hc1p0_cim1p0_cp1p0_cn1p0_cd1p0_pg1p0,A35,OK,diagnostic_matched_wigley_sensitivity_not_hard_gate,wigley_iii,Fn0.4,0.4,2.1696064159197173,1.5,2.7120080198996463,-0.2,239.85000000000002,13,14,25,1.05,1.95,0.07500000000000001,-0.8681874999999999,0.8681874999999999,0.06362499999999982,0.0636250000000001,pitch,heave_force,0.44999999999999996,254.98532616183843,-684.9290078847448,19.123899462137885,-51.369675591355865,0.010840636696213955,0.008556868527090894,0.0022837681691230596,0.14655862316927287,0.11397025259031629,0.0325883705789566,0.0,0.14655862316927287,1.4458318769199716,0.6380377446031247,0.00680702861097916,0.002335780181660776,0.06511326350276415,0.021736710402692677,1.459145227043085,7155.072539739321,3163.8656669326015,4019.13533677436,1773.6225673714155,3244.915117510092,1445.5813103303062,4.420761084346547,3.0502288765710577,0.005563516912473769,0.0024004900248959567,advance_eq19_20,0.0,0.0,0.0,0.0,,,107.99806268512654,3.8752264348266574e-16,a1_station_hull_matched_sweep_free_surface_marching_not_benchmark_validated,41,8,24,10,3.0,2,16,15.0,False,none,0.0,1.0,0.0,1.0,trapezoid,1.0,1.0,-1.0,1.0,1.0,1.0,1.0,True,False,True,3.0,11,9,40,True,True,True,True,A1_GRID_RECOMMENDED,"A1 Section 3.3 recommends control radius about 3B, inner free-surface panels greater than 10, outer/free-surface proxy panels greater than 8, and roughly 60 stations at Fn=0.2 or 40 at Fn=0.3."
32,st41_bp8_fs24_cp10_r3p0_h2_fsm_clipfs_onezonefs_noend_pr1p0_pl1p0_pf1p0_pm1p0_dt1p0_fv0p0_hr1p0_hqtrapezoid_hp1p0_hc1p0_cim1p0_cp1p0_cn1p0_cd1p0_pg1p0,A35,OK,diagnostic_matched_wigley_sensitivity_not_hard_gate,wigley_iii,Fn0.4,0.4,2.1696064159197173,1.5,2.7120080198996463,-0.2,239.85000000000002,14,15,24,1.125,1.875,0.07499999999999996,-0.8683593749999999,0.8683593749999999,0.06328124999999996,0.06328125000000007,pitch,heave_force,0.375,221.06463541399447,-723.4697363004242,16.579847656049576,-54.26023022253178,0.00939850710225994,0.007430273010926569,0.0019682340913333716,0.15667819506850983,0.12196382335932503,0.034714371709184816,0.0,0.15667819506850983,1.4099053991253025,0.6210600431797229,0.006934251352991931,0.0023778848636852737,0.0664004928126401,0.022137327055048835,1.5137048925148853,7200.623215201952,3176.287369785954,3919.266618470823,1726.4278133911946,3366.247442774595,1491.960065000701,4.378992303832826,3.0205741085205946,0.0056190143403434655,0.0024241125917716646,advance_eq19_20,0.0,0.0,0.0,0.0,,,108.57779417676022,2.9516075254669446e-16,a1_station_hull_matched_sweep_free_surface_marching_not_benchmark_validated,41,8,24,10,3.0,2,16,15.0,False,none,0.0,1.0,0.0,1.0,trapezoid,1.0,1.0,-1.0,1.0,1.0,1.0,1.0,True,False,True,3.0,11,9,40,True,True,True,True,A1_GRID_RECOMMENDED,"A1 Section 3.3 recommends control radius about 3B, inner free-surface panels greater than 10, outer/free-surface proxy panels greater than 8, and roughly 60 stations at Fn=0.2 or 40 at Fn=0.3."
32,st41_bp8_fs24_cp10_r3p0_h2_fsm_clipfs_onezonefs_noend_pr1p0_pl1p0_pf1p0_pm1p0_dt1p0_fv0p0_hr1p0_hqtrapezoid_hp1p0_hc1p0_cim1p0_cp1p0_cn1p0_cd1p0_pg1p0,A35,OK,diagnostic_matched_wigley_sensitivity_not_hard_gate,wigley_iii,Fn0.4,0.4,2.1696064159197173,1.5,2.7120080198996463,-0.2,239.85000000000002,15,16,23,1.2,1.8,0.07499999999999996,-0.8684999999999999,0.8684999999999998,0.06299999999999994,0.06300000000000008,pitch,heave_force,0.30000000000000004,182.52126477828125,-755.8823982519327,13.689094858371085,-56.69117986889492,0.0077598454412195345,0.006143556013007004,0.0016162894282125305,0.1652573713402496,0.1287507378712918,0.03650663346895776,0.0,0.1652573713402496,1.3778499575098444,0.6061000332397374,0.007017040760152802,0.002404960066613202,0.06724279913966168,0.02239458530445647,1.5590303001204289,7237.589645778259,3186.613338612461,3830.1586383597123,1684.8418547828003,3467.0441952983874,1530.8456458519552,4.332659466582458,2.9879675661376073,0.005650795187802539,0.002437579407744753,advance_eq19_20,0.0,0.0,0.0,0.0,,,109.05701762428855,2.535208858658754e-16,a1_station_hull_matched_sweep_free_surface_marching_not_benchmark_validated,41,8,24,10,3.0,2,16,15.0,False,none,0.0,1.0,0.0,1.0,trapezoid,1.0,1.0,-1.0,1.0,1.0,1.0,1.0,True,False,True,3.0,11,9,40,True,True,True,True,A1_GRID_RECOMMENDED,"A1 Section 3.3 recommends control radius about 3B, inner free-surface panels greater than 10, outer/free-surface proxy panels greater than 8, and roughly 60 stations at Fn=0.2 or 40 at Fn=0.3."
32,st41_bp8_fs24_cp10_r3p0_h2_fsm_clipfs_onezonefs_noend_pr1p0_pl1p0_pf1p0_pm1p0_dt1p0_fv0p0_hr1p0_hqtrapezoid_hp1p0_hc1p0_cim1p0_cp1p0_cn1p0_cd1p0_pg1p0,A35,OK,diagnostic_matched_wigley_sensitivity_not_hard_gate,wigley_iii,Fn0.4,0.4,2.1696064159197173,1.5,2.7120080198996463,-0.2,239.85000000000002,16,17,22,1.275,1.725,0.07499999999999996,-0.8686093749999999,0.8686093749999999,0.0627812499999999,0.06278125000000001,pitch,heave_force,0.2250000000000001,140.22922389506556,-781.6285841872295,10.51719179212991,-58.62214381404218,0.005961810012053789,0.004725544975775488,0.0012362650362783014,0.17211819906688625,0.13418528836568305,0.03793291070120318,0.0,0.17211819906688625,1.3511125933635795,0.5937309952261949,0.007066455507595613,0.0024208471748388186,0.06774814050063802,0.022544862155195886,1.5946505447693249,7266.073864890883,3194.6963734977326,3755.8338937141734,1650.45830123435,3546.2581544084337,1561.602249952056,4.288473853333498,2.9570139260254504,0.0056668848652974,0.00244435680604955,advance_eq19_20,0.0,0.0,0.0,0.0,,,109.43283246067818,3.5895724930256864e-16,a1_station_hull_matched_sweep_free_surface_marching_not_benchmark_validated,41,8,24,10,3.0,2,16,15.0,False,none,0.0,1.0,0.0,1.0,trapezoid,1.0,1.0,-1.0,1.0,1.0,1.0,1.0,True,False,True,3.0,11,9,40,True,True,True,True,A1_GRID_RECOMMENDED,"A1 Section 3.3 recommends control radius about 3B, inner free-surface panels greater than 10, outer/free-surface proxy panels greater than 8, and roughly 60 stations at Fn=0.2 or 40 at Fn=0.3."
32,st41_bp8_fs24_cp10_r3p0_h2_fsm_clipfs_onezonefs_noend_pr1p0_pl1p0_pf1p0_pm1p0_dt1p0_fv0p0_hr1p0_hqtrapezoid_hp1p0_hc1p0_cim1p0_cp1p0_cn1p0_cd1p0_pg1p0,A35,OK,diagnostic_matched_wigley_sensitivity_not_hard_gate,wigley_iii,Fn0.4,0.4,2.1696064159197173,1.5,2.7120080198996463,-0.2,239.85000000000002,17,18,21,1.3499999999999999,1.6500000000000001,0.07500000000000007,-0.8686874999999998,0.8686875,0.0626249999999999,0.06262500000000004,pitch,heave_force,0.15000000000000013,95.09453545232668,-800.3032321498715,7.132090158924507,-60.022742411240415,0.004042920140351969,0.003207213725786091,0.0008357064145658777,0.1771205641430891,0.1381516677164638,0.03896889642662527,0.0,0.1771205641430891,1.3309764306098528,0.5844710810761052,0.007092915616277595,0.002429149583655971,0.06802030575872546,0.022622780123261146,1.6202718346894052,7286.253388384891,3200.4824903965527,3699.859222964109,1624.7175157597592,3603.235972278049,1583.8228809386471,4.252268970942692,2.93171664762495,0.005673392054242619,0.002447083577993802,advance_eq19_20,0.0,0.0,0.0,0.0,,,109.70294068380586,3.508761267750987e-16,a1_station_hull_matched_sweep_free_surface_marching_not_benchmark_validated,41,8,24,10,3.0,2,16,15.0,False,none,0.0,1.0,0.0,1.0,trapezoid,1.0,1.0,-1.0,1.0,1.0,1.0,1.0,True,False,True,3.0,11,9,40,True,True,True,True,A1_GRID_RECOMMENDED,"A1 Section 3.3 recommends control radius about 3B, inner free-surface panels greater than 10, outer/free-surface proxy panels greater than 8, and roughly 60 stations at Fn=0.2 or 40 at Fn=0.3."
32,st41_bp8_fs24_cp10_r3p0_h2_fsm_clipfs_onezonefs_noend_pr1p0_pl1p0_pf1p0_pm1p0_dt1p0_fv0p0_hr1p0_hqtrapezoid_hp1p0_hc1p0_cim1p0_cp1p0_cn1p0_cd1p0_pg1p0,A35,OK,diagnostic_matched_wigley_sensitivity_not_hard_gate,wigley_iii,Fn0.4,0.4,2.1696064159197173,1.5,2.7120080198996463,-0.2,239.85000000000002,18,19,20,1.425,1.575,0.07500000000000007,-0.8687343749999998,0.868734375,0.06253124999999993,0.06253125000000004,pitch,heave_force,0.07499999999999996,48.049205113436614,-811.6231960803799,3.6036903835077494,-60.87173970602855,0.00204279981133514,0.0016211210861102096,0.0004216787252249301,0.18016342411893266,0.140565835122412,0.039597588996520675,0.0,0.18016342411893266,1.3184571144309853,0.5787351552864147,0.0071048441765515,0.002432775663625982,0.0681457130890173,0.022656981808242296,1.6357168785392333,7298.301275015573,3203.961080471003,3665.0579249363423,1608.7727420979897,3637.5833801645654,1597.2558844801863,4.228600432189641,2.915202663854138,0.0056736886290597605,0.0024472185266518,advance_eq19_20,0.0,0.0,0.0,0.0,,,109.86567790060892,3.0561494099718625e-16,a1_station_hull_matched_sweep_free_surface_marching_not_benchmark_validated,41,8,24,10,3.0,2,16,15.0,False,none,0.0,1.0,0.0,1.0,trapezoid,1.0,1.0,-1.0,1.0,1.0,1.0,1.0,True,False,True,3.0,11,9,40,True,True,True,True,A1_GRID_RECOMMENDED,"A1 Section 3.3 recommends control radius about 3B, inner free-surface panels greater than 10, outer/free-surface proxy panels greater than 8, and roughly 60 stations at Fn=0.2 or 40 at Fn=0.3."
32,st41_bp8_fs24_cp10_r3p0_h2_fsm_clipfs_onezonefs_noend_pr1p0_pl1p0_pf1p0_pm1p0_dt1p0_fv0p0_hr1p0_hqtrapezoid_hp1p0_hc1p0_cim1p0_cp1p0_cn1p0_cd1p0_pg1p0,A35,OK,diagnostic_matched_wigley_sensitivity_not_hard_gate,wigley_iii,Fn0.4,0.4,2.1696064159197173,1.5,2.7120080198996463,-0.2,239.85000000000002,19,20,19,1.5,1.5,0.07499999999999996,-0.8687499999999999,0.8687499999999999,0.062499999999999944,0.06250000000000003,pitch,heave_force,0.0,0.043350984490262465,-815.4207002169773,0.003251323836769683,-61.15655251627326,1.8430561489795834e-06,8.725799607887724e-07,9.704761881908112e-07,0.18118574555267472,0.14137683195544748,0.039808913597227234,0.0,0.18118574555267472,1.314209032209966,0.576792279901389,0.007107529859021253,0.002433555374276007,0.06818201736417782,0.02266646847383977,1.6408906236485348,7302.338051750323,3205.1357743304075,3653.2490710574302,1603.371921131488,3649.088995512626,1601.7638532131684,4.220378564487365,2.9094697366395654,0.005667942242803421,0.0024448391102595128,advance_eq19_20,0.0,0.0,0.0,0.0,,,109.92003615667433,3.2511145129441357e-16,a1_station_hull_matched_sweep_free_surface_marching_not_benchmark_validated,41,8,24,10,3.0,2,16,15.0,False,none,0.0,1.0,0.0,1.0,trapezoid,1.0,1.0,-1.0,1.0,1.0,1.0,1.0,True,False,True,3.0,11,9,40,True,True,True,True,A1_GRID_RECOMMENDED,"A1 Section 3.3 recommends control radius about 3B, inner free-surface panels greater than 10, outer/free-surface proxy panels greater than 8, and roughly 60 stations at Fn=0.2 or 40 at Fn=0.3."
32,st41_bp8_fs24_cp10_r3p0_h2_fsm_clipfs_onezonefs_noend_pr1p0_pl1p0_pf1p0_pm1p0_dt1p0_fv0p0_hr1p0_hqtrapezoid_hp1p0_hc1p0_cim1p0_cp1p0_cn1p0_cd1p0_pg1p0,A35,OK,diagnostic_matched_wigley_sensitivity_not_hard_gate,wigley_iii,Fn0.4,0.4,2.1696064159197173,1.5,2.7120080198996463,-0.2,239.85000000000002,20,21,18,1.575,1.425,0.07499999999999996,-0.8687343749999998,0.868734375,0.06253124999999993,0.06253125000000004,pitch,heave_force,-0.07499999999999996,-47.963625738146426,-811.6399580644809,-3.59727193036098,-60.87299685483603,-0.002039161425824195,-0.0016194050866141544,-0.00041975633921004083,0.18016708636783713,0.1405675657021208,0.039599520665716315,0.0,0.18016708636783713,1.3184586734478407,0.5787358716342249,0.0071023876151591735,0.00243199017243433,0.0681502163073112,0.022658062968299326,1.6357627475375887,7298.4059288282015,3204.0090997834286,3665.062258704213,1608.774733407521,3637.6853857795177,1597.302715520069,4.228606329193946,2.915206291165093,0.005653092415441713,0.002438630421140775,advance_eq19_20,0.0,0.0,0.0,0.0,,,109.86567790060924,2.7433137967227125e-16,a1_station_hull_matched_sweep_free_surface_marching_not_benchmark_validated,41,8,24,10,3.0,2,16,15.0,False,none,0.0,1.0,0.0,1.0,trapezoid,1.0,1.0,-1.0,1.0,1.0,1.0,1.0,True,False,True,3.0,11,9,40,True,True,True,True,A1_GRID_RECOMMENDED,"A1 Section 3.3 recommends control radius about 3B, inner free-surface panels greater than 10, outer/free-surface proxy panels greater than 8, and roughly 60 stations at Fn=0.2 or 40 at Fn=0.3."
32,st41_bp8_fs24_cp10_r3p0_h2_fsm_clipfs_onezonefs_noend_pr1p0_pl1p0_pf1p0_pm1p0_dt1p0_fv0p0_hr1p0_hqtrapezoid_hp1p0_hc1p0_cim1p0_cp1p0_cn1p0_cd1p0_pg1p0,A35,OK,diagnostic_matched_wigley_sensitivity_not_hard_gate,wigley_iii,Fn0.4,0.4,2.1696064159197173,1.5,2.7120080198996463,-0.2,239.85000000000002,21,22,17,1.65,1.35,0.07499999999999996,-0.8686874999999998,0.8686875,0.0626249999999999,0.06262500000000004,pitch,heave_force,-0.1499999999999999,-95.01228234993484,-800.3361329902498,-7.125921176245108,-60.0252099742687,-0.004039423170492605,-0.0032055838556471514,-0.0008338393148454535,0.1771277940696787,0.13815507123099013,0.038972722838688564,0.0,0.1771277940696787,1.3309803539548133,0.5844728845998215,0.007086756638659913,0.0024271833490462917,0.06803170730564603,0.02262547399371603,1.6203622826654207,7286.460672602125,3200.5776887668308,3699.870129110682,1624.7225292098115,3603.437114699845,1583.9153238605581,4.252283757198234,2.9317257414822024,0.005623275002061271,0.0024260667507684922,advance_eq19_20,0.0,0.0,0.0,0.0,,,109.70294068380586,3.7307826482266136e-16,a1_station_hull_matched_sweep_free_surface_marching_not_benchmark_validated,41,8,24,10,3.0,2,16,15.0,False,none,0.0,1.0,0.0,1.0,trapezoid,1.0,1.0,-1.0,1.0,1.0,1.0,1.0,True,False,True,3.0,11,9,40,True,True,True,True,A1_GRID_RECOMMENDED,"A1 Section 3.3 recommends control radius about 3B, inner free-surface panels greater than 10, outer/free-surface proxy panels greater than 8, and roughly 60 stations at Fn=0.2 or 40 at Fn=0.3."
32,st41_bp8_fs24_cp10_r3p0_h2_fsm_clipfs_onezonefs_noend_pr1p0_pl1p0_pf1p0_pm1p0_dt1p0_fv0p0_hr1p0_hqtrapezoid_hp1p0_hc1p0_cim1p0_cp1p0_cn1p0_cd1p0_pg1p0,A35,OK,diagnostic_matched_wigley_sensitivity_not_hard_gate,wigley_iii,Fn0.4,0.4,2.1696064159197173,1.5,2.7120080198996463,-0.2,239.85000000000002,22,23,16,1.7249999999999999,1.2750000000000001,0.07499999999999996,-0.8686093749999999,0.8686093749999999,0.0627812499999999,0.06278125000000001,pitch,heave_force,-0.22499999999999987,-140.1523780446072,-781.6763959645729,-10.511428353345533,-58.62572969734293,-0.005958542930143742,-0.004724054193928965,-0.0012344887362147777,0.17212881101936053,0.13419025220620207,0.03793855881315845,0.0,0.17212881101936053,1.351120382701448,0.5937345786797777,0.007054276876600481,0.0024169650885474546,0.0677708924366696,0.022550155070587243,1.5947829982840196,7266.379750870972,3194.837077986212,3755.855546579611,1650.468262548077,3546.552710703609,1561.7378739493274,4.288503024002129,2.957031864846344,0.005570611694155979,0.0024037499529993124,advance_eq19_20,0.0,0.0,0.0,0.0,,,109.43283246067818,3.0158864442326037e-16,a1_station_hull_matched_sweep_free_surface_marching_not_benchmark_validated,41,8,24,10,3.0,2,16,15.0,False,none,0.0,1.0,0.0,1.0,trapezoid,1.0,1.0,-1.0,1.0,1.0,1.0,1.0,True,False,True,3.0,11,9,40,True,True,True,True,A1_GRID_RECOMMENDED,"A1 Section 3.3 recommends control radius about 3B, inner free-surface panels greater than 10, outer/free-surface proxy panels greater than 8, and roughly 60 stations at Fn=0.2 or 40 at Fn=0.3."
32,st41_bp8_fs24_cp10_r3p0_h2_fsm_clipfs_onezonefs_noend_pr1p0_pl1p0_pf1p0_pm1p0_dt1p0_fv0p0_hr1p0_hqtrapezoid_hp1p0_hc1p0_cim1p0_cp1p0_cn1p0_cd1p0_pg1p0,A35,OK,diagnostic_matched_wigley_sensitivity_not_hard_gate,wigley_iii,Fn0.4,0.4,2.1696064159197173,1.5,2.7120080198996463,-0.2,239.85000000000002,23,24,15,1.7999999999999998,1.2000000000000002,0.07500000000000007,-0.8684999999999999,0.8684999999999998,0.06299999999999994,0.06300000000000008,pitch,heave_force,-0.2999999999999998,-182.45170881168332,-755.9433233518188,-13.683878160876262,-56.69574925138646,-0.007756888286879364,-0.006142250744891137,-0.0016146375419882268,0.165271095410849,0.12875709973679203,0.03651399567405695,0.0,0.165271095410849,1.3778636155769646,0.6061063236958325,0.006995768877768575,0.0023981871593818354,0.06728280116194718,0.02240378001702185,1.5592009122954504,7237.988130477177,3186.797056084526,3830.1966051669674,1684.8593410443636,3467.423610599688,1531.0208203209556,4.332710143872719,2.9879987306411144,0.00548623026390964,0.0023678467620775225,advance_eq19_20,0.0,0.0,0.0,0.0,,,109.05701762428855,2.763380744048965e-16,a1_station_hull_matched_sweep_free_surface_marching_not_benchmark_validated,41,8,24,10,3.0,2,16,15.0,False,none,0.0,1.0,0.0,1.0,trapezoid,1.0,1.0,-1.0,1.0,1.0,1.0,1.0,True,False,True,3.0,11,9,40,True,True,True,True,A1_GRID_RECOMMENDED,"A1 Section 3.3 recommends control radius about 3B, inner free-surface panels greater than 10, outer/free-surface proxy panels greater than 8, and roughly 60 stations at Fn=0.2 or 40 at Fn=0.3."
32,st41_bp8_fs24_cp10_r3p0_h2_fsm_clipfs_onezonefs_noend_pr1p0_pl1p0_pf1p0_pm1p0_dt1p0_fv0p0_hr1p0_hqtrapezoid_hp1p0_hc1p0_cim1p0_cp1p0_cn1p0_cd1p0_pg1p0,A35,OK,diagnostic_matched_wigley_sensitivity_not_hard_gate,wigley_iii,Fn0.4,0.4,2.1696064159197173,1.5,2.7120080198996463,-0.2,239.85000000000002,24,25,14,1.875,1.125,0.07500000000000007,-0.8683593749999999,0.8683593749999999,0.06328124999999996,0.06328125000000007,pitch,heave_force,-0.375,-221.00398750758978,-723.5414557663078,-16.57529906306925,-54.26560918247313,-0.009395928671847445,-0.007429190839816825,-0.0019667378320306207,0.15669468693148556,0.12197137894443805,0.03472330798704752,0.0,0.15669468693148556,1.4099271832550744,0.6210700915348271,0.006900459354451817,0.002367134198991006,0.0664643154533497,0.02215186624966857,1.5139085489978887,7201.106352001981,3176.5107980561133,3919.327174173837,1726.4557458913148,3366.7003435470674,1492.1699680591068,4.37907213620619,3.020623207457621,0.0053613842884866585,0.0023145683575887706,advance_eq19_20,0.0,0.0,0.0,0.0,,,108.57779417676022,3.7696061300062716e-16,a1_station_hull_matched_sweep_free_surface_marching_not_benchmark_validated,41,8,24,10,3.0,2,16,15.0,False,none,0.0,1.0,0.0,1.0,trapezoid,1.0,1.0,-1.0,1.0,1.0,1.0,1.0,True,False,True,3.0,11,9,40,True,True,True,True,A1_GRID_RECOMMENDED,"A1 Section 3.3 recommends control radius about 3B, inner free-surface panels greater than 10, outer/free-surface proxy panels greater than 8, and roughly 60 stations at Fn=0.2 or 40 at Fn=0.3."
32,st41_bp8_fs24_cp10_r3p0_h2_fsm_clipfs_onezonefs_noend_pr1p0_pl1p0_pf1p0_pm1p0_dt1p0_fv0p0_hr1p0_hqtrapezoid_hp1p0_hc1p0_cim1p0_cp1p0_cn1p0_cd1p0_pg1p0,A35,OK,diagnostic_matched_wigley_sensitivity_not_hard_gate,wigley_iii,Fn0.4,0.4,2.1696064159197173,1.5,2.7120080198996463,-0.2,239.85000000000002,25,26,13,1.95,1.05,0.07499999999999996,-0.8681874999999999,0.8681874999999999,0.0636249999999999,0.06362500000000004,pitch,heave_force,-0.44999999999999996,-254.9348881487345,-685.0087366778968,-19.120116611155076,-51.37565525084223,-0.010838492336834649,-0.008556036164576553,-0.0022824561722580945,0.14657747642714453,0.11397876544224136,0.03259871098490316,0.0,0.14657747642714453,1.4458640348903051,0.6380526072543934,0.0067573778271056185,0.0023199928446876435,0.06520730206873007,0.021757984387067327,1.4593755339834862,7155.630445103627,3164.1246919824025,4019.2247297646436,1773.663882691589,3245.427284811006,1445.8199179661167,4.420877080436679,3.0503002333643994,0.0051885879275550195,0.002240655416323289,advance_eq19_20,0.0,0.0,0.0,0.0,,,107.99806268512636,4.468797415741744e-16,a1_station_hull_matched_sweep_free_surface_marching_not_benchmark_validated,41,8,24,10,3.0,2,16,15.0,False,none,0.0,1.0,0.0,1.0,trapezoid,1.0,1.0,-1.0,1.0,1.0,1.0,1.0,True,False,True,3.0,11,9,40,True,True,True,True,A1_GRID_RECOMMENDED,"A1 Section 3.3 recommends control radius about 3B, inner free-surface panels greater than 10, outer/free-surface proxy panels greater than 8, and roughly 60 stations at Fn=0.2 or 40 at Fn=0.3."
32,st41_bp8_fs24_cp10_r3p0_h2_fsm_clipfs_onezonefs_noend_pr1p0_pl1p0_pf1p0_pm1p0_dt1p0_fv0p0_hr1p0_hqtrapezoid_hp1p0_hc1p0_cim1p0_cp1p0_cn1p0_cd1p0_pg1p0,A35,OK,diagnostic_matched_wigley_sensitivity_not_hard_gate,wigley_iii,Fn0.4,0.4,2.1696064159197173,1.5,2.7120080198996463,-0.2,239.85000000000002,26,27,12,2.025,0.9750000000000001,0.07500000000000007,-0.8679843749999999,0.8679843749999999,0.06403124999999998,0.0640312500000001,pitch,heave_force,-0.5249999999999999,-283.4046684705482,-641.0361751334375,-21.255350135291135,-48.077713135007855,-0.012048877851701185,-0.009496694197105774,-0.0025521836545954065,0.13513379133287662,0.10495240026140021,0.030181391071476413,0.0,0.13513379133287662,1.4841638754819944,0.6564747004636644,0.006556793866622088,0.0022533352298934987,0.06341229898754068,0.021188100976597072,1.396354033436706,7101.662104280781,3149.9627634389103,4125.690941481321,1824.8737688316428,3105.2771365856443,1392.964653500239,4.450907913179604,3.0720802714251643,0.004962751284597,0.0021438616691332626,advance_eq19_20,0.0,0.0,0.0,0.0,,,107.32128791426383,4.184518012051769e-16,a1_station_hull_matched_sweep_free_surface_marching_not_benchmark_validated,41,8,24,10,3.0,2,16,15.0,False,none,0.0,1.0,0.0,1.0,trapezoid,1.0,1.0,-1.0,1.0,1.0,1.0,1.0,True,False,True,3.0,11,9,40,True,True,True,True,A1_GRID_RECOMMENDED,"A1 Section 3.3 recommends control radius about 3B, inner free-surface panels greater than 10, outer/free-surface proxy panels greater than 8, and roughly 60 stations at Fn=0.2 or 40 at Fn=0.3."
32,st41_bp8_fs24_cp10_r3p0_h2_fsm_clipfs_onezonefs_noend_pr1p0_pl1p0_pf1p0_pm1p0_dt1p0_fv0p0_hr1p0_hqtrapezoid_hp1p0_hc1p0_cim1p0_cp1p0_cn1p0_cd1p0_pg1p0,A35,OK,diagnostic_matched_wigley_sensitivity_not_hard_gate,wigley_iii,Fn0.4,0.4,2.1696064159197173,1.5,2.7120080198996463,-0.2,239.85000000000002,27,28,11,2.1,0.8999999999999999,0.07499999999999996,-0.8677499999999999,0.8677499999999999,0.06449999999999989,0.06450000000000003,pitch,heave_force,-0.6000000000000001,-305.604285877773,-592.502310327054,-22.92032144083296,-44.437673274529025,-0.012992688974988809,-0.010228488157751781,-0.002764200817237029,0.12261300791953159,0.09508980908397141,0.027523198835560193,0.0,0.12261300791953159,1.5233486324555292,0.6758023719037781,0.006291644499780148,0.002164601181098318,0.06100214064306049,0.020414833465051487,1.3260653277198982,7039.725472385776,3134.6747442917876,4234.617051030618,1878.600988782006,2948.965839023517,1335.1980042714824,4.461757375147043,3.08088660482983,0.004682382994078254,0.0020234631756760398,advance_eq19_20,0.0,0.0,0.0,0.0,,,106.55145429053415,3.2940073841384354e-16,a1_station_hull_matched_sweep_free_surface_marching_not_benchmark_validated,41,8,24,10,3.0,2,16,15.0,False,none,0.0,1.0,0.0,1.0,trapezoid,1.0,1.0,-1.0,1.0,1.0,1.0,1.0,True,False,True,3.0,11,9,40,True,True,True,True,A1_GRID_RECOMMENDED,"A1 Section 3.3 recommends control radius about 3B, inner free-surface panels greater than 10, outer/free-surface proxy panels greater than 8, and roughly 60 stations at Fn=0.2 or 40 at Fn=0.3."
32,st41_bp8_fs24_cp10_r3p0_h2_fsm_clipfs_onezonefs_noend_pr1p0_pl1p0_pf1p0_pm1p0_dt1p0_fv0p0_hr1p0_hqtrapezoid_hp1p0_hc1p0_cim1p0_cp1p0_cn1p0_cd1p0_pg1p0,A35,OK,diagnostic_matched_wigley_sensitivity_not_hard_gate,wigley_iii,Fn0.4,0.4,2.1696064159197173,1.5,2.7120080198996463,-0.2,239.85000000000002,28,29,10,2.175,0.8250000000000002,0.07499999999999996,-0.8674843749999999,0.8674843749999999,0.06503124999999987,0.0650312500000001,pitch,heave_force,-0.6749999999999998,-320.7385447851427,-540.5360214079291,-24.05539085888569,-40.54020160559465,-0.013636118167369485,-0.010732948101155309,-0.0029031700662141753,0.1092986043483525,0.08460909095451791,0.024689513393834597,0.0,0.1092986043483525,1.5620720892327544,0.6956072323608701,0.005958998930704278,0.002052597465013334,0.057935819430294966,0.019421675912613727,1.2505437290949246,6971.148063227907,3119.513789698083,4342.260834502142,1933.6547026844482,2781.0173904833296,1275.187530564883,4.446079029467467,3.071689022451886,0.0043510347861996385,0.001880865382057834,advance_eq19_20,0.0,0.0,0.0,0.0,,,105.69301673551156,2.8679375969356327e-16,a1_station_hull_matched_sweep_free_surface_marching_not_benchmark_validated,41,8,24,10,3.0,2,16,15.0,False,none,0.0,1.0,0.0,1.0,trapezoid,1.0,1.0,-1.0,1.0,1.0,1.0,1.0,True,False,True,3.0,11,9,40,True,True,True,True,A1_GRID_RECOMMENDED,"A1 Section 3.3 recommends control radius about 3B, inner free-surface panels greater than 10, outer/free-surface proxy panels greater than 8, and roughly 60 stations at Fn=0.2 or 40 at Fn=0.3."
32,st41_bp8_fs24_cp10_r3p0_h2_fsm_clipfs_onezonefs_noend_pr1p0_pl1p0_pf1p0_pm1p0_dt1p0_fv0p0_hr1p0_hqtrapezoid_hp1p0_hc1p0_cim1p0_cp1p0_cn1p0_cd1p0_pg1p0,A35,OK,diagnostic_matched_wigley_sensitivity_not_hard_gate,wigley_iii,Fn0.4,0.4,2.1696064159197173,1.5,2.7120080198996463,-0.2,239.85000000000002,29,30,9,2.25,0.75,0.07499999999999996,-0.8671874999999999,0.8671874999999999,0.06562499999999982,0.0656250000000001,pitch,heave_force,-0.75,-327.98150475417674,-486.6376910931363,-24.598612856563243,-36.4978268319852,-0.01394405077985121,-0.010996825461918124,-0.0029472253179330856,0.0955085198747421,0.07374420417298115,0.021764315701760958,0.0,0.0955085198747421,1.5992512600444788,0.7156555562814035,0.005561750951518371,0.0019180804419413216,0.05422395544290708,0.018207567729877347,1.173320270217054,6898.794180231378,3106.913553404399,4445.611799152123,1989.385198323932,2609.284265846366,1217.7140771066643,4.396792808430186,3.039646700383654,0.0039794645509350175,0.0017205086566110114,advance_eq19_20,0.0,0.0,0.0,0.0,,,104.75084920458065,3.9105975894023054e-16,a1_station_hull_matched_sweep_free_surface_marching_not_benchmark_validated,41,8,24,10,3.0,2,16,15.0,False,none,0.0,1.0,0.0,1.0,trapezoid,1.0,1.0,-1.0,1.0,1.0,1.0,1.0,True,False,True,3.0,11,9,40,True,True,True,True,A1_GRID_RECOMMENDED,"A1 Section 3.3 recommends control radius about 3B, inner free-surface panels greater than 10, outer/free-surface proxy panels greater than 8, and roughly 60 stations at Fn=0.2 or 40 at Fn=0.3."
32,st41_bp8_fs24_cp10_r3p0_h2_fsm_clipfs_onezonefs_noend_pr1p0_pl1p0_pf1p0_pm1p0_dt1p0_fv0p0_hr1p0_hqtrapezoid_hp1p0_hc1p0_cim1p0_cp1p0_cn1p0_cd1p0_pg1p0,A35,OK,diagnostic_matched_wigley_sensitivity_not_hard_gate,wigley_iii,Fn0.4,0.4,2.1696064159197173,1.5,2.7120080198996463,-0.2,239.85000000000002,30,31,8,2.3249999999999997,0.6750000000000003,0.07499999999999996,-0.866859375,0.866859375,0.06628124999999996,0.06628125000000007,pitch,heave_force,-0.8249999999999997,-326.3663589784746,-432.9326791581127,-24.47747692338558,-32.46995093685843,-0.013875383265412754,-0.011013545867602958,-0.002861837397809796,0.08159880285211017,0.06273901850822064,0.018859784343889525,0.0,0.08159880285211017,1.6342921610376424,0.7360694635363095,0.005111013198168223,0.0017645752540224396,0.0499489471250611,0.016792644557837678,1.1009826324530034,6828.700372892481,3101.8767496140395,4543.018783783041,2046.1319455215441,2448.416457765871,1172.3291745571153,4.3072887619406774,2.980250858955104,0.003589693903713413,0.001551566966377507,advance_eq19_20,0.0,0.0,0.0,0.0,,,103.73019523740956,4.3661623589707953e-16,a1_station_hull_matched_sweep_free_surface_marching_not_benchmark_validated,41,8,24,10,3.0,2,16,15.0,False,none,0.0,1.0,0.0,1.0,trapezoid,1.0,1.0,-1.0,1.0,1.0,1.0,1.0,True,False,True,3.0,11,9,40,True,True,True,True,A1_GRID_RECOMMENDED,"A1 Section 3.3 recommends control radius about 3B, inner free-surface panels greater than 10, outer/free-surface proxy panels greater than 8, and roughly 60 stations at Fn=0.2 or 40 at Fn=0.3."
32,st41_bp8_fs24_cp10_r3p0_h2_fsm_clipfs_onezonefs_noend_pr1p0_pl1p0_pf1p0_pm1p0_dt1p0_fv0p0_hr1p0_hqtrapezoid_hp1p0_hc1p0_cim1p0_cp1p0_cn1p0_cd1p0_pg1p0,A35,OK,diagnostic_matched_wigley_sensitivity_not_hard_gate,wigley_iii,Fn0.4,0.4,2.1696064159197173,1.5,2.7120080198996463,-0.2,239.85000000000002,31,32,7,2.4,0.6000000000000001,0.07500000000000018,-0.8664999999999999,0.8664999999999998,0.06699999999999995,0.06700000000000006,pitch,heave_force,-0.8999999999999999,-314.5011877442156,-382.7626379813403,-23.587589080816226,-28.70719784860059,-0.013370938509217955,-0.010785603273916627,-0.002585335235301327,0.06797564196479478,0.05183944393746083,0.016136198027333962,0.0,0.06797564196479478,1.667562315499017,0.7576662822266188,0.004629776788549626,0.0015995801406737723,0.04529808316377913,0.015227284872229713,1.0476149544051523,6774.590653363208,3116.0314176663037,4635.503432648652,2106.1669596512925,2329.734929653132,1161.5032213175718,4.171723921474179,2.889534559621842,0.0032187451750853874,0.0013892930027832478,advance_eq19_20,0.0,0.0,0.0,0.0,,,102.63663006147284,2.833040001520488e-16,a1_station_hull_matched_sweep_free_surface_marching_not_benchmark_validated,41,8,24,10,3.0,2,16,15.0,False,none,0.0,1.0,0.0,1.0,trapezoid,1.0,1.0,-1.0,1.0,1.0,1.0,1.0,True,False,True,3.0,11,9,40,True,True,True,True,A1_GRID_RECOMMENDED,"A1 Section 3.3 recommends control radius about 3B, inner free-surface panels greater than 10, outer/free-surface proxy panels greater than 8, and roughly 60 stations at Fn=0.2 or 40 at Fn=0.3."
32,st41_bp8_fs24_cp10_r3p0_h2_fsm_clipfs_onezonefs_noend_pr1p0_pl1p0_pf1p0_pm1p0_dt1p0_fv0p0_hr1p0_hqtrapezoid_hp1p0_hc1p0_cim1p0_cp1p0_cn1p0_cd1p0_pg1p0,A35,OK,diagnostic_matched_wigley_sensitivity_not_hard_gate,wigley_iii,Fn0.4,0.4,2.1696064159197173,1.5,2.7120080198996463,-0.2,239.85000000000002,32,33,6,2.475,0.5249999999999999,0.07499999999999996,-0.866109375,0.866109375,0.06778124999999988,0.06778125000000013,pitch,heave_force,-0.9750000000000001,-289.756546618592,-342.266847268325,-21.731740996394386,-25.670013545124363,-0.01231892634577748,-0.01032922923109912,-0.001989697114678361,0.05513070953729705,0.04128202768495295,0.013848681852344112,0.0,0.05513070953729705,1.7015339861446959,0.7827696193681406,0.004160614077396555,0.0014367996419040005,0.04062980084407199,0.013609582993593508,1.0513078014467592,6774.317311057353,3182.6477853296306,4729.938161970134,2175.9494225966955,2337.9472549034745,1249.9435464799787,3.985656742035237,2.764525572555067,0.002922674199984043,0.0012559141142606941,advance_eq19_20,0.0,0.0,0.0,0.0,,,101.4760582021312,5.641426025289172e-16,a1_station_hull_matched_sweep_free_surface_marching_not_benchmark_validated,41,8,24,10,3.0,2,16,15.0,False,none,0.0,1.0,0.0,1.0,trapezoid,1.0,1.0,-1.0,1.0,1.0,1.0,1.0,True,False,True,3.0,11,9,40,True,True,True,True,A1_GRID_RECOMMENDED,"A1 Section 3.3 recommends control radius about 3B, inner free-surface panels greater than 10, outer/free-surface proxy panels greater than 8, and roughly 60 stations at Fn=0.2 or 40 at Fn=0.3."
32,st41_bp8_fs24_cp10_r3p0_h2_fsm_clipfs_onezonefs_noend_pr1p0_pl1p0_pf1p0_pm1p0_dt1p0_fv0p0_hr1p0_hqtrapezoid_hp1p0_hc1p0_cim1p0_cp1p0_cn1p0_cd1p0_pg1p0,A35,OK,diagnostic_matched_wigley_sensitivity_not_hard_gate,wigley_iii,Fn0.4,0.4,2.1696064159197173,1.5,2.7120080198996463,-0.2,239.85000000000002,33,34,5,2.55,0.4500000000000002,0.07499999999999996,-0.8656874999999999,0.8656874999999999,0.06862499999999994,0.06862500000000005,pitch,heave_force,-1.0499999999999998,-245.324631741791,-325.7952999832643,-18.399347380634314,-24.434647498744805,-0.010429914714610956,-0.009685391574304961,-0.0007445231403059957,0.04375628900710286,0.03127471728225093,0.012481571724851941,0.0,0.04375628900710286,1.743979029148356,0.8174418603880234,0.0038307870535953616,0.0013149634335207154,0.036555421781393496,0.012110411801775847,1.2512133947375355,6975.848826738324,3431.528177734926,4847.927241426819,2272.3316032033563,2782.506624129928,1661.7239623496635,3.7477320913015495,2.60446633674259,0.0031056381188082354,0.0013242746757695396,advance_eq19_20,0.0,0.0,0.0,0.0,,,100.2548122089833,4.476734037523843e-16,a1_station_hull_matched_sweep_free_surface_marching_not_benchmark_validated,41,8,24,10,3.0,2,16,15.0,False,none,0.0,1.0,0.0,1.0,trapezoid,1.0,1.0,-1.0,1.0,1.0,1.0,1.0,True,False,True,3.0,11,9,40,True,True,True,True,A1_GRID_RECOMMENDED,"A1 Section 3.3 recommends control radius about 3B, inner free-surface panels greater than 10, outer/free-surface proxy panels greater than 8, and roughly 60 stations at Fn=0.2 or 40 at Fn=0.3."
32,st41_bp8_fs24_cp10_r3p0_h2_fsm_clipfs_onezonefs_noend_pr1p0_pl1p0_pf1p0_pm1p0_dt1p0_fv0p0_hr1p0_hqtrapezoid_hp1p0_hc1p0_cim1p0_cp1p0_cn1p0_cd1p0_pg1p0,A35,OK,diagnostic_matched_wigley_sensitivity_not_hard_gate,wigley_iii,Fn0.4,0.4,2.1696064159197173,1.5,2.7120080198996463,-0.2,239.85000000000002,34,35,4,2.625,0.375,0.07499999999999996,-0.8652343749999999,0.8652343749999999,0.06953124999999993,0.06953125000000009,pitch,heave_force,-1.125,-153.69367740155855,-384.8814687610676,-11.527025805116883,-28.86611015708005,-0.00653424784984651,-0.008954412884184994,0.0024201650343384853,0.03527420772487411,0.021954815053005925,0.013319392671868187,0.0,0.03527420772487411,1.8191837744129897,0.8791579705693845,0.00407746449863362,0.001532445386539785,0.03421244555178063,0.011395330586425615,2.317208397904817,8359.99161819612,4635.791161086738,5056.982010526321,2443.89055361644,5153.115962295273,3361.8922410021723,3.4656786866026033,2.415163192115169,0.0056147191865876175,0.0023644688557511056,advance_eq19_20,0.0,0.0,0.0,0.0,,,98.98004886155589,5.300420708777272e-16,a1_station_hull_matched_sweep_free_surface_marching_not_benchmark_validated,41,8,24,10,3.0,2,16,15.0,False,none,0.0,1.0,0.0,1.0,trapezoid,1.0,1.0,-1.0,1.0,1.0,1.0,1.0,True,False,True,3.0,11,9,40,True,True,True,True,A1_GRID_RECOMMENDED,"A1 Section 3.3 recommends control radius about 3B, inner free-surface panels greater than 10, outer/free-surface proxy panels greater than 8, and roughly 60 stations at Fn=0.2 or 40 at Fn=0.3."
32,st41_bp8_fs24_cp10_r3p0_h2_fsm_clipfs_onezonefs_noend_pr1p0_pl1p0_pf1p0_pm1p0_dt1p0_fv0p0_hr1p0_hqtrapezoid_hp1p0_hc1p0_cim1p0_cp1p0_cn1p0_cd1p0_pg1p0,A35,OK,diagnostic_matched_wigley_sensitivity_not_hard_gate,wigley_iii,Fn0.4,0.4,2.1696064159197173,1.5,2.7120080198996463,-0.2,239.85000000000002,35,36,3,2.6999999999999997,0.30000000000000027,0.07499999999999996,-0.8647499999999999,0.8647499999999999,0.0704999999999999,0.07050000000000001,pitch,heave_force,-1.1999999999999997,241.37383753600406,-959.2080168792356,18.103037815200295,-71.94060126594263,0.01026194769748441,-0.008472830321777206,0.018734778019261617,0.03713805764869305,0.013241193450024849,0.023896864198668207,0.0,0.03713805764869305,2.0281090811680142,1.0366431646092267,0.004234391755139721,0.0019346438537956616,0.041060269927336066,0.014408158660647622,10.499773325786558,24520.98208764006,15732.238800103103,5637.754295692932,2881.669190599231,23349.88496266245,15245.801276188493,3.1919530615942175,2.234366213460231,0.0004544823310988018,0.00021302031350391742,advance_eq19_20,0.0,0.0,0.0,0.0,,,97.66111149943443,5.101658329002504e-16,a1_station_hull_matched_sweep_free_surface_marching_not_benchmark_validated,41,8,24,10,3.0,2,16,15.0,False,none,0.0,1.0,0.0,1.0,trapezoid,1.0,1.0,-1.0,1.0,1.0,1.0,1.0,True,False,True,3.0,11,9,40,True,True,True,True,A1_GRID_RECOMMENDED,"A1 Section 3.3 recommends control radius about 3B, inner free-surface panels greater than 10, outer/free-surface proxy panels greater than 8, and roughly 60 stations at Fn=0.2 or 40 at Fn=0.3."
32,st41_bp8_fs24_cp10_r3p0_h2_fsm_clipfs_onezonefs_noend_pr1p0_pl1p0_pf1p0_pm1p0_dt1p0_fv0p0_hr1p0_hqtrapezoid_hp1p0_hc1p0_cim1p0_cp1p0_cn1p0_cd1p0_pg1p0,A35,OK,diagnostic_matched_wigley_sensitivity_not_hard_gate,wigley_iii,Fn0.4,0.4,2.1696064159197173,1.5,2.7120080198996463,-0.2,239.85000000000002,36,37,2,2.775,0.2250000000000001,0.07500000000000018,-0.8642343749999999,0.8642343749999999,0.07153124999999994,0.07153125000000005,pitch,heave_force,-1.275,-1067.3071267913556,1105.0065208594422,-80.04803450935187,82.87548906445836,-0.04537629274196527,-0.010890713468374598,-0.03448557927359067,0.019580885126452636,0.0035594215549489333,0.01602146357150371,0.0,0.019580885126452636,3.307157164406819,1.9047735271510995,0.010875402163931616,0.005563437755163052,0.09498976589390987,0.03597338982626199,21.230030617285916,48174.75642270019,30565.718611969638,9193.262671763363,5294.905108769477,47212.33090337145,30094.697487838082,3.4315994031457846,2.4217321735616197,0.003900892809540173,0.0016159916271388834,advance_eq19_20,0.0,0.0,0.0,0.0,,,96.3146992237131,7.213006898261272e-16,a1_station_hull_matched_sweep_free_surface_marching_not_benchmark_validated,41,8,24,10,3.0,2,16,15.0,False,none,0.0,1.0,0.0,1.0,trapezoid,1.0,1.0,-1.0,1.0,1.0,1.0,1.0,True,False,True,3.0,11,9,40,True,True,True,True,A1_GRID_RECOMMENDED,"A1 Section 3.3 recommends control radius about 3B, inner free-surface panels greater than 10, outer/free-surface proxy panels greater than 8, and roughly 60 stations at Fn=0.2 or 40 at Fn=0.3."
32,st41_bp8_fs24_cp10_r3p0_h2_fsm_clipfs_onezonefs_noend_pr1p0_pl1p0_pf1p0_pm1p0_dt1p0_fv0p0_hr1p0_hqtrapezoid_hp1p0_hc1p0_cim1p0_cp1p0_cn1p0_cd1p0_pg1p0,A35,OK,diagnostic_matched_wigley_sensitivity_not_hard_gate,wigley_iii,Fn0.4,0.4,2.1696064159197173,1.5,2.7120080198996463,-0.2,239.85000000000002,37,38,1,2.85,0.1499999999999999,0.07499999999999996,-0.8636874999999999,0.8636874999999999,0.07262499999999994,0.07262500000000005,pitch,heave_force,-1.35,-376.0097495021206,696.1073879435932,-28.20073121265903,52.208054095769455,-0.01598595946654499,0.002458044723278947,-0.01844400418982393,-0.011100240977802513,-0.0006569128175988883,-0.010443328160203625,0.0,-0.011100240977802513,1.4100788144423009,0.9939789328040597,0.011941615297035071,0.006238735707369433,0.08684298255024359,0.03482422923106974,19.224066195983493,42845.315272168016,30103.878205218793,3919.7486797945576,2763.070808310299,42751.37379284291,30038.95403602158,0.691340210901525,0.3287421988333372,0.00040155465276365843,0.000162958408037045,advance_eq19_20,0.0,0.0,0.0,0.0,,,94.99248929002074,1.0368799399681263e-15,a1_station_hull_matched_sweep_free_surface_marching_not_benchmark_validated,41,8,24,10,3.0,2,16,15.0,False,none,0.0,1.0,0.0,1.0,trapezoid,1.0,1.0,-1.0,1.0,1.0,1.0,1.0,True,False,True,3.0,11,9,40,True,True,True,True,A1_GRID_RECOMMENDED,"A1 Section 3.3 recommends control radius about 3B, inner free-surface panels greater than 10, outer/free-surface proxy panels greater than 8, and roughly 60 stations at Fn=0.2 or 40 at Fn=0.3."
32,st41_bp8_fs24_cp10_r3p0_h2_fsm_clipfs_onezonefs_noend_pr1p0_pl1p0_pf1p0_pm1p0_dt1p0_fv0p0_hr1p0_hqtrapezoid_hp1p0_hc1p0_cim1p0_cp1p0_cn1p0_cd1p0_pg1p0,A35,OK,diagnostic_matched_wigley_sensitivity_not_hard_gate,wigley_iii,Fn0.4,0.4,2.1696064159197173,1.5,2.7120080198996463,-0.2,239.85000000000002,38,39,0,2.925,0.07500000000000018,0.03749999999999987,-0.8631093749999998,0.8631093749999998,0.07378124999999991,0.07378125000000002,pitch,heave_force,-1.4249999999999998,899.4535519759249,-1571.9086286218974,33.72950819909707,-58.94657357332094,0.0191200202161858,-0.000568670766354187,0.019688690982539985,2.679950511081685e-05,3.438777686394638e-06,2.3360727424422465e-05,0.0,2.679950511081685e-05,1.6579032830058398,0.9666532910825475,0.0018833720719516652,0.001009887824274259,0.01043859296252593,0.004723054311447162,69.02210025240909,153535.17167072458,81789.3832135675,4608.653174723036,2687.1107648252128,153494.5613365777,81777.30123351389,0.9221464228664561,0.6503798542164918,0.0,0.0,initialize_eq21_22,0.0,0.0,0.0,0.0,,,113.95001957184003,1.8064376541675327e-15,a1_station_hull_matched_sweep_free_surface_marching_not_benchmark_validated,41,8,24,10,3.0,2,16,15.0,False,none,0.0,1.0,0.0,1.0,trapezoid,1.0,1.0,-1.0,1.0,1.0,1.0,1.0,True,False,True,3.0,11,9,40,True,True,True,True,A1_GRID_RECOMMENDED,"A1 Section 3.3 recommends control radius about 3B, inner free-surface panels greater than 10, outer/free-surface proxy panels greater than 8, and roughly 60 stations at Fn=0.2 or 40 at Fn=0.3."
32,st41_bp8_fs24_cp10_r3p0_h2_fsm_clipfs_onezonefs_noend_pr1p0_pl1p0_pf1p0_pm1p0_dt1p0_fv0p0_hr1p0_hqtrapezoid_hp1p0_hc1p0_ci1p0_cp1p0_cnm1p0_cd1p0_pg1p0,A35,OK,diagnostic_matched_wigley_sensitivity_not_hard_gate,wigley_iii,Fn0.4,0.4,2.1696064159197173,1.5,2.7120080198996463,-0.2,239.85000000000002,0,1,38,0.075,2.925,0.0375,-0.8631093749999998,0.8631093749999998,0.07378124999999991,0.07378125000000002,pitch,heave_force,1.425,6053.587955983115,-5042.252513343137,227.00954834936678,-189.08446925036765,0.128683380975691,0.0021902637277500634,0.12649311724794093,0.0,0.0,0.0,0.0,0.0,9.784535628235325,5.732854992458863,11.153059988519958,7.066972083247533,68.00818359303862,48.048251256870806,303.71665042920085,675890.9278468811,325183.9880555095,27199.132572137227,15936.237434381917,675419.233227661,324757.3117990456,107.86476095311745,51.950872824948924,3.9626965771625877,2.091027190867366,advance_eq19_20,0.0,0.0,0.0,0.0,,,690.6987294891596,5.999430856436112e-15,a1_station_hull_matched_sweep_free_surface_marching_not_benchmark_validated,41,8,24,10,3.0,2,16,15.0,False,none,0.0,1.0,0.0,1.0,trapezoid,1.0,1.0,1.0,1.0,-1.0,1.0,1.0,True,False,True,3.0,11,9,40,True,True,True,True,A1_GRID_RECOMMENDED,"A1 Section 3.3 recommends control radius about 3B, inner free-surface panels greater than 10, outer/free-surface proxy panels greater than 8, and roughly 60 stations at Fn=0.2 or 40 at Fn=0.3."
32,st41_bp8_fs24_cp10_r3p0_h2_fsm_clipfs_onezonefs_noend_pr1p0_pl1p0_pf1p0_pm1p0_dt1p0_fv0p0_hr1p0_hqtrapezoid_hp1p0_hc1p0_ci1p0_cp1p0_cnm1p0_cd1p0_pg1p0,A35,OK,diagnostic_matched_wigley_sensitivity_not_hard_gate,wigley_iii,Fn0.4,0.4,2.1696064159197173,1.5,2.7120080198996463,-0.2,239.85000000000002,1,2,37,0.15,2.85,0.07499999999999998,-0.8636874999999999,0.8636874999999999,0.07262499999999991,0.07262500000000005,pitch,heave_force,1.35,237.532896973804,-9.897801781224018,17.814967273035293,-0.7423351335918013,0.010098651080250308,-0.010885397785972282,0.020984048866222592,0.13373270651581615,-0.003252435165236079,0.13698514168105225,0.0,0.13373270651581615,7.566283461364899,5.334471978691834,10.768823116290415,6.415544838401143,60.827340477046896,42.98205218129352,58.593402235156375,130808.45309159477,62707.81235617907,21032.816963757054,14828.809057845745,130302.73695545897,62878.437753987404,99.79751550731022,47.042784366106886,3.4943625496919575,1.8677357101876921,advance_eq19_20,0.0,0.0,0.0,0.0,,,467.1647912208976,5.902200319050047e-15,a1_station_hull_matched_sweep_free_surface_marching_not_benchmark_validated,41,8,24,10,3.0,2,16,15.0,False,none,0.0,1.0,0.0,1.0,trapezoid,1.0,1.0,1.0,1.0,-1.0,1.0,1.0,True,False,True,3.0,11,9,40,True,True,True,True,A1_GRID_RECOMMENDED,"A1 Section 3.3 recommends control radius about 3B, inner free-surface panels greater than 10, outer/free-surface proxy panels greater than 8, and roughly 60 stations at Fn=0.2 or 40 at Fn=0.3."
32,st41_bp8_fs24_cp10_r3p0_h2_fsm_clipfs_onezonefs_noend_pr1p0_pl1p0_pf1p0_pm1p0_dt1p0_fv0p0_hr1p0_hqtrapezoid_hp1p0_hc1p0_ci1p0_cp1p0_cnm1p0_cd1p0_pg1p0,A35,OK,diagnostic_matched_wigley_sensitivity_not_hard_gate,wigley_iii,Fn0.4,0.4,2.1696064159197173,1.5,2.7120080198996463,-0.2,239.85000000000002,2,3,36,0.22499999999999998,2.775,0.075,-0.8642343749999999,0.8642343749999999,0.07153124999999994,0.07153125000000006,pitch,heave_force,1.275,-2457.3230507474045,3501.4890232268617,-184.29922880605534,262.6116767420146,-0.10447246843325045,0.015607714293198205,-0.12008018272644867,0.0865457978393161,-0.0008912769116231187,0.08743707475093922,0.0,0.0865457978393161,5.061082123551941,2.941553702669043,8.784125358044921,5.721299113517029,55.74923153332868,39.353619296322854,66.0810631628219,146757.7579983215,100619.00181018397,14068.837691154684,8176.955163419043,146954.14607407586,101024.95631955557,88.01754582688567,42.10909510748043,3.1873107943463395,1.7000286280698003,advance_eq19_20,0.0,0.0,0.0,0.0,,,461.5326042201192,4.41327527354862e-15,a1_station_hull_matched_sweep_free_surface_marching_not_benchmark_validated,41,8,24,10,3.0,2,16,15.0,False,none,0.0,1.0,0.0,1.0,trapezoid,1.0,1.0,1.0,1.0,-1.0,1.0,1.0,True,False,True,3.0,11,9,40,True,True,True,True,A1_GRID_RECOMMENDED,"A1 Section 3.3 recommends control radius about 3B, inner free-surface panels greater than 10, outer/free-surface proxy panels greater than 8, and roughly 60 stations at Fn=0.2 or 40 at Fn=0.3."
32,st41_bp8_fs24_cp10_r3p0_h2_fsm_clipfs_onezonefs_noend_pr1p0_pl1p0_pf1p0_pm1p0_dt1p0_fv0p0_hr1p0_hqtrapezoid_hp1p0_hc1p0_ci1p0_cp1p0_cnm1p0_cd1p0_pg1p0,A35,OK,diagnostic_matched_wigley_sensitivity_not_hard_gate,wigley_iii,Fn0.4,0.4,2.1696064159197173,1.5,2.7120080198996463,-0.2,239.85000000000002,3,4,35,0.3,2.7,0.07500000000000001,-0.8647499999999999,0.8647499999999999,0.0704999999999999,0.07050000000000001,pitch,heave_force,1.2,1707.9724641249918,-986.9747316642984,128.0979348093744,-74.0231048748224,0.07261401763552708,0.012991735651017678,0.0596222819845094,0.07061657244045438,0.013408448060484824,0.05720812437996957,0.0,0.07061657244045438,2.95025340505903,1.5338027875917333,8.041977166340109,5.207129850717793,50.54886264458448,35.69516657370447,19.88133530333779,47727.88660280519,29339.67179076181,8201.138667637739,4263.6775974155435,44213.03944695216,27744.917860350513,80.87006637911591,38.29215342732254,2.8937066412369488,1.5431207611860827,advance_eq19_20,0.0,0.0,0.0,0.0,,,463.56398367166815,3.495171508781848e-15,a1_station_hull_matched_sweep_free_surface_marching_not_benchmark_validated,41,8,24,10,3.0,2,16,15.0,False,none,0.0,1.0,0.0,1.0,trapezoid,1.0,1.0,1.0,1.0,-1.0,1.0,1.0,True,False,True,3.0,11,9,40,True,True,True,True,A1_GRID_RECOMMENDED,"A1 Section 3.3 recommends control radius about 3B, inner free-surface panels greater than 10, outer/free-surface proxy panels greater than 8, and roughly 60 stations at Fn=0.2 or 40 at Fn=0.3."
32,st41_bp8_fs24_cp10_r3p0_h2_fsm_clipfs_onezonefs_noend_pr1p0_pl1p0_pf1p0_pm1p0_dt1p0_fv0p0_hr1p0_hqtrapezoid_hp1p0_hc1p0_ci1p0_cp1p0_cnm1p0_cd1p0_pg1p0,A35,OK,diagnostic_matched_wigley_sensitivity_not_hard_gate,wigley_iii,Fn0.4,0.4,2.1696064159197173,1.5,2.7120080198996463,-0.2,239.85000000000002,4,5,34,0.375,2.625,0.07499999999999998,-0.8652343749999999,0.8652343749999999,0.06953124999999993,0.06953125000000009,pitch,heave_force,1.125,1028.6716348826133,-384.91717341231646,77.15037261619598,-28.86878800592373,0.04373371456828485,0.013111279476197397,0.030622435092087456,0.12879043854236039,0.026459955624092365,0.10233048291826799,0.0,0.12879043854236039,2.321663958716218,1.1404990845396739,7.306267086601296,4.726919158553246,45.86737194631509,32.390708291006824,7.7730865872809,21535.109795127337,11711.196365227193,6453.780557439104,3170.3687305587955,17286.15199454574,9842.834248625863,73.9507136326637,34.748226256275686,2.6251830666215388,1.4000829679385325,advance_eq19_20,0.0,0.0,0.0,0.0,,,465.55753958209425,4.883876039128515e-15,a1_station_hull_matched_sweep_free_surface_marching_not_benchmark_validated,41,8,24,10,3.0,2,16,15.0,False,none,0.0,1.0,0.0,1.0,trapezoid,1.0,1.0,1.0,1.0,-1.0,1.0,1.0,True,False,True,3.0,11,9,40,True,True,True,True,A1_GRID_RECOMMENDED,"A1 Section 3.3 recommends control radius about 3B, inner free-surface panels greater than 10, outer/free-surface proxy panels greater than 8, and roughly 60 stations at Fn=0.2 or 40 at Fn=0.3."
32,st41_bp8_fs24_cp10_r3p0_h2_fsm_clipfs_onezonefs_noend_pr1p0_pl1p0_pf1p0_pm1p0_dt1p0_fv0p0_hr1p0_hqtrapezoid_hp1p0_hc1p0_ci1p0_cp1p0_cnm1p0_cd1p0_pg1p0,A35,OK,diagnostic_matched_wigley_sensitivity_not_hard_gate,wigley_iii,Fn0.4,0.4,2.1696064159197173,1.5,2.7120080198996463,-0.2,239.85000000000002,5,6,33,0.44999999999999996,2.55,0.07500000000000001,-0.8656874999999999,0.8656874999999999,0.06862499999999994,0.06862500000000005,pitch,heave_force,1.05,854.1140616331882,-283.6701548313312,64.05855462248913,-21.275261612349844,0.03631244345965359,0.01352793402278049,0.022784509436873105,0.1688135175563296,0.0397795623735813,0.12903395518274827,0.0,0.1688135175563296,1.9928602919928573,0.946492615643181,6.629165530402328,4.289382331704616,41.624866688292784,29.394606605218634,4.911063173779274,15195.469989633015,7679.474110444712,5539.769421784785,2631.0679535101026,10921.451025089025,5795.42721299732,67.55487067653053,31.523452347762603,2.381224152992178,1.2701674107377283,advance_eq19_20,0.0,0.0,0.0,0.0,,,467.4627559098952,2.3991868634181544e-15,a1_station_hull_matched_sweep_free_surface_marching_not_benchmark_validated,41,8,24,10,3.0,2,16,15.0,False,none,0.0,1.0,0.0,1.0,trapezoid,1.0,1.0,1.0,1.0,-1.0,1.0,1.0,True,False,True,3.0,11,9,40,True,True,True,True,A1_GRID_RECOMMENDED,"A1 Section 3.3 recommends control radius about 3B, inner free-surface panels greater than 10, outer/free-surface proxy panels greater than 8, and roughly 60 stations at Fn=0.2 or 40 at Fn=0.3."
32,st41_bp8_fs24_cp10_r3p0_h2_fsm_clipfs_onezonefs_noend_pr1p0_pl1p0_pf1p0_pm1p0_dt1p0_fv0p0_hr1p0_hqtrapezoid_hp1p0_hc1p0_ci1p0_cp1p0_cnm1p0_cd1p0_pg1p0,A35,OK,diagnostic_matched_wigley_sensitivity_not_hard_gate,wigley_iii,Fn0.4,0.4,2.1696064159197173,1.5,2.7120080198996463,-0.2,239.85000000000002,6,7,32,0.525,2.475,0.07500000000000001,-0.866109375,0.866109375,0.0677812499999999,0.06778125000000006,pitch,heave_force,0.975,770.7736433079247,-274.8743454787883,57.80802324809436,-20.615575910909126,0.032769246638197094,0.013872698641806146,0.01889654799639095,0.20335436260525494,0.05347987870587463,0.1498744838993803,0.0,0.20335436260525494,1.7791248270118403,0.8261969139065658,6.013633748244871,3.8920471151057576,37.77494256865685,26.675389727127335,3.6749071839636755,12279.67126413974,5949.87189208114,4945.625819240148,2296.668972944218,8172.4297593429765,4136.990997166368,61.6819099961921,28.5968285157428,2.1598278547655716,1.1521943968568573,advance_eq19_20,0.0,0.0,0.0,0.0,,,469.26868604625724,2.175567720463579e-15,a1_station_hull_matched_sweep_free_surface_marching_not_benchmark_validated,41,8,24,10,3.0,2,16,15.0,False,none,0.0,1.0,0.0,1.0,trapezoid,1.0,1.0,1.0,1.0,-1.0,1.0,1.0,True,False,True,3.0,11,9,40,True,True,True,True,A1_GRID_RECOMMENDED,"A1 Section 3.3 recommends control radius about 3B, inner free-surface panels greater than 10, outer/free-surface proxy panels greater than 8, and roughly 60 stations at Fn=0.2 or 40 at Fn=0.3."
32,st41_bp8_fs24_cp10_r3p0_h2_fsm_clipfs_onezonefs_noend_pr1p0_pl1p0_pf1p0_pm1p0_dt1p0_fv0p0_hr1p0_hqtrapezoid_hp1p0_hc1p0_ci1p0_cp1p0_cnm1p0_cd1p0_pg1p0,A35,OK,diagnostic_matched_wigley_sensitivity_not_hard_gate,wigley_iii,Fn0.4,0.4,2.1696064159197173,1.5,2.7120080198996463,-0.2,239.85000000000002,7,8,31,0.6,2.4,0.07499999999999996,-0.8664999999999999,0.8664999999999998,0.06699999999999995,0.06700000000000006,pitch,heave_force,0.9,716.1945739065013,-297.85739848193236,53.714593042987566,-22.339304886144912,0.030448831297030556,0.01404089570819753,0.016407935588833026,0.2349634015728688,0.06743667588087647,0.16752672569199228,0.0,0.2349634015728688,1.6221314037389079,0.7412514117064316,5.455604805445617,3.531251919709724,34.276837903206285,24.2045939169289,2.9999495826687497,10566.199152854391,4986.156775296955,4509.214210677764,2060.536767642521,6671.427608543642,3269.0959059633637,56.294993678876686,25.940496383991807,1.9588064363232083,1.044975564128098,advance_eq19_20,0.0,0.0,0.0,0.0,,,470.9710640470017,2.5806249049403546e-15,a1_station_hull_matched_sweep_free_surface_marching_not_benchmark_validated,41,8,24,10,3.0,2,16,15.0,False,none,0.0,1.0,0.0,1.0,trapezoid,1.0,1.0,1.0,1.0,-1.0,1.0,1.0,True,False,True,3.0,11,9,40,True,True,True,True,A1_GRID_RECOMMENDED,"A1 Section 3.3 recommends control radius about 3B, inner free-surface panels greater than 10, outer/free-surface proxy panels greater than 8, and roughly 60 stations at Fn=0.2 or 40 at Fn=0.3."
32,st41_bp8_fs24_cp10_r3p0_h2_fsm_clipfs_onezonefs_noend_pr1p0_pl1p0_pf1p0_pm1p0_dt1p0_fv0p0_hr1p0_hqtrapezoid_hp1p0_hc1p0_ci1p0_cp1p0_cnm1p0_cd1p0_pg1p0,A35,OK,diagnostic_matched_wigley_sensitivity_not_hard_gate,wigley_iii,Fn0.4,0.4,2.1696064159197173,1.5,2.7120080198996463,-0.2,239.85000000000002,8,9,30,0.6749999999999999,2.325,0.07500000000000001,-0.866859375,0.866859375,0.06628124999999993,0.06628125000000007,pitch,heave_force,0.8250000000000001,672.0000311123173,-334.3017201864094,50.40000233342381,-25.07262901398071,0.028569911479962566,0.013997948548790095,0.014571962931172472,0.26447277296136534,0.08145609800937027,0.18301667495199506,0.0,0.26447277296136534,1.497277129504253,0.6759670098131453,4.949731315401648,3.2033486356427012,31.093986750349778,21.956496252103015,2.5857251146610327,9430.52585607644,4369.775046126006,4162.143272808552,1879.0586505958538,5750.255943537655,2751.0211007912108,51.35176118364084,23.527175884442922,1.7760793161836557,0.9474076182073586,advance_eq19_20,0.0,0.0,0.0,0.0,,,472.56584172229344,1.2307613238105021e-15,a1_station_hull_matched_sweep_free_surface_marching_not_benchmark_validated,41,8,24,10,3.0,2,16,15.0,False,none,0.0,1.0,0.0,1.0,trapezoid,1.0,1.0,1.0,1.0,-1.0,1.0,1.0,True,False,True,3.0,11,9,40,True,True,True,True,A1_GRID_RECOMMENDED,"A1 Section 3.3 recommends control radius about 3B, inner free-surface panels greater than 10, outer/free-surface proxy panels greater than 8, and roughly 60 stations at Fn=0.2 or 40 at Fn=0.3."
32,st41_bp8_fs24_cp10_r3p0_h2_fsm_clipfs_onezonefs_noend_pr1p0_pl1p0_pf1p0_pm1p0_dt1p0_fv0p0_hr1p0_hqtrapezoid_hp1p0_hc1p0_ci1p0_cp1p0_cnm1p0_cd1p0_pg1p0,A35,OK,diagnostic_matched_wigley_sensitivity_not_hard_gate,wigley_iii,Fn0.4,0.4,2.1696064159197173,1.5,2.7120080198996463,-0.2,239.85000000000002,9,10,29,0.75,2.25,0.07500000000000001,-0.8671874999999999,0.8671874999999999,0.06562499999999982,0.0656250000000001,pitch,heave_force,0.75,631.0620095116304,-376.52379336978856,47.32965071337229,-28.239284502734147,0.026829441838375694,0.013735665056716537,0.013093776781659157,0.2921724496205345,0.09532290481212359,0.19684954480841088,0.0,0.2921724496205345,1.3925656632270478,0.6228314924081851,4.490699044708385,2.904962210834549,28.1937054282874,19.908045705318095,2.314524824529613,8625.214519563093,3942.619654946752,3871.065478081339,1731.3521025184905,5147.148106832529,2416.7100512397087,46.81123443659674,21.33176734900772,1.6097482022637095,0.8584931724655603,advance_eq19_20,0.0,0.0,0.0,0.0,,,474.0481182363453,1.769254140677262e-15,a1_station_hull_matched_sweep_free_surface_marching_not_benchmark_validated,41,8,24,10,3.0,2,16,15.0,False,none,0.0,1.0,0.0,1.0,trapezoid,1.0,1.0,1.0,1.0,-1.0,1.0,1.0,True,False,True,3.0,11,9,40,True,True,True,True,A1_GRID_RECOMMENDED,"A1 Section 3.3 recommends control radius about 3B, inner free-surface panels greater than 10, outer/free-surface proxy panels greater than 8, and roughly 60 stations at Fn=0.2 or 40 at Fn=0.3."
32,st41_bp8_fs24_cp10_r3p0_h2_fsm_clipfs_onezonefs_noend_pr1p0_pl1p0_pf1p0_pm1p0_dt1p0_fv0p0_hr1p0_hqtrapezoid_hp1p0_hc1p0_ci1p0_cp1p0_cnm1p0_cd1p0_pg1p0,A35,OK,diagnostic_matched_wigley_sensitivity_not_hard_gate,wigley_iii,Fn0.4,0.4,2.1696064159197173,1.5,2.7120080198996463,-0.2,239.85000000000002,10,11,28,0.825,2.175,0.07499999999999996,-0.8674843749999999,0.8674843749999999,0.06503124999999987,0.0650312500000001,pitch,heave_force,0.675,590.2209384560018,-420.58771500557657,44.26657038420011,-31.544078625418223,0.025093094024708464,0.013258286243306178,0.011834807781402284,0.3181337175520766,0.10881988046213496,0.20931383708994158,0.0,0.3181337175520766,1.3017502105785224,0.577927044760984,4.073589926081183,2.633045305041081,25.54688682363898,18.038690797152434,2.1299784409037965,8030.208339958172,3631.6276273156536,3618.615936269882,1606.526349816408,4736.745263434442,2190.184624598519,42.63570383305889,19.33166134115879,1.4581090632903577,0.7773402895533625,advance_eq19_20,0.0,0.0,0.0,0.0,,,475.4122985160682,2.0645444876312185e-15,a1_station_hull_matched_sweep_free_surface_marching_not_benchmark_validated,41,8,24,10,3.0,2,16,15.0,False,none,0.0,1.0,0.0,1.0,trapezoid,1.0,1.0,1.0,1.0,-1.0,1.0,1.0,True,False,True,3.0,11,9,40,True,True,True,True,A1_GRID_RECOMMENDED,"A1 Section 3.3 recommends control radius about 3B, inner free-surface panels greater than 10, outer/free-surface proxy panels greater than 8, and roughly 60 stations at Fn=0.2 or 40 at Fn=0.3."
32,st41_bp8_fs24_cp10_r3p0_h2_fsm_clipfs_onezonefs_noend_pr1p0_pl1p0_pf1p0_pm1p0_dt1p0_fv0p0_hr1p0_hqtrapezoid_hp1p0_hc1p0_ci1p0_cp1p0_cnm1p0_cd1p0_pg1p0,A35,OK,diagnostic_matched_wigley_sensitivity_not_hard_gate,wigley_iii,Fn0.4,0.4,2.1696064159197173,1.5,2.7120080198996463,-0.2,239.85000000000002,11,12,27,0.8999999999999999,2.1,0.07500000000000001,-0.8677499999999999,0.8677499999999999,0.06449999999999989,0.0645,pitch,heave_force,0.6000000000000001,548.0193148184991,-464.1883826387892,41.10144861138744,-34.8141286979092,0.02329890266189197,0.012576931920983766,0.010721970740908204,0.3423297158953768,0.1217374895442799,0.22059222635109685,0.0,0.3423297158953768,1.2215844777838785,0.539148282985346,3.69397346779704,2.3848736772481116,23.127665007278683,16.330157659100063,2.001186017490866,7579.087500882883,3398.080676426111,3395.7705732531704,1498.728829055667,4450.330673571935,2031.6244778375112,38.79116417611299,17.506670876840616,1.3196432027515332,0.7031551834969758,advance_eq19_20,0.0,0.0,0.0,0.0,,,476.65246731613325,1.2964408135258555e-15,a1_station_hull_matched_sweep_free_surface_marching_not_benchmark_validated,41,8,24,10,3.0,2,16,15.0,False,none,0.0,1.0,0.0,1.0,trapezoid,1.0,1.0,1.0,1.0,-1.0,1.0,1.0,True,False,True,3.0,11,9,40,True,True,True,True,A1_GRID_RECOMMENDED,"A1 Section 3.3 recommends control radius about 3B, inner free-surface panels greater than 10, outer/free-surface proxy panels greater than 8, and roughly 60 stations at Fn=0.2 or 40 at Fn=0.3."
32,st41_bp8_fs24_cp10_r3p0_h2_fsm_clipfs_onezonefs_noend_pr1p0_pl1p0_pf1p0_pm1p0_dt1p0_fv0p0_hr1p0_hqtrapezoid_hp1p0_hc1p0_ci1p0_cp1p0_cnm1p0_cd1p0_pg1p0,A35,OK,diagnostic_matched_wigley_sensitivity_not_hard_gate,wigley_iii,Fn0.4,0.4,2.1696064159197173,1.5,2.7120080198996463,-0.2,239.85000000000002,12,13,26,0.975,2.025,0.07500000000000007,-0.8679843749999999,0.8679843749999999,0.06403124999999998,0.0640312500000001,pitch,heave_force,0.525,503.83370920638595,-505.84149045425744,37.78752819047898,-37.93811178406934,0.021420362806860913,0.011707013895132935,0.009713348911727978,0.3646893486297533,0.13387946245233828,0.23080988617741494,0.0,0.3646893486297533,1.15055494280017,0.5054045130983608,3.347907615104101,2.1580227850484492,20.91308083092314,14.766219428232805,1.909546993058767,7231.633432509155,3219.347237084511,3198.3220880144713,1404.9276201366358,4246.539542831517,1917.9801675815486,35.247261528873466,15.838844733958872,1.1930016017567857,0.6352330266873355,advance_eq19_20,0.0,0.0,0.0,0.0,,,477.76272938128045,1.3852645300176773e-15,a1_station_hull_matched_sweep_free_surface_marching_not_benchmark_validated,41,8,24,10,3.0,2,16,15.0,False,none,0.0,1.0,0.0,1.0,trapezoid,1.0,1.0,1.0,1.0,-1.0,1.0,1.0,True,False,True,3.0,11,9,40,True,True,True,True,A1_GRID_RECOMMENDED,"A1 Section 3.3 recommends control radius about 3B, inner free-surface panels greater than 10, outer/free-surface proxy panels greater than 8, and roughly 60 stations at Fn=0.2 or 40 at Fn=0.3."
32,st41_bp8_fs24_cp10_r3p0_h2_fsm_clipfs_onezonefs_noend_pr1p0_pl1p0_pf1p0_pm1p0_dt1p0_fv0p0_hr1p0_hqtrapezoid_hp1p0_hc1p0_ci1p0_cp1p0_cnm1p0_cd1p0_pg1p0,A35,OK,diagnostic_matched_wigley_sensitivity_not_hard_gate,wigley_iii,Fn0.4,0.4,2.1696064159197173,1.5,2.7120080198996463,-0.2,239.85000000000002,13,14,25,1.05,1.95,0.07500000000000001,-0.8681874999999999,0.8681874999999999,0.06362499999999982,0.0636250000000001,pitch,heave_force,0.44999999999999996,457.49202096441445,-544.5222112236154,34.31190157233109,-40.83916584177116,0.019450157643754497,0.010666878529472049,0.00878327911428245,0.38512460885506095,0.14506640866464077,0.24005820019042012,0.0,0.38512460885506095,1.0882283174116916,0.4762211111176642,3.031907740290981,1.9503392834235596,18.882768605260544,13.332477032200035,1.843107074226851,6961.840318894387,3081.1947733154157,3025.0660224099656,1323.8033594115416,4098.787356806334,1834.892304211921,31.977070523468107,14.312250507216161,1.0769878685120848,0.5729487327884659,advance_eq19_20,0.0,0.0,0.0,0.0,,,478.7374711729425,1.2992996960751863e-15,a1_station_hull_matched_sweep_free_surface_marching_not_benchmark_validated,41,8,24,10,3.0,2,16,15.0,False,none,0.0,1.0,0.0,1.0,trapezoid,1.0,1.0,1.0,1.0,-1.0,1.0,1.0,True,False,True,3.0,11,9,40,True,True,True,True,A1_GRID_RECOMMENDED,"A1 Section 3.3 recommends control radius about 3B, inner free-surface panels greater than 10, outer/free-surface proxy panels greater than 8, and roughly 60 stations at Fn=0.2 or 40 at Fn=0.3."
32,st41_bp8_fs24_cp10_r3p0_h2_fsm_clipfs_onezonefs_noend_pr1p0_pl1p0_pf1p0_pm1p0_dt1p0_fv0p0_hr1p0_hqtrapezoid_hp1p0_hc1p0_ci1p0_cp1p0_cnm1p0_cd1p0_pg1p0,A35,OK,diagnostic_matched_wigley_sensitivity_not_hard_gate,wigley_iii,Fn0.4,0.4,2.1696064159197173,1.5,2.7120080198996463,-0.2,239.85000000000002,14,15,24,1.125,1.875,0.07499999999999996,-0.8683593749999999,0.8683593749999999,0.06328124999999996,0.06328125000000007,pitch,heave_force,0.375,409.08658576615034,-579.4849839403873,30.681493932461258,-43.46137379552903,0.017392212800397287,0.009477021986659572,0.007915190813737717,0.4035457940771368,0.15513835892270655,0.24840743515443023,0.0,0.4035457940771368,1.0348717750909626,0.45151631630670275,2.742905670340087,1.7599128238453374,17.018675258044418,12.016161526879563,1.7938160101540872,6752.017146122023,2974.148499064468,2876.745067454836,1255.1287677128062,3989.171592725061,1772.9126599615274,28.956827943565013,12.91276286354623,0.9705420418766555,0.5157485063492141,advance_eq19_20,0.0,0.0,0.0,0.0,,,479.5715522185469,1.0193803478672502e-15,a1_station_hull_matched_sweep_free_surface_marching_not_benchmark_validated,41,8,24,10,3.0,2,16,15.0,False,none,0.0,1.0,0.0,1.0,trapezoid,1.0,1.0,1.0,1.0,-1.0,1.0,1.0,True,False,True,3.0,11,9,40,True,True,True,True,A1_GRID_RECOMMENDED,"A1 Section 3.3 recommends control radius about 3B, inner free-surface panels greater than 10, outer/free-surface proxy panels greater than 8, and roughly 60 stations at Fn=0.2 or 40 at Fn=0.3."
32,st41_bp8_fs24_cp10_r3p0_h2_fsm_clipfs_onezonefs_noend_pr1p0_pl1p0_pf1p0_pm1p0_dt1p0_fv0p0_hr1p0_hqtrapezoid_hp1p0_hc1p0_ci1p0_cp1p0_cnm1p0_cd1p0_pg1p0,A35,OK,diagnostic_matched_wigley_sensitivity_not_hard_gate,wigley_iii,Fn0.4,0.4,2.1696064159197173,1.5,2.7120080198996463,-0.2,239.85000000000002,15,16,23,1.2,1.8,0.07499999999999996,-0.8684999999999999,0.8684999999999998,0.06299999999999994,0.06300000000000008,pitch,heave_force,0.30000000000000004,358.87542189996054,-610.1657863758903,26.915656642497026,-45.762433978191744,0.015257497859107098,0.008159594990492578,0.007097902868614519,0.419870649406889,0.16395666741128265,0.2559139819956064,0.0,0.419870649406889,0.9911881243577254,0.43145478854538133,2.478207014874353,1.5850500186799725,15.30481318405742,10.805959710778815,1.7560575476009646,6589.609246017534,2891.6002836669604,2755.3128960496256,1199.3615679281597,3905.202565049279,1725.5609558552294,26.165670986658267,11.627869042818578,0.872725971982194,0.4631423575185531,advance_eq19_20,0.0,0.0,0.0,0.0,,,480.2604432484979,1.3486107731581945e-15,a1_station_hull_matched_sweep_free_surface_marching_not_benchmark_validated,41,8,24,10,3.0,2,16,15.0,False,none,0.0,1.0,0.0,1.0,trapezoid,1.0,1.0,1.0,1.0,-1.0,1.0,1.0,True,False,True,3.0,11,9,40,True,True,True,True,A1_GRID_RECOMMENDED,"A1 Section 3.3 recommends control radius about 3B, inner free-surface panels greater than 10, outer/free-surface proxy panels greater than 8, and roughly 60 stations at Fn=0.2 or 40 at Fn=0.3."
32,st41_bp8_fs24_cp10_r3p0_h2_fsm_clipfs_onezonefs_noend_pr1p0_pl1p0_pf1p0_pm1p0_dt1p0_fv0p0_hr1p0_hqtrapezoid_hp1p0_hc1p0_ci1p0_cp1p0_cnm1p0_cd1p0_pg1p0,A35,OK,diagnostic_matched_wigley_sensitivity_not_hard_gate,wigley_iii,Fn0.4,0.4,2.1696064159197173,1.5,2.7120080198996463,-0.2,239.85000000000002,16,17,22,1.275,1.725,0.07499999999999996,-0.8686093749999999,0.8686093749999999,0.0627812499999999,0.06278125000000001,pitch,heave_force,0.2250000000000001,307.22680261659195,-636.1260632527924,23.042010196244384,-47.7094547439594,0.01306166986406122,0.006738064381814717,0.006323605482246502,0.43403023326847323,0.1714054970974363,0.2626247361710369,0.0,0.43403023326847323,0.9580857909088276,0.41632990241444345,2.2354509644497256,1.42425181548279,13.727051203732845,9.691866531951876,1.7257972730168145,6465.362134936591,2828.75308893498,2663.294757414052,1157.317285128808,3837.9083570168837,1688.2443854802216,23.585410736377213,10.446500043795226,0.7827108133641091,0.4146977731355689,advance_eq19_20,0.0,0.0,0.0,0.0,,,480.80032593830697,8.442419966604894e-16,a1_station_hull_matched_sweep_free_surface_marching_not_benchmark_validated,41,8,24,10,3.0,2,16,15.0,False,none,0.0,1.0,0.0,1.0,trapezoid,1.0,1.0,1.0,1.0,-1.0,1.0,1.0,True,False,True,3.0,11,9,40,True,True,True,True,A1_GRID_RECOMMENDED,"A1 Section 3.3 recommends control radius about 3B, inner free-surface panels greater than 10, outer/free-surface proxy panels greater than 8, and roughly 60 stations at Fn=0.2 or 40 at Fn=0.3."
32,st41_bp8_fs24_cp10_r3p0_h2_fsm_clipfs_onezonefs_noend_pr1p0_pl1p0_pf1p0_pm1p0_dt1p0_fv0p0_hr1p0_hqtrapezoid_hp1p0_hc1p0_ci1p0_cp1p0_cnm1p0_cd1p0_pg1p0,A35,OK,diagnostic_matched_wigley_sensitivity_not_hard_gate,wigley_iii,Fn0.4,0.4,2.1696064159197173,1.5,2.7120080198996463,-0.2,239.85000000000002,17,18,21,1.3499999999999999,1.6500000000000001,0.07500000000000007,-0.8686874999999998,0.8686875,0.0626249999999999,0.06262500000000004,pitch,heave_force,0.15000000000000013,254.58611077130678,-657.018900665232,19.093958307848027,-49.27641754989244,0.010823664154784094,0.005236958565437735,0.005586705589346359,0.4459729002778959,0.17739300857106255,0.26857989170683333,0.0,0.4459729002778959,0.9364483168803505,0.4064531813211983,2.012572339976093,1.2761934830769666,12.272931921144997,8.665056218243837,1.7000557804257181,6372.195793826002,2781.9942104333322,2603.146729241062,1129.8618946432355,3780.663226848866,1657.61465507912,21.200334623517605,9.358881322754938,0.6997660757251412,0.37003419703149837,advance_eq19_20,0.0,0.0,0.0,0.0,,,481.18816478284884,1.0439111297873565e-15,a1_station_hull_matched_sweep_free_surface_marching_not_benchmark_validated,41,8,24,10,3.0,2,16,15.0,False,none,0.0,1.0,0.0,1.0,trapezoid,1.0,1.0,1.0,1.0,-1.0,1.0,1.0,True,False,True,3.0,11,9,40,True,True,True,True,A1_GRID_RECOMMENDED,"A1 Section 3.3 recommends control radius about 3B, inner free-surface panels greater than 10, outer/free-surface proxy panels greater than 8, and roughly 60 stations at Fn=0.2 or 40 at Fn=0.3."
32,st41_bp8_fs24_cp10_r3p0_h2_fsm_clipfs_onezonefs_noend_pr1p0_pl1p0_pf1p0_pm1p0_dt1p0_fv0p0_hr1p0_hqtrapezoid_hp1p0_hc1p0_ci1p0_cp1p0_cnm1p0_cd1p0_pg1p0,A35,OK,diagnostic_matched_wigley_sensitivity_not_hard_gate,wigley_iii,Fn0.4,0.4,2.1696064159197173,1.5,2.7120080198996463,-0.2,239.85000000000002,18,19,20,1.425,1.575,0.07500000000000007,-0.8687343749999998,0.868734375,0.06253124999999993,0.06253125000000004,pitch,heave_force,0.07499999999999996,201.45561106969473,-672.569085607974,15.109170830227118,-50.44268142059809,0.008564834388290333,0.003681663927861053,0.00488317046042928,0.4556671495494331,0.18185231981771197,0.2738148297317211,0.0,0.4556671495494331,0.9269063758326674,0.40204902034415363,1.8077687780433935,1.1397088304601994,10.931529240141797,7.717781950098491,1.6765723184333423,6304.493226794623,2748.5092756745935,2576.6219630781675,1117.6191717552942,3728.4396102970336,1631.1693239089802,18.99706894207042,8.3564147565871,0.6232510809262405,0.3288187401263033,advance_eq19_20,0.0,0.0,0.0,0.0,,,481.4217579468673,7.6377910400758135e-16,a1_station_hull_matched_sweep_free_surface_marching_not_benchmark_validated,41,8,24,10,3.0,2,16,15.0,False,none,0.0,1.0,0.0,1.0,trapezoid,1.0,1.0,1.0,1.0,-1.0,1.0,1.0,True,False,True,3.0,11,9,40,True,True,True,True,A1_GRID_RECOMMENDED,"A1 Section 3.3 recommends control radius about 3B, inner free-surface panels greater than 10, outer/free-surface proxy panels greater than 8, and roughly 60 stations at Fn=0.2 or 40 at Fn=0.3."
32,st41_bp8_fs24_cp10_r3p0_h2_fsm_clipfs_onezonefs_noend_pr1p0_pl1p0_pf1p0_pm1p0_dt1p0_fv0p0_hr1p0_hqtrapezoid_hp1p0_hc1p0_ci1p0_cp1p0_cnm1p0_cd1p0_pg1p0,A35,OK,diagnostic_matched_wigley_sensitivity_not_hard_gate,wigley_iii,Fn0.4,0.4,2.1696064159197173,1.5,2.7120080198996463,-0.2,239.85000000000002,19,20,19,1.5,1.5,0.07499999999999996,-0.8687499999999999,0.8687499999999999,0.062499999999999944,0.06250000000000003,pitch,heave_force,0.0,148.38024418501487,-682.5601609343832,11.128518313876109,-51.19201207007871,0.006308348579574046,0.002098236192952818,0.0042101123866212274,0.46310374103336527,0.1847422698781189,0.27836147115524634,0.0,0.46310374103336527,0.9296477647759991,0.403168431392259,1.6194673474784638,1.0137747445786331,9.693306450148903,6.8432761740744175,1.6535754713976845,6257.619249862318,2726.0283849412026,2584.242498598147,1120.730919788821,3677.298150750684,1606.9875316557054,16.96444081617884,7.4315630660428855,0.5526065610076147,0.29076189340386444,advance_eq19_20,0.0,0.0,0.0,0.0,,,481.49977128544,8.007168453301662e-16,a1_station_hull_matched_sweep_free_surface_marching_not_benchmark_validated,41,8,24,10,3.0,2,16,15.0,False,none,0.0,1.0,0.0,1.0,trapezoid,1.0,1.0,1.0,1.0,-1.0,1.0,1.0,True,False,True,3.0,11,9,40,True,True,True,True,A1_GRID_RECOMMENDED,"A1 Section 3.3 recommends control radius about 3B, inner free-surface panels greater than 10, outer/free-surface proxy panels greater than 8, and roughly 60 stations at Fn=0.2 or 40 at Fn=0.3."
32,st41_bp8_fs24_cp10_r3p0_h2_fsm_clipfs_onezonefs_noend_pr1p0_pl1p0_pf1p0_pm1p0_dt1p0_fv0p0_hr1p0_hqtrapezoid_hp1p0_hc1p0_ci1p0_cp1p0_cnm1p0_cd1p0_pg1p0,A35,OK,diagnostic_matched_wigley_sensitivity_not_hard_gate,wigley_iii,Fn0.4,0.4,2.1696064159197173,1.5,2.7120080198996463,-0.2,239.85000000000002,20,21,18,1.575,1.425,0.07499999999999996,-0.8687343749999998,0.868734375,0.06253124999999993,0.06253125000000004,pitch,heave_force,-0.07499999999999996,95.93959138450253,-686.8296610619261,7.1954693538376855,-51.51222457964443,0.00407884747972711,0.0005132344499292061,0.0035656130297979033,0.4682973390630158,0.18604800519955988,0.2822493338634559,0.0,0.4682973390630158,0.9443125019033631,0.40964133597011776,1.4463004286760641,0.8975024842046636,8.550037189901955,6.0356955773424845,1.6296389407452763,6227.620910503952,2712.6695600734392,2625.0076554147563,1138.7243531441989,3624.0669790104025,1583.565581695779,15.093444371833053,6.577783914592672,0.4873500168938436,0.25561515467574353,advance_eq19_20,0.0,0.0,0.0,0.0,,,481.4217579468676,6.823569178043638e-16,a1_station_hull_matched_sweep_free_surface_marching_not_benchmark_validated,41,8,24,10,3.0,2,16,15.0,False,none,0.0,1.0,0.0,1.0,trapezoid,1.0,1.0,1.0,1.0,-1.0,1.0,1.0,True,False,True,3.0,11,9,40,True,True,True,True,A1_GRID_RECOMMENDED,"A1 Section 3.3 recommends control radius about 3B, inner free-surface panels greater than 10, outer/free-surface proxy panels greater than 8, and roughly 60 stations at Fn=0.2 or 40 at Fn=0.3."
32,st41_bp8_fs24_cp10_r3p0_h2_fsm_clipfs_onezonefs_noend_pr1p0_pl1p0_pf1p0_pm1p0_dt1p0_fv0p0_hr1p0_hqtrapezoid_hp1p0_hc1p0_ci1p0_cp1p0_cnm1p0_cd1p0_pg1p0,A35,OK,diagnostic_matched_wigley_sensitivity_not_hard_gate,wigley_iii,Fn0.4,0.4,2.1696064159197173,1.5,2.7120080198996463,-0.2,239.85000000000002,21,22,17,1.65,1.35,0.07499999999999996,-0.8686874999999998,0.8686875,0.0626249999999999,0.06262500000000004,pitch,heave_force,-0.1499999999999999,44.73838295967816,-685.2635939632614,3.3553787219758604,-51.39476954724458,0.0019020410442526269,-0.001046479807601891,0.002948520851854518,0.47128778332500565,0.18578138252072357,0.28550640080428213,0.0,0.47128778332500565,0.9700014385291026,0.4210791277695814,1.2870699848863676,0.7901217351963902,7.494651764569872,5.290013581244289,1.6035614838128782,6210.979198835948,2706.814809374328,2696.4179726202483,1170.5192208115388,3566.0747156922166,1559.6860338034387,13.377081491004647,5.789410938227221,0.42706689586950874,0.223166328870911,advance_eq19_20,0.0,0.0,0.0,0.0,,,481.18816478284884,6.641076079565107e-16,a1_station_hull_matched_sweep_free_surface_marching_not_benchmark_validated,41,8,24,10,3.0,2,16,15.0,False,none,0.0,1.0,0.0,1.0,trapezoid,1.0,1.0,1.0,1.0,-1.0,1.0,1.0,True,False,True,3.0,11,9,40,True,True,True,True,A1_GRID_RECOMMENDED,"A1 Section 3.3 recommends control radius about 3B, inner free-surface panels greater than 10, outer/free-surface proxy panels greater than 8, and roughly 60 stations at Fn=0.2 or 40 at Fn=0.3."
32,st41_bp8_fs24_cp10_r3p0_h2_fsm_clipfs_onezonefs_noend_pr1p0_pl1p0_pf1p0_pm1p0_dt1p0_fv0p0_hr1p0_hqtrapezoid_hp1p0_hc1p0_ci1p0_cp1p0_cnm1p0_cd1p0_pg1p0,A35,OK,diagnostic_matched_wigley_sensitivity_not_hard_gate,wigley_iii,Fn0.4,0.4,2.1696064159197173,1.5,2.7120080198996463,-0.2,239.85000000000002,22,23,16,1.7249999999999999,1.2750000000000001,0.07499999999999996,-0.8686093749999999,0.8686093749999999,0.0627812499999999,0.06278125000000001,pitch,heave_force,-0.22499999999999987,-4.59384199166197,-677.804002536257,-0.34453814937464755,-50.83530019021925,-0.00019530603121769953,-0.002553899918759431,0.002358593887541732,0.47214115083152314,0.1839811926575429,0.28815995817398027,0.0,0.47214115083152314,1.0053802801327316,0.4369192031615323,1.1407391364188648,0.6909831701650663,6.521260558803299,4.602038135870032,1.5743274068245336,6204.526444283549,2707.0667588325905,2794.764367338144,1214.5515925977945,3501.0626136698775,1534.3737143732894,11.810477283102463,5.061670651011464,0.37141219075275117,0.19324025330231667,advance_eq19_20,0.0,0.0,0.0,0.0,,,480.80032593830697,4.2107682533392823e-16,a1_station_hull_matched_sweep_free_surface_marching_not_benchmark_validated,41,8,24,10,3.0,2,16,15.0,False,none,0.0,1.0,0.0,1.0,trapezoid,1.0,1.0,1.0,1.0,-1.0,1.0,1.0,True,False,True,3.0,11,9,40,True,True,True,True,A1_GRID_RECOMMENDED,"A1 Section 3.3 recommends control radius about 3B, inner free-surface panels greater than 10, outer/free-surface proxy panels greater than 8, and roughly 60 stations at Fn=0.2 or 40 at Fn=0.3."
32,st41_bp8_fs24_cp10_r3p0_h2_fsm_clipfs_onezonefs_noend_pr1p0_pl1p0_pf1p0_pm1p0_dt1p0_fv0p0_hr1p0_hqtrapezoid_hp1p0_hc1p0_ci1p0_cp1p0_cnm1p0_cd1p0_pg1p0,A35,OK,diagnostic_matched_wigley_sensitivity_not_hard_gate,wigley_iii,Fn0.4,0.4,2.1696064159197173,1.5,2.7120080198996463,-0.2,239.85000000000002,23,24,15,1.7999999999999998,1.2000000000000002,0.07500000000000007,-0.8684999999999999,0.8684999999999998,0.06299999999999994,0.06300000000000008,pitch,heave_force,-0.2999999999999998,-51.41676476147818,-664.4413500461919,-3.856257357110867,-49.83310125346444,-0.002185970758647136,-0.003982167716176411,0.0017961969575292752,0.4709505124365907,0.18071315884007497,0.29023735359651576,0.0,0.4709505124365907,1.048838853907577,0.4564939582440685,1.0063742744742046,0.5995277456821797,5.624847939654827,3.9681967647276912,1.5410042100338852,6205.240736231853,2712.1554939730513,2915.5708679641953,1268.9656576884895,3426.956936575033,1506.7955016871585,10.390419417768841,4.390455240500304,0.3200931595468619,0.16568934613898595,advance_eq19_20,0.0,0.0,0.0,0.0,,,480.2604432484979,5.427921208119006e-16,a1_station_hull_matched_sweep_free_surface_marching_not_benchmark_validated,41,8,24,10,3.0,2,16,15.0,False,none,0.0,1.0,0.0,1.0,trapezoid,1.0,1.0,1.0,1.0,-1.0,1.0,1.0,True,False,True,3.0,11,9,40,True,True,True,True,A1_GRID_RECOMMENDED,"A1 Section 3.3 recommends control radius about 3B, inner free-surface panels greater than 10, outer/free-surface proxy panels greater than 8, and roughly 60 stations at Fn=0.2 or 40 at Fn=0.3."
32,st41_bp8_fs24_cp10_r3p0_h2_fsm_clipfs_onezonefs_noend_pr1p0_pl1p0_pf1p0_pm1p0_dt1p0_fv0p0_hr1p0_hqtrapezoid_hp1p0_hc1p0_ci1p0_cp1p0_cnm1p0_cd1p0_pg1p0,A35,OK,diagnostic_matched_wigley_sensitivity_not_hard_gate,wigley_iii,Fn0.4,0.4,2.1696064159197173,1.5,2.7120080198996463,-0.2,239.85000000000002,24,25,14,1.875,1.125,0.07500000000000007,-0.8683593749999999,0.8683593749999999,0.06328124999999996,0.06328125000000007,pitch,heave_force,-0.375,-95.06416299667991,-645.2462501780865,-7.129812224750999,-48.39346876335653,-0.004041628863076548,-0.005304685875888565,0.001263057012812017,0.4678367126257289,0.1760697320440425,0.2917669805816864,0.0,0.4678367126257289,1.098634455021828,0.4790933923603342,0.8831865476503914,0.5153220573196146,4.80160750479643,3.385774834679662,1.5028359602056618,6210.409223268972,2721.017298363919,3053.993089281207,1331.7877504212083,3342.0766048704995,1476.363267853915,9.115820068390926,3.7725802342650936,0.2728895241067134,0.140403890468196,advance_eq19_20,0.0,0.0,0.0,0.0,,,479.5715522185469,4.775158077393835e-16,a1_station_hull_matched_sweep_free_surface_marching_not_benchmark_validated,41,8,24,10,3.0,2,16,15.0,False,none,0.0,1.0,0.0,1.0,trapezoid,1.0,1.0,1.0,1.0,-1.0,1.0,1.0,True,False,True,3.0,11,9,40,True,True,True,True,A1_GRID_RECOMMENDED,"A1 Section 3.3 recommends control radius about 3B, inner free-surface panels greater than 10, outer/free-surface proxy panels greater than 8, and roughly 60 stations at Fn=0.2 or 40 at Fn=0.3."
32,st41_bp8_fs24_cp10_r3p0_h2_fsm_clipfs_onezonefs_noend_pr1p0_pl1p0_pf1p0_pm1p0_dt1p0_fv0p0_hr1p0_hqtrapezoid_hp1p0_hc1p0_ci1p0_cp1p0_cnm1p0_cd1p0_pg1p0,A35,OK,diagnostic_matched_wigley_sensitivity_not_hard_gate,wigley_iii,Fn0.4,0.4,2.1696064159197173,1.5,2.7120080198996463,-0.2,239.85000000000002,25,26,13,1.95,1.05,0.07499999999999996,-0.8681874999999999,0.8681874999999999,0.0636249999999999,0.06362500000000004,pitch,heave_force,-0.44999999999999996,-134.88212510213944,-620.337343279318,-10.116159382660452,-46.525300745948826,-0.005734479458310139,-0.006495689498721253,0.0007612100404111165,0.4629486584650355,0.17016954435673756,0.292779114108298,0.0,0.4629486584650355,1.1530274043664326,0.5040259356079689,0.7703864688650754,0.43796479841568425,4.048014919392735,2.852260463538923,1.4590332161168706,6217.237791214965,2732.630568989356,3205.195057000984,1401.0954390963902,3244.6660223953204,1442.542788259039,7.985995912771009,3.205096011668664,0.22960083919677504,0.11728339759501773,advance_eq19_20,0.0,0.0,0.0,0.0,,,478.73747117294215,4.0682500641372316e-16,a1_station_hull_matched_sweep_free_surface_marching_not_benchmark_validated,41,8,24,10,3.0,2,16,15.0,False,none,0.0,1.0,0.0,1.0,trapezoid,1.0,1.0,1.0,1.0,-1.0,1.0,1.0,True,False,True,3.0,11,9,40,True,True,True,True,A1_GRID_RECOMMENDED,"A1 Section 3.3 recommends control radius about 3B, inner free-surface panels greater than 10, outer/free-surface proxy panels greater than 8, and roughly 60 stations at Fn=0.2 or 40 at Fn=0.3."
32,st41_bp8_fs24_cp10_r3p0_h2_fsm_clipfs_onezonefs_noend_pr1p0_pl1p0_pf1p0_pm1p0_dt1p0_fv0p0_hr1p0_hqtrapezoid_hp1p0_hc1p0_ci1p0_cp1p0_cnm1p0_cd1p0_pg1p0,A35,OK,diagnostic_matched_wigley_sensitivity_not_hard_gate,wigley_iii,Fn0.4,0.4,2.1696064159197173,1.5,2.7120080198996463,-0.2,239.85000000000002,26,27,12,2.025,0.9750000000000001,0.07500000000000007,-0.8679843749999999,0.8679843749999999,0.06403124999999998,0.0640312500000001,pitch,heave_force,-0.5249999999999999,-170.16151789123745,-589.9873164859587,-12.76211384184282,-44.24904873644694,-0.007234373926146706,-0.007530094272171957,0.0002957203460252503,0.4564642317728071,0.163156652471291,0.29330757930151613,0.0,0.4564642317728071,1.2103143766640114,0.5306363354149474,0.667409234593276,0.3672422762169425,3.362324667960382,2.366403416239613,1.4092425708334928,6223.6085135325475,2746.3887818827825,3364.4418535154564,1475.0672472278834,3133.9392663492313,1405.3679139989038,7.002265185473908,2.6864272560097007,0.19013535557968828,0.09628269208819826,advance_eq19_20,0.0,0.0,0.0,0.0,,,477.76272938128045,3.4878370502820433e-16,a1_station_hull_matched_sweep_free_surface_marching_not_benchmark_validated,41,8,24,10,3.0,2,16,15.0,False,none,0.0,1.0,0.0,1.0,trapezoid,1.0,1.0,1.0,1.0,-1.0,1.0,1.0,True,False,True,3.0,11,9,40,True,True,True,True,A1_GRID_RECOMMENDED,"A1 Section 3.3 recommends control radius about 3B, inner free-surface panels greater than 10, outer/free-surface proxy panels greater than 8, and roughly 60 stations at Fn=0.2 or 40 at Fn=0.3."
32,st41_bp8_fs24_cp10_r3p0_h2_fsm_clipfs_onezonefs_noend_pr1p0_pl1p0_pf1p0_pm1p0_dt1p0_fv0p0_hr1p0_hqtrapezoid_hp1p0_hc1p0_ci1p0_cp1p0_cnm1p0_cd1p0_pg1p0,A35,OK,diagnostic_matched_wigley_sensitivity_not_hard_gate,wigley_iii,Fn0.4,0.4,2.1696064159197173,1.5,2.7120080198996463,-0.2,239.85000000000002,27,28,11,2.1,0.8999999999999999,0.07499999999999996,-0.8677499999999999,0.8677499999999999,0.06449999999999989,0.06450000000000003,pitch,heave_force,-0.6000000000000001,-200.26636820357623,-554.487769040054,-15.019977615268209,-41.58658267800403,-0.008514274028409171,-0.008384929903425934,-0.00012934412498323658,0.44858990779552915,0.155199140383492,0.2933907674120372,0.0,0.44858990779552915,1.2689514043251418,0.5583682602861305,0.5734482329298138,0.3027963270375864,2.7413193946696146,1.9259072052708142,1.3528474969201365,6226.924140462535,2761.615294641556,3527.441545027521,1552.1566799522343,3008.5252743058295,1364.7966394495159,6.162018887796395,2.5318942043947765,0.15432371617043655,0.07731145151399503,advance_eq19_20,0.0,0.0,0.0,0.0,,,476.6524673161357,4.065721428729893e-16,a1_station_hull_matched_sweep_free_surface_marching_not_benchmark_validated,41,8,24,10,3.0,2,16,15.0,False,none,0.0,1.0,0.0,1.0,trapezoid,1.0,1.0,1.0,1.0,-1.0,1.0,1.0,True,False,True,3.0,11,9,40,True,True,True,True,A1_GRID_RECOMMENDED,"A1 Section 3.3 recommends control radius about 3B, inner free-surface panels greater than 10, outer/free-surface proxy panels greater than 8, and roughly 60 stations at Fn=0.2 or 40 at Fn=0.3."
32,st41_bp8_fs24_cp10_r3p0_h2_fsm_clipfs_onezonefs_noend_pr1p0_pl1p0_pf1p0_pm1p0_dt1p0_fv0p0_hr1p0_hqtrapezoid_hp1p0_hc1p0_ci1p0_cp1p0_cnm1p0_cd1p0_pg1p0,A35,OK,diagnostic_matched_wigley_sensitivity_not_hard_gate,wigley_iii,Fn0.4,0.4,2.1696064159197173,1.5,2.7120080198996463,-0.2,239.85000000000002,28,29,10,2.175,0.8250000000000002,0.07499999999999996,-0.8674843749999999,0.8674843749999999,0.06503124999999987,0.0650312500000001,pitch,heave_force,-0.6749999999999998,-224.37411226423978,-514.5167557004518,-16.828058419817975,-38.58875667753386,-0.009539208674103603,-0.009038060116991204,-0.0005011485571124019,0.43956316644427273,0.14648764537328346,0.29307552107098933,0.0,0.43956316644427273,1.3274105864613734,0.586713834537203,0.4883510131412783,0.2447345027685809,2.186206582417859,1.531602585391661,1.2908269186284003,6226.733683891002,2778.895096171518,3689.946860087511,1630.9519402672431,2870.601023610507,1322.7696897687736,5.464756302835108,2.581068154495686,0.12226820802450389,0.06041634561163148,advance_eq19_20,0.0,0.0,0.0,0.0,,,475.4122985160682,4.361658804306262e-16,a1_station_hull_matched_sweep_free_surface_marching_not_benchmark_validated,41,8,24,10,3.0,2,16,15.0,False,none,0.0,1.0,0.0,1.0,trapezoid,1.0,1.0,1.0,1.0,-1.0,1.0,1.0,True,False,True,3.0,11,9,40,True,True,True,True,A1_GRID_RECOMMENDED,"A1 Section 3.3 recommends control radius about 3B, inner free-surface panels greater than 10, outer/free-surface proxy panels greater than 8, and roughly 60 stations at Fn=0.2 or 40 at Fn=0.3."
32,st41_bp8_fs24_cp10_r3p0_h2_fsm_clipfs_onezonefs_noend_pr1p0_pl1p0_pf1p0_pm1p0_dt1p0_fv0p0_hr1p0_hqtrapezoid_hp1p0_hc1p0_ci1p0_cp1p0_cnm1p0_cd1p0_pg1p0,A35,OK,diagnostic_matched_wigley_sensitivity_not_hard_gate,wigley_iii,Fn0.4,0.4,2.1696064159197173,1.5,2.7120080198996463,-0.2,239.85000000000002,29,30,9,2.25,0.75,0.07499999999999996,-0.8671874999999999,0.8671874999999999,0.06562499999999982,0.0656250000000001,pitch,heave_force,-0.75,-241.9346644820513,-470.60840060600856,-18.145099836153836,-35.29563004545062,-0.010285791113350961,-0.009472496775037895,-0.0008132943383130655,0.4296506665505454,0.1372323669272689,0.2924182996232766,0.0,0.4296506665505454,1.3845648376820656,0.6154158046002488,0.4109958265482962,0.19240381504004486,1.6907589534396101,1.178974498914135,1.223161604124568,6221.027950288096,2798.4970126026715,3848.824717461435,1710.73791259009,2720.123745615699,1280.7638959581652,4.894871430821592,2.607380922262426,0.09365431081207887,0.04541248619338684,advance_eq19_20,0.0,0.0,0.0,0.0,,,474.0481182363453,3.894406901954984e-16,a1_station_hull_matched_sweep_free_surface_marching_not_benchmark_validated,41,8,24,10,3.0,2,16,15.0,False,none,0.0,1.0,0.0,1.0,trapezoid,1.0,1.0,1.0,1.0,-1.0,1.0,1.0,True,False,True,3.0,11,9,40,True,True,True,True,A1_GRID_RECOMMENDED,"A1 Section 3.3 recommends control radius about 3B, inner free-surface panels greater than 10, outer/free-surface proxy panels greater than 8, and roughly 60 stations at Fn=0.2 or 40 at Fn=0.3."
32,st41_bp8_fs24_cp10_r3p0_h2_fsm_clipfs_onezonefs_noend_pr1p0_pl1p0_pf1p0_pm1p0_dt1p0_fv0p0_hr1p0_hqtrapezoid_hp1p0_hc1p0_ci1p0_cp1p0_cnm1p0_cd1p0_pg1p0,A35,OK,diagnostic_matched_wigley_sensitivity_not_hard_gate,wigley_iii,Fn0.4,0.4,2.1696064159197173,1.5,2.7120080198996463,-0.2,239.85000000000002,30,31,8,2.3249999999999997,0.6750000000000003,0.07499999999999996,-0.866859375,0.866859375,0.06628124999999996,0.06628125000000007,pitch,heave_force,-0.8249999999999997,-251.64770897831528,-424.5629205047961,-18.873578173373634,-31.84221903785969,-0.010698738745213227,-0.009670789718205312,-0.0010279490270079148,0.4191584016212634,0.12766072368064732,0.2914976779406161,0.0,0.4191584016212634,1.4390663006685454,0.6442358526343087,0.34256721047424427,0.1467146860905674,1.2636890574010924,0.8740539668935915,1.1567106418867412,6215.6594180337715,2825.5124174897187,4000.328332294921,1790.8521190274103,2572.3470007500905,1248.8944212264987,4.4442990561901645,2.604537473044053,0.06909219628885477,0.03257893750349891,advance_eq19_20,0.0,0.0,0.0,0.0,,,472.56584172230123,3.8520992354551085e-16,a1_station_hull_matched_sweep_free_surface_marching_not_benchmark_validated,41,8,24,10,3.0,2,16,15.0,False,none,0.0,1.0,0.0,1.0,trapezoid,1.0,1.0,1.0,1.0,-1.0,1.0,1.0,True,False,True,3.0,11,9,40,True,True,True,True,A1_GRID_RECOMMENDED,"A1 Section 3.3 recommends control radius about 3B, inner free-surface panels greater than 10, outer/free-surface proxy panels greater than 8, and roughly 60 stations at Fn=0.2 or 40 at Fn=0.3."
32,st41_bp8_fs24_cp10_r3p0_h2_fsm_clipfs_onezonefs_noend_pr1p0_pl1p0_pf1p0_pm1p0_dt1p0_fv0p0_hr1p0_hqtrapezoid_hp1p0_hc1p0_ci1p0_cp1p0_cnm1p0_cd1p0_pg1p0,A35,OK,diagnostic_matched_wigley_sensitivity_not_hard_gate,wigley_iii,Fn0.4,0.4,2.1696064159197173,1.5,2.7120080198996463,-0.2,239.85000000000002,31,32,7,2.4,0.6000000000000001,0.07500000000000018,-0.8664999999999999,0.8664999999999998,0.06699999999999995,0.06700000000000006,pitch,heave_force,-0.8999999999999999,-253.263087147368,-377.25306209377516,-18.994731536052644,-28.293979657033205,-0.010767416139796275,-0.009629975265600799,-0.0011374408741954745,0.4084253241787586,0.11801034118874425,0.29041498299001445,0.0,0.4084253241787586,1.4910933045984038,0.6738702280762654,0.280860237133988,0.10557484808237015,0.8854026726883912,0.6020640365919311,1.0948755880593493,6211.977108399005,2864.628306033543,4144.953425501775,1873.2299994872967,2434.835327999623,1236.040438339534,4.071018054823908,2.5681806524719453,0.047501471695052803,0.021286446127936145,advance_eq19_20,0.0,0.0,0.0,0.0,,,470.9710640469985,4.411082342321398e-16,a1_station_hull_matched_sweep_free_surface_marching_not_benchmark_validated,41,8,24,10,3.0,2,16,15.0,False,none,0.0,1.0,0.0,1.0,trapezoid,1.0,1.0,1.0,1.0,-1.0,1.0,1.0,True,False,True,3.0,11,9,40,True,True,True,True,A1_GRID_RECOMMENDED,"A1 Section 3.3 recommends control radius about 3B, inner free-surface panels greater than 10, outer/free-surface proxy panels greater than 8, and roughly 60 stations at Fn=0.2 or 40 at Fn=0.3."
32,st41_bp8_fs24_cp10_r3p0_h2_fsm_clipfs_onezonefs_noend_pr1p0_pl1p0_pf1p0_pm1p0_dt1p0_fv0p0_hr1p0_hqtrapezoid_hp1p0_hc1p0_ci1p0_cp1p0_cnm1p0_cd1p0_pg1p0,A35,OK,diagnostic_matched_wigley_sensitivity_not_hard_gate,wigley_iii,Fn0.4,0.4,2.1696064159197173,1.5,2.7120080198996463,-0.2,239.85000000000002,32,33,6,2.475,0.5249999999999999,0.07499999999999996,-0.866109375,0.866109375,0.06778124999999988,0.06778125000000013,pitch,heave_force,-0.9750000000000001,-242.38031941406507,-336.0665947390138,-18.17852395605487,-25.20499460542602,-0.010304738020149713,-0.009338607240740756,-0.0009661307794089572,0.3978892470987857,0.10852604993557347,0.28936319716321224,0.0,0.3978892470987857,1.539684088381592,0.7049487592895034,0.23191661023623153,0.07622620636387452,0.5908217357082722,0.38665612979006686,1.085475135614676,6256.01355025929,2951.8432628522883,4280.026485697823,1959.6223560317248,2413.930164014699,1311.000638545621,3.7639795996049625,2.4894783328635977,0.031417444987479316,0.012624571784199762,advance_eq19_20,0.0,0.0,0.0,0.0,,,469.2686860462597,3.4827669410565154e-16,a1_station_hull_matched_sweep_free_surface_marching_not_benchmark_validated,41,8,24,10,3.0,2,16,15.0,False,none,0.0,1.0,0.0,1.0,trapezoid,1.0,1.0,1.0,1.0,-1.0,1.0,1.0,True,False,True,3.0,11,9,40,True,True,True,True,A1_GRID_RECOMMENDED,"A1 Section 3.3 recommends control radius about 3B, inner free-surface panels greater than 10, outer/free-surface proxy panels greater than 8, and roughly 60 stations at Fn=0.2 or 40 at Fn=0.3."
32,st41_bp8_fs24_cp10_r3p0_h2_fsm_clipfs_onezonefs_noend_pr1p0_pl1p0_pf1p0_pm1p0_dt1p0_fv0p0_hr1p0_hqtrapezoid_hp1p0_hc1p0_ci1p0_cp1p0_cnm1p0_cd1p0_pg1p0,A35,OK,diagnostic_matched_wigley_sensitivity_not_hard_gate,wigley_iii,Fn0.4,0.4,2.1696064159197173,1.5,2.7120080198996463,-0.2,239.85000000000002,33,34,5,2.55,0.4500000000000002,0.07499999999999996,-0.8656874999999999,0.8656874999999999,0.06862499999999994,0.06862500000000005,pitch,heave_force,-1.0499999999999998,-220.417844305849,-301.95107859345717,-16.531338322938666,-22.646330894509273,-0.009371008941768556,-0.00884485345505334,-0.0005261554867152136,0.38805137361782654,0.09943431958767643,0.28861705403015014,0.0,0.38805137361782654,1.5932088826194586,0.7436263439758493,0.18927470885302286,0.06594333108390721,0.322943861533401,0.17646007246310472,1.1680200148187996,6393.0496615461525,3139.382799324622,4428.815148715309,2067.1386238879354,2597.4973110253486,1550.0823563435374,3.460915749603783,2.3704271768267478,0.01595721642299743,0.005353659831109356,advance_eq19_20,0.0,0.0,0.0,0.0,,,467.4627559098952,4.823887511471397e-16,a1_station_hull_matched_sweep_free_surface_marching_not_benchmark_validated,41,8,24,10,3.0,2,16,15.0,False,none,0.0,1.0,0.0,1.0,trapezoid,1.0,1.0,1.0,1.0,-1.0,1.0,1.0,True,False,True,3.0,11,9,40,True,True,True,True,A1_GRID_RECOMMENDED,"A1 Section 3.3 recommends control radius about 3B, inner free-surface panels greater than 10, outer/free-surface proxy panels greater than 8, and roughly 60 stations at Fn=0.2 or 40 at Fn=0.3."
32,st41_bp8_fs24_cp10_r3p0_h2_fsm_clipfs_onezonefs_noend_pr1p0_pl1p0_pf1p0_pm1p0_dt1p0_fv0p0_hr1p0_hqtrapezoid_hp1p0_hc1p0_ci1p0_cp1p0_cnm1p0_cd1p0_pg1p0,A35,OK,diagnostic_matched_wigley_sensitivity_not_hard_gate,wigley_iii,Fn0.4,0.4,2.1696064159197173,1.5,2.7120080198996463,-0.2,239.85000000000002,34,35,4,2.625,0.375,0.07499999999999996,-0.8652343749999999,0.8652343749999999,0.06953124999999993,0.06953125000000009,pitch,heave_force,-1.125,-138.8392900547866,-355.69467528880443,-10.412946754108988,-26.677100646660318,-0.005902717326129289,-0.00813461365178389,0.0022318963256545998,0.38041451048387764,0.0909445860342578,0.28946992444961983,0.0,0.38041451048387764,1.6533873039500544,0.7956771393126186,0.1798594061242001,0.06870787030042624,0.22185570530719595,0.09139416087292476,2.1537439185106786,7697.162699102507,4263.005555368691,4596.0996190206215,2211.829852643296,4789.59603944506,3113.9812135054303,3.151455845385366,2.188131887499486,0.013996538009080729,0.005600620114830107,advance_eq19_20,0.0,0.0,0.0,0.0,,,465.55753958209425,4.712185526191524e-16,a1_station_hull_matched_sweep_free_surface_marching_not_benchmark_validated,41,8,24,10,3.0,2,16,15.0,False,none,0.0,1.0,0.0,1.0,trapezoid,1.0,1.0,1.0,1.0,-1.0,1.0,1.0,True,False,True,3.0,11,9,40,True,True,True,True,A1_GRID_RECOMMENDED,"A1 Section 3.3 recommends control radius about 3B, inner free-surface panels greater than 10, outer/free-surface proxy panels greater than 8, and roughly 60 stations at Fn=0.2 or 40 at Fn=0.3."
32,st41_bp8_fs24_cp10_r3p0_h2_fsm_clipfs_onezonefs_noend_pr1p0_pl1p0_pf1p0_pm1p0_dt1p0_fv0p0_hr1p0_hqtrapezoid_hp1p0_hc1p0_ci1p0_cp1p0_cnm1p0_cd1p0_pg1p0,A35,OK,diagnostic_matched_wigley_sensitivity_not_hard_gate,wigley_iii,Fn0.4,0.4,2.1696064159197173,1.5,2.7120080198996463,-0.2,239.85000000000002,35,36,3,2.6999999999999997,0.30000000000000027,0.07499999999999996,-0.8647499999999999,0.8647499999999999,0.0704999999999999,0.07050000000000001,pitch,heave_force,-1.1999999999999997,71.50253058835834,-642.8667310667795,5.362689794126872,-48.21500483000843,0.0030399120162559593,-0.007768893526448915,0.010808805542704872,0.378983107828941,0.0829928324451414,0.2959902753837996,0.0,0.378983107828941,1.8578871975657596,0.946518315106516,0.14808201860557474,0.06675021917258075,0.2392374884098178,0.12306513863519072,6.738149240201345,16426.48412706974,10654.041860713824,5164.570104363899,2631.139393089541,14984.61011853954,10074.274661368445,2.9112208709863654,2.0435496184772104,0.030406616823196463,0.009661294177819434,advance_eq19_20,0.0,0.0,0.0,0.0,,,463.5639836716682,4.56127583191568e-16,a1_station_hull_matched_sweep_free_surface_marching_not_benchmark_validated,41,8,24,10,3.0,2,16,15.0,False,none,0.0,1.0,0.0,1.0,trapezoid,1.0,1.0,1.0,1.0,-1.0,1.0,1.0,True,False,True,3.0,11,9,40,True,True,True,True,A1_GRID_RECOMMENDED,"A1 Section 3.3 recommends control radius about 3B, inner free-surface panels greater than 10, outer/free-surface proxy panels greater than 8, and roughly 60 stations at Fn=0.2 or 40 at Fn=0.3."
32,st41_bp8_fs24_cp10_r3p0_h2_fsm_clipfs_onezonefs_noend_pr1p0_pl1p0_pf1p0_pm1p0_dt1p0_fv0p0_hr1p0_hqtrapezoid_hp1p0_hc1p0_ci1p0_cp1p0_cnm1p0_cd1p0_pg1p0,A35,OK,diagnostic_matched_wigley_sensitivity_not_hard_gate,wigley_iii,Fn0.4,0.4,2.1696064159197173,1.5,2.7120080198996463,-0.2,239.85000000000002,36,37,2,2.775,0.2250000000000001,0.07500000000000018,-0.8642343749999999,0.8642343749999999,0.07153124999999994,0.07153125000000005,pitch,heave_force,-1.275,-1191.068896065141,1457.818644943949,-89.33016720488578,109.33639837079643,-0.05063799308281633,-0.0084705369612542,-0.042167456121562134,0.3551840672956608,0.07487311720128985,0.280310950094371,0.0,0.3551840672956608,2.569029105846515,1.4721802389064134,0.3241701542611214,0.15243593661882743,0.420594828682781,0.17740850511603568,27.489282749855636,61545.54132424876,41093.095840415015,7141.408226871651,4092.37873001827,61131.94732869595,40916.208232619494,2.7029091686671913,1.880969689991423,0.04241897496089546,0.014614398608053187,advance_eq19_20,0.0,0.0,0.0,0.0,,,461.53260422011545,7.938121711214759e-16,a1_station_hull_matched_sweep_free_surface_marching_not_benchmark_validated,41,8,24,10,3.0,2,16,15.0,False,none,0.0,1.0,0.0,1.0,trapezoid,1.0,1.0,1.0,1.0,-1.0,1.0,1.0,True,False,True,3.0,11,9,40,True,True,True,True,A1_GRID_RECOMMENDED,"A1 Section 3.3 recommends control radius about 3B, inner free-surface panels greater than 10, outer/free-surface proxy panels greater than 8, and roughly 60 stations at Fn=0.2 or 40 at Fn=0.3."
32,st41_bp8_fs24_cp10_r3p0_h2_fsm_clipfs_onezonefs_noend_pr1p0_pl1p0_pf1p0_pm1p0_dt1p0_fv0p0_hr1p0_hqtrapezoid_hp1p0_hc1p0_ci1p0_cp1p0_cnm1p0_cd1p0_pg1p0,A35,OK,diagnostic_matched_wigley_sensitivity_not_hard_gate,wigley_iii,Fn0.4,0.4,2.1696064159197173,1.5,2.7120080198996463,-0.2,239.85000000000002,37,38,1,2.85,0.1499999999999999,0.07499999999999996,-0.8636874999999999,0.8636874999999999,0.07262499999999994,0.07262500000000005,pitch,heave_force,-1.35,-178.01951795463958,489.8557896336147,-13.35146384659796,36.73918422252108,-0.0075684548127938804,0.004601542859348453,-0.012169997672142335,0.32608084334785575,0.07293862015033699,0.2531422231975187,0.0,0.32608084334785575,2.57210904108413,1.8141288335568286,0.8812608388285653,0.41028703971873415,0.9861571250998572,0.4818967516879517,15.325346105298715,34678.59302581754,24249.31386610121,7149.969856163463,5042.930244380743,34081.2184671525,23821.781245298742,2.4110688197384933,0.6800574915218605,0.0021570567565268365,0.0008502206953130906,advance_eq19_20,0.0,0.0,0.0,0.0,,,467.16479122089714,1.1208885029838112e-15,a1_station_hull_matched_sweep_free_surface_marching_not_benchmark_validated,41,8,24,10,3.0,2,16,15.0,False,none,0.0,1.0,0.0,1.0,trapezoid,1.0,1.0,1.0,1.0,-1.0,1.0,1.0,True,False,True,3.0,11,9,40,True,True,True,True,A1_GRID_RECOMMENDED,"A1 Section 3.3 recommends control radius about 3B, inner free-surface panels greater than 10, outer/free-surface proxy panels greater than 8, and roughly 60 stations at Fn=0.2 or 40 at Fn=0.3."
32,st41_bp8_fs24_cp10_r3p0_h2_fsm_clipfs_onezonefs_noend_pr1p0_pl1p0_pf1p0_pm1p0_dt1p0_fv0p0_hr1p0_hqtrapezoid_hp1p0_hc1p0_ci1p0_cp1p0_cnm1p0_cd1p0_pg1p0,A35,OK,diagnostic_matched_wigley_sensitivity_not_hard_gate,wigley_iii,Fn0.4,0.4,2.1696064159197173,1.5,2.7120080198996463,-0.2,239.85000000000002,38,39,0,2.925,0.07500000000000018,0.03749999999999987,-0.8631093749999998,0.8631093749999998,0.07378124999999991,0.07378125000000002,pitch,heave_force,-1.4249999999999998,1182.4111828034693,-2064.8038029341624,44.34041935512994,-77.43014261003081,0.02513495629583285,-0.0006222512402381453,0.025757207536070994,0.34743157223729165,0.07461714033977304,0.2728144318975186,0.0,0.34743157223729165,1.8172533615687345,1.0601250348376259,0.071063200284345,0.035909931438496794,0.09644802035470261,0.04903020684047806,91.82111160023173,204243.74564594388,123423.36235418613,5051.6158330331,2946.9442864904345,204196.0646658617,123412.02739549291,1.0283560373449359,0.7179510615143506,0.0,0.0,initialize_eq21_22,0.0,0.0,0.0,0.0,,,690.6987294891596,1.0145519239978086e-15,a1_station_hull_matched_sweep_free_surface_marching_not_benchmark_validated,41,8,24,10,3.0,2,16,15.0,False,none,0.0,1.0,0.0,1.0,trapezoid,1.0,1.0,1.0,1.0,-1.0,1.0,1.0,True,False,True,3.0,11,9,40,True,True,True,True,A1_GRID_RECOMMENDED,"A1 Section 3.3 recommends control radius about 3B, inner free-surface panels greater than 10, outer/free-surface proxy panels greater than 8, and roughly 60 stations at Fn=0.2 or 40 at Fn=0.3."
32,st41_bp8_fs24_cp10_r3p0_h2_fsm_clipfs_onezonefs_noend_pr1p0_pl1p0_pf1p0_pm1p0_dt1p0_fv0p0_hr1p0_hqtrapezoid_hp1p0_hc1p0_ci1p0_cp1p0_cn1p0_cd1p0_pg1p0,A35,OK,diagnostic_matched_wigley_sensitivity_not_hard_gate,wigley_iii,Fn0.4,0.4,2.1696064159197173,1.5,2.7120080198996463,-0.2,239.85000000000002,0,1,38,0.075,2.925,0.0375,-0.8631093749999998,0.8631093749999998,0.07378124999999991,0.07378125000000002,pitch,heave_force,1.425,-905.574772834418,-1583.3481607982983,-33.95905398129067,-59.375556029936185,-0.019250141295039817,0.0005716294916105624,-0.019821770786650386,0.0,0.0,0.0,0.0,0.0,1.6666917554775789,0.9718074313445088,0.0052706299217996615,0.0025188656375415212,0.005961188100580903,0.003115595595803697,69.51033002583134,154622.10271605887,82874.58001274594,4633.08344274471,2701.4382862944926,154580.3094466591,82862.54310197246,0.9278826501460482,0.6541120011714029,9.080268434410793e-05,5.395876005225115e-05,advance_eq19_20,0.0,0.0,0.0,0.0,,,113.94877021527233,1.2765416672964052e-15,a1_station_hull_matched_sweep_free_surface_marching_not_benchmark_validated,41,8,24,10,3.0,2,16,15.0,False,none,0.0,1.0,0.0,1.0,trapezoid,1.0,1.0,1.0,1.0,1.0,1.0,1.0,True,False,True,3.0,11,9,40,True,True,True,True,A1_GRID_RECOMMENDED,"A1 Section 3.3 recommends control radius about 3B, inner free-surface panels greater than 10, outer/free-surface proxy panels greater than 8, and roughly 60 stations at Fn=0.2 or 40 at Fn=0.3."
32,st41_bp8_fs24_cp10_r3p0_h2_fsm_clipfs_onezonefs_noend_pr1p0_pl1p0_pf1p0_pm1p0_dt1p0_fv0p0_hr1p0_hqtrapezoid_hp1p0_hc1p0_ci1p0_cp1p0_cn1p0_cd1p0_pg1p0,A35,OK,diagnostic_matched_wigley_sensitivity_not_hard_gate,wigley_iii,Fn0.4,0.4,2.1696064159197173,1.5,2.7120080198996463,-0.2,239.85000000000002,1,2,37,0.15,2.85,0.07499999999999998,-0.8636874999999999,0.8636874999999999,0.07262499999999991,0.07262500000000005,pitch,heave_force,1.35,359.3200754882761,673.4092669010529,26.9490056616207,50.50569501757896,0.015276402194031605,-0.0025372346692267233,0.017813636863258323,-0.011611940198024015,-0.0006969878430027994,-0.010914952355021223,0.0,-0.011611940198024015,1.4530143617992877,1.0243121548727852,0.043089372459169654,0.019381915010837837,0.04657476847273042,0.021522631058140822,18.76967186545718,41847.847288874065,29442.632840420312,4039.10126728476,2847.391348368074,41740.87051660379,29368.459702618442,0.7469517310177871,0.33781169618798357,0.0015816037981036064,0.0008133815547035456,advance_eq19_20,0.0,0.0,0.0,0.0,,,77.78531556101733,6.617747392599947e-16,a1_station_hull_matched_sweep_free_surface_marching_not_benchmark_validated,41,8,24,10,3.0,2,16,15.0,False,none,0.0,1.0,0.0,1.0,trapezoid,1.0,1.0,1.0,1.0,1.0,1.0,1.0,True,False,True,3.0,11,9,40,True,True,True,True,A1_GRID_RECOMMENDED,"A1 Section 3.3 recommends control radius about 3B, inner free-surface panels greater than 10, outer/free-surface proxy panels greater than 8, and roughly 60 stations at Fn=0.2 or 40 at Fn=0.3."
32,st41_bp8_fs24_cp10_r3p0_h2_fsm_clipfs_onezonefs_noend_pr1p0_pl1p0_pf1p0_pm1p0_dt1p0_fv0p0_hr1p0_hqtrapezoid_hp1p0_hc1p0_ci1p0_cp1p0_cn1p0_cd1p0_pg1p0,A35,OK,diagnostic_matched_wigley_sensitivity_not_hard_gate,wigley_iii,Fn0.4,0.4,2.1696064159197173,1.5,2.7120080198996463,-0.2,239.85000000000002,2,3,36,0.22499999999999998,2.775,0.075,-0.8642343749999999,0.8642343749999999,0.07153124999999994,0.07153125000000006,pitch,heave_force,1.275,1064.9625530346264,1115.9730812780979,79.87219147759697,83.69798109585734,0.04527661378127058,0.01063280391893298,0.0346438098623376,0.01866456778962708,0.003350796781850328,0.01531377100777674,0.0,0.01866456778962708,3.22870673800481,1.858821868401812,0.043483833345087486,0.018987795311355193,0.04643850915026078,0.02003185248726872,21.38358202846612,48462.97751452884,30850.10402008536,8975.1855315574,5167.168310037324,47553.80568341329,30408.3069814931,3.3508778470482627,2.364116033152558,0.0010410841819853188,0.0005474136538228715,advance_eq19_20,0.0,0.0,0.0,0.0,,,77.91010290862684,8.130987701203379e-16,a1_station_hull_matched_sweep_free_surface_marching_not_benchmark_validated,41,8,24,10,3.0,2,16,15.0,False,none,0.0,1.0,0.0,1.0,trapezoid,1.0,1.0,1.0,1.0,1.0,1.0,1.0,True,False,True,3.0,11,9,40,True,True,True,True,A1_GRID_RECOMMENDED,"A1 Section 3.3 recommends control radius about 3B, inner free-surface panels greater than 10, outer/free-surface proxy panels greater than 8, and roughly 60 stations at Fn=0.2 or 40 at Fn=0.3."
32,st41_bp8_fs24_cp10_r3p0_h2_fsm_clipfs_onezonefs_noend_pr1p0_pl1p0_pf1p0_pm1p0_dt1p0_fv0p0_hr1p0_hqtrapezoid_hp1p0_hc1p0_ci1p0_cp1p0_cn1p0_cd1p0_pg1p0,A35,OK,diagnostic_matched_wigley_sensitivity_not_hard_gate,wigley_iii,Fn0.4,0.4,2.1696064159197173,1.5,2.7120080198996463,-0.2,239.85000000000002,3,4,35,0.3,2.7,0.07500000000000001,-0.8647499999999999,0.8647499999999999,0.0704999999999999,0.07050000000000001,pitch,heave_force,1.2,-221.160363276557,-922.2858642515283,-16.587027245741776,-69.17143981886464,-0.00940257694814232,0.008400215211701822,-0.01780279215984414,0.03660158620619121,0.01286730634716773,0.023734279859023478,0.0,0.03660158620619121,2.010768619154342,1.0274710671958212,0.01877878512480053,0.007836967681373324,0.020474394639630984,0.007638616691616986,10.058454284383464,23563.52793236048,15143.831718913189,5589.551136841842,2856.172518811163,22368.459123374367,14649.148114070935,3.1624484892087397,2.2148748610482247,0.0010652037667706743,0.0005656431329852478,advance_eq19_20,0.0,0.0,0.0,0.0,,,78.9850404442889,5.286872641607178e-16,a1_station_hull_matched_sweep_free_surface_marching_not_benchmark_validated,41,8,24,10,3.0,2,16,15.0,False,none,0.0,1.0,0.0,1.0,trapezoid,1.0,1.0,1.0,1.0,1.0,1.0,1.0,True,False,True,3.0,11,9,40,True,True,True,True,A1_GRID_RECOMMENDED,"A1 Section 3.3 recommends control radius about 3B, inner free-surface panels greater than 10, outer/free-surface proxy panels greater than 8, and roughly 60 stations at Fn=0.2 or 40 at Fn=0.3."
32,st41_bp8_fs24_cp10_r3p0_h2_fsm_clipfs_onezonefs_noend_pr1p0_pl1p0_pf1p0_pm1p0_dt1p0_fv0p0_hr1p0_hqtrapezoid_hp1p0_hc1p0_ci1p0_cp1p0_cn1p0_cd1p0_pg1p0,A35,OK,diagnostic_matched_wigley_sensitivity_not_hard_gate,wigley_iii,Fn0.4,0.4,2.1696064159197173,1.5,2.7120080198996463,-0.2,239.85000000000002,4,5,34,0.375,2.625,0.07499999999999998,-0.8652343749999999,0.8652343749999999,0.06953124999999993,0.06953125000000009,pitch,heave_force,1.125,154.72356958874798,-379.4664541446439,11.604267719156097,-28.459984060848285,0.006578033455887637,0.008898776123454097,-0.002320742667566459,0.03518931446006387,0.021516802014745692,0.013672512445318178,0.0,0.03518931446006387,1.8078973249005121,0.8734730065964899,0.015889885151823917,0.006377883602381083,0.018007875718507222,0.005898969500661963,2.27547979962726,8269.18253818253,4579.308162327217,5025.607845392438,2428.0874440319253,5060.317961881192,3304.5243996045074,3.4416903650564783,2.3997301792287824,0.0011870869904047636,0.0006328208154867181,advance_eq19_20,0.0,0.0,0.0,0.0,,,80.04292683338196,4.3705562736229116e-16,a1_station_hull_matched_sweep_free_surface_marching_not_benchmark_validated,41,8,24,10,3.0,2,16,15.0,False,none,0.0,1.0,0.0,1.0,trapezoid,1.0,1.0,1.0,1.0,1.0,1.0,1.0,True,False,True,3.0,11,9,40,True,True,True,True,A1_GRID_RECOMMENDED,"A1 Section 3.3 recommends control radius about 3B, inner free-surface panels greater than 10, outer/free-surface proxy panels greater than 8, and roughly 60 stations at Fn=0.2 or 40 at Fn=0.3."
32,st41_bp8_fs24_cp10_r3p0_h2_fsm_clipfs_onezonefs_noend_pr1p0_pl1p0_pf1p0_pm1p0_dt1p0_fv0p0_hr1p0_hqtrapezoid_hp1p0_hc1p0_ci1p0_cp1p0_cn1p0_cd1p0_pg1p0,A35,OK,diagnostic_matched_wigley_sensitivity_not_hard_gate,wigley_iii,Fn0.4,0.4,2.1696064159197173,1.5,2.7120080198996463,-0.2,239.85000000000002,5,6,33,0.44999999999999996,2.55,0.07500000000000001,-0.8656874999999999,0.8656874999999999,0.06862499999999994,0.06862500000000005,pitch,heave_force,1.05,243.46171727153242,-324.2056780620556,18.259628795364936,-24.315425854654173,0.010350713376745055,0.009625276826370252,0.0007254365503747999,0.04365368787638021,0.03077882848965786,0.01287485938672235,0.0,0.04365368787638021,1.733187048145037,0.8121516532861845,0.016448597910309993,0.006459904899472944,0.019160495742399156,0.006533936256818753,1.2460717627818647,6934.915190149552,3411.267757389751,4817.927603919424,2257.6258420140616,2771.0724235086236,1655.045726884918,3.7214514568830044,2.58777195525338,0.0013358537132235335,0.000713086976649795,advance_eq19_20,0.0,0.0,0.0,0.0,,,81.06571677861561,3.249256744732096e-16,a1_station_hull_matched_sweep_free_surface_marching_not_benchmark_validated,41,8,24,10,3.0,2,16,15.0,False,none,0.0,1.0,0.0,1.0,trapezoid,1.0,1.0,1.0,1.0,1.0,1.0,1.0,True,False,True,3.0,11,9,40,True,True,True,True,A1_GRID_RECOMMENDED,"A1 Section 3.3 recommends control radius about 3B, inner free-surface panels greater than 10, outer/free-surface proxy panels greater than 8, and roughly 60 stations at Fn=0.2 or 40 at Fn=0.3."
32,st41_bp8_fs24_cp10_r3p0_h2_fsm_clipfs_onezonefs_noend_pr1p0_pl1p0_pf1p0_pm1p0_dt1p0_fv0p0_hr1p0_hqtrapezoid_hp1p0_hc1p0_ci1p0_cp1p0_cn1p0_cd1p0_pg1p0,A35,OK,diagnostic_matched_wigley_sensitivity_not_hard_gate,wigley_iii,Fn0.4,0.4,2.1696064159197173,1.5,2.7120080198996463,-0.2,239.85000000000002,6,7,32,0.525,2.475,0.07500000000000001,-0.866109375,0.866109375,0.0677812499999999,0.06778125000000006,pitch,heave_force,0.975,286.83461310129485,-341.21873453676073,21.512595982597116,-25.59140509025706,0.012194701080785558,0.010261227924462026,0.0019334731563235344,0.05492639510514552,0.040722080865074,0.014204314240071516,0.0,0.05492639510514552,1.6903665578561424,0.77738682426159,0.01810838847631058,0.007046953379396977,0.021376543752699297,0.007415315492902817,1.0496315432491232,6733.702128993141,3163.8943025767144,4698.894853012918,2160.9862845107928,2334.2195138496368,1249.4925677061021,3.9557677469222776,2.7456648786885145,0.0014859826419791372,0.0007934641770282841,advance_eq19_20,0.0,0.0,0.0,0.0,,,82.0454186369934,3.981789658237271e-16,a1_station_hull_matched_sweep_free_surface_marching_not_benchmark_validated,41,8,24,10,3.0,2,16,15.0,False,none,0.0,1.0,0.0,1.0,trapezoid,1.0,1.0,1.0,1.0,1.0,1.0,1.0,True,False,True,3.0,11,9,40,True,True,True,True,A1_GRID_RECOMMENDED,"A1 Section 3.3 recommends control radius about 3B, inner free-surface panels greater than 10, outer/free-surface proxy panels greater than 8, and roughly 60 stations at Fn=0.2 or 40 at Fn=0.3."
32,st41_bp8_fs24_cp10_r3p0_h2_fsm_clipfs_onezonefs_noend_pr1p0_pl1p0_pf1p0_pm1p0_dt1p0_fv0p0_hr1p0_hqtrapezoid_hp1p0_hc1p0_ci1p0_cp1p0_cn1p0_cd1p0_pg1p0,A35,OK,diagnostic_matched_wigley_sensitivity_not_hard_gate,wigley_iii,Fn0.4,0.4,2.1696064159197173,1.5,2.7120080198996463,-0.2,239.85000000000002,7,8,31,0.6,2.4,0.07499999999999996,-0.8664999999999999,0.8664999999999998,0.06699999999999995,0.06700000000000006,pitch,heave_force,0.9,310.7994295808144,-381.634370565435,23.309957218561063,-28.622577792407608,0.013213559196491476,0.010708602333288643,0.0025049568632028335,0.06763052524378403,0.05120699599394934,0.016423529249834697,0.0,0.06763052524378403,1.6556885100518,0.7520076523368409,0.020124476171822996,0.007810316704220386,0.023877121658723643,0.008320316572441184,1.0459272421853965,6730.613239185071,3095.8402278464296,4602.496530659082,2090.437053767503,2325.981716611418,1161.2606989071292,4.137625012045935,2.868098458160182,0.0016252076603061635,0.0008676977932051067,advance_eq19_20,0.0,0.0,0.0,0.0,,,82.97650322796618,3.0822125270871083e-16,a1_station_hull_matched_sweep_free_surface_marching_not_benchmark_validated,41,8,24,10,3.0,2,16,15.0,False,none,0.0,1.0,0.0,1.0,trapezoid,1.0,1.0,1.0,1.0,1.0,1.0,1.0,True,False,True,3.0,11,9,40,True,True,True,True,A1_GRID_RECOMMENDED,"A1 Section 3.3 recommends control radius about 3B, inner free-surface panels greater than 10, outer/free-surface proxy panels greater than 8, and roughly 60 stations at Fn=0.2 or 40 at Fn=0.3."
32,st41_bp8_fs24_cp10_r3p0_h2_fsm_clipfs_onezonefs_noend_pr1p0_pl1p0_pf1p0_pm1p0_dt1p0_fv0p0_hr1p0_hqtrapezoid_hp1p0_hc1p0_ci1p0_cp1p0_cn1p0_cd1p0_pg1p0,A35,OK,diagnostic_matched_wigley_sensitivity_not_hard_gate,wigley_iii,Fn0.4,0.4,2.1696064159197173,1.5,2.7120080198996463,-0.2,239.85000000000002,8,9,30,0.6749999999999999,2.325,0.07500000000000001,-0.866859375,0.866859375,0.06628124999999993,0.06628125000000007,pitch,heave_force,0.8250000000000001,322.08582581804444,-431.3327221088339,24.156436936353337,-32.34995415816255,0.013693397479968518,0.01092796807181333,0.0027654294081551883,0.08108400358201404,0.06202528119650032,0.01905872238551371,0.0,0.08108400358201404,1.621618828498489,0.730078790631152,0.022162667382227066,0.0086023190055967,0.02632608316152762,0.009169917919906054,1.0983261477488346,6780.305492782662,3079.553715135478,4507.789349810876,2029.479023734077,2442.5088433514657,1170.6612628120452,4.2688453315253145,2.956137198272397,0.001747183788528615,0.00093255858926843,advance_eq19_20,0.0,0.0,0.0,0.0,,,83.85411691935546,3.919115536724864e-16,a1_station_hull_matched_sweep_free_surface_marching_not_benchmark_validated,41,8,24,10,3.0,2,16,15.0,False,none,0.0,1.0,0.0,1.0,trapezoid,1.0,1.0,1.0,1.0,1.0,1.0,1.0,True,False,True,3.0,11,9,40,True,True,True,True,A1_GRID_RECOMMENDED,"A1 Section 3.3 recommends control radius about 3B, inner free-surface panels greater than 10, outer/free-surface proxy panels greater than 8, and roughly 60 stations at Fn=0.2 or 40 at Fn=0.3."
32,st41_bp8_fs24_cp10_r3p0_h2_fsm_clipfs_onezonefs_noend_pr1p0_pl1p0_pf1p0_pm1p0_dt1p0_fv0p0_hr1p0_hqtrapezoid_hp1p0_hc1p0_ci1p0_cp1p0_cn1p0_cd1p0_pg1p0,A35,OK,diagnostic_matched_wigley_sensitivity_not_hard_gate,wigley_iii,Fn0.4,0.4,2.1696064159197173,1.5,2.7120080198996463,-0.2,239.85000000000002,9,10,29,0.75,2.25,0.07500000000000001,-0.8671874999999999,0.8671874999999999,0.06562499999999982,0.0656250000000001,pitch,heave_force,0.75,323.30368780973504,-484.3004872739813,24.247776585730133,-36.3225365455486,0.013745174574740105,0.010904263436318593,0.002840911138421511,0.09480328960936836,0.0729413969505663,0.021861892658802066,0.0,0.09480328960936836,1.5858067938484364,0.7093390220907608,0.02404938724507394,0.009345980876718825,0.028552842625330983,0.009922961253715465,1.1691538679500946,6845.4709046031085,3082.2256181382804,4408.238761501513,1971.8264446563635,2600.0188264294256,1214.0703371453963,4.3541904817968815,3.012959124927954,0.0018489779256663326,0.000986573612691634,advance_eq19_20,0.0,0.0,0.0,0.0,,,84.67363722110893,4.355920224693207e-16,a1_station_hull_matched_sweep_free_surface_marching_not_benchmark_validated,41,8,24,10,3.0,2,16,15.0,False,none,0.0,1.0,0.0,1.0,trapezoid,1.0,1.0,1.0,1.0,1.0,1.0,1.0,True,False,True,3.0,11,9,40,True,True,True,True,A1_GRID_RECOMMENDED,"A1 Section 3.3 recommends control radius about 3B, inner free-surface panels greater than 10, outer/free-surface proxy panels greater than 8, and roughly 60 stations at Fn=0.2 or 40 at Fn=0.3."
32,st41_bp8_fs24_cp10_r3p0_h2_fsm_clipfs_onezonefs_noend_pr1p0_pl1p0_pf1p0_pm1p0_dt1p0_fv0p0_hr1p0_hqtrapezoid_hp1p0_hc1p0_ci1p0_cp1p0_cn1p0_cd1p0_pg1p0,A35,OK,diagnostic_matched_wigley_sensitivity_not_hard_gate,wigley_iii,Fn0.4,0.4,2.1696064159197173,1.5,2.7120080198996463,-0.2,239.85000000000002,10,11,28,0.825,2.175,0.07499999999999996,-0.8674843749999999,0.8674843749999999,0.06503124999999987,0.0650312500000001,pitch,heave_force,0.675,315.8400164208237,-537.2870551700771,23.688001231561763,-40.29652913775576,0.01342785847202538,0.010635844883830948,0.0027920135881944305,0.1083898061327511,0.08371145111064104,0.024678355022110035,0.0,0.1083898061327511,1.547944299167279,0.6890008647238668,0.02569338932408655,0.010000295461346372,0.030470099317248586,0.010559292002547483,1.2444896532199357,6912.65090753485,3092.3869708063735,4302.988287542088,1915.2902676201409,2767.554054575968,1269.3093547578535,4.399701153557061,3.042657788900124,0.0019299361041717183,0.0010294503120285255,advance_eq19_20,0.0,0.0,0.0,0.0,,,85.43060038090825,3.384217885309752e-16,a1_station_hull_matched_sweep_free_surface_marching_not_benchmark_validated,41,8,24,10,3.0,2,16,15.0,False,none,0.0,1.0,0.0,1.0,trapezoid,1.0,1.0,1.0,1.0,1.0,1.0,1.0,True,False,True,3.0,11,9,40,True,True,True,True,A1_GRID_RECOMMENDED,"A1 Section 3.3 recommends control radius about 3B, inner free-surface panels greater than 10, outer/free-surface proxy panels greater than 8, and roughly 60 stations at Fn=0.2 or 40 at Fn=0.3."
32,st41_bp8_fs24_cp10_r3p0_h2_fsm_clipfs_onezonefs_noend_pr1p0_pl1p0_pf1p0_pm1p0_dt1p0_fv0p0_hr1p0_hqtrapezoid_hp1p0_hc1p0_ci1p0_cp1p0_cn1p0_cd1p0_pg1p0,A35,OK,diagnostic_matched_wigley_sensitivity_not_hard_gate,wigley_iii,Fn0.4,0.4,2.1696064159197173,1.5,2.7120080198996463,-0.2,239.85000000000002,11,12,27,0.8999999999999999,2.1,0.07500000000000001,-0.8677499999999999,0.8677499999999999,0.06449999999999989,0.0645,pitch,heave_force,0.6000000000000001,300.663571938465,-588.2367938532304,22.54976789538488,-44.11775953899229,0.012782635770586134,0.010129888308506512,0.0026527474620796194,0.12149505325405684,0.09409431770680979,0.02740073554724706,0.0,0.12149505325405684,1.5086527434403116,0.6689558273039504,0.027053751847513203,0.01054600127100072,0.03204181914432084,0.011072568181965536,1.317885612529269,6976.0063258576565,3105.1233116122835,4193.765297940072,1859.5689078220892,2930.7754074015834,1326.9558808792726,4.412103288005246,3.049816716928751,0.0019910376108251467,0.0010617456999064412,advance_eq19_20,0.0,0.0,0.0,0.0,,,86.12073569235693,4.4197743317516678e-16,a1_station_hull_matched_sweep_free_surface_marching_not_benchmark_validated,41,8,24,10,3.0,2,16,15.0,False,none,0.0,1.0,0.0,1.0,trapezoid,1.0,1.0,1.0,1.0,1.0,1.0,1.0,True,False,True,3.0,11,9,40,True,True,True,True,A1_GRID_RECOMMENDED,"A1 Section 3.3 recommends control radius about 3B, inner free-surface panels greater than 10, outer/free-surface proxy panels greater than 8, and roughly 60 stations at Fn=0.2 or 40 at Fn=0.3."
32,st41_bp8_fs24_cp10_r3p0_h2_fsm_clipfs_onezonefs_noend_pr1p0_pl1p0_pf1p0_pm1p0_dt1p0_fv0p0_hr1p0_hqtrapezoid_hp1p0_hc1p0_ci1p0_cp1p0_cn1p0_cd1p0_pg1p0,A35,OK,diagnostic_matched_wigley_sensitivity_not_hard_gate,wigley_iii,Fn0.4,0.4,2.1696064159197173,1.5,2.7120080198996463,-0.2,239.85000000000002,12,13,26,0.975,2.025,0.07500000000000007,-0.8679843749999999,0.8679843749999999,0.06403124999999998,0.0640312500000001,pitch,heave_force,0.525,278.60061079584375,-635.7105730585845,20.8950458096883,-47.67829297939388,0.011844634553849308,0.009400015838553004,0.0024446187152963044,0.13380868841627455,0.10385926978033955,0.029949418635935022,0.0,0.13380868841627455,1.4690231004642695,0.6494417255003553,0.02812365721422011,0.010978410231173335,0.033267323295927,0.011466370032664505,1.385950408901432,7032.855267848643,3118.075450143621,4083.602490623866,1805.3234472147888,3082.14107178158,1382.3391077988088,4.398530753359229,3.0393122863270094,0.0020344383064371248,0.0010846302680958028,advance_eq19_20,0.0,0.0,0.0,0.0,,,86.74002633334426,4.542026005989601e-16,a1_station_hull_matched_sweep_free_surface_marching_not_benchmark_validated,41,8,24,10,3.0,2,16,15.0,False,none,0.0,1.0,0.0,1.0,trapezoid,1.0,1.0,1.0,1.0,1.0,1.0,1.0,True,False,True,3.0,11,9,40,True,True,True,True,A1_GRID_RECOMMENDED,"A1 Section 3.3 recommends control radius about 3B, inner free-surface panels greater than 10, outer/free-surface proxy panels greater than 8, and roughly 60 stations at Fn=0.2 or 40 at Fn=0.3."
32,st41_bp8_fs24_cp10_r3p0_h2_fsm_clipfs_onezonefs_noend_pr1p0_pl1p0_pf1p0_pm1p0_dt1p0_fv0p0_hr1p0_hqtrapezoid_hp1p0_hc1p0_ci1p0_cp1p0_cn1p0_cd1p0_pg1p0,A35,OK,diagnostic_matched_wigley_sensitivity_not_hard_gate,wigley_iii,Fn0.4,0.4,2.1696064159197173,1.5,2.7120080198996463,-0.2,239.85000000000002,13,14,25,1.05,1.95,0.07500000000000001,-0.8681874999999999,0.8681874999999999,0.06362499999999982,0.0636250000000001,pitch,heave_force,0.44999999999999996,250.4417900671152,-678.6359499085227,18.78313425503364,-50.89769624313921,0.010647469407490182,0.008464850855227102,0.0021826185522630776,0.14505474039694433,0.11279170312722961,0.03226303726971471,0.0,0.14505474039694433,1.430396470195515,0.6308847753508271,0.02892039016049897,0.011303048246930587,0.03417135580052532,0.011751575449840733,1.4467801956738295,7082.041725556863,3130.059681163955,3976.227866276542,1753.7386846436307,3217.4171848335127,1432.8973173539255,4.366333871753754,3.0161788144028603,0.002063081795689024,0.00109968517927648,advance_eq19_20,0.0,0.0,0.0,0.0,,,87.28477208365122,3.682631707089585e-16,a1_station_hull_matched_sweep_free_surface_marching_not_benchmark_validated,41,8,24,10,3.0,2,16,15.0,False,none,0.0,1.0,0.0,1.0,trapezoid,1.0,1.0,1.0,1.0,1.0,1.0,1.0,True,False,True,3.0,11,9,40,True,True,True,True,A1_GRID_RECOMMENDED,"A1 Section 3.3 recommends control radius about 3B, inner free-surface panels greater than 10, outer/free-surface proxy panels greater than 8, and roughly 60 stations at Fn=0.2 or 40 at Fn=0.3."
32,st41_bp8_fs24_cp10_r3p0_h2_fsm_clipfs_onezonefs_noend_pr1p0_pl1p0_pf1p0_pm1p0_dt1p0_fv0p0_hr1p0_hqtrapezoid_hp1p0_hc1p0_ci1p0_cp1p0_cn1p0_cd1p0_pg1p0,A35,OK,diagnostic_matched_wigley_sensitivity_not_hard_gate,wigley_iii,Fn0.4,0.4,2.1696064159197173,1.5,2.7120080198996463,-0.2,239.85000000000002,14,15,24,1.125,1.875,0.07499999999999996,-0.8683593749999999,0.8683593749999999,0.06328124999999996,0.06328125000000007,pitch,heave_force,0.375,216.98569824303345,-716.1863206494976,16.2739273682275,-53.71397404871229,0.009225092119356156,0.007347012602413071,0.0018780795169430844,0.15499102116036748,0.12069763485604972,0.03429338630431779,0.0,0.15499102116036748,1.3942368270809247,0.6138125959002207,0.02947791026155532,0.011532484390625757,0.03479646330951812,0.011944200521002608,1.4992687633284119,7123.198166661256,3140.4902187399175,3875.7109930999763,1706.28129986674,3334.143706307976,1477.1343119497653,4.322884759067957,2.985472460615485,0.0020803231728636334,0.001108704674695844,advance_eq19_20,0.0,0.0,0.0,0.0,,,87.75164677623461,3.19176623802933e-16,a1_station_hull_matched_sweep_free_surface_marching_not_benchmark_validated,41,8,24,10,3.0,2,16,15.0,False,none,0.0,1.0,0.0,1.0,trapezoid,1.0,1.0,1.0,1.0,1.0,1.0,1.0,True,False,True,3.0,11,9,40,True,True,True,True,A1_GRID_RECOMMENDED,"A1 Section 3.3 recommends control radius about 3B, inner free-surface panels greater than 10, outer/free-surface proxy panels greater than 8, and roughly 60 stations at Fn=0.2 or 40 at Fn=0.3."
32,st41_bp8_fs24_cp10_r3p0_h2_fsm_clipfs_onezonefs_noend_pr1p0_pl1p0_pf1p0_pm1p0_dt1p0_fv0p0_hr1p0_hqtrapezoid_hp1p0_hc1p0_ci1p0_cp1p0_cn1p0_cd1p0_pg1p0,A35,OK,diagnostic_matched_wigley_sensitivity_not_hard_gate,wigley_iii,Fn0.4,0.4,2.1696064159197173,1.5,2.7120080198996463,-0.2,239.85000000000002,15,16,23,1.2,1.8,0.07499999999999996,-0.8684999999999999,0.8684999999999998,0.06299999999999994,0.06300000000000008,pitch,heave_force,0.30000000000000004,179.0555606913576,-747.7173419571003,13.429167051851813,-56.07880064678249,0.00761250190789371,0.006072339406128244,0.001540162501765465,0.16340981817399242,0.12740731086032037,0.036002507313672064,0.0,0.16340981817399242,1.362034729989271,0.5987953741236994,0.02984039426699975,0.011683632857636092,0.03519612420179261,0.012063339774458885,1.542761529506849,7156.360908060861,3149.099910601401,3786.195338890571,1664.5363033248389,3430.8649454684805,1514.1417741836046,4.275337661861666,2.9521046176020875,0.0020895443459965856,0.0011134931761562633,advance_eq19_20,0.0,0.0,0.0,0.0,,,88.13774872231025,2.975492641181186e-16,a1_station_hull_matched_sweep_free_surface_marching_not_benchmark_validated,41,8,24,10,3.0,2,16,15.0,False,none,0.0,1.0,0.0,1.0,trapezoid,1.0,1.0,1.0,1.0,1.0,1.0,1.0,True,False,True,3.0,11,9,40,True,True,True,True,A1_GRID_RECOMMENDED,"A1 Section 3.3 recommends control radius about 3B, inner free-surface panels greater than 10, outer/free-surface proxy panels greater than 8, and roughly 60 stations at Fn=0.2 or 40 at Fn=0.3."
32,st41_bp8_fs24_cp10_r3p0_h2_fsm_clipfs_onezonefs_noend_pr1p0_pl1p0_pf1p0_pm1p0_dt1p0_fv0p0_hr1p0_hqtrapezoid_hp1p0_hc1p0_ci1p0_cp1p0_cn1p0_cd1p0_pg1p0,A35,OK,diagnostic_matched_wigley_sensitivity_not_hard_gate,wigley_iii,Fn0.4,0.4,2.1696064159197173,1.5,2.7120080198996463,-0.2,239.85000000000002,16,17,22,1.275,1.725,0.07499999999999996,-0.8686093749999999,0.8686093749999999,0.0627812499999999,0.06278125000000001,pitch,heave_force,0.2250000000000001,137.50352239151388,-772.7313227605842,10.312764179363535,-57.954849207043786,0.005845927501530131,0.004669239358147494,0.0011766881433826362,0.17013903287870433,0.13277810024245823,0.03736093263624612,0.0,0.17013903287870433,1.3352150082323775,0.586396267656446,0.030056027417010196,0.01177520326975116,0.03542794374825069,0.012129045476730271,1.5768685053101361,7181.750414494869,3155.79072698956,3711.6416558819947,1630.069165241589,3506.713626837171,1543.3566464126377,4.230326480098278,2.920632414175192,0.002093766181816726,0.0011156602053604707,advance_eq19_20,0.0,0.0,0.0,0.0,,,88.44064379627237,4.530230721679167e-16,a1_station_hull_matched_sweep_free_surface_marching_not_benchmark_validated,41,8,24,10,3.0,2,16,15.0,False,none,0.0,1.0,0.0,1.0,trapezoid,1.0,1.0,1.0,1.0,1.0,1.0,1.0,True,False,True,3.0,11,9,40,True,True,True,True,A1_GRID_RECOMMENDED,"A1 Section 3.3 recommends control radius about 3B, inner free-surface panels greater than 10, outer/free-surface proxy panels greater than 8, and roughly 60 stations at Fn=0.2 or 40 at Fn=0.3."
32,st41_bp8_fs24_cp10_r3p0_h2_fsm_clipfs_onezonefs_noend_pr1p0_pl1p0_pf1p0_pm1p0_dt1p0_fv0p0_hr1p0_hqtrapezoid_hp1p0_hc1p0_ci1p0_cp1p0_cn1p0_cd1p0_pg1p0,A35,OK,diagnostic_matched_wigley_sensitivity_not_hard_gate,wigley_iii,Fn0.4,0.4,2.1696064159197173,1.5,2.7120080198996463,-0.2,239.85000000000002,17,18,21,1.3499999999999999,1.6500000000000001,0.07500000000000007,-0.8686874999999998,0.8686875,0.0626249999999999,0.06262500000000004,pitch,heave_force,0.15000000000000013,93.20879301488208,-790.8563783560363,6.990659476116162,-59.31422837670278,0.003962748277230735,0.003168115794742674,0.0007946324824880605,0.17504337076808477,0.13669677781890333,0.03834659294918146,0.0,0.17504337076808477,1.3150389576137915,0.5771234897632842,0.030170852833780272,0.011825203637913444,0.035546768385358696,0.012160130600681657,1.60135885541749,7199.638831948436,3160.548172284442,3655.5561045173004,1604.2926210282606,3561.1764080762323,1564.4293801370939,4.193604342832158,2.8950096469064666,0.0020952863931283407,0.0011164286786971942,advance_eq19_20,0.0,0.0,0.0,0.0,,,88.65840109908919,4.318601504781122e-16,a1_station_hull_matched_sweep_free_surface_marching_not_benchmark_validated,41,8,24,10,3.0,2,16,15.0,False,none,0.0,1.0,0.0,1.0,trapezoid,1.0,1.0,1.0,1.0,1.0,1.0,1.0,True,False,True,3.0,11,9,40,True,True,True,True,A1_GRID_RECOMMENDED,"A1 Section 3.3 recommends control radius about 3B, inner free-surface panels greater than 10, outer/free-surface proxy panels greater than 8, and roughly 60 stations at Fn=0.2 or 40 at Fn=0.3."
32,st41_bp8_fs24_cp10_r3p0_h2_fsm_clipfs_onezonefs_noend_pr1p0_pl1p0_pf1p0_pm1p0_dt1p0_fv0p0_hr1p0_hqtrapezoid_hp1p0_hc1p0_ci1p0_cp1p0_cn1p0_cd1p0_pg1p0,A35,OK,diagnostic_matched_wigley_sensitivity_not_hard_gate,wigley_iii,Fn0.4,0.4,2.1696064159197173,1.5,2.7120080198996463,-0.2,239.85000000000002,18,19,20,1.425,1.575,0.07500000000000007,-0.8687343749999998,0.868734375,0.06253124999999993,0.06253125000000004,pitch,heave_force,0.07499999999999996,47.07263079863259,-801.8339505391214,3.5304473098974474,-60.13754629043416,0.0020012810011628035,0.0016008381027383515,0.00040044289842445233,0.17802538540728155,0.13908125476764382,0.038944130639637725,0.0,0.17802538540728155,1.3025038011973233,0.5713835241527562,0.03022291084029394,0.011848577016783041,0.035598021773063156,0.012172015568603062,1.6161003671269192,7210.2683095312395,3163.390568751704,3620.7107736668386,1588.336617439318,3593.9592684209933,1577.1498448588952,4.169656818422814,2.8783198440387694,0.0020953894328844735,0.0011164812646290302,advance_eq19_20,0.0,0.0,0.0,0.0,,,88.78962105356729,4.476292344323272e-16,a1_station_hull_matched_sweep_free_surface_marching_not_benchmark_validated,41,8,24,10,3.0,2,16,15.0,False,none,0.0,1.0,0.0,1.0,trapezoid,1.0,1.0,1.0,1.0,1.0,1.0,1.0,True,False,True,3.0,11,9,40,True,True,True,True,A1_GRID_RECOMMENDED,"A1 Section 3.3 recommends control radius about 3B, inner free-surface panels greater than 10, outer/free-surface proxy panels greater than 8, and roughly 60 stations at Fn=0.2 or 40 at Fn=0.3."
32,st41_bp8_fs24_cp10_r3p0_h2_fsm_clipfs_onezonefs_noend_pr1p0_pl1p0_pf1p0_pm1p0_dt1p0_fv0p0_hr1p0_hqtrapezoid_hp1p0_hc1p0_ci1p0_cp1p0_cn1p0_cd1p0_pg1p0,A35,OK,diagnostic_matched_wigley_sensitivity_not_hard_gate,wigley_iii,Fn0.4,0.4,2.1696064159197173,1.5,2.7120080198996463,-0.2,239.85000000000002,19,20,19,1.5,1.5,0.07499999999999996,-0.8687499999999999,0.8687499999999999,0.062499999999999944,0.06250000000000003,pitch,heave_force,0.0,0.011672811400564493,-805.5114519328943,0.0008754608550423364,-60.41335889496703,4.962666264827684e-07,2.4010791275416716e-07,2.5615871372860125e-07,0.1790262740411762,0.13988179387296937,0.039144480168206805,0.0,0.1790262740411762,1.2982515283560185,0.5694397954234764,0.03023723741478661,0.011855191500854763,0.03561193981964116,0.012174856158975015,1.6210252276963621,7213.801658468038,3164.3392914612323,3608.8902706672084,1582.9334243394442,3604.911402737191,1581.4058671221758,4.161346241662981,2.872530986612822,0.002094177815312373,0.0011158711057199949,advance_eq19_20,0.0,0.0,0.0,0.0,,,88.83345571237246,2.207795929855454e-16,a1_station_hull_matched_sweep_free_surface_marching_not_benchmark_validated,41,8,24,10,3.0,2,16,15.0,False,none,0.0,1.0,0.0,1.0,trapezoid,1.0,1.0,1.0,1.0,1.0,1.0,1.0,True,False,True,3.0,11,9,40,True,True,True,True,A1_GRID_RECOMMENDED,"A1 Section 3.3 recommends control radius about 3B, inner free-surface panels greater than 10, outer/free-surface proxy panels greater than 8, and roughly 60 stations at Fn=0.2 or 40 at Fn=0.3."
32,st41_bp8_fs24_cp10_r3p0_h2_fsm_clipfs_onezonefs_noend_pr1p0_pl1p0_pf1p0_pm1p0_dt1p0_fv0p0_hr1p0_hqtrapezoid_hp1p0_hc1p0_ci1p0_cp1p0_cn1p0_cd1p0_pg1p0,A35,OK,diagnostic_matched_wigley_sensitivity_not_hard_gate,wigley_iii,Fn0.4,0.4,2.1696064159197173,1.5,2.7120080198996463,-0.2,239.85000000000002,20,21,18,1.575,1.425,0.07499999999999996,-0.8687343749999998,0.868734375,0.06253124999999993,0.06253125000000004,pitch,heave_force,-0.07499999999999996,-47.049573117033866,-801.8383745626002,-3.528717983777538,-60.137878092194974,-0.0020003007096572804,-0.0016003656269425145,-0.00039993508271476583,0.1780263718196608,0.1390817311134545,0.03894464070620629,0.0,0.1780263718196608,1.3025040746082786,0.5713836488211104,0.030222453100266188,0.011848470436268604,0.03559956926512171,0.012172246949703149,1.6161125219463157,7210.2957901905065,3163.4030441934156,3620.7115336968595,1588.3369639934338,3593.986298874494,1577.1621200717627,4.169657824179498,2.878320490905898,0.0020905583568697206,0.0011140146957647101,advance_eq19_20,0.0,0.0,0.0,0.0,,,88.78962105356736,3.458753728566118e-16,a1_station_hull_matched_sweep_free_surface_marching_not_benchmark_validated,41,8,24,10,3.0,2,16,15.0,False,none,0.0,1.0,0.0,1.0,trapezoid,1.0,1.0,1.0,1.0,1.0,1.0,1.0,True,False,True,3.0,11,9,40,True,True,True,True,A1_GRID_RECOMMENDED,"A1 Section 3.3 recommends control radius about 3B, inner free-surface panels greater than 10, outer/free-surface proxy panels greater than 8, and roughly 60 stations at Fn=0.2 or 40 at Fn=0.3."
32,st41_bp8_fs24_cp10_r3p0_h2_fsm_clipfs_onezonefs_noend_pr1p0_pl1p0_pf1p0_pm1p0_dt1p0_fv0p0_hr1p0_hqtrapezoid_hp1p0_hc1p0_ci1p0_cp1p0_cn1p0_cd1p0_pg1p0,A35,OK,diagnostic_matched_wigley_sensitivity_not_hard_gate,wigley_iii,Fn0.4,0.4,2.1696064159197173,1.5,2.7120080198996463,-0.2,239.85000000000002,21,22,17,1.65,1.35,0.07499999999999996,-0.8686874999999998,0.8686875,0.0626249999999999,0.06262500000000004,pitch,heave_force,-0.1499999999999999,-93.18658882334205,-790.8650721781403,-6.988994161750649,-59.314880413360484,-0.003961804271639341,-0.0031676661990979577,-0.0007941380725413838,0.1750453193290125,0.13669771520043428,0.03834760412857821,0.0,0.1750453193290125,1.3150397262604236,0.577123840337952,0.030169562152961994,0.011824907539087484,0.0355512719611494,0.012160748918251944,1.601382853723845,7199.693322212001,3160.572936188515,3655.5582412075264,1604.2935955586042,3561.2297766276574,1564.4536457618524,4.193607158631222,2.8950114592802336,0.0020823862080414693,0.0011097683996696406,advance_eq19_20,0.0,0.0,0.0,0.0,,,88.65840109908919,2.86996884856105e-16,a1_station_hull_matched_sweep_free_surface_marching_not_benchmark_validated,41,8,24,10,3.0,2,16,15.0,False,none,0.0,1.0,0.0,1.0,trapezoid,1.0,1.0,1.0,1.0,1.0,1.0,1.0,True,False,True,3.0,11,9,40,True,True,True,True,A1_GRID_RECOMMENDED,"A1 Section 3.3 recommends control radius about 3B, inner free-surface panels greater than 10, outer/free-surface proxy panels greater than 8, and roughly 60 stations at Fn=0.2 or 40 at Fn=0.3."
32,st41_bp8_fs24_cp10_r3p0_h2_fsm_clipfs_onezonefs_noend_pr1p0_pl1p0_pf1p0_pm1p0_dt1p0_fv0p0_hr1p0_hqtrapezoid_hp1p0_hc1p0_ci1p0_cp1p0_cn1p0_cd1p0_pg1p0,A35,OK,diagnostic_matched_wigley_sensitivity_not_hard_gate,wigley_iii,Fn0.4,0.4,2.1696064159197173,1.5,2.7120080198996463,-0.2,239.85000000000002,22,23,16,1.7249999999999999,1.2750000000000001,0.07499999999999996,-0.8686093749999999,0.8686093749999999,0.0627812499999999,0.06278125000000001,pitch,heave_force,-0.22499999999999987,-137.48270663177937,-772.7439823735496,-10.311202997383447,-57.95579867801618,-0.005845042524766039,-0.004668826773961436,-0.001176215750804603,0.17014189593080978,0.13277946871390459,0.03736242721690522,0.0,0.17014189593080978,1.3352166872830797,0.5863970340068511,0.03005320240950748,0.011774562663620789,0.035438040945027546,0.012130340446111557,1.5769037258674785,7181.8309763291345,3155.82740695872,3711.646323320939,1630.0712955487443,3506.7919519530324,1543.3923344210082,4.230332590032777,2.92063634821829,0.0020667376043128605,0.0011015731168419363,advance_eq19_20,0.0,0.0,0.0,0.0,,,88.44064379627237,3.41291968745481e-16,a1_station_hull_matched_sweep_free_surface_marching_not_benchmark_validated,41,8,24,10,3.0,2,16,15.0,False,none,0.0,1.0,0.0,1.0,trapezoid,1.0,1.0,1.0,1.0,1.0,1.0,1.0,True,False,True,3.0,11,9,40,True,True,True,True,A1_GRID_RECOMMENDED,"A1 Section 3.3 recommends control radius about 3B, inner free-surface panels greater than 10, outer/free-surface proxy panels greater than 8, and roughly 60 stations at Fn=0.2 or 40 at Fn=0.3."
32,st41_bp8_fs24_cp10_r3p0_h2_fsm_clipfs_onezonefs_noend_pr1p0_pl1p0_pf1p0_pm1p0_dt1p0_fv0p0_hr1p0_hqtrapezoid_hp1p0_hc1p0_ci1p0_cp1p0_cn1p0_cd1p0_pg1p0,A35,OK,diagnostic_matched_wigley_sensitivity_not_hard_gate,wigley_iii,Fn0.4,0.4,2.1696064159197173,1.5,2.7120080198996463,-0.2,239.85000000000002,23,24,15,1.7999999999999998,1.2000000000000002,0.07500000000000007,-0.8684999999999999,0.8684999999999998,0.06299999999999994,0.06300000000000008,pitch,heave_force,-0.2999999999999998,-179.03661861961174,-747.7335221618011,-13.427746396470893,-56.080014162135136,-0.007611696590500906,-0.00607197631950521,-0.0015397202709956984,0.1634135263731763,0.12740906716717126,0.03600445920600507,0.0,0.1634135263731763,1.362037877061295,0.5987968122350896,0.02983509561680047,0.011682440323711334,0.03521535835860015,0.012065696728256558,1.5428070434705692,7156.46614375885,3149.147951595057,3786.204087147254,1664.5403009987035,3430.9661615408736,1514.1880360361313,4.275349007325732,2.9521119221398044,0.0020402632313165094,0.001087641469019218,advance_eq19_20,0.0,0.0,0.0,0.0,,,88.13774872231025,3.262359315558835e-16,a1_station_hull_matched_sweep_free_surface_marching_not_benchmark_validated,41,8,24,10,3.0,2,16,15.0,False,none,0.0,1.0,0.0,1.0,trapezoid,1.0,1.0,1.0,1.0,1.0,1.0,1.0,True,False,True,3.0,11,9,40,True,True,True,True,A1_GRID_RECOMMENDED,"A1 Section 3.3 recommends control radius about 3B, inner free-surface panels greater than 10, outer/free-surface proxy panels greater than 8, and roughly 60 stations at Fn=0.2 or 40 at Fn=0.3."
32,st41_bp8_fs24_cp10_r3p0_h2_fsm_clipfs_onezonefs_noend_pr1p0_pl1p0_pf1p0_pm1p0_dt1p0_fv0p0_hr1p0_hqtrapezoid_hp1p0_hc1p0_ci1p0_cp1p0_cn1p0_cd1p0_pg1p0,A35,OK,diagnostic_matched_wigley_sensitivity_not_hard_gate,wigley_iii,Fn0.4,0.4,2.1696064159197173,1.5,2.7120080198996463,-0.2,239.85000000000002,24,25,14,1.875,1.125,0.07500000000000007,-0.8683593749999999,0.8683593749999999,0.06328124999999996,0.06328125000000007,pitch,heave_force,-0.375,-216.96904840649006,-716.2054471356538,-16.27267863048677,-53.715408535174085,-0.009224384255763643,-0.007346709270216,-0.0018776749855476435,0.15499548595004403,0.12069972437231065,0.0342957615777334,0.0,0.15499548595004403,1.3942420783886003,0.6138149996508552,0.02946907309985238,0.011530505100628738,0.034828872628984965,0.011948051295783448,1.4993233360867453,7123.326227351281,3140.548886184576,3875.7255907282215,1706.2879818325134,3334.2650677497563,1477.1900213573633,4.322903459809306,2.9854844958989304,0.0019995741435187156,0.0010661618977071657,advance_eq19_20,0.0,0.0,0.0,0.0,,,87.75164677623461,3.3724456400241537e-16,a1_station_hull_matched_sweep_free_surface_marching_not_benchmark_validated,41,8,24,10,3.0,2,16,15.0,False,none,0.0,1.0,0.0,1.0,trapezoid,1.0,1.0,1.0,1.0,1.0,1.0,1.0,True,False,True,3.0,11,9,40,True,True,True,True,A1_GRID_RECOMMENDED,"A1 Section 3.3 recommends control radius about 3B, inner free-surface panels greater than 10, outer/free-surface proxy panels greater than 8, and roughly 60 stations at Fn=0.2 or 40 at Fn=0.3."
32,st41_bp8_fs24_cp10_r3p0_h2_fsm_clipfs_onezonefs_noend_pr1p0_pl1p0_pf1p0_pm1p0_dt1p0_fv0p0_hr1p0_hqtrapezoid_hp1p0_hc1p0_ci1p0_cp1p0_cn1p0_cd1p0_pg1p0,A35,OK,diagnostic_matched_wigley_sensitivity_not_hard_gate,wigley_iii,Fn0.4,0.4,2.1696064159197173,1.5,2.7120080198996463,-0.2,239.85000000000002,25,26,13,1.95,1.05,0.07499999999999996,-0.8681874999999999,0.8681874999999999,0.0636249999999999,0.06362500000000004,pitch,heave_force,-0.44999999999999996,-250.4277703404976,-678.6573335991708,-18.782082775537308,-50.899300019937776,-0.010646873362356403,-0.008464614790152444,-0.00218225857220396,0.145059857140984,0.11279406234212642,0.03226579479885759,0.0,0.145059857140984,1.4304044728846614,0.6308884466395652,0.028906946236240214,0.011300047237873678,0.03422102684627442,0.011757344951405908,1.4468422856836363,7082.190316860815,3130.128062503014,3976.2501122176163,1753.7488901222443,3217.555263489244,1432.9610706592723,4.366361931617385,3.01619686170002,0.0019416276951985556,0.0010355022426399262,advance_eq19_20,0.0,0.0,0.0,0.0,,,87.28477208365148,4.486159353103622e-16,a1_station_hull_matched_sweep_free_surface_marching_not_benchmark_validated,41,8,24,10,3.0,2,16,15.0,False,none,0.0,1.0,0.0,1.0,trapezoid,1.0,1.0,1.0,1.0,1.0,1.0,1.0,True,False,True,3.0,11,9,40,True,True,True,True,A1_GRID_RECOMMENDED,"A1 Section 3.3 recommends control radius about 3B, inner free-surface panels greater than 10, outer/free-surface proxy panels greater than 8, and roughly 60 stations at Fn=0.2 or 40 at Fn=0.3."
32,st41_bp8_fs24_cp10_r3p0_h2_fsm_clipfs_onezonefs_noend_pr1p0_pl1p0_pf1p0_pm1p0_dt1p0_fv0p0_hr1p0_hqtrapezoid_hp1p0_hc1p0_ci1p0_cp1p0_cn1p0_cd1p0_pg1p0,A35,OK,diagnostic_matched_wigley_sensitivity_not_hard_gate,wigley_iii,Fn0.4,0.4,2.1696064159197173,1.5,2.7120080198996463,-0.2,239.85000000000002,26,27,12,2.025,0.9750000000000001,0.07500000000000007,-0.8679843749999999,0.8679843749999999,0.06403124999999998,0.0640312500000001,pitch,heave_force,-0.5249999999999999,-278.58946864424064,-635.7334247901999,-20.894210148318066,-47.680006859265035,-0.011844160848089995,-0.009399851374719697,-0.0024443094733702974,0.13381434003576081,0.10386182925969037,0.02995251077607047,0.0,0.13381434003576081,1.4690344470556007,0.6494469453429086,0.028104658112675273,0.010974180000527798,0.033337939363013894,0.011474422313820584,1.3860181598400625,7033.021646647584,3118.152451642752,4083.634031971723,1805.3379573760278,3082.2917394744954,1382.4092176798251,4.398569779413344,3.0393373675822395,0.001864104050322244,0.0009944075149739074,advance_eq19_20,0.0,0.0,0.0,0.0,,,86.74002633334426,4.1252807050249554e-16,a1_station_hull_matched_sweep_free_surface_marching_not_benchmark_validated,41,8,24,10,3.0,2,16,15.0,False,none,0.0,1.0,0.0,1.0,trapezoid,1.0,1.0,1.0,1.0,1.0,1.0,1.0,True,False,True,3.0,11,9,40,True,True,True,True,A1_GRID_RECOMMENDED,"A1 Section 3.3 recommends control radius about 3B, inner free-surface panels greater than 10, outer/free-surface proxy panels greater than 8, and roughly 60 stations at Fn=0.2 or 40 at Fn=0.3."
32,st41_bp8_fs24_cp10_r3p0_h2_fsm_clipfs_onezonefs_noend_pr1p0_pl1p0_pf1p0_pm1p0_dt1p0_fv0p0_hr1p0_hqtrapezoid_hp1p0_hc1p0_ci1p0_cp1p0_cn1p0_cd1p0_pg1p0,A35,OK,diagnostic_matched_wigley_sensitivity_not_hard_gate,wigley_iii,Fn0.4,0.4,2.1696064159197173,1.5,2.7120080198996463,-0.2,239.85000000000002,27,28,11,2.1,0.8999999999999999,0.07499999999999996,-0.8677499999999999,0.8677499999999999,0.06449999999999989,0.06450000000000003,pitch,heave_force,-0.6000000000000001,-300.65546053674103,-588.2602361606961,-22.549159540255562,-44.11951771205218,-0.012782290916391922,-0.010129796251815355,-0.002652494664576569,0.12150111415351982,0.09409700544642281,0.02740410870709703,0.0,0.12150111415351982,1.5086679097790612,0.6689628284917823,0.027028492199737946,0.010540389439568783,0.03213620327047405,0.01108315251003958,1.3179568329044649,6976.187277512101,3105.2076438890795,4193.807457453202,1859.5883697815768,2930.933790589126,1327.0303538342137,4.412154234612735,3.04984943274072,0.0017657866433271443,0.0009421984946814722,advance_eq19_20,0.0,0.0,0.0,0.0,,,86.12073569235677,2.957298868288055e-16,a1_station_hull_matched_sweep_free_surface_marching_not_benchmark_validated,41,8,24,10,3.0,2,16,15.0,False,none,0.0,1.0,0.0,1.0,trapezoid,1.0,1.0,1.0,1.0,1.0,1.0,1.0,True,False,True,3.0,11,9,40,True,True,True,True,A1_GRID_RECOMMENDED,"A1 Section 3.3 recommends control radius about 3B, inner free-surface panels greater than 10, outer/free-surface proxy panels greater than 8, and roughly 60 stations at Fn=0.2 or 40 at Fn=0.3."
32,st41_bp8_fs24_cp10_r3p0_h2_fsm_clipfs_onezonefs_noend_pr1p0_pl1p0_pf1p0_pm1p0_dt1p0_fv0p0_hr1p0_hqtrapezoid_hp1p0_hc1p0_ci1p0_cp1p0_cn1p0_cd1p0_pg1p0,A35,OK,diagnostic_matched_wigley_sensitivity_not_hard_gate,wigley_iii,Fn0.4,0.4,2.1696064159197173,1.5,2.7120080198996463,-0.2,239.85000000000002,28,29,10,2.175,0.8250000000000002,0.07499999999999996,-0.8674843749999999,0.8674843749999999,0.06503124999999987,0.0650312500000001,pitch,heave_force,-0.6749999999999998,-315.835005486163,-537.3101152303182,-23.687625411462214,-40.29825864227384,-0.013427645433404758,-0.010635822238740876,-0.002791823194663881,0.10839614597862152,0.08371419620114473,0.024681949777476814,0.0,0.10839614597862152,1.5479635820854978,0.6890098042952332,0.025661537533050352,0.00999323408855106,0.030589715766876472,0.010572485569736037,1.2445617321711122,6912.842619653638,3092.477077059345,4303.041890356666,1915.315117914112,2767.7143471047666,1269.3857821927734,4.3997640854316495,3.042698171867916,0.0016469864958110556,0.0008789913994640625,advance_eq19_20,0.0,0.0,0.0,0.0,,,85.43060038090854,3.237297608617987e-16,a1_station_hull_matched_sweep_free_surface_marching_not_benchmark_validated,41,8,24,10,3.0,2,16,15.0,False,none,0.0,1.0,0.0,1.0,trapezoid,1.0,1.0,1.0,1.0,1.0,1.0,1.0,True,False,True,3.0,11,9,40,True,True,True,True,A1_GRID_RECOMMENDED,"A1 Section 3.3 recommends control radius about 3B, inner free-surface panels greater than 10, outer/free-surface proxy panels greater than 8, and roughly 60 stations at Fn=0.2 or 40 at Fn=0.3."
32,st41_bp8_fs24_cp10_r3p0_h2_fsm_clipfs_onezonefs_noend_pr1p0_pl1p0_pf1p0_pm1p0_dt1p0_fv0p0_hr1p0_hqtrapezoid_hp1p0_hc1p0_ci1p0_cp1p0_cn1p0_cd1p0_pg1p0,A35,OK,diagnostic_matched_wigley_sensitivity_not_hard_gate,wigley_iii,Fn0.4,0.4,2.1696064159197173,1.5,2.7120080198996463,-0.2,239.85000000000002,29,30,9,2.25,0.75,0.07499999999999996,-0.8671874999999999,0.8671874999999999,0.06562499999999982,0.0656250000000001,pitch,heave_force,-0.75,-323.30180827489716,-484.3220328634388,-24.247635620617274,-36.32415246475789,-0.013745094666791498,-0.010904303103495242,-0.002840791563296254,0.09480977592852335,0.07294413353002664,0.021865642398496733,0.0,0.09480977592852335,1.585830229593622,0.7093499448168273,0.024011155026976837,0.009337524468583753,0.028697127867869016,0.009938594703204016,1.1692234928847778,6845.668534043699,3082.319420945434,4408.30390837863,1971.8568077400726,2600.173661602048,1214.1454869135173,4.3542643057243,3.0130064770899403,0.0015101999576590907,0.0008060343656272024,advance_eq19_20,0.0,0.0,0.0,0.0,,,84.67363722110893,3.449920702550883e-16,a1_station_hull_matched_sweep_free_surface_marching_not_benchmark_validated,41,8,24,10,3.0,2,16,15.0,False,none,0.0,1.0,0.0,1.0,trapezoid,1.0,1.0,1.0,1.0,1.0,1.0,1.0,True,False,True,3.0,11,9,40,True,True,True,True,A1_GRID_RECOMMENDED,"A1 Section 3.3 recommends control radius about 3B, inner free-surface panels greater than 10, outer/free-surface proxy panels greater than 8, and roughly 60 stations at Fn=0.2 or 40 at Fn=0.3."
32,st41_bp8_fs24_cp10_r3p0_h2_fsm_clipfs_onezonefs_noend_pr1p0_pl1p0_pf1p0_pm1p0_dt1p0_fv0p0_hr1p0_hqtrapezoid_hp1p0_hc1p0_ci1p0_cp1p0_cn1p0_cd1p0_pg1p0,A35,OK,diagnostic_matched_wigley_sensitivity_not_hard_gate,wigley_iii,Fn0.4,0.4,2.1696064159197173,1.5,2.7120080198996463,-0.2,239.85000000000002,30,31,8,2.3249999999999997,0.6750000000000003,0.07499999999999996,-0.866859375,0.866859375,0.06628124999999996,0.06628125000000007,pitch,heave_force,-0.8249999999999997,-322.0870103453914,-431.35155219780114,-24.15652577590434,-32.35136641483507,-0.013693447839849281,-0.01092805825925611,-0.002765389580593169,0.08109050467520298,0.06202795284865099,0.019062551826552032,0.0,0.08109050467520298,1.621646042691899,0.7300915601857159,0.022119092257036337,0.00859270808772837,0.026491310004772135,0.009187450499539666,1.098389662401283,6780.503547834919,3079.6486942614692,4507.865000049428,2029.5145206468246,2442.6500901938584,1170.7311607915035,4.268927375553459,2.9561898358836993,0.0013613649057633945,0.0007263450215755558,advance_eq19_20,0.0,0.0,0.0,0.0,,,83.85411691935549,3.434121198020094e-16,a1_station_hull_matched_sweep_free_surface_marching_not_benchmark_validated,41,8,24,10,3.0,2,16,15.0,False,none,0.0,1.0,0.0,1.0,trapezoid,1.0,1.0,1.0,1.0,1.0,1.0,1.0,True,False,True,3.0,11,9,40,True,True,True,True,A1_GRID_RECOMMENDED,"A1 Section 3.3 recommends control radius about 3B, inner free-surface panels greater than 10, outer/free-surface proxy panels greater than 8, and roughly 60 stations at Fn=0.2 or 40 at Fn=0.3."
32,st41_bp8_fs24_cp10_r3p0_h2_fsm_clipfs_onezonefs_noend_pr1p0_pl1p0_pf1p0_pm1p0_dt1p0_fv0p0_hr1p0_hqtrapezoid_hp1p0_hc1p0_ci1p0_cp1p0_cn1p0_cd1p0_pg1p0,A35,OK,diagnostic_matched_wigley_sensitivity_not_hard_gate,wigley_iii,Fn0.4,0.4,2.1696064159197173,1.5,2.7120080198996463,-0.2,239.85000000000002,31,32,7,2.4,0.6000000000000001,0.07500000000000018,-0.8664999999999999,0.8664999999999998,0.06699999999999995,0.06700000000000006,pitch,heave_force,-0.8999999999999999,-310.80330415163957,-381.6496133192913,-23.310247811373024,-28.623720998946915,-0.013213723922890882,-0.010708727232476697,-0.0025049966904141844,0.06763691879383289,0.051209560102784574,0.01642735869104835,0.0,0.06763691879383289,1.6557186559343493,0.7520219228134943,0.02007755622360499,0.007800000135405351,0.024055646501264603,0.008338761155469306,1.0459819967331414,6730.807310907222,3095.9341475367983,4602.580330431205,2090.4767229558133,2326.1034823249583,1161.321666326478,4.1377109898751705,2.868153707057259,0.0012089663893214311,0.0006442629407426964,advance_eq19_20,0.0,0.0,0.0,0.0,,,82.97650322796612,2.630985919793531e-16,a1_station_hull_matched_sweep_free_surface_marching_not_benchmark_validated,41,8,24,10,3.0,2,16,15.0,False,none,0.0,1.0,0.0,1.0,trapezoid,1.0,1.0,1.0,1.0,1.0,1.0,1.0,True,False,True,3.0,11,9,40,True,True,True,True,A1_GRID_RECOMMENDED,"A1 Section 3.3 recommends control radius about 3B, inner free-surface panels greater than 10, outer/free-surface proxy panels greater than 8, and roughly 60 stations at Fn=0.2 or 40 at Fn=0.3."
32,st41_bp8_fs24_cp10_r3p0_h2_fsm_clipfs_onezonefs_noend_pr1p0_pl1p0_pf1p0_pm1p0_dt1p0_fv0p0_hr1p0_hqtrapezoid_hp1p0_hc1p0_ci1p0_cp1p0_cn1p0_cd1p0_pg1p0,A35,OK,diagnostic_matched_wigley_sensitivity_not_hard_gate,wigley_iii,Fn0.4,0.4,2.1696064159197173,1.5,2.7120080198996463,-0.2,239.85000000000002,32,33,6,2.475,0.5249999999999999,0.07499999999999996,-0.866109375,0.866109375,0.06778124999999988,0.06778125000000013,pitch,heave_force,-0.9750000000000001,-286.84615349079354,-341.22070643549523,-21.513461511809503,-25.591552982662126,-0.012195191717528343,-0.010261370354028215,-0.0019338213635001278,0.05493246097362326,0.040724511309532106,0.014207949664091193,0.0,0.05493246097362326,1.6903984866724615,0.7774021224807353,0.01806086195382175,0.00703651197799188,0.021557091420060147,0.007433257860078434,1.0496299833192735,6733.83775588562,3163.9519582745597,4698.983608998989,2161.02881062613,2334.2160448049813,1249.4762337614166,3.9558524581001,2.7457195437291895,0.0010616380577969614,0.0005642293121389746,advance_eq19_20,0.0,0.0,0.0,0.0,,,82.0454186369934,3.326729467937556e-16,a1_station_hull_matched_sweep_free_surface_marching_not_benchmark_validated,41,8,24,10,3.0,2,16,15.0,False,none,0.0,1.0,0.0,1.0,trapezoid,1.0,1.0,1.0,1.0,1.0,1.0,1.0,True,False,True,3.0,11,9,40,True,True,True,True,A1_GRID_RECOMMENDED,"A1 Section 3.3 recommends control radius about 3B, inner free-surface panels greater than 10, outer/free-surface proxy panels greater than 8, and roughly 60 stations at Fn=0.2 or 40 at Fn=0.3."
32,st41_bp8_fs24_cp10_r3p0_h2_fsm_clipfs_onezonefs_noend_pr1p0_pl1p0_pf1p0_pm1p0_dt1p0_fv0p0_hr1p0_hqtrapezoid_hp1p0_hc1p0_ci1p0_cp1p0_cn1p0_cd1p0_pg1p0,A35,OK,diagnostic_matched_wigley_sensitivity_not_hard_gate,wigley_iii,Fn0.4,0.4,2.1696064159197173,1.5,2.7120080198996463,-0.2,239.85000000000002,33,34,5,2.55,0.4500000000000002,0.07499999999999996,-0.8656874999999999,0.8656874999999999,0.06862499999999994,0.06862500000000005,pitch,heave_force,-1.0499999999999998,-243.5050982277456,-324.1497510191956,-18.26288236708091,-24.311231326439657,-0.010352557707134249,-0.009625354186220724,-0.0007272035209135273,0.043658586261292,0.03078114903940767,0.012877437221884367,0.0,0.043658586261292,1.7332084742369476,0.8121620975982209,0.016418564947329482,0.006453625634981535,0.019278258939034214,0.0065430468345303435,1.2457022606530763,6934.617165732848,3411.022644296843,4817.987164345847,2257.654875198517,2770.250707464575,1654.5131035568725,3.7215028595074173,2.5878055351755735,0.0010532667486785054,0.0005537188350712919,advance_eq19_20,0.0,0.0,0.0,0.0,,,81.06571677861561,4.726983091709761e-16,a1_station_hull_matched_sweep_free_surface_marching_not_benchmark_validated,41,8,24,10,3.0,2,16,15.0,False,none,0.0,1.0,0.0,1.0,trapezoid,1.0,1.0,1.0,1.0,1.0,1.0,1.0,True,False,True,3.0,11,9,40,True,True,True,True,A1_GRID_RECOMMENDED,"A1 Section 3.3 recommends control radius about 3B, inner free-surface panels greater than 10, outer/free-surface proxy panels greater than 8, and roughly 60 stations at Fn=0.2 or 40 at Fn=0.3."
32,st41_bp8_fs24_cp10_r3p0_h2_fsm_clipfs_onezonefs_noend_pr1p0_pl1p0_pf1p0_pm1p0_dt1p0_fv0p0_hr1p0_hqtrapezoid_hp1p0_hc1p0_ci1p0_cp1p0_cn1p0_cd1p0_pg1p0,A35,OK,diagnostic_matched_wigley_sensitivity_not_hard_gate,wigley_iii,Fn0.4,0.4,2.1696064159197173,1.5,2.7120080198996463,-0.2,239.85000000000002,34,35,4,2.625,0.375,0.07499999999999996,-0.8652343749999999,0.8652343749999999,0.06953124999999993,0.06953125000000009,pitch,heave_force,-1.125,-154.68738897658818,-379.51849939811353,-11.601554173244107,-28.463887454858497,-0.0065764952463060284,-0.00889847668569196,0.0023219814393859294,0.035194059784571845,0.0215192336034513,0.01367482618112057,0.0,0.035194059784571845,1.8078460856750873,0.873447282941119,0.015949724033175693,0.006393328834527123,0.017841279323058266,0.005881613067927174,2.2759652353832203,8269.83992153151,4579.772961725076,5025.465410172396,2428.015937203267,5061.397496525105,3305.165922486816,3.4415830108843037,2.399659516795703,0.0016631630677371764,0.0008536597463188308,advance_eq19_20,0.0,0.0,0.0,0.0,,,80.04292683338196,6.041944371047541e-16,a1_station_hull_matched_sweep_free_surface_marching_not_benchmark_validated,41,8,24,10,3.0,2,16,15.0,False,none,0.0,1.0,0.0,1.0,trapezoid,1.0,1.0,1.0,1.0,1.0,1.0,1.0,True,False,True,3.0,11,9,40,True,True,True,True,A1_GRID_RECOMMENDED,"A1 Section 3.3 recommends control radius about 3B, inner free-surface panels greater than 10, outer/free-surface proxy panels greater than 8, and roughly 60 stations at Fn=0.2 or 40 at Fn=0.3."
32,st41_bp8_fs24_cp10_r3p0_h2_fsm_clipfs_onezonefs_noend_pr1p0_pl1p0_pf1p0_pm1p0_dt1p0_fv0p0_hr1p0_hqtrapezoid_hp1p0_hc1p0_ci1p0_cp1p0_cn1p0_cd1p0_pg1p0,A35,OK,diagnostic_matched_wigley_sensitivity_not_hard_gate,wigley_iii,Fn0.4,0.4,2.1696064159197173,1.5,2.7120080198996463,-0.2,239.85000000000002,35,36,3,2.6999999999999997,0.30000000000000027,0.07499999999999996,-0.8647499999999999,0.8647499999999999,0.0704999999999999,0.07050000000000001,pitch,heave_force,-1.1999999999999997,221.32114439915318,-922.5736051522721,16.599085829936477,-69.19302038642037,0.009409412516933311,-0.008400632411787621,0.017810044928720934,0.036610518419885475,0.012869679054711538,0.02374083936517397,0.0,0.036610518419885475,2.0108703943248956,1.0275247450915106,0.018685087519748466,0.007814217172915132,0.020735313640041848,0.007648189765887832,10.061845086950779,23570.863306295087,15148.247172557558,5589.834052297578,2856.3217330668544,22375.99974805466,14653.632860846636,3.1626142089053837,2.214990220281646,0.0002038903900519804,0.00011576154112787923,advance_eq19_20,0.0,0.0,0.0,0.0,,,78.98504044428888,5.410683216634499e-16,a1_station_hull_matched_sweep_free_surface_marching_not_benchmark_validated,41,8,24,10,3.0,2,16,15.0,False,none,0.0,1.0,0.0,1.0,trapezoid,1.0,1.0,1.0,1.0,1.0,1.0,1.0,True,False,True,3.0,11,9,40,True,True,True,True,A1_GRID_RECOMMENDED,"A1 Section 3.3 recommends control radius about 3B, inner free-surface panels greater than 10, outer/free-surface proxy panels greater than 8, and roughly 60 stations at Fn=0.2 or 40 at Fn=0.3."
32,st41_bp8_fs24_cp10_r3p0_h2_fsm_clipfs_onezonefs_noend_pr1p0_pl1p0_pf1p0_pm1p0_dt1p0_fv0p0_hr1p0_hqtrapezoid_hp1p0_hc1p0_ci1p0_cp1p0_cn1p0_cd1p0_pg1p0,A35,OK,diagnostic_matched_wigley_sensitivity_not_hard_gate,wigley_iii,Fn0.4,0.4,2.1696064159197173,1.5,2.7120080198996463,-0.2,239.85000000000002,36,37,2,2.775,0.2250000000000001,0.07500000000000018,-0.8642343749999999,0.8642343749999999,0.07153124999999994,0.07153125000000005,pitch,heave_force,-1.275,-1065.075970675478,1116.0663150583728,-79.88069780066104,83.70497362937816,-0.04528143570360607,-0.010634352830655983,-0.0346470828729501,0.018674506826549114,0.0033521864334897238,0.015322320393059417,0.0,0.018674506826549114,3.2291796179778887,1.8590985203254622,0.04327529289103482,0.018933979491612282,0.04684717873361411,0.020058618211814497,21.38567093425925,48467.80060902574,30853.433647841466,8976.500047193824,5167.937349328876,47558.451089409595,30411.54795659276,3.3513078644616057,2.364465341534372,0.0009839759804728162,0.00048741741175276353,advance_eq19_20,0.0,0.0,0.0,0.0,,,77.91010290862681,9.202820209870238e-16,a1_station_hull_matched_sweep_free_surface_marching_not_benchmark_validated,41,8,24,10,3.0,2,16,15.0,False,none,0.0,1.0,0.0,1.0,trapezoid,1.0,1.0,1.0,1.0,1.0,1.0,1.0,True,False,True,3.0,11,9,40,True,True,True,True,A1_GRID_RECOMMENDED,"A1 Section 3.3 recommends control radius about 3B, inner free-surface panels greater than 10, outer/free-surface proxy panels greater than 8, and roughly 60 stations at Fn=0.2 or 40 at Fn=0.3."
32,st41_bp8_fs24_cp10_r3p0_h2_fsm_clipfs_onezonefs_noend_pr1p0_pl1p0_pf1p0_pm1p0_dt1p0_fv0p0_hr1p0_hqtrapezoid_hp1p0_hc1p0_ci1p0_cp1p0_cn1p0_cd1p0_pg1p0,A35,OK,diagnostic_matched_wigley_sensitivity_not_hard_gate,wigley_iii,Fn0.4,0.4,2.1696064159197173,1.5,2.7120080198996463,-0.2,239.85000000000002,37,38,1,2.85,0.1499999999999999,0.07499999999999996,-0.8636874999999999,0.8636874999999999,0.07262499999999994,0.07262500000000005,pitch,heave_force,-1.35,-359.39289430512406,673.5476300152859,-26.954467072884288,50.51607225114641,-0.015279498067625501,0.002537656116344575,-0.01781715418397008,-0.0116059600590667,-0.0006961619236659761,-0.0109097981354007,0.0,-0.0116059600590667,1.453247841269062,1.024477072062345,0.04326491709165752,0.019431309715281817,0.04638438417461108,0.02150686311473983,18.77241148241179,41853.97261061678,29446.778394654415,4039.7502954341335,2847.849786527297,41746.96300438873,29372.58081695968,0.7475055345478476,0.33786262862987854,7.250582356130644e-05,3.303783544314916e-05,advance_eq19_20,0.0,0.0,0.0,0.0,,,77.78531556101758,1.191915353227763e-15,a1_station_hull_matched_sweep_free_surface_marching_not_benchmark_validated,41,8,24,10,3.0,2,16,15.0,False,none,0.0,1.0,0.0,1.0,trapezoid,1.0,1.0,1.0,1.0,1.0,1.0,1.0,True,False,True,3.0,11,9,40,True,True,True,True,A1_GRID_RECOMMENDED,"A1 Section 3.3 recommends control radius about 3B, inner free-surface panels greater than 10, outer/free-surface proxy panels greater than 8, and roughly 60 stations at Fn=0.2 or 40 at Fn=0.3."
32,st41_bp8_fs24_cp10_r3p0_h2_fsm_clipfs_onezonefs_noend_pr1p0_pl1p0_pf1p0_pm1p0_dt1p0_fv0p0_hr1p0_hqtrapezoid_hp1p0_hc1p0_ci1p0_cp1p0_cn1p0_cd1p0_pg1p0,A35,OK,diagnostic_matched_wigley_sensitivity_not_hard_gate,wigley_iii,Fn0.4,0.4,2.1696064159197173,1.5,2.7120080198996463,-0.2,239.85000000000002,38,39,0,2.925,0.07500000000000018,0.03749999999999987,-0.8631093749999998,0.8631093749999998,0.07378124999999991,0.07378125000000002,pitch,heave_force,-1.4249999999999998,905.6921785681618,-1583.5308012964063,33.96345669630595,-59.38240504861503,0.019252637032588116,-0.0005716336923791553,0.019824270724967275,6.927939708690979e-06,1.0324421271523358e-06,5.895497581561552e-06,0.0,6.927939708690979e-06,1.6667077056119042,0.9718167809140048,0.0052765130549472265,0.0025203690242007314,0.005969867956544595,0.0031156307378392392,69.51856682088847,154640.41336012867,82888.40412226609,4633.127781059224,2701.464276304635,154598.6268151468,82876.3675308266,0.9278945369312968,0.6541187767910056,0.0,0.0,initialize_eq21_22,0.0,0.0,0.0,0.0,,,113.94877021527233,1.3444644144965517e-15,a1_station_hull_matched_sweep_free_surface_marching_not_benchmark_validated,41,8,24,10,3.0,2,16,15.0,False,none,0.0,1.0,0.0,1.0,trapezoid,1.0,1.0,1.0,1.0,1.0,1.0,1.0,True,False,True,3.0,11,9,40,True,True,True,True,A1_GRID_RECOMMENDED,"A1 Section 3.3 recommends control radius about 3B, inner free-surface panels greater than 10, outer/free-surface proxy panels greater than 8, and roughly 60 stations at Fn=0.2 or 40 at Fn=0.3."
32,st41_bp8_fs24_cp10_r3p0_h2_fsm_clipfs_onezonefs_noend_pr1p0_pl1p0_pf1p0_pm1p0_dt1p0_fv0p03_hr1p0_hqtrapezoid_hp1p0_hc1p0_cim1p0_cp1p0_cnm1p0_cd1p0_pg1p0,A35,OK,diagnostic_matched_wigley_sensitivity_not_hard_gate,wigley_iii,Fn0.4,0.4,2.1696064159197173,1.5,2.7120080198996463,-0.2,239.85000000000002,0,1,38,0.075,2.925,0.0375,-0.8631093749999998,0.8631093749999998,0.07378124999999991,0.07378125000000002,pitch,heave_force,1.425,-6638.982531502858,-1253.3303615044806,-248.96184493135718,-46.99988855641802,-0.14112733218784057,0.00023332223541119176,-0.14136065442325177,0.0,0.0,0.0,0.0,0.0,12.418179118443039,6.776180913967186,0.04627710387092503,0.022678719051741694,0.26034156323685914,0.13347599653979916,280.9141830966003,626565.6344950302,326973.8307561091,34520.15639581204,18836.483407544172,624710.044318461,325795.4665999973,3.309132157368768,2.0924592042697996,0.017555800372383242,0.007562604151518993,advance_eq19_20,0.6709813073393395,0.09947866887864129,0.6998146095357456,0.09836497269297603,1.0429718412137883,0.9888046734217573,418.23117884841605,4.418447676027788e-15,a1_station_hull_matched_sweep_free_surface_marching_not_benchmark_validated,41,8,24,10,3.0,2,16,15.0,False,none,0.0,1.0,0.03,1.0,trapezoid,1.0,1.0,-1.0,1.0,-1.0,1.0,1.0,True,False,True,3.0,11,9,40,True,True,True,True,A1_GRID_RECOMMENDED,"A1 Section 3.3 recommends control radius about 3B, inner free-surface panels greater than 10, outer/free-surface proxy panels greater than 8, and roughly 60 stations at Fn=0.2 or 40 at Fn=0.3."
32,st41_bp8_fs24_cp10_r3p0_h2_fsm_clipfs_onezonefs_noend_pr1p0_pl1p0_pf1p0_pm1p0_dt1p0_fv0p03_hr1p0_hqtrapezoid_hp1p0_hc1p0_cim1p0_cp1p0_cnm1p0_cd1p0_pg1p0,A35,OK,diagnostic_matched_wigley_sensitivity_not_hard_gate,wigley_iii,Fn0.4,0.4,2.1696064159197173,1.5,2.7120080198996463,-0.2,239.85000000000002,1,2,37,0.15,2.85,0.07499999999999998,-0.8636874999999999,0.8636874999999999,0.07262499999999991,0.07262500000000005,pitch,heave_force,1.35,-115.04370694441013,722.0791250014969,-8.628278020830757,54.15593437511225,-0.004891054124340064,-0.0018622526943563355,-0.0030288014299837225,-0.14357285925001062,-0.0006978041117669761,-0.14287505513824364,0.0,-0.14357285925001062,4.151590733400068,2.7646845266140283,0.15448299685496894,0.07958134713024616,0.7307946515967374,0.43354179948906224,68.4615263063078,153026.5175491497,70807.46786025183,11540.626048430091,7685.292773886445,152247.93088576742,69994.21083312415,4.093626618293788,2.5652947626173,0.011089178985368202,0.004415898676945409,advance_eq19_20,0.6255147903266655,0.09904262270796271,0.6537332005537937,0.09661813512481482,1.0451122989632133,0.975520765536503,343.0542195004202,2.167635330504565e-15,a1_station_hull_matched_sweep_free_surface_marching_not_benchmark_validated,41,8,24,10,3.0,2,16,15.0,False,none,0.0,1.0,0.03,1.0,trapezoid,1.0,1.0,-1.0,1.0,-1.0,1.0,1.0,True,False,True,3.0,11,9,40,True,True,True,True,A1_GRID_RECOMMENDED,"A1 Section 3.3 recommends control radius about 3B, inner free-surface panels greater than 10, outer/free-surface proxy panels greater than 8, and roughly 60 stations at Fn=0.2 or 40 at Fn=0.3."
32,st41_bp8_fs24_cp10_r3p0_h2_fsm_clipfs_onezonefs_noend_pr1p0_pl1p0_pf1p0_pm1p0_dt1p0_fv0p03_hr1p0_hqtrapezoid_hp1p0_hc1p0_cim1p0_cp1p0_cnm1p0_cd1p0_pg1p0,A35,OK,diagnostic_matched_wigley_sensitivity_not_hard_gate,wigley_iii,Fn0.4,0.4,2.1696064159197173,1.5,2.7120080198996463,-0.2,239.85000000000002,2,3,36,0.22499999999999998,2.775,0.075,-0.8642343749999999,0.8642343749999999,0.07153124999999994,0.07153125000000006,pitch,heave_force,1.275,3120.779138174853,287.097664175772,234.05843536311397,21.5323248131829,0.1326791363068661,0.007970944886404681,0.1247081914204614,-0.07967881815874761,0.0023565419842571963,-0.0820353601430048,0.0,-0.07967881815874761,7.471323773142502,4.075745217882517,0.12099490213040355,0.05555533802718303,0.4851740759136784,0.2697371431201806,45.8107714609492,103605.0746473351,69801.34882324726,20768.847241830088,11329.790060914145,101876.12727190492,68594.69639602776,3.8144270949421983,2.2950968873726016,0.006315111517287709,0.0028168234122059733,advance_eq19_20,0.5811849565669508,0.09461374724946799,0.6091902033837352,0.09603075162725315,1.0481864619865782,1.0149767282131734,342.8446096912935,1.6985750612008642e-15,a1_station_hull_matched_sweep_free_surface_marching_not_benchmark_validated,41,8,24,10,3.0,2,16,15.0,False,none,0.0,1.0,0.03,1.0,trapezoid,1.0,1.0,-1.0,1.0,-1.0,1.0,1.0,True,False,True,3.0,11,9,40,True,True,True,True,A1_GRID_RECOMMENDED,"A1 Section 3.3 recommends control radius about 3B, inner free-surface panels greater than 10, outer/free-surface proxy panels greater than 8, and roughly 60 stations at Fn=0.2 or 40 at Fn=0.3."
32,st41_bp8_fs24_cp10_r3p0_h2_fsm_clipfs_onezonefs_noend_pr1p0_pl1p0_pf1p0_pm1p0_dt1p0_fv0p03_hr1p0_hqtrapezoid_hp1p0_hc1p0_cim1p0_cp1p0_cnm1p0_cd1p0_pg1p0,A35,OK,diagnostic_matched_wigley_sensitivity_not_hard_gate,wigley_iii,Fn0.4,0.4,2.1696064159197173,1.5,2.7120080198996463,-0.2,239.85000000000002,3,4,35,0.3,2.7,0.07500000000000001,-0.8647499999999999,0.8647499999999999,0.0704999999999999,0.07050000000000001,pitch,heave_force,1.2,-2488.296279215663,-1041.1008698085493,-186.62222094117476,-78.08256523564121,-0.10578928741333606,0.00621744416984209,-0.11200673158317814,-0.06623389371198259,0.009450736512380582,-0.07568463022436316,0.0,-0.06623389371198259,4.035421414548904,1.872811429715746,0.04025433132355429,0.019737533412310233,0.1717767900301517,0.06793111985880201,29.189706988538664,64762.569437233185,39319.85795676433,11217.697620929688,5206.056607577548,64913.42995017884,39550.09325936924,3.0977850186256775,1.8202884105995405,0.005794080926922503,0.0026011102986946985,advance_eq19_20,0.5391317464353005,0.09119530584257006,0.5659161466902857,0.09188615880082569,1.049680621540248,1.0075755320065294,342.76452809793557,7.050426980993433e-16,a1_station_hull_matched_sweep_free_surface_marching_not_benchmark_validated,41,8,24,10,3.0,2,16,15.0,False,none,0.0,1.0,0.03,1.0,trapezoid,1.0,1.0,-1.0,1.0,-1.0,1.0,1.0,True,False,True,3.0,11,9,40,True,True,True,True,A1_GRID_RECOMMENDED,"A1 Section 3.3 recommends control radius about 3B, inner free-surface panels greater than 10, outer/free-surface proxy panels greater than 8, and roughly 60 stations at Fn=0.2 or 40 at Fn=0.3."
32,st41_bp8_fs24_cp10_r3p0_h2_fsm_clipfs_onezonefs_noend_pr1p0_pl1p0_pf1p0_pm1p0_dt1p0_fv0p03_hr1p0_hqtrapezoid_hp1p0_hc1p0_cim1p0_cp1p0_cnm1p0_cd1p0_pg1p0,A35,OK,diagnostic_matched_wigley_sensitivity_not_hard_gate,wigley_iii,Fn0.4,0.4,2.1696064159197173,1.5,2.7120080198996463,-0.2,239.85000000000002,4,5,34,0.375,2.625,0.07499999999999998,-0.8652343749999999,0.8652343749999999,0.06953124999999993,0.06953125000000009,pitch,heave_force,1.125,-744.3273776571543,-590.2262246682158,-55.82455332428656,-44.26696685011617,-0.03164489033814239,0.0065890081004918825,-0.038233898438634284,-0.1349509825877218,0.01585396264754757,-0.15080494523526936,0.0,-0.1349509825877218,3.2528213048117536,1.4185741379172476,0.02811866205451441,0.014232121253079566,0.12835777195586778,0.05601313753768144,8.09150487067911,18729.66366132346,9992.009966659765,9042.219402598656,3943.3640498251475,17994.265403917816,9846.839888848608,3.2896914146430527,2.027132811726923,0.005322240330327255,0.002356186260224931,advance_eq19_20,0.4990078153051532,0.08784225061242301,0.5248998991768865,0.08864323584512347,1.051887130977898,1.0091184507126822,342.70650863905854,8.10801720207841e-16,a1_station_hull_matched_sweep_free_surface_marching_not_benchmark_validated,41,8,24,10,3.0,2,16,15.0,False,none,0.0,1.0,0.03,1.0,trapezoid,1.0,1.0,-1.0,1.0,-1.0,1.0,1.0,True,False,True,3.0,11,9,40,True,True,True,True,A1_GRID_RECOMMENDED,"A1 Section 3.3 recommends control radius about 3B, inner free-surface panels greater than 10, outer/free-surface proxy panels greater than 8, and roughly 60 stations at Fn=0.2 or 40 at Fn=0.3."
32,st41_bp8_fs24_cp10_r3p0_h2_fsm_clipfs_onezonefs_noend_pr1p0_pl1p0_pf1p0_pm1p0_dt1p0_fv0p03_hr1p0_hqtrapezoid_hp1p0_hc1p0_cim1p0_cp1p0_cnm1p0_cd1p0_pg1p0,A35,OK,diagnostic_matched_wigley_sensitivity_not_hard_gate,wigley_iii,Fn0.4,0.4,2.1696064159197173,1.5,2.7120080198996463,-0.2,239.85000000000002,5,6,33,0.44999999999999996,2.55,0.07500000000000001,-0.8656874999999999,0.8656874999999999,0.06862499999999994,0.06862500000000005,pitch,heave_force,1.05,-387.9827526666088,-538.48661972107,-29.098706449995664,-40.38649647908026,-0.016494988669999853,0.007120896431591499,-0.023615885101591357,-0.15902092209179292,0.022708914913589253,-0.18172983700538217,0.0,-0.15902092209179292,2.8655273032856186,1.2164250003755464,0.02446907975957331,0.01235385795640747,0.11268060673276649,0.04950847460573627,4.343962412495172,11408.782845763422,5409.454241459639,7965.616353445803,3381.428215540535,9660.305938680207,4822.928606658734,3.5128608679975324,2.232522257409473,0.005160165786523878,0.0022247311807649713,advance_eq19_20,0.4607796169473349,0.08447258305438063,0.48584136222789204,0.08545654129176895,1.0543898739414543,1.0116482555855417,342.6545414156471,5.748703374963746e-16,a1_station_hull_matched_sweep_free_surface_marching_not_benchmark_validated,41,8,24,10,3.0,2,16,15.0,False,none,0.0,1.0,0.03,1.0,trapezoid,1.0,1.0,-1.0,1.0,-1.0,1.0,1.0,True,False,True,3.0,11,9,40,True,True,True,True,A1_GRID_RECOMMENDED,"A1 Section 3.3 recommends control radius about 3B, inner free-surface panels greater than 10, outer/free-surface proxy panels greater than 8, and roughly 60 stations at Fn=0.2 or 40 at Fn=0.3."
32,st41_bp8_fs24_cp10_r3p0_h2_fsm_clipfs_onezonefs_noend_pr1p0_pl1p0_pf1p0_pm1p0_dt1p0_fv0p03_hr1p0_hqtrapezoid_hp1p0_hc1p0_cim1p0_cp1p0_cnm1p0_cd1p0_pg1p0,A35,OK,diagnostic_matched_wigley_sensitivity_not_hard_gate,wigley_iii,Fn0.4,0.4,2.1696064159197173,1.5,2.7120080198996463,-0.2,239.85000000000002,6,7,32,0.525,2.475,0.07500000000000001,-0.866109375,0.866109375,0.0677812499999999,0.06778125000000006,pitch,heave_force,0.975,-229.80732027776637,-546.0606540582334,-17.23554902083248,-40.954549054367504,-0.009770200139597654,0.007568917781169977,-0.01733911792076763,-0.17215351649659172,0.030053822019969995,-0.20220733851656164,0.0,-0.17215351649659172,2.6172220316289105,1.0974272293425642,0.022806747895005954,0.011418364156262767,0.10492248251490999,0.045362113074844945,2.899585674398384,9120.68794893525,4025.228852587612,7275.375318126543,3050.637233414115,6448.233674750725,2995.998332875712,3.706537059352565,2.4016530120472916,0.005335245656890322,0.0022369551182076456,advance_eq19_20,0.42445382413093113,0.08109673064295828,0.4487143217491896,0.08225537986468648,1.0571569773648095,1.0142872494679145,342.6062403202438,8.335049033387314e-16,a1_station_hull_matched_sweep_free_surface_marching_not_benchmark_validated,41,8,24,10,3.0,2,16,15.0,False,none,0.0,1.0,0.03,1.0,trapezoid,1.0,1.0,-1.0,1.0,-1.0,1.0,1.0,True,False,True,3.0,11,9,40,True,True,True,True,A1_GRID_RECOMMENDED,"A1 Section 3.3 recommends control radius about 3B, inner free-surface panels greater than 10, outer/free-surface proxy panels greater than 8, and roughly 60 stations at Fn=0.2 or 40 at Fn=0.3."
32,st41_bp8_fs24_cp10_r3p0_h2_fsm_clipfs_onezonefs_noend_pr1p0_pl1p0_pf1p0_pm1p0_dt1p0_fv0p03_hr1p0_hqtrapezoid_hp1p0_hc1p0_cim1p0_cp1p0_cnm1p0_cd1p0_pg1p0,A35,OK,diagnostic_matched_wigley_sensitivity_not_hard_gate,wigley_iii,Fn0.4,0.4,2.1696064159197173,1.5,2.7120080198996463,-0.2,239.85000000000002,7,8,31,0.6,2.4,0.07499999999999996,-0.8664999999999999,0.8664999999999998,0.06699999999999995,0.06700000000000006,pitch,heave_force,0.9,-139.38899211158042,-572.3161838353847,-10.454174408368525,-42.923713787653824,-0.005926087770140962,0.007858076506473837,-0.0137841642766148,-0.18000166045146102,0.037767319163791904,-0.21776897961525285,0.0,-0.18000166045146102,2.435222527865119,1.0155309786284958,0.02168744587782848,0.010780247373168338,0.10109214574167898,0.04267189505829493,2.1816656613297476,8243.710458913743,3529.7242168675075,6769.451601455756,2822.9813624594426,4851.689711618071,2138.5513433812007,3.857358190424395,2.530527656795503,0.005729841429150054,0.002355571773758279,advance_eq19_20,0.39004391697192997,0.07774442981436509,0.4135253229732957,0.07905164304072836,1.0602019541380403,1.0168142364602142,342.56168396636383,7.132834157111867e-16,a1_station_hull_matched_sweep_free_surface_marching_not_benchmark_validated,41,8,24,10,3.0,2,16,15.0,False,none,0.0,1.0,0.03,1.0,trapezoid,1.0,1.0,-1.0,1.0,-1.0,1.0,1.0,True,False,True,3.0,11,9,40,True,True,True,True,A1_GRID_RECOMMENDED,"A1 Section 3.3 recommends control radius about 3B, inner free-surface panels greater than 10, outer/free-surface proxy panels greater than 8, and roughly 60 stations at Fn=0.2 or 40 at Fn=0.3."
32,st41_bp8_fs24_cp10_r3p0_h2_fsm_clipfs_onezonefs_noend_pr1p0_pl1p0_pf1p0_pm1p0_dt1p0_fv0p03_hr1p0_hqtrapezoid_hp1p0_hc1p0_cim1p0_cp1p0_cnm1p0_cd1p0_pg1p0,A35,OK,diagnostic_matched_wigley_sensitivity_not_hard_gate,wigley_iii,Fn0.4,0.4,2.1696064159197173,1.5,2.7120080198996463,-0.2,239.85000000000002,8,9,30,0.6749999999999999,2.325,0.07500000000000001,-0.866859375,0.866859375,0.06628124999999993,0.06628125000000007,pitch,heave_force,0.8250000000000001,-82.16475750400555,-605.6486117531182,-6.162356812800417,-45.42364588148387,-0.003493213898779835,0.007957900867056689,-0.011451114765836521,-0.1847113112859214,0.04567530785055717,-0.2303866191364785,0.0,-0.1847113112859214,2.2904638223067906,0.953180847479047,0.020707473113252377,0.010242509115394885,0.09956784593988534,0.040982327810522155,1.7881315093288863,7873.530081337336,3341.0086077900105,6367.050161770666,2649.659955347365,3976.5301350268633,1695.6249499677563,3.962278093951186,2.6195458174308146,0.00621157161906318,0.002526401059646419,advance_eq19_20,0.3575593658383071,0.0744471868093416,0.38028304346068553,0.07587440843777488,1.0635521812415742,1.0191709276011782,342.5212065841895,5.919268388352214e-16,a1_station_hull_matched_sweep_free_surface_marching_not_benchmark_validated,41,8,24,10,3.0,2,16,15.0,False,none,0.0,1.0,0.03,1.0,trapezoid,1.0,1.0,-1.0,1.0,-1.0,1.0,1.0,True,False,True,3.0,11,9,40,True,True,True,True,A1_GRID_RECOMMENDED,"A1 Section 3.3 recommends control radius about 3B, inner free-surface panels greater than 10, outer/free-surface proxy panels greater than 8, and roughly 60 stations at Fn=0.2 or 40 at Fn=0.3."
32,st41_bp8_fs24_cp10_r3p0_h2_fsm_clipfs_onezonefs_noend_pr1p0_pl1p0_pf1p0_pm1p0_dt1p0_fv0p03_hr1p0_hqtrapezoid_hp1p0_hc1p0_cim1p0_cp1p0_cnm1p0_cd1p0_pg1p0,A35,OK,diagnostic_matched_wigley_sensitivity_not_hard_gate,wigley_iii,Fn0.4,0.4,2.1696064159197173,1.5,2.7120080198996463,-0.2,239.85000000000002,9,10,29,0.75,2.25,0.07500000000000001,-0.8671874999999999,0.8671874999999999,0.06562499999999982,0.0656250000000001,pitch,heave_force,0.75,-45.17321812328501,-641.3112299924201,-3.387991359246376,-48.09834224943151,-0.00192052795133217,0.007856305957505519,-0.00977683390883769,-0.1874181822109774,0.05358241126283828,-0.2410005934738156,0.0,-0.1874181822109774,2.169051272569281,0.9023667214021249,0.019745460628180427,0.009740316575521468,0.09933341831943511,0.03997814401048693,1.569907742887828,7711.5007831936555,3270.3549799353864,6029.54655795096,2508.4064299664406,3491.2339591557607,1467.5050393289823,4.022271915667951,2.670378517409248,0.006689549467315675,0.002707592270069545,advance_eq19_20,0.32699919187972115,0.07123235464976849,0.3489873007985424,0.07275430789367648,1.0672420894755883,1.021366038668679,342.4849787194831,4.479231004017619e-16,a1_station_hull_matched_sweep_free_surface_marching_not_benchmark_validated,41,8,24,10,3.0,2,16,15.0,False,none,0.0,1.0,0.03,1.0,trapezoid,1.0,1.0,-1.0,1.0,-1.0,1.0,1.0,True,False,True,3.0,11,9,40,True,True,True,True,A1_GRID_RECOMMENDED,"A1 Section 3.3 recommends control radius about 3B, inner free-surface panels greater than 10, outer/free-surface proxy panels greater than 8, and roughly 60 stations at Fn=0.2 or 40 at Fn=0.3."
32,st41_bp8_fs24_cp10_r3p0_h2_fsm_clipfs_onezonefs_noend_pr1p0_pl1p0_pf1p0_pm1p0_dt1p0_fv0p03_hr1p0_hqtrapezoid_hp1p0_hc1p0_cim1p0_cp1p0_cnm1p0_cd1p0_pg1p0,A35,OK,diagnostic_matched_wigley_sensitivity_not_hard_gate,wigley_iii,Fn0.4,0.4,2.1696064159197173,1.5,2.7120080198996463,-0.2,239.85000000000002,10,11,28,0.825,2.175,0.07499999999999996,-0.8674843749999999,0.8674843749999999,0.06503124999999987,0.0650312500000001,pitch,heave_force,0.675,-22.44294509554827,-676.8544538646797,-1.6832208821661194,-50.76408403985095,-0.0009541561384575373,0.007551378351594491,-0.008505534490052027,-0.18885552425587224,0.061286253417388276,-0.25014177767326046,0.0,-0.18885552425587224,2.0636544741034384,0.8590390198418223,0.018771892406734565,0.009254862988368421,0.09968804921806505,0.03941783410244508,1.455847542918199,7642.4963390446255,3248.50704925696,5736.563671172069,2387.9637289981974,3237.5815739591867,1361.0665992470313,4.040432712582835,2.685529540859644,0.007114365652805566,0.0028744892216405575,advance_eq19_20,0.298346205423043,0.0681207882634113,0.3196218491034856,0.06971817649810569,1.0713119298778229,1.0234493504173436,342.4529909421924,4.921131072195286e-16,a1_station_hull_matched_sweep_free_surface_marching_not_benchmark_validated,41,8,24,10,3.0,2,16,15.0,False,none,0.0,1.0,0.03,1.0,trapezoid,1.0,1.0,-1.0,1.0,-1.0,1.0,1.0,True,False,True,3.0,11,9,40,True,True,True,True,A1_GRID_RECOMMENDED,"A1 Section 3.3 recommends control radius about 3B, inner free-surface panels greater than 10, outer/free-surface proxy panels greater than 8, and roughly 60 stations at Fn=0.2 or 40 at Fn=0.3."
32,st41_bp8_fs24_cp10_r3p0_h2_fsm_clipfs_onezonefs_noend_pr1p0_pl1p0_pf1p0_pm1p0_dt1p0_fv0p03_hr1p0_hqtrapezoid_hp1p0_hc1p0_cim1p0_cp1p0_cnm1p0_cd1p0_pg1p0,A35,OK,diagnostic_matched_wigley_sensitivity_not_hard_gate,wigley_iii,Fn0.4,0.4,2.1696064159197173,1.5,2.7120080198996463,-0.2,239.85000000000002,11,12,27,0.8999999999999999,2.1,0.07500000000000001,-0.8677499999999999,0.8677499999999999,0.06449999999999989,0.0645,pitch,heave_force,0.6000000000000001,-10.769255383026213,-710.7683158550327,-0.8076941537269661,-53.30762368912746,-0.00045785217076387984,0.007048060660541127,-0.007505912831305006,-0.18956152841048296,0.06858597292345608,-0.258147501333939,0.0,-0.18956152841048296,1.9702254186370673,0.8210468977082294,0.017791349050319705,0.008785318372624203,0.100170860107935,0.039120507381760504,1.4053130833902183,7616.847699225723,3247.440457323036,5476.848814762711,2282.352915580904,3125.2006891518217,1324.341960725799,4.021203137920158,2.6684194523661473,0.007464282563548325,0.003015169021504436,advance_eq19_20,0.27156145708253737,0.06512572000335047,0.29214818617268895,0.0667866938378567,1.0758087296751193,1.0255041147248856,342.4251138934239,3.459502276386536e-16,a1_station_hull_matched_sweep_free_surface_marching_not_benchmark_validated,41,8,24,10,3.0,2,16,15.0,False,none,0.0,1.0,0.03,1.0,trapezoid,1.0,1.0,-1.0,1.0,-1.0,1.0,1.0,True,False,True,3.0,11,9,40,True,True,True,True,A1_GRID_RECOMMENDED,"A1 Section 3.3 recommends control radius about 3B, inner free-surface panels greater than 10, outer/free-surface proxy panels greater than 8, and roughly 60 stations at Fn=0.2 or 40 at Fn=0.3."
32,st41_bp8_fs24_cp10_r3p0_h2_fsm_clipfs_onezonefs_noend_pr1p0_pl1p0_pf1p0_pm1p0_dt1p0_fv0p03_hr1p0_hqtrapezoid_hp1p0_hc1p0_cim1p0_cp1p0_cnm1p0_cd1p0_pg1p0,A35,OK,diagnostic_matched_wigley_sensitivity_not_hard_gate,wigley_iii,Fn0.4,0.4,2.1696064159197173,1.5,2.7120080198996463,-0.2,239.85000000000002,12,13,26,0.975,2.025,0.07500000000000007,-0.8679843749999999,0.8679843749999999,0.06403124999999998,0.0640312500000001,pitch,heave_force,0.525,-8.182255151454584,-741.9837238633038,-0.6136691363590944,-55.648779289747836,-0.00034786650976278586,0.0063565429078348,-0.006704409417597586,-0.1899643877507463,0.07528827470764407,-0.2652526624583903,0.0,-0.1899643877507463,1.8865362407764872,0.7872509970625139,0.016822366671530864,0.00833857415809602,0.10050901155333611,0.03896114714103602,1.3927736580492651,7611.119851987829,3254.82941610695,5244.208950187593,2188.406793150219,3097.3149310383515,1326.1079884583203,3.970082334264151,2.623617737592682,0.007733938399311927,0.0031255914897696684,advance_eq19_20,0.2465798956290543,0.062251877350900355,0.26650066246747345,0.06397286540700414,1.0807882848177826,1.0276455607339028,342.4011560901492,4.1762191494757686e-16,a1_station_hull_matched_sweep_free_surface_marching_not_benchmark_validated,41,8,24,10,3.0,2,16,15.0,False,none,0.0,1.0,0.03,1.0,trapezoid,1.0,1.0,-1.0,1.0,-1.0,1.0,1.0,True,False,True,3.0,11,9,40,True,True,True,True,A1_GRID_RECOMMENDED,"A1 Section 3.3 recommends control radius about 3B, inner free-surface panels greater than 10, outer/free-surface proxy panels greater than 8, and roughly 60 stations at Fn=0.2 or 40 at Fn=0.3."
32,st41_bp8_fs24_cp10_r3p0_h2_fsm_clipfs_onezonefs_noend_pr1p0_pl1p0_pf1p0_pm1p0_dt1p0_fv0p03_hr1p0_hqtrapezoid_hp1p0_hc1p0_cim1p0_cp1p0_cnm1p0_cd1p0_pg1p0,A35,OK,diagnostic_matched_wigley_sensitivity_not_hard_gate,wigley_iii,Fn0.4,0.4,2.1696064159197173,1.5,2.7120080198996463,-0.2,239.85000000000002,13,14,25,1.05,1.95,0.07500000000000001,-0.8681874999999999,0.8681874999999999,0.06362499999999982,0.0636250000000001,pitch,heave_force,0.44999999999999996,-13.299790820657147,-769.6648286599423,-0.9974843115492862,-57.72486214949568,-0.0005654372453216226,0.0054913441845681294,-0.0060567814298897495,-0.1904210396282885,0.08121221825384553,-0.271633257882134,0.0,-0.1904210396282885,1.8114452311309317,0.7570938590059657,0.01588961610862929,0.00792513631922438,0.10056957606866676,0.03886381979433632,1.4016993416754668,7613.413593613101,3264.876560892078,5035.470344296957,2104.575732876975,3117.164282011775,1347.488087840523,3.8936405843698827,2.5571161861246248,0.007927197620672788,0.003206263025837327,advance_eq19_20,0.22330901438197015,0.05949444349953805,0.2425844404211654,0.061280538627285976,1.0863172769471126,1.0300212090858836,342.3809050598612,3.2656085033997866e-16,a1_station_hull_matched_sweep_free_surface_marching_not_benchmark_validated,41,8,24,10,3.0,2,16,15.0,False,none,0.0,1.0,0.03,1.0,trapezoid,1.0,1.0,-1.0,1.0,-1.0,1.0,1.0,True,False,True,3.0,11,9,40,True,True,True,True,A1_GRID_RECOMMENDED,"A1 Section 3.3 recommends control radius about 3B, inner free-surface panels greater than 10, outer/free-surface proxy panels greater than 8, and roughly 60 stations at Fn=0.2 or 40 at Fn=0.3."
32,st41_bp8_fs24_cp10_r3p0_h2_fsm_clipfs_onezonefs_noend_pr1p0_pl1p0_pf1p0_pm1p0_dt1p0_fv0p03_hr1p0_hqtrapezoid_hp1p0_hc1p0_cim1p0_cp1p0_cnm1p0_cd1p0_pg1p0,A35,OK,diagnostic_matched_wigley_sensitivity_not_hard_gate,wigley_iii,Fn0.4,0.4,2.1696064159197173,1.5,2.7120080198996463,-0.2,239.85000000000002,14,15,24,1.125,1.875,0.07499999999999996,-0.8683593749999999,0.8683593749999999,0.06328124999999996,0.06328125000000007,pitch,heave_force,0.375,-25.0231778652632,-793.1176637471683,-1.8767383398947388,-59.48382478103759,-0.001063854082528217,0.004470693603279243,-0.005534547685807461,-0.1912356852922134,0.0861932371477692,-0.2774289224399826,0.0,-0.1912356852922134,1.7444865411567667,0.7303686934459207,0.015020443965235006,0.007557195273518504,0.10031793924455358,0.03879224509274682,1.421346106639533,7617.304250543861,3274.716340542338,4849.33802747975,2030.2848979616872,3160.855673012832,1377.155948382833,3.7997575077987213,2.4765636005137233,0.008052763536657534,0.00326013561389407,advance_eq19_20,0.20163227744401474,0.056837948080195135,0.22027812834293684,0.05870281621521666,1.092474534014522,1.0328102649376136,342.3641533741088,2.5394490553018163e-16,a1_station_hull_matched_sweep_free_surface_marching_not_benchmark_validated,41,8,24,10,3.0,2,16,15.0,False,none,0.0,1.0,0.03,1.0,trapezoid,1.0,1.0,-1.0,1.0,-1.0,1.0,1.0,True,False,True,3.0,11,9,40,True,True,True,True,A1_GRID_RECOMMENDED,"A1 Section 3.3 recommends control radius about 3B, inner free-surface panels greater than 10, outer/free-surface proxy panels greater than 8, and roughly 60 stations at Fn=0.2 or 40 at Fn=0.3."
32,st41_bp8_fs24_cp10_r3p0_h2_fsm_clipfs_onezonefs_noend_pr1p0_pl1p0_pf1p0_pm1p0_dt1p0_fv0p03_hr1p0_hqtrapezoid_hp1p0_hc1p0_cim1p0_cp1p0_cnm1p0_cd1p0_pg1p0,A35,OK,diagnostic_matched_wigley_sensitivity_not_hard_gate,wigley_iii,Fn0.4,0.4,2.1696064159197173,1.5,2.7120080198996463,-0.2,239.85000000000002,15,16,23,1.2,1.8,0.07499999999999996,-0.8684999999999999,0.8684999999999998,0.06299999999999994,0.06300000000000008,pitch,heave_force,0.30000000000000004,-42.38293811217163,-811.7511933142866,-3.1787203584128703,-60.881339498571464,-0.0018018999018812392,0.0033160371448520895,-0.005117937046733329,-0.19266856228441814,0.09008660252183487,-0.28275516480625296,0.0,-0.19266856228441814,1.6856133494780772,0.7070802564134023,0.014242791416528514,0.00724729452456475,0.09978384060801035,0.0387390947683298,1.4447147777018436,7619.139460622888,3282.888501104557,4685.681845290312,1965.5475092584916,3212.824012147847,1408.3025552982124,3.6979396616294413,2.391340678990961,0.008121344818121675,0.003291252629124174,advance_eq19_20,0.1814181519786536,0.05425563955527875,0.19944215100389445,0.05622077341871482,1.0993505822248792,1.0362199004480241,342.35071396278477,2.9701481074330295e-16,a1_station_hull_matched_sweep_free_surface_marching_not_benchmark_validated,41,8,24,10,3.0,2,16,15.0,False,none,0.0,1.0,0.03,1.0,trapezoid,1.0,1.0,-1.0,1.0,-1.0,1.0,1.0,True,False,True,3.0,11,9,40,True,True,True,True,A1_GRID_RECOMMENDED,"A1 Section 3.3 recommends control radius about 3B, inner free-surface panels greater than 10, outer/free-surface proxy panels greater than 8, and roughly 60 stations at Fn=0.2 or 40 at Fn=0.3."
32,st41_bp8_fs24_cp10_r3p0_h2_fsm_clipfs_onezonefs_noend_pr1p0_pl1p0_pf1p0_pm1p0_dt1p0_fv0p03_hr1p0_hqtrapezoid_hp1p0_hc1p0_cim1p0_cp1p0_cnm1p0_cd1p0_pg1p0,A35,OK,diagnostic_matched_wigley_sensitivity_not_hard_gate,wigley_iii,Fn0.4,0.4,2.1696064159197173,1.5,2.7120080198996463,-0.2,239.85000000000002,16,17,22,1.275,1.725,0.07499999999999996,-0.8686093749999999,0.8686093749999999,0.0627812499999999,0.06278125000000001,pitch,heave_force,0.2250000000000001,-64.45701517818208,-825.0640839070786,-4.834276138363653,-61.87980629303086,-0.0027403737092914996,0.002051585411044753,-0.004791959120336252,-0.1949396990900045,0.0927704137997833,-0.28771011288978776,0.0,-0.1949396990900045,1.6350163666119466,0.6873502793046524,0.01358314232020796,0.007006915173908107,0.09903381972165567,0.03871513456867474,1.4672114159274723,7616.7558424393965,3288.6449805822253,4545.03193639175,1910.7019567033415,3262.853084044569,1436.7847688163981,3.5994494408464126,2.312279747158847,0.008143680278779973,0.003303830186702787,advance_eq19_20,0.16253380250545332,0.051710157980913614,0.1799322503777287,0.053803263104009146,1.1070451044895206,1.0404776393038309,342.34042855322906,4.588281695670407e-16,a1_station_hull_matched_sweep_free_surface_marching_not_benchmark_validated,41,8,24,10,3.0,2,16,15.0,False,none,0.0,1.0,0.03,1.0,trapezoid,1.0,1.0,-1.0,1.0,-1.0,1.0,1.0,True,False,True,3.0,11,9,40,True,True,True,True,A1_GRID_RECOMMENDED,"A1 Section 3.3 recommends control radius about 3B, inner free-surface panels greater than 10, outer/free-surface proxy panels greater than 8, and roughly 60 stations at Fn=0.2 or 40 at Fn=0.3."
32,st41_bp8_fs24_cp10_r3p0_h2_fsm_clipfs_onezonefs_noend_pr1p0_pl1p0_pf1p0_pm1p0_dt1p0_fv0p03_hr1p0_hqtrapezoid_hp1p0_hc1p0_cim1p0_cp1p0_cnm1p0_cd1p0_pg1p0,A35,OK,diagnostic_matched_wigley_sensitivity_not_hard_gate,wigley_iii,Fn0.4,0.4,2.1696064159197173,1.5,2.7120080198996463,-0.2,239.85000000000002,17,18,21,1.3499999999999999,1.6500000000000001,0.07500000000000007,-0.8686874999999998,0.8686875,0.0626249999999999,0.06262500000000004,pitch,heave_force,0.15000000000000013,-90.32803057068669,-832.6440247909168,-6.774602292801508,-62.44830185931881,-0.003840273390006055,0.0007038586526384722,-0.004544132042644528,-0.19823002263965328,0.09414813583162492,-0.2923781584712782,0.0,-0.19823002263965328,1.5929808358868,0.6713454194694641,0.013063896499865415,0.006844781024349382,0.09814843128242629,0.038738891175693055,1.4857891746921066,7608.832415174808,3291.6148466366753,4428.1812225332305,1866.211515767181,3304.167169268957,1460.0431179733748,3.516866656630029,2.250778162248123,0.00812909445630282,0.0033015994503112333,advance_eq19_20,0.1448606053362505,0.04915618714586873,0.16161555160487248,0.051408600132872524,1.1156625448977684,1.0458215561007582,342.3331719804855,3.332683048148926e-16,a1_station_hull_matched_sweep_free_surface_marching_not_benchmark_validated,41,8,24,10,3.0,2,16,15.0,False,none,0.0,1.0,0.03,1.0,trapezoid,1.0,1.0,-1.0,1.0,-1.0,1.0,1.0,True,False,True,3.0,11,9,40,True,True,True,True,A1_GRID_RECOMMENDED,"A1 Section 3.3 recommends control radius about 3B, inner free-surface panels greater than 10, outer/free-surface proxy panels greater than 8, and roughly 60 stations at Fn=0.2 or 40 at Fn=0.3."
32,st41_bp8_fs24_cp10_r3p0_h2_fsm_clipfs_onezonefs_noend_pr1p0_pl1p0_pf1p0_pm1p0_dt1p0_fv0p03_hr1p0_hqtrapezoid_hp1p0_hc1p0_cim1p0_cp1p0_cnm1p0_cd1p0_pg1p0,A35,OK,diagnostic_matched_wigley_sensitivity_not_hard_gate,wigley_iii,Fn0.4,0.4,2.1696064159197173,1.5,2.7120080198996463,-0.2,239.85000000000002,18,19,20,1.425,1.575,0.07500000000000007,-0.8687343749999998,0.868734375,0.06253124999999993,0.06253125000000004,pitch,heave_force,0.07499999999999996,-119.06133941418773,-834.174360446841,-8.929600456064087,-62.56307703351313,-0.005061862753367326,-0.0006987874082100008,-0.004363075345157325,-0.20268109071133997,0.09415067145383915,-0.29683176216517915,0.0,-0.20268109071133997,1.5597660371689452,0.6592181944318042,0.012699659511947667,0.006764922576966237,0.0972026170771104,0.038827128836164064,1.4984157708823147,7594.556677181549,3291.6382974904855,4335.850452018501,1832.5001559168877,3332.2467819770977,1476.4870336640595,3.462734111982618,2.217145827985454,0.008087757967216365,0.003288659768710076,advance_eq19_20,0.1283075445925223,0.046545182227804065,0.144385311338825,0.04898844896586683,1.125306479812721,1.0524923659360659,342.3288541718238,4.473116037410089e-16,a1_station_hull_matched_sweep_free_surface_marching_not_benchmark_validated,41,8,24,10,3.0,2,16,15.0,False,none,0.0,1.0,0.03,1.0,trapezoid,1.0,1.0,-1.0,1.0,-1.0,1.0,1.0,True,False,True,3.0,11,9,40,True,True,True,True,A1_GRID_RECOMMENDED,"A1 Section 3.3 recommends control radius about 3B, inner free-surface panels greater than 10, outer/free-surface proxy panels greater than 8, and roughly 60 stations at Fn=0.2 or 40 at Fn=0.3."
32,st41_bp8_fs24_cp10_r3p0_h2_fsm_clipfs_onezonefs_noend_pr1p0_pl1p0_pf1p0_pm1p0_dt1p0_fv0p03_hr1p0_hqtrapezoid_hp1p0_hc1p0_cim1p0_cp1p0_cnm1p0_cd1p0_pg1p0,A35,OK,diagnostic_matched_wigley_sensitivity_not_hard_gate,wigley_iii,Fn0.4,0.4,2.1696064159197173,1.5,2.7120080198996463,-0.2,239.85000000000002,19,20,19,1.5,1.5,0.07499999999999996,-0.8687499999999999,0.8687499999999999,0.062499999999999944,0.06250000000000003,pitch,heave_force,0.0,-148.93645578619555,-830.0968132250703,-11.17023418396466,-62.25726099188023,-0.0063319957752200895,-0.0021266753405525937,-0.004205320434667496,-0.20837801997563368,0.09273794007945785,-0.30111596005509156,0.0,-0.20837801997563368,1.5355052496512043,0.6510591611521523,0.012494182601928564,0.0067652166412858665,0.0962507810030983,0.03898726166150828,1.5053032657718863,7577.9524294784815,3290.282689216008,4268.4101154433765,1809.8196081356177,3347.5635139066776,1486.5757624362416,3.4472733963218967,2.2184247394561583,0.008028918732075853,0.0032687208502005585,advance_eq19_20,0.11281890526704964,0.043831466780961545,0.12817052960938652,0.04649345665818977,1.1360731546366152,1.0607323932491457,342.3274209292955,3.0889300751079376e-16,a1_station_hull_matched_sweep_free_surface_marching_not_benchmark_validated,41,8,24,10,3.0,2,16,15.0,False,none,0.0,1.0,0.03,1.0,trapezoid,1.0,1.0,-1.0,1.0,-1.0,1.0,1.0,True,False,True,3.0,11,9,40,True,True,True,True,A1_GRID_RECOMMENDED,"A1 Section 3.3 recommends control radius about 3B, inner free-surface panels greater than 10, outer/free-surface proxy panels greater than 8, and roughly 60 stations at Fn=0.2 or 40 at Fn=0.3."
32,st41_bp8_fs24_cp10_r3p0_h2_fsm_clipfs_onezonefs_noend_pr1p0_pl1p0_pf1p0_pm1p0_dt1p0_fv0p03_hr1p0_hqtrapezoid_hp1p0_hc1p0_cim1p0_cp1p0_cnm1p0_cd1p0_pg1p0,A35,OK,diagnostic_matched_wigley_sensitivity_not_hard_gate,wigley_iii,Fn0.4,0.4,2.1696064159197173,1.5,2.7120080198996463,-0.2,239.85000000000002,20,21,18,1.575,1.425,0.07499999999999996,-0.8687343749999998,0.868734375,0.06253124999999993,0.06253125000000004,pitch,heave_force,-0.07499999999999996,-178.77457395324518,-820.8852578081969,-13.40809304649338,-61.56639433561473,-0.00760055582774007,-0.003554539570586936,-0.004046016257153135,-0.21534429577711378,0.08989733262388808,-0.3052416284010019,0.0,-0.21534429577711378,1.520688692366624,0.6470329526562154,0.01245035552467971,0.006844259894089299,0.09539416961803658,0.03924984324168891,1.5070312327243585,7562.651920761391,3288.8671778058765,4227.222927705716,1798.6275206615796,3351.4062472979226,1490.869332823724,3.472783028052927,2.251856362858284,0.007952891037797416,0.003241798859212984,advance_eq19_20,0.09866096459417328,0.04110522318011368,0.11326351668002803,0.04399844701218785,1.1480073922439347,1.0703857954838667,342.32885417182297,4.864745054819926e-16,a1_station_hull_matched_sweep_free_surface_marching_not_benchmark_validated,41,8,24,10,3.0,2,16,15.0,False,none,0.0,1.0,0.03,1.0,trapezoid,1.0,1.0,-1.0,1.0,-1.0,1.0,1.0,True,False,True,3.0,11,9,40,True,True,True,True,A1_GRID_RECOMMENDED,"A1 Section 3.3 recommends control radius about 3B, inner free-surface panels greater than 10, outer/free-surface proxy panels greater than 8, and roughly 60 stations at Fn=0.2 or 40 at Fn=0.3."
32,st41_bp8_fs24_cp10_r3p0_h2_fsm_clipfs_onezonefs_noend_pr1p0_pl1p0_pf1p0_pm1p0_dt1p0_fv0p03_hr1p0_hqtrapezoid_hp1p0_hc1p0_cim1p0_cp1p0_cnm1p0_cd1p0_pg1p0,A35,OK,diagnostic_matched_wigley_sensitivity_not_hard_gate,wigley_iii,Fn0.4,0.4,2.1696064159197173,1.5,2.7120080198996463,-0.2,239.85000000000002,21,22,17,1.65,1.35,0.07499999999999996,-0.8686874999999998,0.8686875,0.0626249999999999,0.06262500000000004,pitch,heave_force,-0.1499999999999999,-209.00209395058312,-805.6230020557225,-15.675157046293725,-60.42172515417915,-0.008885671200656479,-0.004955018084727157,-0.003930653115929321,-0.22358740929131204,0.08564255379623102,-0.3092299630875431,0.0,-0.22358740929131204,1.5153313822390448,0.6471230561675511,0.012558568908517458,0.006994284986007224,0.09467022912129099,0.039616877745408736,1.5009618269743525,7542.561255042448,3285.3220761991747,4212.330632973853,1798.877991143077,3337.908820100489,1487.0894232216967,3.533146561372913,2.3095250983785776,0.007852446675622843,0.0032047818141382528,advance_eq19_20,0.08598439577434645,0.038462363221683164,0.09984526794528734,0.04158576428519917,1.1612021814669342,1.0812066862744196,342.3331719804855,2.5073980660249485e-16,a1_station_hull_matched_sweep_free_surface_marching_not_benchmark_validated,41,8,24,10,3.0,2,16,15.0,False,none,0.0,1.0,0.03,1.0,trapezoid,1.0,1.0,-1.0,1.0,-1.0,1.0,1.0,True,False,True,3.0,11,9,40,True,True,True,True,A1_GRID_RECOMMENDED,"A1 Section 3.3 recommends control radius about 3B, inner free-surface panels greater than 10, outer/free-surface proxy panels greater than 8, and roughly 60 stations at Fn=0.2 or 40 at Fn=0.3."
32,st41_bp8_fs24_cp10_r3p0_h2_fsm_clipfs_onezonefs_noend_pr1p0_pl1p0_pf1p0_pm1p0_dt1p0_fv0p03_hr1p0_hqtrapezoid_hp1p0_hc1p0_cim1p0_cp1p0_cnm1p0_cd1p0_pg1p0,A35,OK,diagnostic_matched_wigley_sensitivity_not_hard_gate,wigley_iii,Fn0.4,0.4,2.1696064159197173,1.5,2.7120080198996463,-0.2,239.85000000000002,22,23,16,1.7249999999999999,1.2750000000000001,0.07499999999999996,-0.8686093749999999,0.8686093749999999,0.0627812499999999,0.06278125000000001,pitch,heave_force,-0.22499999999999987,-239.34898852683278,-783.5844347069665,-17.95117413951245,-58.76883260302245,-0.010175861753624322,-0.006294894419569582,-0.0038809673340547395,-0.23311817576845245,0.08001759754408265,-0.31313577331253517,0.0,-0.23311817576845245,1.518527901261053,0.6509915751925177,0.012783549877969026,0.007193658598266118,0.09397742572112505,0.040024605661160735,1.4847302687555861,7512.366438630969,3278.0114527703504,4221.216342827888,1809.6317321294418,3301.812324927384,1473.5078301210701,3.620802124813391,2.38577081145531,0.0077179872219872115,0.0031535787673010215,advance_eq19_20,0.07460983851188537,0.03588005973598443,0.08773105296445609,0.03922816611536636,1.1758643995788909,1.093313846298424,342.34042855322906,3.615605119473787e-16,a1_station_hull_matched_sweep_free_surface_marching_not_benchmark_validated,41,8,24,10,3.0,2,16,15.0,False,none,0.0,1.0,0.03,1.0,trapezoid,1.0,1.0,-1.0,1.0,-1.0,1.0,1.0,True,False,True,3.0,11,9,40,True,True,True,True,A1_GRID_RECOMMENDED,"A1 Section 3.3 recommends control radius about 3B, inner free-surface panels greater than 10, outer/free-surface proxy panels greater than 8, and roughly 60 stations at Fn=0.2 or 40 at Fn=0.3."
32,st41_bp8_fs24_cp10_r3p0_h2_fsm_clipfs_onezonefs_noend_pr1p0_pl1p0_pf1p0_pm1p0_dt1p0_fv0p03_hr1p0_hqtrapezoid_hp1p0_hc1p0_cim1p0_cp1p0_cnm1p0_cd1p0_pg1p0,A35,OK,diagnostic_matched_wigley_sensitivity_not_hard_gate,wigley_iii,Fn0.4,0.4,2.1696064159197173,1.5,2.7120080198996463,-0.2,239.85000000000002,23,24,15,1.7999999999999998,1.2000000000000002,0.07500000000000007,-0.8684999999999999,0.8684999999999998,0.06299999999999994,0.06300000000000008,pitch,heave_force,-0.2999999999999998,-268.5898056827966,-754.9616465049622,-20.144235426209764,-56.622123487872216,-0.011419027704621188,-0.007541845606188022,-0.0038771820984331677,-0.2439156204975752,0.07309922753120385,-0.3170148480287791,0.0,-0.2439156204975752,1.5291397832096605,0.6581939829689751,0.013079308646450115,0.007416329253278931,0.09317315968938938,0.04039074621419058,1.4581234609003444,7471.991040013192,3267.1511905492084,4250.715339502511,1829.6530444730909,3242.642866371761,1450.303004687617,3.726452296672879,2.4738072757734537,0.007538872754471843,0.003083686988879457,advance_eq19_20,0.06438598494443291,0.0333388391981924,0.07676447743585368,0.0369011061420236,1.1922544557189547,1.1068503592057979,342.35071396278477,3.897909971931671e-16,a1_station_hull_matched_sweep_free_surface_marching_not_benchmark_validated,41,8,24,10,3.0,2,16,15.0,False,none,0.0,1.0,0.03,1.0,trapezoid,1.0,1.0,-1.0,1.0,-1.0,1.0,1.0,True,False,True,3.0,11,9,40,True,True,True,True,A1_GRID_RECOMMENDED,"A1 Section 3.3 recommends control radius about 3B, inner free-surface panels greater than 10, outer/free-surface proxy panels greater than 8, and roughly 60 stations at Fn=0.2 or 40 at Fn=0.3."
32,st41_bp8_fs24_cp10_r3p0_h2_fsm_clipfs_onezonefs_noend_pr1p0_pl1p0_pf1p0_pm1p0_dt1p0_fv0p03_hr1p0_hqtrapezoid_hp1p0_hc1p0_cim1p0_cp1p0_cnm1p0_cd1p0_pg1p0,A35,OK,diagnostic_matched_wigley_sensitivity_not_hard_gate,wigley_iii,Fn0.4,0.4,2.1696064159197173,1.5,2.7120080198996463,-0.2,239.85000000000002,24,25,14,1.875,1.125,0.07500000000000007,-0.8683593749999999,0.8683593749999999,0.06328124999999996,0.06328125000000007,pitch,heave_force,-0.375,-295.568551490269,-720.0972261885967,-22.167641361770194,-54.0072919641448,-0.012566022263957853,-0.00866507361042278,-0.0039009486535350746,-0.25590814548186475,0.06499576792289845,-0.32090391340476315,0.0,-0.25590814548186475,1.5458350227169688,0.6682038423657366,0.01339480421264274,0.007634552637000463,0.09208983143106536,0.04062243319366931,1.4212998038467297,7421.482828396627,3252.9921704297917,4297.124903526425,1857.4785339092277,3160.752702705583,1417.9157388920617,3.83994058756974,2.5663913589048275,0.00730494285605615,0.0029908337822104514,advance_eq19_20,0.05518579010229109,0.030822711573536613,0.0668138750097917,0.034583017336332865,1.2107079537313332,1.1219978895699991,342.3641533741088,2.8456332203004817e-16,a1_station_hull_matched_sweep_free_surface_marching_not_benchmark_validated,41,8,24,10,3.0,2,16,15.0,False,none,0.0,1.0,0.03,1.0,trapezoid,1.0,1.0,-1.0,1.0,-1.0,1.0,1.0,True,False,True,3.0,11,9,40,True,True,True,True,A1_GRID_RECOMMENDED,"A1 Section 3.3 recommends control radius about 3B, inner free-surface panels greater than 10, outer/free-surface proxy panels greater than 8, and roughly 60 stations at Fn=0.2 or 40 at Fn=0.3."
32,st41_bp8_fs24_cp10_r3p0_h2_fsm_clipfs_onezonefs_noend_pr1p0_pl1p0_pf1p0_pm1p0_dt1p0_fv0p03_hr1p0_hqtrapezoid_hp1p0_hc1p0_cim1p0_cp1p0_cnm1p0_cd1p0_pg1p0,A35,OK,diagnostic_matched_wigley_sensitivity_not_hard_gate,wigley_iii,Fn0.4,0.4,2.1696064159197173,1.5,2.7120080198996463,-0.2,239.85000000000002,25,26,13,1.95,1.05,0.07499999999999996,-0.8681874999999999,0.8681874999999999,0.0636249999999999,0.06362500000000004,pitch,heave_force,-0.44999999999999996,-319.2001096234112,-679.490701486064,-23.940008221755825,-50.96180261145477,-0.013570711985295983,-0.009635940677761762,-0.003934771307534218,-0.26897651260649164,0.05584526077880617,-0.3248217733852979,0.0,-0.26897651260649164,1.567151199916421,0.6804479861405475,0.013678004476335565,0.007820612922475809,0.09055247559953547,0.04062366177125614,1.374754764612405,7361.025945361375,3235.859742010458,4356.379788132905,1891.5149054261715,3057.243676559756,1377.0685882767004,3.950958680766411,2.6563124012645654,0.00700813483694535,0.002871653896132845,advance_eq19_20,0.046903184037037006,0.028319259184251,0.05776917274487264,0.0322555468303005,1.2316684662443242,1.1389968438241689,342.3809050598591,4.564085712520858e-16,a1_station_hull_matched_sweep_free_surface_marching_not_benchmark_validated,41,8,24,10,3.0,2,16,15.0,False,none,0.0,1.0,0.03,1.0,trapezoid,1.0,1.0,-1.0,1.0,-1.0,1.0,1.0,True,False,True,3.0,11,9,40,True,True,True,True,A1_GRID_RECOMMENDED,"A1 Section 3.3 recommends control radius about 3B, inner free-surface panels greater than 10, outer/free-surface proxy panels greater than 8, and roughly 60 stations at Fn=0.2 or 40 at Fn=0.3."
32,st41_bp8_fs24_cp10_r3p0_h2_fsm_clipfs_onezonefs_noend_pr1p0_pl1p0_pf1p0_pm1p0_dt1p0_fv0p03_hr1p0_hqtrapezoid_hp1p0_hc1p0_cim1p0_cp1p0_cnm1p0_cd1p0_pg1p0,A35,OK,diagnostic_matched_wigley_sensitivity_not_hard_gate,wigley_iii,Fn0.4,0.4,2.1696064159197173,1.5,2.7120080198996463,-0.2,239.85000000000002,26,27,12,2.025,0.9750000000000001,0.07500000000000007,-0.8679843749999999,0.8679843749999999,0.06403124999999998,0.0640312500000001,pitch,heave_force,-0.5249999999999999,-338.4687826244773,-633.8136571634052,-25.38515869683582,-47.53602428725543,-0.014389914747929198,-0.010428626956789616,-0.003961287791139582,-0.2829568259731043,0.04581297696153049,-0.3287698029346348,0.0,-0.2829568259731043,1.5915712127922772,0.6943481183444826,0.013877714170653758,0.007947480154389902,0.08839531412239003,0.04030129897445377,1.3193656955441144,7291.025914167991,3216.2299094129457,4424.262740667415,1930.1546071912776,2934.066884946813,1328.856315466819,4.049511631927369,2.7366808941248677,0.006644197427850022,0.002724404747748257,advance_eq19_20,0.039450236305352146,0.025819708115518095,0.04953919145049565,0.02990376142047114,1.2557387759873762,1.158175812316734,342.4011560901492,3.338982600523834e-16,a1_station_hull_matched_sweep_free_surface_marching_not_benchmark_validated,41,8,24,10,3.0,2,16,15.0,False,none,0.0,1.0,0.03,1.0,trapezoid,1.0,1.0,-1.0,1.0,-1.0,1.0,1.0,True,False,True,3.0,11,9,40,True,True,True,True,A1_GRID_RECOMMENDED,"A1 Section 3.3 recommends control radius about 3B, inner free-surface panels greater than 10, outer/free-surface proxy panels greater than 8, and roughly 60 stations at Fn=0.2 or 40 at Fn=0.3."
32,st41_bp8_fs24_cp10_r3p0_h2_fsm_clipfs_onezonefs_noend_pr1p0_pl1p0_pf1p0_pm1p0_dt1p0_fv0p03_hr1p0_hqtrapezoid_hp1p0_hc1p0_cim1p0_cp1p0_cnm1p0_cd1p0_pg1p0,A35,OK,diagnostic_matched_wigley_sensitivity_not_hard_gate,wigley_iii,Fn0.4,0.4,2.1696064159197173,1.5,2.7120080198996463,-0.2,239.85000000000002,27,28,11,2.1,0.8999999999999999,0.07499999999999996,-0.8677499999999999,0.8677499999999999,0.06449999999999989,0.06450000000000003,pitch,heave_force,-0.6000000000000001,-352.420774246746,-583.9399721882708,-26.431558068505936,-43.79549791412028,-0.014983080145492638,-0.01102084024729998,-0.003962239898192659,-0.2976433234198152,0.03508824335948567,-0.332731566779301,0.0,-0.2976433234198152,1.617606907923564,0.7093686472590681,0.013943241773597594,0.007988541746590524,0.08547548180722496,0.03956927244772431,1.2565301373909454,7212.2875759412,3194.8660563449007,4496.636980017119,1971.908796942755,2794.3302440768757,1274.943828150269,4.126172389035266,2.8010644499013493,0.0062146276624045075,0.002549777044434693,advance_eq19_20,0.032754723194939946,0.02331900241681511,0.04204934017216847,0.02751634468975119,1.2837641741592978,1.1799966481374613,342.4251138934241,3.0206365421872193e-16,a1_station_hull_matched_sweep_free_surface_marching_not_benchmark_validated,41,8,24,10,3.0,2,16,15.0,False,none,0.0,1.0,0.03,1.0,trapezoid,1.0,1.0,-1.0,1.0,-1.0,1.0,1.0,True,False,True,3.0,11,9,40,True,True,True,True,A1_GRID_RECOMMENDED,"A1 Section 3.3 recommends control radius about 3B, inner free-surface panels greater than 10, outer/free-surface proxy panels greater than 8, and roughly 60 stations at Fn=0.2 or 40 at Fn=0.3."
32,st41_bp8_fs24_cp10_r3p0_h2_fsm_clipfs_onezonefs_noend_pr1p0_pl1p0_pf1p0_pm1p0_dt1p0_fv0p03_hr1p0_hqtrapezoid_hp1p0_hc1p0_cim1p0_cp1p0_cnm1p0_cd1p0_pg1p0,A35,OK,diagnostic_matched_wigley_sensitivity_not_hard_gate,wigley_iii,Fn0.4,0.4,2.1696064159197173,1.5,2.7120080198996463,-0.2,239.85000000000002,28,29,10,2.175,0.8250000000000002,0.07499999999999996,-0.8674843749999999,0.8674843749999999,0.06503124999999987,0.0650312500000001,pitch,heave_force,-0.6749999999999998,-360.1440506482612,-531.0045960630098,-27.010803798619573,-39.82534470472571,-0.015311433289705056,-0.011394630919360816,-0.003916802370344239,-0.312790580137414,0.023880507776155312,-0.33667108791356937,0.0,-0.312790580137414,1.643896593089504,0.7250771156538954,0.013822000363675422,0.007916454804386042,0.08168305115038299,0.038350812512657664,1.1884482712112945,7126.346630237789,3173.0753327241223,4569.717262953051,2015.5753265165445,2642.9266190639382,1217.9754971777309,4.172198064441688,2.843534897807581,0.0057291930297843924,0.002351967641645907,advance_eq19_20,0.026758051004745837,0.020815893079970206,0.035239664669401434,0.025085803961202233,1.3169742692825905,1.205127441077255,342.45299094219155,3.973373238518359e-16,a1_station_hull_matched_sweep_free_surface_marching_not_benchmark_validated,41,8,24,10,3.0,2,16,15.0,False,none,0.0,1.0,0.03,1.0,trapezoid,1.0,1.0,-1.0,1.0,-1.0,1.0,1.0,True,False,True,3.0,11,9,40,True,True,True,True,A1_GRID_RECOMMENDED,"A1 Section 3.3 recommends control radius about 3B, inner free-surface panels greater than 10, outer/free-surface proxy panels greater than 8, and roughly 60 stations at Fn=0.2 or 40 at Fn=0.3."
32,st41_bp8_fs24_cp10_r3p0_h2_fsm_clipfs_onezonefs_noend_pr1p0_pl1p0_pf1p0_pm1p0_dt1p0_fv0p03_hr1p0_hqtrapezoid_hp1p0_hc1p0_cim1p0_cp1p0_cnm1p0_cd1p0_pg1p0,A35,OK,diagnostic_matched_wigley_sensitivity_not_hard_gate,wigley_iii,Fn0.4,0.4,2.1696064159197173,1.5,2.7120080198996463,-0.2,239.85000000000002,29,30,9,2.25,0.75,0.07499999999999996,-0.8671874999999999,0.8671874999999999,0.06562499999999982,0.0656250000000001,pitch,heave_force,-0.75,-360.7207905822072,-476.52061377163506,-27.054059293665524,-35.73904603287261,-0.015335953242230242,-0.011537414181105413,-0.003798539061124828,-0.3281142734033818,0.01241448522592216,-0.34052875862930393,0.0,-0.3281142734033818,1.6693402183732957,0.7412351860053702,0.013454612024083741,0.007700858320380146,0.07694712358076686,0.036578465525477874,1.1186866060160678,7036.116091921776,3153.241337732857,4640.44566167364,2060.4916633053294,2487.787378761311,1162.49842030042,4.1795838573612984,2.8586827235243577,0.005209776513412737,0.0021403115849290655,advance_eq19_20,0.021413496064137717,0.018313036556602002,0.029063213296546334,0.022608696785168306,1.3572381272771237,1.2345684297243258,342.4849787194831,4.1871043481086855e-16,a1_station_hull_matched_sweep_free_surface_marching_not_benchmark_validated,41,8,24,10,3.0,2,16,15.0,False,none,0.0,1.0,0.03,1.0,trapezoid,1.0,1.0,-1.0,1.0,-1.0,1.0,1.0,True,False,True,3.0,11,9,40,True,True,True,True,A1_GRID_RECOMMENDED,"A1 Section 3.3 recommends control radius about 3B, inner free-surface panels greater than 10, outer/free-surface proxy panels greater than 8, and roughly 60 stations at Fn=0.2 or 40 at Fn=0.3."
32,st41_bp8_fs24_cp10_r3p0_h2_fsm_clipfs_onezonefs_noend_pr1p0_pl1p0_pf1p0_pm1p0_dt1p0_fv0p03_hr1p0_hqtrapezoid_hp1p0_hc1p0_cim1p0_cp1p0_cnm1p0_cd1p0_pg1p0,A35,OK,diagnostic_matched_wigley_sensitivity_not_hard_gate,wigley_iii,Fn0.4,0.4,2.1696064159197173,1.5,2.7120080198996463,-0.2,239.85000000000002,30,31,8,2.3249999999999997,0.6750000000000003,0.07499999999999996,-0.866859375,0.866859375,0.06628124999999996,0.06628125000000007,pitch,heave_force,-0.8249999999999997,-353.1142651309638,-422.628789847215,-26.48356988482227,-31.697159238541104,-0.015012563735160736,-0.011443412612947344,-0.0035691511222133887,-0.34328853189207714,0.0009240718288958154,-0.344212603720973,0.0,-0.34328853189207714,1.6933318741014058,0.7579627112961365,0.012765971071783086,0.007304044639475321,0.07124014760351792,0.03419099495111918,1.0534675305588312,6947.342507902715,3140.117845725072,4707.137863487579,2106.9909756155025,2342.7501610951294,1117.4221714370249,4.141129155068893,2.841649608569224,0.0046983685413213945,0.0019329218566105494,advance_eq19_20,0.016684737979587007,0.015817059774730236,0.023484692087200776,0.020085867376910184,1.4075553428488474,1.2698862913194469,342.52120658418943,3.27439667215636e-16,a1_station_hull_matched_sweep_free_surface_marching_not_benchmark_validated,41,8,24,10,3.0,2,16,15.0,False,none,0.0,1.0,0.03,1.0,trapezoid,1.0,1.0,-1.0,1.0,-1.0,1.0,1.0,True,False,True,3.0,11,9,40,True,True,True,True,A1_GRID_RECOMMENDED,"A1 Section 3.3 recommends control radius about 3B, inner free-surface panels greater than 10, outer/free-surface proxy panels greater than 8, and roughly 60 stations at Fn=0.2 or 40 at Fn=0.3."
32,st41_bp8_fs24_cp10_r3p0_h2_fsm_clipfs_onezonefs_noend_pr1p0_pl1p0_pf1p0_pm1p0_dt1p0_fv0p03_hr1p0_hqtrapezoid_hp1p0_hc1p0_cim1p0_cp1p0_cnm1p0_cd1p0_pg1p0,A35,OK,diagnostic_matched_wigley_sensitivity_not_hard_gate,wigley_iii,Fn0.4,0.4,2.1696064159197173,1.5,2.7120080198996463,-0.2,239.85000000000002,31,32,7,2.4,0.6000000000000001,0.07500000000000018,-0.8664999999999999,0.8664999999999998,0.06699999999999995,0.06700000000000006,pitch,heave_force,-0.8999999999999999,-335.88369465494907,-372.6813937583883,-25.19127709912124,-27.95110453187919,-0.014280010386265592,-0.01111602323337488,-0.003163987152890713,-0.35793481895279033,-0.010355646094265312,-0.34757917285852513,0.0,-0.35793481895279033,1.7162406423325294,0.7760806474753975,0.011648627561823022,0.006672483628119749,0.06458691410371896,0.03112407855307798,1.0055057548747135,6872.688421841454,3144.661723303141,4770.819845735629,2157.355363543243,2236.0905304458856,1103.9520770706365,4.0506233006032355,2.7882524680766427,0.004268430186273955,0.0017611965402921695,advance_eq19_20,0.012544697417009894,0.013338450479357535,0.018479399161254503,0.017522639050638847,1.4730844871712483,1.3136937515910656,342.56168396636383,2.9174783776778293e-16,a1_station_hull_matched_sweep_free_surface_marching_not_benchmark_validated,41,8,24,10,3.0,2,16,15.0,False,none,0.0,1.0,0.03,1.0,trapezoid,1.0,1.0,-1.0,1.0,-1.0,1.0,1.0,True,False,True,3.0,11,9,40,True,True,True,True,A1_GRID_RECOMMENDED,"A1 Section 3.3 recommends control radius about 3B, inner free-surface panels greater than 10, outer/free-surface proxy panels greater than 8, and roughly 60 stations at Fn=0.2 or 40 at Fn=0.3."
32,st41_bp8_fs24_cp10_r3p0_h2_fsm_clipfs_onezonefs_noend_pr1p0_pl1p0_pf1p0_pm1p0_dt1p0_fv0p03_hr1p0_hqtrapezoid_hp1p0_hc1p0_cim1p0_cp1p0_cnm1p0_cd1p0_pg1p0,A35,OK,diagnostic_matched_wigley_sensitivity_not_hard_gate,wigley_iii,Fn0.4,0.4,2.1696064159197173,1.5,2.7120080198996463,-0.2,239.85000000000002,32,33,6,2.475,0.5249999999999999,0.07499999999999996,-0.866109375,0.866109375,0.06778124999999988,0.06778125000000013,pitch,heave_force,-0.9750000000000001,-306.3677333283595,-332.8193137751405,-22.97757999962695,-24.96144853313552,-0.013025146750395095,-0.010572412756047634,-0.0024527339943474615,-0.3715873975211207,-0.021199864088976585,-0.35038753343214424,0.0,-0.3715873975211207,1.740559616833684,0.7979245572562552,0.009929634067053,0.0057172826279105445,0.05715143824367573,0.027289225970743018,1.0095840364165731,6847.090918576818,3198.547176708514,4838.421930965567,2218.077243517685,2245.1600028900107,1185.5493918872965,3.9033839088697784,2.695365406125842,0.00407715305247311,0.0017004600140472922,advance_eq19_20,0.00897477447603967,0.010890870411665369,0.01403246983124669,0.014928791037162699,1.5635456766863345,1.370761975201932,342.6062403202417,4.3542946300018614e-16,a1_station_hull_matched_sweep_free_surface_marching_not_benchmark_validated,41,8,24,10,3.0,2,16,15.0,False,none,0.0,1.0,0.03,1.0,trapezoid,1.0,1.0,-1.0,1.0,-1.0,1.0,1.0,True,False,True,3.0,11,9,40,True,True,True,True,A1_GRID_RECOMMENDED,"A1 Section 3.3 recommends control radius about 3B, inner free-surface panels greater than 10, outer/free-surface proxy panels greater than 8, and roughly 60 stations at Fn=0.2 or 40 at Fn=0.3."
32,st41_bp8_fs24_cp10_r3p0_h2_fsm_clipfs_onezonefs_noend_pr1p0_pl1p0_pf1p0_pm1p0_dt1p0_fv0p03_hr1p0_hqtrapezoid_hp1p0_hc1p0_cim1p0_cp1p0_cnm1p0_cd1p0_pg1p0,A35,OK,diagnostic_matched_wigley_sensitivity_not_hard_gate,wigley_iii,Fn0.4,0.4,2.1696064159197173,1.5,2.7120080198996463,-0.2,239.85000000000002,33,34,5,2.55,0.4500000000000002,0.07499999999999996,-0.8656874999999999,0.8656874999999999,0.06862499999999994,0.06862500000000005,pitch,heave_force,-1.0499999999999998,-257.89272418436843,-317.12979741225274,-19.34195431382762,-23.78473480591894,-0.010964243988319588,-0.00985444877219252,-0.0011097952161270707,-0.383582092890478,-0.03141329485309663,-0.35216879803738144,0.0,-0.383582092890478,1.7741115957845155,0.8295819445745213,0.00726294005144941,0.004237921938555236,0.04946550993663821,0.022454389950674114,1.199149299528692,7009.000598850895,3426.8466212640074,4931.68999786368,2306.078709021297,2666.724064250662,1586.8997458200972,3.697878298964392,2.562090283688818,0.004594720475948504,0.0018971321149928919,advance_eq19_20,0.005964805209246437,0.008488648156409356,0.01013856538865387,0.012317827201019586,1.699731178637219,1.4510940934357148,342.6545414156471,5.021476611070067e-16,a1_station_hull_matched_sweep_free_surface_marching_not_benchmark_validated,41,8,24,10,3.0,2,16,15.0,False,none,0.0,1.0,0.03,1.0,trapezoid,1.0,1.0,-1.0,1.0,-1.0,1.0,1.0,True,False,True,3.0,11,9,40,True,True,True,True,A1_GRID_RECOMMENDED,"A1 Section 3.3 recommends control radius about 3B, inner free-surface panels greater than 10, outer/free-surface proxy panels greater than 8, and roughly 60 stations at Fn=0.2 or 40 at Fn=0.3."
32,st41_bp8_fs24_cp10_r3p0_h2_fsm_clipfs_onezonefs_noend_pr1p0_pl1p0_pf1p0_pm1p0_dt1p0_fv0p03_hr1p0_hqtrapezoid_hp1p0_hc1p0_cim1p0_cp1p0_cnm1p0_cd1p0_pg1p0,A35,OK,diagnostic_matched_wigley_sensitivity_not_hard_gate,wigley_iii,Fn0.4,0.4,2.1696064159197173,1.5,2.7120080198996463,-0.2,239.85000000000002,34,35,4,2.625,0.375,0.07499999999999996,-0.8652343749999999,0.8652343749999999,0.06953124999999993,0.06953125000000009,pitch,heave_force,-1.125,-161.44775153585937,-379.467643324404,-12.108581365189446,-28.460073249330282,-0.0068639103518844235,-0.009061469617658769,0.002197559265774346,-0.39249617006058,-0.040871254048022304,-0.3516249160125578,0.0,-0.39249617006058,1.840943838902361,0.8884036211076931,0.0029686498059903785,0.0015306024540285303,0.04487436277516023,0.015728159860600867,2.2681269328336815,8343.760044226628,4616.4600806869175,5117.470816670247,2469.5916889857494,5043.9663142361715,3308.3461882795427,3.440948141951969,2.3935950528051815,0.009052912352723451,0.0036566966686264564,advance_eq19_20,0.0035147242539554212,0.00613837577887641,0.006802406708468357,0.009703998483326636,1.9354026708675722,1.5808739694171818,342.70650863905854,5.757099731499385e-16,a1_station_hull_matched_sweep_free_surface_marching_not_benchmark_validated,41,8,24,10,3.0,2,16,15.0,False,none,0.0,1.0,0.03,1.0,trapezoid,1.0,1.0,-1.0,1.0,-1.0,1.0,1.0,True,False,True,3.0,11,9,40,True,True,True,True,A1_GRID_RECOMMENDED,"A1 Section 3.3 recommends control radius about 3B, inner free-surface panels greater than 10, outer/free-surface proxy panels greater than 8, and roughly 60 stations at Fn=0.2 or 40 at Fn=0.3."
32,st41_bp8_fs24_cp10_r3p0_h2_fsm_clipfs_onezonefs_noend_pr1p0_pl1p0_pf1p0_pm1p0_dt1p0_fv0p03_hr1p0_hqtrapezoid_hp1p0_hc1p0_cim1p0_cp1p0_cnm1p0_cd1p0_pg1p0,A35,OK,diagnostic_matched_wigley_sensitivity_not_hard_gate,wigley_iii,Fn0.4,0.4,2.1696064159197173,1.5,2.7120080198996463,-0.2,239.85000000000002,35,36,3,2.6999999999999997,0.30000000000000027,0.07499999999999996,-0.8647499999999999,0.8647499999999999,0.0704999999999999,0.07050000000000001,pitch,heave_force,-1.1999999999999997,241.88832442980143,-964.6678445749087,18.141624332235097,-72.35008834311812,0.010283820977741645,-0.008546378161764722,0.01883019913950637,-0.39078621474765135,-0.04967517793773402,-0.34111103680991745,0.0,-0.39078621474765135,2.0456799379121,1.0450186992525836,0.008752732101410778,0.004802700250930595,0.06316177540789134,0.03252470757336046,10.564157332840313,24674.84132176392,15845.01126438162,5686.597907709562,2904.951570651056,23493.065116318565,15354.931712343641,3.1909929271014965,2.2314304036442674,0.00025638951301071804,8.700807545773055e-05,advance_eq19_20,0.001641235379983111,0.0037847490526165387,0.004041368852760455,0.0070918923418133014,2.462394426814052,1.873807812148182,342.76452809793597,5.853179411837541e-16,a1_station_hull_matched_sweep_free_surface_marching_not_benchmark_validated,41,8,24,10,3.0,2,16,15.0,False,none,0.0,1.0,0.03,1.0,trapezoid,1.0,1.0,-1.0,1.0,-1.0,1.0,1.0,True,False,True,3.0,11,9,40,True,True,True,True,A1_GRID_RECOMMENDED,"A1 Section 3.3 recommends control radius about 3B, inner free-surface panels greater than 10, outer/free-surface proxy panels greater than 8, and roughly 60 stations at Fn=0.2 or 40 at Fn=0.3."
32,st41_bp8_fs24_cp10_r3p0_h2_fsm_clipfs_onezonefs_noend_pr1p0_pl1p0_pf1p0_pm1p0_dt1p0_fv0p03_hr1p0_hqtrapezoid_hp1p0_hc1p0_cim1p0_cp1p0_cnm1p0_cd1p0_pg1p0,A35,OK,diagnostic_matched_wigley_sensitivity_not_hard_gate,wigley_iii,Fn0.4,0.4,2.1696064159197173,1.5,2.7120080198996463,-0.2,239.85000000000002,36,37,2,2.775,0.2250000000000001,0.07500000000000018,-0.8642343749999999,0.8642343749999999,0.07153124999999994,0.07153125000000005,pitch,heave_force,-1.275,-1073.325923316832,1109.4795702146253,-80.49944424876259,83.21096776609708,-0.04563218035504192,-0.010986468198008144,-0.03464571215703378,-0.4084603944363015,-0.05944160111762046,-0.3490187933186811,0.0,-0.4084603944363015,3.3361090616537257,1.9213748886461541,0.04663262931944717,0.02380331139058687,0.21617460173135947,0.12778047320016347,21.31396604754475,48374.79715195867,30654.456706666446,9273.743393726407,5341.053709923213,47398.9904225843,30175.956113475364,3.4582695442444344,2.4391949282833685,0.007222354254878375,0.0029417427890199425,advance_eq19_20,0.00041394027484496375,0.0009294674741604064,0.0018941938665853126,0.004410454630811805,4.576007655439567,4.745141442196022,342.84460969129094,8.461463129996352e-16,a1_station_hull_matched_sweep_free_surface_marching_not_benchmark_validated,41,8,24,10,3.0,2,16,15.0,False,none,0.0,1.0,0.03,1.0,trapezoid,1.0,1.0,-1.0,1.0,-1.0,1.0,1.0,True,False,True,3.0,11,9,40,True,True,True,True,A1_GRID_RECOMMENDED,"A1 Section 3.3 recommends control radius about 3B, inner free-surface panels greater than 10, outer/free-surface proxy panels greater than 8, and roughly 60 stations at Fn=0.2 or 40 at Fn=0.3."
32,st41_bp8_fs24_cp10_r3p0_h2_fsm_clipfs_onezonefs_noend_pr1p0_pl1p0_pf1p0_pm1p0_dt1p0_fv0p03_hr1p0_hqtrapezoid_hp1p0_hc1p0_cim1p0_cp1p0_cnm1p0_cd1p0_pg1p0,A35,OK,diagnostic_matched_wigley_sensitivity_not_hard_gate,wigley_iii,Fn0.4,0.4,2.1696064159197173,1.5,2.7120080198996463,-0.2,239.85000000000002,37,38,1,2.85,0.1499999999999999,0.07499999999999996,-0.8636874999999999,0.8636874999999999,0.07262499999999994,0.07262500000000005,pitch,heave_force,-1.35,-381.09822047337224,703.9598000688643,-28.5823665355029,52.79698500516479,-0.01620229452381632,0.002450887898443896,-0.01865318242226021,-0.43937763187573065,-0.06370939126740259,-0.37566824060832815,0.0,-0.43937763187573065,1.4059794469566034,0.9910819306066687,0.061965781694494126,0.029988483306898763,0.254185559050113,0.15207911063078833,19.39147462461911,43215.42016313062,30351.56126055859,3908.3532243593877,2755.0176977874835,43123.66445371096,30288.15177967948,0.6725168123052906,0.32490122263113036,0.0008610600653629852,0.00034591142323837253,advance_eq19_20,0.00013264515699474842,0.00039128249185533566,0.0004649168834597655,0.001015145308454622,3.5049668905602944,2.594405141004724,343.0542195004204,5.022483019205898e-16,a1_station_hull_matched_sweep_free_surface_marching_not_benchmark_validated,41,8,24,10,3.0,2,16,15.0,False,none,0.0,1.0,0.03,1.0,trapezoid,1.0,1.0,-1.0,1.0,-1.0,1.0,1.0,True,False,True,3.0,11,9,40,True,True,True,True,A1_GRID_RECOMMENDED,"A1 Section 3.3 recommends control radius about 3B, inner free-surface panels greater than 10, outer/free-surface proxy panels greater than 8, and roughly 60 stations at Fn=0.2 or 40 at Fn=0.3."
32,st41_bp8_fs24_cp10_r3p0_h2_fsm_clipfs_onezonefs_noend_pr1p0_pl1p0_pf1p0_pm1p0_dt1p0_fv0p03_hr1p0_hqtrapezoid_hp1p0_hc1p0_cim1p0_cp1p0_cnm1p0_cd1p0_pg1p0,A35,OK,diagnostic_matched_wigley_sensitivity_not_hard_gate,wigley_iii,Fn0.4,0.4,2.1696064159197173,1.5,2.7120080198996463,-0.2,239.85000000000002,38,39,0,2.925,0.07500000000000018,0.03749999999999987,-0.8631093749999998,0.8631093749999998,0.07378124999999991,0.07378125000000002,pitch,heave_force,-1.4249999999999998,901.2272903821372,-1574.8451118779594,33.796023389330024,-59.05669169542327,0.01915772523620657,-0.0005693499033246251,0.019727075139531196,-0.4283210539014322,-0.06305329722150527,-0.365267756679927,0.0,-0.4283210539014322,1.6599922639270084,0.9678890504724025,0.013756018040883288,0.006243706383095017,0.05096139181591215,0.0285920995772383,69.1542435389547,153828.8173376201,81854.53754122852,4614.460141059953,2690.5459389355647,153788.42773194556,81842.42159141024,0.9229848093892771,0.6511884412031526,0.0,0.0,initialize_eq21_22,0.0,0.0,0.00016224342352545864,0.0004785927544018467,,,418.23117884841605,1.0574049402996793e-15,a1_station_hull_matched_sweep_free_surface_marching_not_benchmark_validated,41,8,24,10,3.0,2,16,15.0,False,none,0.0,1.0,0.03,1.0,trapezoid,1.0,1.0,-1.0,1.0,-1.0,1.0,1.0,True,False,True,3.0,11,9,40,True,True,True,True,A1_GRID_RECOMMENDED,"A1 Section 3.3 recommends control radius about 3B, inner free-surface panels greater than 10, outer/free-surface proxy panels greater than 8, and roughly 60 stations at Fn=0.2 or 40 at Fn=0.3."
32,st41_bp8_fs24_cp10_r3p0_h2_fsm_clipfs_onezonefs_noend_pr1p0_pl1p0_pf1p0_pm1p0_dt1p0_fv0p03_hr1p0_hqtrapezoid_hp1p0_hc1p0_cim1p0_cp1p0_cn1p0_cd1p0_pg1p0,A35,OK,diagnostic_matched_wigley_sensitivity_not_hard_gate,wigley_iii,Fn0.4,0.4,2.1696064159197173,1.5,2.7120080198996463,-0.2,239.85000000000002,0,1,38,0.075,2.925,0.0375,-0.8631093749999998,0.8631093749999998,0.07378124999999991,0.07378125000000002,pitch,heave_force,1.425,-6633.2960221349895,-1241.946216229138,-248.7486008300621,-46.57298310859267,-0.1410064519335636,0.0002291097503072907,-0.14123556168387089,0.0,0.0,0.0,0.0,0.0,12.364058860167209,6.748820900322823,0.019371847124075664,0.009092001108875366,0.1493435891293308,0.05468523129805098,280.2205511049009,624998.9889357315,325778.94299328444,34369.712456966874,18760.427816705393,623167.5131884958,324611.55462319433,3.2892890318489103,2.0689062826778906,0.01031875251032219,0.0043084715280476095,advance_eq19_20,0.6645292705423573,0.09869884588488868,0.6931530897211533,0.09764221113773534,1.0430738275161824,0.9892943555957515,113.95001957184003,4.195547877764161e-15,a1_station_hull_matched_sweep_free_surface_marching_not_benchmark_validated,41,8,24,10,3.0,2,16,15.0,False,none,0.0,1.0,0.03,1.0,trapezoid,1.0,1.0,-1.0,1.0,1.0,1.0,1.0,True,False,True,3.0,11,9,40,True,True,True,True,A1_GRID_RECOMMENDED,"A1 Section 3.3 recommends control radius about 3B, inner free-surface panels greater than 10, outer/free-surface proxy panels greater than 8, and roughly 60 stations at Fn=0.2 or 40 at Fn=0.3."
32,st41_bp8_fs24_cp10_r3p0_h2_fsm_clipfs_onezonefs_noend_pr1p0_pl1p0_pf1p0_pm1p0_dt1p0_fv0p03_hr1p0_hqtrapezoid_hp1p0_hc1p0_cim1p0_cp1p0_cn1p0_cd1p0_pg1p0,A35,OK,diagnostic_matched_wigley_sensitivity_not_hard_gate,wigley_iii,Fn0.4,0.4,2.1696064159197173,1.5,2.7120080198996463,-0.2,239.85000000000002,1,2,37,0.15,2.85,0.07499999999999998,-0.8636874999999999,0.8636874999999999,0.07262499999999991,0.07262500000000005,pitch,heave_force,1.35,-115.96544314897915,717.325548736183,-8.697408236173434,53.79941615521371,-0.004930241506115664,-0.0018513533196549315,-0.0030788881864607445,-0.14347157268662142,-0.0006965669095201751,-0.14277500577710125,0.0,-0.14347157268662142,4.169740145375045,2.7809182660745395,0.04261446512872576,0.021201261112253848,0.34624998731447193,0.13080073615869456,68.17669667315056,152399.7419681676,70469.30946724468,11591.077933033506,7730.41945628656,151614.51348123685,69645.71485506072,4.076970992797227,2.5306504022517733,0.006818627662988392,0.0028854462222770287,advance_eq19_20,0.6194133897554329,0.09815689972620442,0.6474066893837792,0.09585321662715916,1.0451932426572166,0.9765306045171447,94.99248929002052,1.7752768781332554e-15,a1_station_hull_matched_sweep_free_surface_marching_not_benchmark_validated,41,8,24,10,3.0,2,16,15.0,False,none,0.0,1.0,0.03,1.0,trapezoid,1.0,1.0,-1.0,1.0,1.0,1.0,1.0,True,False,True,3.0,11,9,40,True,True,True,True,A1_GRID_RECOMMENDED,"A1 Section 3.3 recommends control radius about 3B, inner free-surface panels greater than 10, outer/free-surface proxy panels greater than 8, and roughly 60 stations at Fn=0.2 or 40 at Fn=0.3."
32,st41_bp8_fs24_cp10_r3p0_h2_fsm_clipfs_onezonefs_noend_pr1p0_pl1p0_pf1p0_pm1p0_dt1p0_fv0p03_hr1p0_hqtrapezoid_hp1p0_hc1p0_cim1p0_cp1p0_cn1p0_cd1p0_pg1p0,A35,OK,diagnostic_matched_wigley_sensitivity_not_hard_gate,wigley_iii,Fn0.4,0.4,2.1696064159197173,1.5,2.7120080198996463,-0.2,239.85000000000002,2,3,36,0.22499999999999998,2.775,0.075,-0.8642343749999999,0.8642343749999999,0.07153124999999994,0.07153125000000006,pitch,heave_force,1.275,3124.1688962855587,283.43904288396607,234.3126672214169,21.257928216297454,0.13282325101620776,0.00787405890246485,0.1249491921137429,-0.07952506793157538,0.0023147858818847837,-0.08183985381346019,0.0,-0.07952506793157538,7.429069658079557,4.0536580805669775,0.017600230223520363,0.009351683568132204,0.13307754676937608,0.053269454175996475,45.88548095635577,103760.72970447139,69932.11744997533,20651.388905432505,11268.392055039365,102042.26972748326,68735.27430625689,3.77107435031889,2.279365449739849,0.004068274340763285,0.0017227752693108336,advance_eq19_20,0.5754636913099418,0.09377271651508316,0.6032101211024713,0.09516025683955702,1.0482157783567017,1.014796844711763,96.31469922371299,1.5644485181878464e-15,a1_station_hull_matched_sweep_free_surface_marching_not_benchmark_validated,41,8,24,10,3.0,2,16,15.0,False,none,0.0,1.0,0.03,1.0,trapezoid,1.0,1.0,-1.0,1.0,1.0,1.0,1.0,True,False,True,3.0,11,9,40,True,True,True,True,A1_GRID_RECOMMENDED,"A1 Section 3.3 recommends control radius about 3B, inner free-surface panels greater than 10, outer/free-surface proxy panels greater than 8, and roughly 60 stations at Fn=0.2 or 40 at Fn=0.3."
32,st41_bp8_fs24_cp10_r3p0_h2_fsm_clipfs_onezonefs_noend_pr1p0_pl1p0_pf1p0_pm1p0_dt1p0_fv0p03_hr1p0_hqtrapezoid_hp1p0_hc1p0_cim1p0_cp1p0_cn1p0_cd1p0_pg1p0,A35,OK,diagnostic_matched_wigley_sensitivity_not_hard_gate,wigley_iii,Fn0.4,0.4,2.1696064159197173,1.5,2.7120080198996463,-0.2,239.85000000000002,3,4,35,0.3,2.7,0.07500000000000001,-0.8647499999999999,0.8647499999999999,0.0704999999999999,0.07050000000000001,pitch,heave_force,1.2,-2473.72273443039,-1029.0339907525636,-185.52920508227928,-77.17754930644227,-0.1051696968401402,0.006166112341785587,-0.11133580918192579,-0.06569829084354158,0.009334871504010004,-0.07503316234755163,0.0,-0.06569829084354158,4.018720804919171,1.8661224164490269,0.00600104184041645,0.0022130165988217673,0.053027183274804365,0.018380921108954694,29.00108803899741,64335.26623898141,39074.639239991106,11171.273128995314,5187.462433512375,64493.97034501287,39306.27501522932,3.0693684809775026,1.8073312543095739,0.0037678299966451426,0.0015996784268104522,advance_eq19_20,0.5337768342626105,0.09035597525591843,0.560311193960216,0.0910597564210993,1.049710586886487,1.007788983110276,97.66111149943426,6.66269360277659e-16,a1_station_hull_matched_sweep_free_surface_marching_not_benchmark_validated,41,8,24,10,3.0,2,16,15.0,False,none,0.0,1.0,0.03,1.0,trapezoid,1.0,1.0,-1.0,1.0,1.0,1.0,1.0,True,False,True,3.0,11,9,40,True,True,True,True,A1_GRID_RECOMMENDED,"A1 Section 3.3 recommends control radius about 3B, inner free-surface panels greater than 10, outer/free-surface proxy panels greater than 8, and roughly 60 stations at Fn=0.2 or 40 at Fn=0.3."
32,st41_bp8_fs24_cp10_r3p0_h2_fsm_clipfs_onezonefs_noend_pr1p0_pl1p0_pf1p0_pm1p0_dt1p0_fv0p03_hr1p0_hqtrapezoid_hp1p0_hc1p0_cim1p0_cp1p0_cn1p0_cd1p0_pg1p0,A35,OK,diagnostic_matched_wigley_sensitivity_not_hard_gate,wigley_iii,Fn0.4,0.4,2.1696064159197173,1.5,2.7120080198996463,-0.2,239.85000000000002,4,5,34,0.375,2.625,0.07499999999999998,-0.8652343749999999,0.8652343749999999,0.06953124999999993,0.06953125000000009,pitch,heave_force,1.125,-743.9956991262701,-586.39985138321,-55.79967743447025,-43.97998885374074,-0.03163078910923102,0.006540224582588099,-0.03817101369181911,-0.1340985338182272,0.01568803996619685,-0.1497865737844241,0.0,-0.1340985338182272,3.23833445396275,1.4129993093817173,0.0055695488176287075,0.0020786346397072726,0.048380831812432204,0.017193997278267693,8.074637513460319,18676.6292162163,9970.037281731193,9001.948735520928,3927.8670956347755,17956.75498931528,9829.893731773225,3.262800962261606,2.012170662609251,0.003673077649283192,0.001573700834970257,advance_eq19_20,0.494016424026518,0.08700351112413546,0.5196558342614598,0.08781891267466929,1.0518999146343473,1.0093720533803565,98.98004886155589,6.953302290545105e-16,a1_station_hull_matched_sweep_free_surface_marching_not_benchmark_validated,41,8,24,10,3.0,2,16,15.0,False,none,0.0,1.0,0.03,1.0,trapezoid,1.0,1.0,-1.0,1.0,1.0,1.0,1.0,True,False,True,3.0,11,9,40,True,True,True,True,A1_GRID_RECOMMENDED,"A1 Section 3.3 recommends control radius about 3B, inner free-surface panels greater than 10, outer/free-surface proxy panels greater than 8, and roughly 60 stations at Fn=0.2 or 40 at Fn=0.3."
32,st41_bp8_fs24_cp10_r3p0_h2_fsm_clipfs_onezonefs_noend_pr1p0_pl1p0_pf1p0_pm1p0_dt1p0_fv0p03_hr1p0_hqtrapezoid_hp1p0_hc1p0_cim1p0_cp1p0_cn1p0_cd1p0_pg1p0,A35,OK,diagnostic_matched_wigley_sensitivity_not_hard_gate,wigley_iii,Fn0.4,0.4,2.1696064159197173,1.5,2.7120080198996463,-0.2,239.85000000000002,5,6,33,0.44999999999999996,2.55,0.07500000000000001,-0.8656874999999999,0.8656874999999999,0.06862499999999994,0.06862500000000005,pitch,heave_force,1.05,-389.27898209599937,-535.6334020328142,-29.195923657199955,-40.17250515246107,-0.016550097536578493,0.007069807005839298,-0.023619904542417792,-0.15818897714113195,0.02249305576041054,-0.1806820329015425,0.0,-0.15818897714113195,2.8514341527932223,1.2109345241105018,0.005312367916567145,0.0018946892927223938,0.04559305345605047,0.016059473699795063,4.342405195488456,11379.811415942071,5400.717749872559,7926.440097855748,3366.1657444850684,9656.84292697124,4824.384823915841,3.4857456089367793,2.21639800039579,0.003822368511850063,0.0016518072209321798,advance_eq19_20,0.45614775248912687,0.08363827553012831,0.4809545175393354,0.08463313084700176,1.0543831793861569,1.0118947373145573,100.2548122089833,4.703917966859304e-16,a1_station_hull_matched_sweep_free_surface_marching_not_benchmark_validated,41,8,24,10,3.0,2,16,15.0,False,none,0.0,1.0,0.03,1.0,trapezoid,1.0,1.0,-1.0,1.0,1.0,1.0,1.0,True,False,True,3.0,11,9,40,True,True,True,True,A1_GRID_RECOMMENDED,"A1 Section 3.3 recommends control radius about 3B, inner free-surface panels greater than 10, outer/free-surface proxy panels greater than 8, and roughly 60 stations at Fn=0.2 or 40 at Fn=0.3."
32,st41_bp8_fs24_cp10_r3p0_h2_fsm_clipfs_onezonefs_noend_pr1p0_pl1p0_pf1p0_pm1p0_dt1p0_fv0p03_hr1p0_hqtrapezoid_hp1p0_hc1p0_cim1p0_cp1p0_cn1p0_cd1p0_pg1p0,A35,OK,diagnostic_matched_wigley_sensitivity_not_hard_gate,wigley_iii,Fn0.4,0.4,2.1696064159197173,1.5,2.7120080198996463,-0.2,239.85000000000002,6,7,32,0.525,2.475,0.07500000000000001,-0.866109375,0.866109375,0.0677812499999999,0.06778125000000006,pitch,heave_force,0.975,-231.71384239150308,-543.2809988964333,-17.378538179362735,-40.746074917232505,-0.009851255445404548,0.007514447418135259,-0.017365702863539802,-0.17138965363212344,0.02978518297239783,-0.20117483660452135,0.0,-0.17138965363212344,2.603078159974005,1.0918001318765882,0.005243281045071381,0.0018089881120874158,0.04556742761183871,0.015749347114696912,2.901689708823478,9090.642447928998,4015.009139865197,7236.058067431995,3034.994981621219,6452.912724503425,3001.318149438311,3.678410179526991,2.3845813741340933,0.004143583303363306,0.0017990835026618084,advance_eq19_20,0.4201750597207614,0.08027179409149082,0.4441799011393565,0.08143653634585576,1.0571305718015442,1.0145099815887684,101.47605820213124,5.328070323456158e-16,a1_station_hull_matched_sweep_free_surface_marching_not_benchmark_validated,41,8,24,10,3.0,2,16,15.0,False,none,0.0,1.0,0.03,1.0,trapezoid,1.0,1.0,-1.0,1.0,1.0,1.0,1.0,True,False,True,3.0,11,9,40,True,True,True,True,A1_GRID_RECOMMENDED,"A1 Section 3.3 recommends control radius about 3B, inner free-surface panels greater than 10, outer/free-surface proxy panels greater than 8, and roughly 60 stations at Fn=0.2 or 40 at Fn=0.3."
32,st41_bp8_fs24_cp10_r3p0_h2_fsm_clipfs_onezonefs_noend_pr1p0_pl1p0_pf1p0_pm1p0_dt1p0_fv0p03_hr1p0_hqtrapezoid_hp1p0_hc1p0_cim1p0_cp1p0_cn1p0_cd1p0_pg1p0,A35,OK,diagnostic_matched_wigley_sensitivity_not_hard_gate,wigley_iii,Fn0.4,0.4,2.1696064159197173,1.5,2.7120080198996463,-0.2,239.85000000000002,7,8,31,0.6,2.4,0.07499999999999996,-0.8664999999999999,0.8664999999999998,0.06699999999999995,0.06700000000000006,pitch,heave_force,0.9,-141.6065019921478,-569.2889629852505,-10.620487649411078,-42.696672223893756,-0.006020364642254921,0.007800394203810505,-0.013820758846065427,-0.1793254636759532,0.03744260378337071,-0.21676806745932398,0.0,-0.1793254636759532,2.420892714259863,1.0097148903750242,0.005408320424425775,0.0019367433733744918,0.04819049825454517,0.016296426559476163,2.184434137549632,8208.517558310805,3515.8999516808726,6729.617467799107,2806.8137525218867,4857.846377981279,2144.1421018193732,3.827836928957866,2.512585797886669,0.004537167759847932,0.001973090928156516,advance_eq19_20,0.386109275165077,0.0769338579744855,0.4093361948014292,0.07824206692049177,1.0601563368982052,1.0170043330784233,102.63663006147286,5.636420332465957e-16,a1_station_hull_matched_sweep_free_surface_marching_not_benchmark_validated,41,8,24,10,3.0,2,16,15.0,False,none,0.0,1.0,0.03,1.0,trapezoid,1.0,1.0,-1.0,1.0,1.0,1.0,1.0,True,False,True,3.0,11,9,40,True,True,True,True,A1_GRID_RECOMMENDED,"A1 Section 3.3 recommends control radius about 3B, inner free-surface panels greater than 10, outer/free-surface proxy panels greater than 8, and roughly 60 stations at Fn=0.2 or 40 at Fn=0.3."
32,st41_bp8_fs24_cp10_r3p0_h2_fsm_clipfs_onezonefs_noend_pr1p0_pl1p0_pf1p0_pm1p0_dt1p0_fv0p03_hr1p0_hqtrapezoid_hp1p0_hc1p0_cim1p0_cp1p0_cn1p0_cd1p0_pg1p0,A35,OK,diagnostic_matched_wigley_sensitivity_not_hard_gate,wigley_iii,Fn0.4,0.4,2.1696064159197173,1.5,2.7120080198996463,-0.2,239.85000000000002,8,9,30,0.6749999999999999,2.325,0.07500000000000001,-0.866859375,0.866859375,0.06628124999999993,0.06628125000000007,pitch,heave_force,0.8250000000000001,-84.5346668187772,-602.2088206452117,-6.340100011408291,-45.16566154839089,-0.0035939699943212176,0.007897851654791224,-0.011491821649112444,-0.18413263099424126,0.04529172671267157,-0.22942435770691288,0.0,-0.18413263099424126,2.275922963617666,0.9471779678312172,0.005737430713245475,0.002031823965204381,0.05235087052343011,0.01738943154146273,1.7901935419599357,7832.8941661808285,3323.806270276513,6326.629363255003,2632.9731011562735,3981.1157792336776,1699.8643030892738,3.9312220743605746,2.6008095348597116,0.004931473576021326,0.0021445569976674575,advance_eq19_20,0.35395752628445615,0.07365562393734172,0.37642965862274397,0.07507883177509446,1.0634882172846587,1.019322459870321,103.73019523740942,6.188439897537653e-16,a1_station_hull_matched_sweep_free_surface_marching_not_benchmark_validated,41,8,24,10,3.0,2,16,15.0,False,none,0.0,1.0,0.03,1.0,trapezoid,1.0,1.0,-1.0,1.0,1.0,1.0,1.0,True,False,True,3.0,11,9,40,True,True,True,True,A1_GRID_RECOMMENDED,"A1 Section 3.3 recommends control radius about 3B, inner free-surface panels greater than 10, outer/free-surface proxy panels greater than 8, and roughly 60 stations at Fn=0.2 or 40 at Fn=0.3."
32,st41_bp8_fs24_cp10_r3p0_h2_fsm_clipfs_onezonefs_noend_pr1p0_pl1p0_pf1p0_pm1p0_dt1p0_fv0p03_hr1p0_hqtrapezoid_hp1p0_hc1p0_cim1p0_cp1p0_cn1p0_cd1p0_pg1p0,A35,OK,diagnostic_matched_wigley_sensitivity_not_hard_gate,wigley_iii,Fn0.4,0.4,2.1696064159197173,1.5,2.7120080198996463,-0.2,239.85000000000002,9,10,29,0.75,2.25,0.07500000000000001,-0.8671874999999999,0.8671874999999999,0.06562499999999982,0.0656250000000001,pitch,heave_force,0.75,-47.57690805626361,-637.3631497372382,-3.5682681042197713,-47.80223623029288,-0.002022720221318833,0.007795189933686627,-0.00981791015500546,-0.18694097610206128,0.053138247506910506,-0.24007922360897185,0.0,-0.18694097610206128,2.1543238399840408,0.8962012223901681,0.006137209816299508,0.002101295607244506,0.05698489576446686,0.01869769495560713,1.5704320546195958,7665.839965196972,3250.3041076322093,5988.607119785165,2491.267525130152,3492.399948005375,1469.4525070717405,3.9896994092106572,2.65095282756043,0.005286595256980075,0.002297562575417383,advance_eq19_20,0.32371682952754316,0.0704639119951591,0.3454579275739913,0.07197710899797158,1.067160851903124,1.021474779925878,104.75084920458065,4.283721038494482e-16,a1_station_hull_matched_sweep_free_surface_marching_not_benchmark_validated,41,8,24,10,3.0,2,16,15.0,False,none,0.0,1.0,0.03,1.0,trapezoid,1.0,1.0,-1.0,1.0,1.0,1.0,1.0,True,False,True,3.0,11,9,40,True,True,True,True,A1_GRID_RECOMMENDED,"A1 Section 3.3 recommends control radius about 3B, inner free-surface panels greater than 10, outer/free-surface proxy panels greater than 8, and roughly 60 stations at Fn=0.2 or 40 at Fn=0.3."
32,st41_bp8_fs24_cp10_r3p0_h2_fsm_clipfs_onezonefs_noend_pr1p0_pl1p0_pf1p0_pm1p0_dt1p0_fv0p03_hr1p0_hqtrapezoid_hp1p0_hc1p0_cim1p0_cp1p0_cn1p0_cd1p0_pg1p0,A35,OK,diagnostic_matched_wigley_sensitivity_not_hard_gate,wigley_iii,Fn0.4,0.4,2.1696064159197173,1.5,2.7120080198996463,-0.2,239.85000000000002,10,11,28,0.825,2.175,0.07499999999999996,-0.8674843749999999,0.8674843749999999,0.06503124999999987,0.0650312500000001,pitch,heave_force,0.675,-24.77613789698848,-672.3458599970554,-1.858210342274135,-50.425939499779126,-0.0010533512407144468,0.007490815293994376,-0.00854416653470882,-0.18847901183307791,0.060781250120750994,-0.24926026195382894,0.0,-0.18847901183307791,2.0487894396367543,0.8527444714057411,0.006536977200738761,0.0021495077945668916,0.06141081693722044,0.019992816595498616,1.4543567783755464,7592.321876171031,3226.0604799660755,5695.241726165094,2370.466091511891,3234.2663423349136,1360.2890902440618,4.006464570158335,2.6655456167724134,0.005584188927429838,0.002424989955084574,advance_eq19_20,0.29536838709034857,0.06737896320882632,0.31640293280606463,0.06896321183054516,1.0712146141397383,1.0235125111202559,105.69301673551143,4.920180511188834e-16,a1_station_hull_matched_sweep_free_surface_marching_not_benchmark_validated,41,8,24,10,3.0,2,16,15.0,False,none,0.0,1.0,0.03,1.0,trapezoid,1.0,1.0,-1.0,1.0,1.0,1.0,1.0,True,False,True,3.0,11,9,40,True,True,True,True,A1_GRID_RECOMMENDED,"A1 Section 3.3 recommends control radius about 3B, inner free-surface panels greater than 10, outer/free-surface proxy panels greater than 8, and roughly 60 stations at Fn=0.2 or 40 at Fn=0.3."
32,st41_bp8_fs24_cp10_r3p0_h2_fsm_clipfs_onezonefs_noend_pr1p0_pl1p0_pf1p0_pm1p0_dt1p0_fv0p03_hr1p0_hqtrapezoid_hp1p0_hc1p0_cim1p0_cp1p0_cn1p0_cd1p0_pg1p0,A35,OK,diagnostic_matched_wigley_sensitivity_not_hard_gate,wigley_iii,Fn0.4,0.4,2.1696064159197173,1.5,2.7120080198996463,-0.2,239.85000000000002,11,12,27,0.8999999999999999,2.1,0.07500000000000001,-0.8677499999999999,0.8677499999999999,0.06449999999999989,0.0645,pitch,heave_force,0.6000000000000001,-12.935121661167361,-705.6809743531592,-0.9701341245875522,-52.926073076486944,-0.0005499334281732062,0.006989877903758888,-0.007539811331932094,-0.18928065416752174,0.06802159671962764,-0.2573022508871494,0.0,-0.18928065416752174,1.955283134305053,0.8146601321163288,0.006894891594910831,0.0022073055746883196,0.06527238838910926,0.021147186976045743,1.4016297776405104,7562.6589624332055,3222.9567128606577,5435.312129945067,2264.5989320867893,3117.0095822708026,1320.8171427013565,3.9860198232605053,2.6480191547009477,0.005818744189742672,0.002524911023692234,advance_eq19_20,0.268872059404214,0.064413376351104,0.2892247611827576,0.0660572306411476,1.075696603892731,1.0255203869625353,106.55145429053391,3.4512693443390046e-16,a1_station_hull_matched_sweep_free_surface_marching_not_benchmark_validated,41,8,24,10,3.0,2,16,15.0,False,none,0.0,1.0,0.03,1.0,trapezoid,1.0,1.0,-1.0,1.0,1.0,1.0,1.0,True,False,True,3.0,11,9,40,True,True,True,True,A1_GRID_RECOMMENDED,"A1 Section 3.3 recommends control radius about 3B, inner free-surface panels greater than 10, outer/free-surface proxy panels greater than 8, and roughly 60 stations at Fn=0.2 or 40 at Fn=0.3."
32,st41_bp8_fs24_cp10_r3p0_h2_fsm_clipfs_onezonefs_noend_pr1p0_pl1p0_pf1p0_pm1p0_dt1p0_fv0p03_hr1p0_hqtrapezoid_hp1p0_hc1p0_cim1p0_cp1p0_cn1p0_cd1p0_pg1p0,A35,OK,diagnostic_matched_wigley_sensitivity_not_hard_gate,wigley_iii,Fn0.4,0.4,2.1696064159197173,1.5,2.7120080198996463,-0.2,239.85000000000002,12,13,26,0.975,2.025,0.07500000000000007,-0.8679843749999999,0.8679843749999999,0.06403124999999998,0.0640312500000001,pitch,heave_force,0.525,-10.090530670299925,-736.3290072112993,-0.7567898002724951,-55.2246755408475,-0.00042899636114471056,0.006302669458250287,-0.0067316658193949976,-0.18977011906218072,0.0746678704006322,-0.26443798946281294,0.0,-0.18977011906218072,1.8715802778471269,0.7808085085537414,0.007190802291851664,0.0023091120223247665,0.06842161411051845,0.02210255583160509,1.3869433232189334,7553.4031167242465,3228.6068347802398,5202.634241492602,2170.4979106337187,3084.3491608871323,1320.060360802083,3.933888420482154,2.6029335633871913,0.00599212048218293,0.002598371006371762,advance_eq19_20,0.2441620190451992,0.061571268764600645,0.2638567776197859,0.06327157366354903,1.0806626626516418,1.0276152324463053,107.32128791426383,4.609996324423947e-16,a1_station_hull_matched_sweep_free_surface_marching_not_benchmark_validated,41,8,24,10,3.0,2,16,15.0,False,none,0.0,1.0,0.03,1.0,trapezoid,1.0,1.0,-1.0,1.0,1.0,1.0,1.0,True,False,True,3.0,11,9,40,True,True,True,True,A1_GRID_RECOMMENDED,"A1 Section 3.3 recommends control radius about 3B, inner free-surface panels greater than 10, outer/free-surface proxy panels greater than 8, and roughly 60 stations at Fn=0.2 or 40 at Fn=0.3."
32,st41_bp8_fs24_cp10_r3p0_h2_fsm_clipfs_onezonefs_noend_pr1p0_pl1p0_pf1p0_pm1p0_dt1p0_fv0p03_hr1p0_hqtrapezoid_hp1p0_hc1p0_cim1p0_cp1p0_cn1p0_cd1p0_pg1p0,A35,OK,diagnostic_matched_wigley_sensitivity_not_hard_gate,wigley_iii,Fn0.4,0.4,2.1696064159197173,1.5,2.7120080198996463,-0.2,239.85000000000002,13,14,25,1.05,1.95,0.07500000000000001,-0.8681874999999999,0.8681874999999999,0.06362499999999982,0.0636250000000001,pitch,heave_force,0.44999999999999996,-14.86808136123931,-763.4808877498449,-1.1151061020929485,-57.261066581238374,-0.0006321127212812452,0.0054437073814298425,-0.00607582010271109,-0.1903006736033937,0.08054105882047229,-0.270841732423866,0.0,-0.1903006736033937,1.7965367548123963,0.7506294296530099,0.007418534184964975,0.002406787038008218,0.070833331440808,0.02284343951007512,1.3939044298638372,7552.65572506526,3237.181890447097,4994.027639273096,2086.605859021452,3099.8295940667845,1339.2463400068536,3.856634753170291,2.5362507475009983,0.006110276907099618,0.002648065971322862,advance_eq19_20,0.22114537172505713,0.05884726932835195,0.240203569703807,0.06060952382504704,1.0861795018818856,1.0299462407824258,107.99806268512654,3.441252282355343e-16,a1_station_hull_matched_sweep_free_surface_marching_not_benchmark_validated,41,8,24,10,3.0,2,16,15.0,False,none,0.0,1.0,0.03,1.0,trapezoid,1.0,1.0,-1.0,1.0,1.0,1.0,1.0,True,False,True,3.0,11,9,40,True,True,True,True,A1_GRID_RECOMMENDED,"A1 Section 3.3 recommends control radius about 3B, inner free-surface panels greater than 10, outer/free-surface proxy panels greater than 8, and roughly 60 stations at Fn=0.2 or 40 at Fn=0.3."
32,st41_bp8_fs24_cp10_r3p0_h2_fsm_clipfs_onezonefs_noend_pr1p0_pl1p0_pf1p0_pm1p0_dt1p0_fv0p03_hr1p0_hqtrapezoid_hp1p0_hc1p0_cim1p0_cp1p0_cn1p0_cd1p0_pg1p0,A35,OK,diagnostic_matched_wigley_sensitivity_not_hard_gate,wigley_iii,Fn0.4,0.4,2.1696064159197173,1.5,2.7120080198996463,-0.2,239.85000000000002,14,15,24,1.125,1.875,0.07499999999999996,-0.8683593749999999,0.8683593749999999,0.06328124999999996,0.06328125000000007,pitch,heave_force,0.375,-26.179043701365657,-786.4668253814548,-1.9634282776024232,-58.98501190360907,-0.0011129954264140192,0.004431119286012668,-0.005544114712426687,-0.19117322767724132,0.08547847215419353,-0.2766516998314349,0.0,-0.19117322767724132,1.729680325489353,0.7239117778738395,0.007580334621530069,0.002489727503440596,0.07255265071449007,0.023379595559645396,1.411841294918808,7554.003565629326,3245.8027041757964,4808.1795874545,2012.3359109760056,3139.7184300091535,1367.075495390557,3.762108610368537,2.4555722039194476,0.006181212517774069,0.002677505335220315,advance_eq19_20,0.19970553739795205,0.05622543220257341,0.21814354316804843,0.058063681374516625,1.0923259615648768,1.0326942648536739,108.57779417676022,5.998711781307327e-16,a1_station_hull_matched_sweep_free_surface_marching_not_benchmark_validated,41,8,24,10,3.0,2,16,15.0,False,none,0.0,1.0,0.03,1.0,trapezoid,1.0,1.0,-1.0,1.0,1.0,1.0,1.0,True,False,True,3.0,11,9,40,True,True,True,True,A1_GRID_RECOMMENDED,"A1 Section 3.3 recommends control radius about 3B, inner free-surface panels greater than 10, outer/free-surface proxy panels greater than 8, and roughly 60 stations at Fn=0.2 or 40 at Fn=0.3."
32,st41_bp8_fs24_cp10_r3p0_h2_fsm_clipfs_onezonefs_noend_pr1p0_pl1p0_pf1p0_pm1p0_dt1p0_fv0p03_hr1p0_hqtrapezoid_hp1p0_hc1p0_cim1p0_cp1p0_cn1p0_cd1p0_pg1p0,A35,OK,diagnostic_matched_wigley_sensitivity_not_hard_gate,wigley_iii,Fn0.4,0.4,2.1696064159197173,1.5,2.7120080198996463,-0.2,239.85000000000002,15,16,23,1.2,1.8,0.07499999999999996,-0.8684999999999999,0.8684999999999998,0.06299999999999994,0.06300000000000008,pitch,heave_force,0.30000000000000004,-43.06614258228708,-804.7170480997993,-3.229960693671529,-60.35377860748491,-0.001830946167253585,0.0032861560588147267,-0.005117102226068312,-0.19264519847407513,0.08933710982660724,-0.28198230830068244,0.0,-0.19264519847407513,1.670955119213959,0.7006549688039311,0.007683180856088814,0.002544929233652407,0.07366264332818613,0.023734834354676767,1.4337891268597986,7553.811417677834,3253.0055201650594,4644.934776305642,1947.6864419432675,3188.5270409287223,1396.7362266331497,3.659771600324439,2.3702213051295633,0.006213543070252686,0.002690427365140847,advance_eq19_20,0.17971122012511642,0.05367862229854789,0.19753723357151906,0.055614700378828257,1.0991925458743868,1.036067954008066,109.05701762428855,2.97451467394528e-16,a1_station_hull_matched_sweep_free_surface_marching_not_benchmark_validated,41,8,24,10,3.0,2,16,15.0,False,none,0.0,1.0,0.03,1.0,trapezoid,1.0,1.0,-1.0,1.0,1.0,1.0,1.0,True,False,True,3.0,11,9,40,True,True,True,True,A1_GRID_RECOMMENDED,"A1 Section 3.3 recommends control radius about 3B, inner free-surface panels greater than 10, outer/free-surface proxy panels greater than 8, and roughly 60 stations at Fn=0.2 or 40 at Fn=0.3."
32,st41_bp8_fs24_cp10_r3p0_h2_fsm_clipfs_onezonefs_noend_pr1p0_pl1p0_pf1p0_pm1p0_dt1p0_fv0p03_hr1p0_hqtrapezoid_hp1p0_hc1p0_cim1p0_cp1p0_cn1p0_cd1p0_pg1p0,A35,OK,diagnostic_matched_wigley_sensitivity_not_hard_gate,wigley_iii,Fn0.4,0.4,2.1696064159197173,1.5,2.7120080198996463,-0.2,239.85000000000002,16,17,22,1.275,1.725,0.07499999999999996,-0.8686093749999999,0.8686093749999999,0.0627812499999999,0.06278125000000001,pitch,heave_force,0.2250000000000001,-64.62163004568272,-817.7480557934692,-4.846622253426201,-61.33110418451015,-0.0027473722687781626,0.002032749182800491,-0.004780121451578653,-0.194934357692091,0.09199656244741485,-0.28693092013950583,0.0,-0.194934357692091,1.620541385626046,0.6809749468385315,0.007736263782273783,0.00257627795246741,0.07426305894560073,0.023957476046780776,1.455169096481276,7549.934101215472,3258.043719583668,4504.794265257051,1892.9797551062538,3236.072813173221,1424.0758274262228,3.560838963836724,2.2909754365967916,0.006215388303585666,0.0026903357321600386,advance_eq19_20,0.16103002772503716,0.05116919020072936,0.17824073266946233,0.05323110289728291,1.1068788547550454,1.0402959806177303,109.43283246067818,3.2984534126615185e-16,a1_station_hull_matched_sweep_free_surface_marching_not_benchmark_validated,41,8,24,10,3.0,2,16,15.0,False,none,0.0,1.0,0.03,1.0,trapezoid,1.0,1.0,-1.0,1.0,1.0,1.0,1.0,True,False,True,3.0,11,9,40,True,True,True,True,A1_GRID_RECOMMENDED,"A1 Section 3.3 recommends control radius about 3B, inner free-surface panels greater than 10, outer/free-surface proxy panels greater than 8, and roughly 60 stations at Fn=0.2 or 40 at Fn=0.3."
32,st41_bp8_fs24_cp10_r3p0_h2_fsm_clipfs_onezonefs_noend_pr1p0_pl1p0_pf1p0_pm1p0_dt1p0_fv0p03_hr1p0_hqtrapezoid_hp1p0_hc1p0_cim1p0_cp1p0_cn1p0_cd1p0_pg1p0,A35,OK,diagnostic_matched_wigley_sensitivity_not_hard_gate,wigley_iii,Fn0.4,0.4,2.1696064159197173,1.5,2.7120080198996463,-0.2,239.85000000000002,17,18,21,1.3499999999999999,1.6500000000000001,0.07500000000000007,-0.8686874999999998,0.8686875,0.0626249999999999,0.06262500000000004,pitch,heave_force,0.15000000000000013,-89.94381291588081,-825.1617169095432,-6.745785968691067,-61.887128768215796,-0.0038239384735200047,0.0006970687616204105,-0.0045210072351404154,-0.19822001306324005,0.0933614714196253,-0.2915814844828654,0.0,-0.19822001306324005,1.5787137309617743,0.6650327012472731,0.00774917275939553,0.002587766803410785,0.07445495968138195,0.02405088466397327,1.4729405678696235,7541.068776994955,3260.55063298007,4388.521406981375,1848.6633697600832,3275.593838976326,1446.5262940584548,3.477856986606025,2.2291954192155132,0.0061934971730374265,0.002680131915860312,advance_eq19_20,0.14354390785705967,0.048651615029878824,0.16012167272636538,0.05087096180667209,1.1154891567102503,1.0456171244352377,109.70294068380586,2.295314259159508e-16,a1_station_hull_matched_sweep_free_surface_marching_not_benchmark_validated,41,8,24,10,3.0,2,16,15.0,False,none,0.0,1.0,0.03,1.0,trapezoid,1.0,1.0,-1.0,1.0,1.0,1.0,1.0,True,False,True,3.0,11,9,40,True,True,True,True,A1_GRID_RECOMMENDED,"A1 Section 3.3 recommends control radius about 3B, inner free-surface panels greater than 10, outer/free-surface proxy panels greater than 8, and roughly 60 stations at Fn=0.2 or 40 at Fn=0.3."
32,st41_bp8_fs24_cp10_r3p0_h2_fsm_clipfs_onezonefs_noend_pr1p0_pl1p0_pf1p0_pm1p0_dt1p0_fv0p03_hr1p0_hqtrapezoid_hp1p0_hc1p0_cim1p0_cp1p0_cn1p0_cd1p0_pg1p0,A35,OK,diagnostic_matched_wigley_sensitivity_not_hard_gate,wigley_iii,Fn0.4,0.4,2.1696064159197173,1.5,2.7120080198996463,-0.2,239.85000000000002,18,19,20,1.425,1.575,0.07500000000000007,-0.8687343749999998,0.868734375,0.06253124999999993,0.06253125000000004,pitch,heave_force,0.07499999999999996,-118.11497346011242,-826.6513238419129,-8.85862300950844,-61.998849288143525,-0.005021628244016444,-0.0006929372912575058,-0.004328690952758939,-0.2026427964220083,0.09336353715480676,-0.29600633357681516,0.0,-0.2026427964220083,1.5457220804714904,0.6529758696625522,0.007730843496953468,0.002583124318346681,0.0743282621107211,0.024041061205601955,1.4850723106288302,7526.4171612888285,3260.370694884419,4296.810945744015,1815.1476902089323,3302.5729735761547,1462.4898522384153,3.423362568947778,2.195187164052569,0.00615514511236036,0.0026629370886021254,advance_eq19_20,0.12716247312046314,0.046077210852622945,0.14307389702996434,0.04848577624477414,1.1251267258260071,1.05227237820134,109.86567790060892,4.25466838560686e-16,a1_station_hull_matched_sweep_free_surface_marching_not_benchmark_validated,41,8,24,10,3.0,2,16,15.0,False,none,0.0,1.0,0.03,1.0,trapezoid,1.0,1.0,-1.0,1.0,1.0,1.0,1.0,True,False,True,3.0,11,9,40,True,True,True,True,A1_GRID_RECOMMENDED,"A1 Section 3.3 recommends control radius about 3B, inner free-surface panels greater than 10, outer/free-surface proxy panels greater than 8, and roughly 60 stations at Fn=0.2 or 40 at Fn=0.3."
32,st41_bp8_fs24_cp10_r3p0_h2_fsm_clipfs_onezonefs_noend_pr1p0_pl1p0_pf1p0_pm1p0_dt1p0_fv0p03_hr1p0_hqtrapezoid_hp1p0_hc1p0_cim1p0_cp1p0_cn1p0_cd1p0_pg1p0,A35,OK,diagnostic_matched_wigley_sensitivity_not_hard_gate,wigley_iii,Fn0.4,0.4,2.1696064159197173,1.5,2.7120080198996463,-0.2,239.85000000000002,19,20,19,1.5,1.5,0.07499999999999996,-0.8687499999999999,0.8687499999999999,0.062499999999999944,0.06250000000000003,pitch,heave_force,0.0,-147.4534500091081,-822.6458922424795,-11.059008750683102,-61.69844191818592,-0.006268946159425384,-0.0021080371330700134,-0.004160909026355372,-0.2082880836237292,0.091963049942643,-0.3002511335663723,0.0,-0.2082880836237292,1.5216926360145713,0.6448913743698254,0.007688458526895449,0.0025662728657577785,0.07395277518717291,0.023950778672121045,1.4917302551878722,7509.889512982879,3259.0152418959333,4230.013698511095,1792.6743437364485,3317.3792207890933,1472.3668999880065,3.40760225175137,2.1960243658868834,0.006106974602213166,0.0026416024103718674,advance_eq19_20,0.11183064178866739,0.04340019493188228,0.12702700928577365,0.046026081988834726,1.1358873315403455,1.06050403831305,109.92003615667433,4.591306814202677e-16,a1_station_hull_matched_sweep_free_surface_marching_not_benchmark_validated,41,8,24,10,3.0,2,16,15.0,False,none,0.0,1.0,0.03,1.0,trapezoid,1.0,1.0,-1.0,1.0,1.0,1.0,1.0,True,False,True,3.0,11,9,40,True,True,True,True,A1_GRID_RECOMMENDED,"A1 Section 3.3 recommends control radius about 3B, inner free-surface panels greater than 10, outer/free-surface proxy panels greater than 8, and roughly 60 stations at Fn=0.2 or 40 at Fn=0.3."
32,st41_bp8_fs24_cp10_r3p0_h2_fsm_clipfs_onezonefs_noend_pr1p0_pl1p0_pf1p0_pm1p0_dt1p0_fv0p03_hr1p0_hqtrapezoid_hp1p0_hc1p0_cim1p0_cp1p0_cn1p0_cd1p0_pg1p0,A35,OK,diagnostic_matched_wigley_sensitivity_not_hard_gate,wigley_iii,Fn0.4,0.4,2.1696064159197173,1.5,2.7120080198996463,-0.2,239.85000000000002,20,21,18,1.575,1.425,0.07499999999999996,-0.8687343749999998,0.868734375,0.06253124999999993,0.06253125000000004,pitch,heave_force,-0.07499999999999996,-176.80388999530675,-813.6036629208161,-13.260291749647998,-61.02027471906117,-0.00751677269734335,-0.003523287776805843,-0.003993484920537509,-0.21518094305211358,0.08914738748770507,-0.3043283305398188,0.0,-0.21518094305211358,1.5070973915123937,0.6409356719237982,0.007631539398153723,0.002547251840844037,0.07343283622396249,0.023831671486150164,1.4934561402550017,7495.020765714963,3257.7582808007296,4189.441717865236,1781.678249559537,3321.2173243867474,1476.6736897167086,3.4329016096654668,2.2290176708202143,0.006049081581265631,0.0026161664944842167,advance_eq19_20,0.09781468434506317,0.040710299536085265,0.11227316356969996,0.043566241880042586,1.1478150169521713,1.0701528206989939,109.86567790060924,4.718150164673827e-16,a1_station_hull_matched_sweep_free_surface_marching_not_benchmark_validated,41,8,24,10,3.0,2,16,15.0,False,none,0.0,1.0,0.03,1.0,trapezoid,1.0,1.0,-1.0,1.0,1.0,1.0,1.0,True,False,True,3.0,11,9,40,True,True,True,True,A1_GRID_RECOMMENDED,"A1 Section 3.3 recommends control radius about 3B, inner free-surface panels greater than 10, outer/free-surface proxy panels greater than 8, and roughly 60 stations at Fn=0.2 or 40 at Fn=0.3."
32,st41_bp8_fs24_cp10_r3p0_h2_fsm_clipfs_onezonefs_noend_pr1p0_pl1p0_pf1p0_pm1p0_dt1p0_fv0p03_hr1p0_hqtrapezoid_hp1p0_hc1p0_cim1p0_cp1p0_cn1p0_cd1p0_pg1p0,A35,OK,diagnostic_matched_wigley_sensitivity_not_hard_gate,wigley_iii,Fn0.4,0.4,2.1696064159197173,1.5,2.7120080198996463,-0.2,239.85000000000002,21,22,17,1.65,1.35,0.07499999999999996,-0.8686874999999998,0.8686875,0.0626249999999999,0.06262500000000004,pitch,heave_force,-0.1499999999999999,-206.57175720988775,-798.6277501648123,-15.492881790741572,-59.897081262360885,-0.00878234604837451,-0.00491169620803914,-0.0038706498403353684,-0.2233305024249725,0.08492989549528257,-0.3082603979202552,0.0,-0.2233305024249725,1.5019426296233056,0.6410883072831498,0.007563884891176397,0.0025224438810088454,0.07281922829803789,0.023697347489740332,1.4876579703038366,7475.860271812591,3254.601052574198,4175.112468391758,1782.102546586186,3308.3230839919406,1473.190202991699,3.4931684618620387,2.2863088129190086,0.005975997629556247,0.0025842742505784136,advance_eq19_20,0.08526560999620178,0.03810305445670898,0.09899356008082769,0.041188228121058004,1.1610021916835807,1.0809691954710419,109.70294068380586,3.0072565261399627e-16,a1_station_hull_matched_sweep_free_surface_marching_not_benchmark_validated,41,8,24,10,3.0,2,16,15.0,False,none,0.0,1.0,0.03,1.0,trapezoid,1.0,1.0,-1.0,1.0,1.0,1.0,1.0,True,False,True,3.0,11,9,40,True,True,True,True,A1_GRID_RECOMMENDED,"A1 Section 3.3 recommends control radius about 3B, inner free-surface panels greater than 10, outer/free-surface proxy panels greater than 8, and roughly 60 stations at Fn=0.2 or 40 at Fn=0.3."
32,st41_bp8_fs24_cp10_r3p0_h2_fsm_clipfs_onezonefs_noend_pr1p0_pl1p0_pf1p0_pm1p0_dt1p0_fv0p03_hr1p0_hqtrapezoid_hp1p0_hc1p0_cim1p0_cp1p0_cn1p0_cd1p0_pg1p0,A35,OK,diagnostic_matched_wigley_sensitivity_not_hard_gate,wigley_iii,Fn0.4,0.4,2.1696064159197173,1.5,2.7120080198996463,-0.2,239.85000000000002,22,23,16,1.7249999999999999,1.2750000000000001,0.07499999999999996,-0.8686093749999999,0.8686093749999999,0.0627812499999999,0.06278125000000001,pitch,heave_force,-0.22499999999999987,-236.48438637375833,-777.0054595273219,-17.736328978031864,-58.275409464549114,-0.010054073917092258,-0.006240554441055195,-0.003813519476037064,-0.23274871240770587,0.0793537701707354,-0.3121024825784414,0.0,-0.23274871240770587,1.5053345904900604,0.6450165015932049,0.007479471594138151,0.0024900736272221156,0.0720591174278226,0.02352143958983064,1.4719980295738584,7447.195472919037,3247.956651882951,4184.541469092429,1793.0221734205943,3273.4977784142407,1460.2234262646784,3.5808846928481652,2.362276074070033,0.005880439759332017,0.0025427892454642762,advance_eq19_20,0.0740050644023346,0.03555560440800102,0.08700446554596614,0.03886481933627388,1.1756555615296707,1.0930715419796997,109.43283246067818,4.148557893638234e-16,a1_station_hull_matched_sweep_free_surface_marching_not_benchmark_validated,41,8,24,10,3.0,2,16,15.0,False,none,0.0,1.0,0.03,1.0,trapezoid,1.0,1.0,-1.0,1.0,1.0,1.0,1.0,True,False,True,3.0,11,9,40,True,True,True,True,A1_GRID_RECOMMENDED,"A1 Section 3.3 recommends control radius about 3B, inner free-surface panels greater than 10, outer/free-surface proxy panels greater than 8, and roughly 60 stations at Fn=0.2 or 40 at Fn=0.3."
32,st41_bp8_fs24_cp10_r3p0_h2_fsm_clipfs_onezonefs_noend_pr1p0_pl1p0_pf1p0_pm1p0_dt1p0_fv0p03_hr1p0_hqtrapezoid_hp1p0_hc1p0_cim1p0_cp1p0_cn1p0_cd1p0_pg1p0,A35,OK,diagnostic_matched_wigley_sensitivity_not_hard_gate,wigley_iii,Fn0.4,0.4,2.1696064159197173,1.5,2.7120080198996463,-0.2,239.85000000000002,23,24,15,1.7999999999999998,1.2000000000000002,0.07500000000000007,-0.8684999999999999,0.8684999999999998,0.06299999999999994,0.06300000000000008,pitch,heave_force,-0.2999999999999998,-265.33889469549837,-748.9154157927298,-19.900417102162397,-56.16865618445479,-0.011280816045638653,-0.007478001420162586,-0.0038028146254760658,-0.24341615738907135,0.07249449224012652,-0.31591064962919796,0.0,-0.24341615738907135,1.5161494654336343,0.65228240499618,0.007369729566693972,0.0024609607151414876,0.07107333285520262,0.023275384142490665,1.4462334812276858,7408.905732836957,3238.020757512875,4214.604747363142,1813.219991428796,3216.2013757842324,1437.9223316032433,3.686805037941741,2.45017607470375,0.005754205727650712,0.0024881750387782116,advance_eq19_20,0.063882605916939,0.03304839696576368,0.07615032714230928,0.03657144534602355,1.1920353913132617,1.106602700999675,109.05701762428855,4.3903079794275465e-16,a1_station_hull_matched_sweep_free_surface_marching_not_benchmark_validated,41,8,24,10,3.0,2,16,15.0,False,none,0.0,1.0,0.03,1.0,trapezoid,1.0,1.0,-1.0,1.0,1.0,1.0,1.0,True,False,True,3.0,11,9,40,True,True,True,True,A1_GRID_RECOMMENDED,"A1 Section 3.3 recommends control radius about 3B, inner free-surface panels greater than 10, outer/free-surface proxy panels greater than 8, and roughly 60 stations at Fn=0.2 or 40 at Fn=0.3."
32,st41_bp8_fs24_cp10_r3p0_h2_fsm_clipfs_onezonefs_noend_pr1p0_pl1p0_pf1p0_pm1p0_dt1p0_fv0p03_hr1p0_hqtrapezoid_hp1p0_hc1p0_cim1p0_cp1p0_cn1p0_cd1p0_pg1p0,A35,OK,diagnostic_matched_wigley_sensitivity_not_hard_gate,wigley_iii,Fn0.4,0.4,2.1696064159197173,1.5,2.7120080198996463,-0.2,239.85000000000002,24,25,14,1.875,1.125,0.07500000000000007,-0.8683593749999999,0.8683593749999999,0.06328124999999996,0.06328125000000007,pitch,heave_force,-0.375,-291.99901851324495,-714.681038302028,-21.89992638849339,-53.60107787265215,-0.012414264471611354,-0.008593629958168068,-0.003820634513443285,-0.25526369764769635,0.06445867655096119,-0.3197223741986577,0.0,-0.25526369764769635,1.5330718494021192,0.6623672487695188,0.00722460995925509,0.002422460208141012,0.06976606443169953,0.02292497823196522,1.4104811492262532,7360.979622282771,3225.0183529960736,4261.645729427453,1841.2539230513444,3136.6936746674724,1406.688873681621,3.800830812473384,2.5428103079288147,0.00558920011118799,0.0024169325632061164,advance_eq19_20,0.054771956547865396,0.030565310534351967,0.06630020315787896,0.03428646276104197,1.210477173659827,1.1217442964470408,108.57779417676022,3.379059957651356e-16,a1_station_hull_matched_sweep_free_surface_marching_not_benchmark_validated,41,8,24,10,3.0,2,16,15.0,False,none,0.0,1.0,0.03,1.0,trapezoid,1.0,1.0,-1.0,1.0,1.0,1.0,1.0,True,False,True,3.0,11,9,40,True,True,True,True,A1_GRID_RECOMMENDED,"A1 Section 3.3 recommends control radius about 3B, inner free-surface panels greater than 10, outer/free-surface proxy panels greater than 8, and roughly 60 stations at Fn=0.2 or 40 at Fn=0.3."
32,st41_bp8_fs24_cp10_r3p0_h2_fsm_clipfs_onezonefs_noend_pr1p0_pl1p0_pf1p0_pm1p0_dt1p0_fv0p03_hr1p0_hqtrapezoid_hp1p0_hc1p0_cim1p0_cp1p0_cn1p0_cd1p0_pg1p0,A35,OK,diagnostic_matched_wigley_sensitivity_not_hard_gate,wigley_iii,Fn0.4,0.4,2.1696064159197173,1.5,2.7120080198996463,-0.2,239.85000000000002,25,26,13,1.95,1.05,0.07499999999999996,-0.8681874999999999,0.8681874999999999,0.0636249999999999,0.06362500000000004,pitch,heave_force,-0.44999999999999996,-315.3957894561779,-674.7778650053272,-23.65468420921333,-50.60833987539951,-0.013408972274898371,-0.009559100974532983,-0.003849871300365389,-0.2681753160209512,0.05538231108461066,-0.323557627105562,0.0,-0.2681753160209512,1.5546564362541018,0.6747058028482392,0.007033857713395839,0.0023680592571547975,0.068036721823791,0.022434378922120246,1.365184321453245,7303.52975990603,3209.244370362572,4321.646741392471,1875.552737107186,3035.960479306415,1367.1989472431958,3.9127112871121734,2.633010478600946,0.005378514982729794,0.002326060566114269,advance_eq19_20,0.04656775014746451,0.028093745723809727,0.057344664072822585,0.03199138626743612,1.2314244061873547,1.1387369481429848,107.99806268512636,3.955137856742385e-16,a1_station_hull_matched_sweep_free_surface_marching_not_benchmark_validated,41,8,24,10,3.0,2,16,15.0,False,none,0.0,1.0,0.03,1.0,trapezoid,1.0,1.0,-1.0,1.0,1.0,1.0,1.0,True,False,True,3.0,11,9,40,True,True,True,True,A1_GRID_RECOMMENDED,"A1 Section 3.3 recommends control radius about 3B, inner free-surface panels greater than 10, outer/free-surface proxy panels greater than 8, and roughly 60 stations at Fn=0.2 or 40 at Fn=0.3."
32,st41_bp8_fs24_cp10_r3p0_h2_fsm_clipfs_onezonefs_noend_pr1p0_pl1p0_pf1p0_pm1p0_dt1p0_fv0p03_hr1p0_hqtrapezoid_hp1p0_hc1p0_cim1p0_cp1p0_cn1p0_cd1p0_pg1p0,A35,OK,diagnostic_matched_wigley_sensitivity_not_hard_gate,wigley_iii,Fn0.4,0.4,2.1696064159197173,1.5,2.7120080198996463,-0.2,239.85000000000002,26,27,12,2.025,0.9750000000000001,0.07500000000000007,-0.8679843749999999,0.8679843749999999,0.06403124999999998,0.0640312500000001,pitch,heave_force,-0.5249999999999999,-334.52547970640205,-629.8497392189119,-25.089410977980176,-47.23873044141843,-0.01422226622100635,-0.010348784330111873,-0.0038734818908944756,-0.28199093526890356,0.04542836843228824,-0.32741930370119193,0.0,-0.28199093526890356,1.5794021892831756,0.6887272102515415,0.006788372404147311,0.0022943864775792464,0.06579278827579094,0.021770305740632594,1.3111589818175746,7236.881144424544,3191.141556700762,4390.435189082607,1914.5295606684226,2915.816412723228,1320.4953346480384,4.0125013987729234,2.71392260542144,0.0051175454684231755,0.002213529884604021,advance_eq19_20,0.03918272861882802,0.02562470333638207,0.049193125376688046,0.02967109487085909,1.255479827738435,1.1579097904611422,107.32128791426383,3.666336062964654e-16,a1_station_hull_matched_sweep_free_surface_marching_not_benchmark_validated,41,8,24,10,3.0,2,16,15.0,False,none,0.0,1.0,0.03,1.0,trapezoid,1.0,1.0,-1.0,1.0,1.0,1.0,1.0,True,False,True,3.0,11,9,40,True,True,True,True,A1_GRID_RECOMMENDED,"A1 Section 3.3 recommends control radius about 3B, inner free-surface panels greater than 10, outer/free-surface proxy panels greater than 8, and roughly 60 stations at Fn=0.2 or 40 at Fn=0.3."
32,st41_bp8_fs24_cp10_r3p0_h2_fsm_clipfs_onezonefs_noend_pr1p0_pl1p0_pf1p0_pm1p0_dt1p0_fv0p03_hr1p0_hqtrapezoid_hp1p0_hc1p0_cim1p0_cp1p0_cn1p0_cd1p0_pg1p0,A35,OK,diagnostic_matched_wigley_sensitivity_not_hard_gate,wigley_iii,Fn0.4,0.4,2.1696064159197173,1.5,2.7120080198996463,-0.2,239.85000000000002,27,28,11,2.1,0.8999999999999999,0.07499999999999996,-0.8677499999999999,0.8677499999999999,0.06449999999999989,0.06450000000000003,pitch,heave_force,-0.6000000000000001,-348.4416635151408,-580.7402578194207,-26.133124763635546,-43.55551933645653,-0.014813909258427712,-0.010940456864594467,-0.003873452393833246,-0.2965090230086206,0.034783747834935035,-0.33129277084355585,0.0,-0.2965090230086206,1.6058344566240406,0.703902083716324,0.0064816029110290295,0.0021989432182532463,0.06296305436052742,0.0209062271825336,1.2497346838629917,7161.753786481257,3171.4398044264335,4463.911823120478,1956.712798669312,2779.2181980142104,1268.1904013618907,4.0908088361212975,2.7791387398928555,0.004805195082967582,0.0020787935963463115,advance_eq19_20,0.03254533663085226,0.02315286881101387,0.04177157143741759,0.027314033948308145,1.283488688754845,1.1797256819990618,106.55145429053415,3.4057286014761196e-16,a1_station_hull_matched_sweep_free_surface_marching_not_benchmark_validated,41,8,24,10,3.0,2,16,15.0,False,none,0.0,1.0,0.03,1.0,trapezoid,1.0,1.0,-1.0,1.0,1.0,1.0,1.0,True,False,True,3.0,11,9,40,True,True,True,True,A1_GRID_RECOMMENDED,"A1 Section 3.3 recommends control radius about 3B, inner free-surface panels greater than 10, outer/free-surface proxy panels greater than 8, and roughly 60 stations at Fn=0.2 or 40 at Fn=0.3."
32,st41_bp8_fs24_cp10_r3p0_h2_fsm_clipfs_onezonefs_noend_pr1p0_pl1p0_pf1p0_pm1p0_dt1p0_fv0p03_hr1p0_hqtrapezoid_hp1p0_hc1p0_cim1p0_cp1p0_cn1p0_cd1p0_pg1p0,A35,OK,diagnostic_matched_wigley_sensitivity_not_hard_gate,wigley_iii,Fn0.4,0.4,2.1696064159197173,1.5,2.7120080198996463,-0.2,239.85000000000002,28,29,10,2.175,0.8250000000000002,0.07499999999999996,-0.8674843749999999,0.8674843749999999,0.06503124999999987,0.0650312500000001,pitch,heave_force,-0.6749999999999998,-356.2348691460105,-528.5528300743147,-26.717615185950773,-39.64146225557358,-0.01514523542615207,-0.01131611127535838,-0.0038291241507936863,-0.3114885953509105,0.023655463764958647,-0.3351440591158693,0.0,-0.3114885953509105,1.63260110672323,0.7198022581636974,0.006111009826428752,0.002080603190278473,0.05951141607722511,0.01982657138425017,1.1830428236108061,7079.601583238086,3151.416871674704,4538.3179770987,2000.9122343038687,2630.9057329241277,1212.8850117385696,4.138904032390075,2.8227406438809814,0.004445333262125379,0.0019233996481490007,advance_eq19_20,0.026597668268083435,0.020676714655703084,0.03502063031829893,0.02491243110381083,1.3166804685778735,1.2048544228925384,105.69301673551156,2.874943383715641e-16,a1_station_hull_matched_sweep_free_surface_marching_not_benchmark_validated,41,8,24,10,3.0,2,16,15.0,False,none,0.0,1.0,0.03,1.0,trapezoid,1.0,1.0,-1.0,1.0,1.0,1.0,1.0,True,False,True,3.0,11,9,40,True,True,True,True,A1_GRID_RECOMMENDED,"A1 Section 3.3 recommends control radius about 3B, inner free-surface panels greater than 10, outer/free-surface proxy panels greater than 8, and roughly 60 stations at Fn=0.2 or 40 at Fn=0.3."
32,st41_bp8_fs24_cp10_r3p0_h2_fsm_clipfs_onezonefs_noend_pr1p0_pl1p0_pf1p0_pm1p0_dt1p0_fv0p03_hr1p0_hqtrapezoid_hp1p0_hc1p0_cim1p0_cp1p0_cn1p0_cd1p0_pg1p0,A35,OK,diagnostic_matched_wigley_sensitivity_not_hard_gate,wigley_iii,Fn0.4,0.4,2.1696064159197173,1.5,2.7120080198996463,-0.2,239.85000000000002,29,30,9,2.25,0.75,0.07499999999999996,-0.8671874999999999,0.8671874999999999,0.06562499999999982,0.0656250000000001,pitch,heave_force,-0.75,-356.98498007405294,-474.7691485179206,-26.773873505553954,-35.607686138844024,-0.015177126202673093,-0.011462978261710709,-0.0037141479409623836,-0.3266497761653231,0.012265918996424065,-0.33891569516174735,0.0,-0.3266497761653231,1.6586064533099298,0.7361911262160701,0.005679771389559437,0.0019401974866858883,0.05545246202808789,0.01853130768890266,1.114595022668921,6993.272311847301,3133.4393136571184,4610.607853314684,2046.4701444388581,2478.688325143041,1159.1120615101415,4.148769350392148,2.8393117879447103,0.004048971727133382,0.0017519022703747762,advance_eq19_20,0.02129372644069663,0.01819861522276323,0.028893962992461938,0.022462535234224063,1.356923743381981,1.2342991463508404,104.75084920458065,3.205829402277344e-16,a1_station_hull_matched_sweep_free_surface_marching_not_benchmark_validated,41,8,24,10,3.0,2,16,15.0,False,none,0.0,1.0,0.03,1.0,trapezoid,1.0,1.0,-1.0,1.0,1.0,1.0,1.0,True,False,True,3.0,11,9,40,True,True,True,True,A1_GRID_RECOMMENDED,"A1 Section 3.3 recommends control radius about 3B, inner free-surface panels greater than 10, outer/free-surface proxy panels greater than 8, and roughly 60 stations at Fn=0.2 or 40 at Fn=0.3."
32,st41_bp8_fs24_cp10_r3p0_h2_fsm_clipfs_onezonefs_noend_pr1p0_pl1p0_pf1p0_pm1p0_dt1p0_fv0p03_hr1p0_hqtrapezoid_hp1p0_hc1p0_cim1p0_cp1p0_cn1p0_cd1p0_pg1p0,A35,OK,diagnostic_matched_wigley_sensitivity_not_hard_gate,wigley_iii,Fn0.4,0.4,2.1696064159197173,1.5,2.7120080198996463,-0.2,239.85000000000002,30,31,8,2.3249999999999997,0.6750000000000003,0.07499999999999996,-0.866859375,0.866859375,0.06628124999999996,0.06628125000000007,pitch,heave_force,-0.8249999999999997,-349.64849887488697,-421.4998272523485,-26.22363741561651,-31.61248704392612,-0.014865217558729075,-0.011374975928049313,-0.0034902416306797587,-0.3416709480460241,0.0008469419015440896,-0.34251788994756843,0.0,-0.3416709480460241,1.6832426211564622,0.7531870514489615,0.005199196325759492,0.0017813360162402961,0.05087179203148369,0.017041713726203864,1.0506073821992017,6908.489094627107,3122.271939044068,4679.091675213558,2093.715557114505,2336.3896299578064,1115.8341767705724,4.113162356286889,2.8239686359429452,0.0036383284440235602,0.0015735636245564808,advance_eq19_20,0.016597971737925737,0.015724930009622495,0.023356938803315287,0.019964868940123653,1.4072164462086392,1.2696316567327568,103.73019523740956,5.232906072458397e-16,a1_station_hull_matched_sweep_free_surface_marching_not_benchmark_validated,41,8,24,10,3.0,2,16,15.0,False,none,0.0,1.0,0.03,1.0,trapezoid,1.0,1.0,-1.0,1.0,1.0,1.0,1.0,True,False,True,3.0,11,9,40,True,True,True,True,A1_GRID_RECOMMENDED,"A1 Section 3.3 recommends control radius about 3B, inner free-surface panels greater than 10, outer/free-surface proxy panels greater than 8, and roughly 60 stations at Fn=0.2 or 40 at Fn=0.3."
32,st41_bp8_fs24_cp10_r3p0_h2_fsm_clipfs_onezonefs_noend_pr1p0_pl1p0_pf1p0_pm1p0_dt1p0_fv0p03_hr1p0_hqtrapezoid_hp1p0_hc1p0_cim1p0_cp1p0_cn1p0_cd1p0_pg1p0,A35,OK,diagnostic_matched_wigley_sensitivity_not_hard_gate,wigley_iii,Fn0.4,0.4,2.1696064159197173,1.5,2.7120080198996463,-0.2,239.85000000000002,31,32,7,2.4,0.6000000000000001,0.07500000000000018,-0.8664999999999999,0.8664999999999998,0.06699999999999995,0.06700000000000006,pitch,heave_force,-0.8999999999999999,-332.77190983995513,-372.07262379939186,-24.957893237996693,-27.905446784954457,-0.014147713641335515,-0.011055087817787008,-0.003092625823548508,-0.3561774136460564,-0.010368089971374088,-0.3458093236746826,0.0,-0.3561774136460564,1.7068688393124265,0.771605284487066,0.004692403215931413,0.0016116119736776535,0.04595925809022331,0.01540942132078925,1.0039292915592355,6838.005548731035,3128.954951000123,4744.768030660404,2144.914712719018,2232.58471789907,1104.4476187303867,4.025799457265656,2.772483956068142,0.003250556587130563,0.0014036956545351881,advance_eq19_20,0.01248417254314058,0.013265914652477983,0.018385587361870934,0.017424439617600606,1.47271173146136,1.3134744247993362,102.63663006147284,4.240058899977919e-16,a1_station_hull_matched_sweep_free_surface_marching_not_benchmark_validated,41,8,24,10,3.0,2,16,15.0,False,none,0.0,1.0,0.03,1.0,trapezoid,1.0,1.0,-1.0,1.0,1.0,1.0,1.0,True,False,True,3.0,11,9,40,True,True,True,True,A1_GRID_RECOMMENDED,"A1 Section 3.3 recommends control radius about 3B, inner free-surface panels greater than 10, outer/free-surface proxy panels greater than 8, and roughly 60 stations at Fn=0.2 or 40 at Fn=0.3."
32,st41_bp8_fs24_cp10_r3p0_h2_fsm_clipfs_onezonefs_noend_pr1p0_pl1p0_pf1p0_pm1p0_dt1p0_fv0p03_hr1p0_hqtrapezoid_hp1p0_hc1p0_cim1p0_cp1p0_cn1p0_cd1p0_pg1p0,A35,OK,diagnostic_matched_wigley_sensitivity_not_hard_gate,wigley_iii,Fn0.4,0.4,2.1696064159197173,1.5,2.7120080198996463,-0.2,239.85000000000002,32,33,6,2.475,0.5249999999999999,0.07499999999999996,-0.866109375,0.866109375,0.06778124999999988,0.06778125000000013,pitch,heave_force,-0.9750000000000001,-303.67673224370265,-332.61064185498475,-22.775754918277684,-24.94579813912384,-0.012910739519410486,-0.010520001274578096,-0.0023907382448323912,-0.3697066402264294,-0.021155634517556657,-0.34855100570887304,0.0,-0.3697066402264294,1.7319619819789323,0.7937716345671848,0.004202058592722996,0.001444831749560686,0.04107524882761848,0.013733855253996391,1.0097634006480725,6817.12592502886,3185.413185528316,4814.522154920354,2206.5329148879327,2245.558881422144,1188.6974834008297,3.881904080905098,2.6816757290644655,0.0029417586976511253,0.0012645485256574383,advance_eq19_20,0.008934653282405934,0.010835045558395201,0.013965858600883353,0.0148507380266219,1.5631114223967524,1.370620727581091,101.4760582021312,3.5907945619370295e-16,a1_station_hull_matched_sweep_free_surface_marching_not_benchmark_validated,41,8,24,10,3.0,2,16,15.0,False,none,0.0,1.0,0.03,1.0,trapezoid,1.0,1.0,-1.0,1.0,1.0,1.0,1.0,True,False,True,3.0,11,9,40,True,True,True,True,A1_GRID_RECOMMENDED,"A1 Section 3.3 recommends control radius about 3B, inner free-surface panels greater than 10, outer/free-surface proxy panels greater than 8, and roughly 60 stations at Fn=0.2 or 40 at Fn=0.3."
32,st41_bp8_fs24_cp10_r3p0_h2_fsm_clipfs_onezonefs_noend_pr1p0_pl1p0_pf1p0_pm1p0_dt1p0_fv0p03_hr1p0_hqtrapezoid_hp1p0_hc1p0_cim1p0_cp1p0_cn1p0_cd1p0_pg1p0,A35,OK,diagnostic_matched_wigley_sensitivity_not_hard_gate,wigley_iii,Fn0.4,0.4,2.1696064159197173,1.5,2.7120080198996463,-0.2,239.85000000000002,33,34,5,2.55,0.4500000000000002,0.07499999999999996,-0.8656874999999999,0.8656874999999999,0.06862499999999994,0.06862500000000005,pitch,heave_force,-1.0499999999999998,-255.51502431630658,-317.4436852275715,-19.163626823722982,-23.80827639206785,-0.010863156679374075,-0.009811059358693851,-0.0010520973206802238,-0.3815935883258217,-0.031321164834192596,-0.3502724234916293,0.0,-0.3815935883258217,1.7663201151626156,0.8257577117732916,0.00385562598853555,0.0013198306441673366,0.036832137801384744,0.01218721051150026,1.203636595871787,6987.077345704135,3418.592057317065,4910.031175981857,2295.4480752437266,2676.703122860177,1595.1850963226066,3.679824965860275,2.550579304141096,0.0031161424995185165,0.0013289935628991625,advance_eq19_20,0.005940265470623082,0.008446529276840007,0.010093324499596493,0.01225701932055624,1.6991369408508592,1.4511308632013413,100.2548122089833,3.2192424458380787e-16,a1_station_hull_matched_sweep_free_surface_marching_not_benchmark_validated,41,8,24,10,3.0,2,16,15.0,False,none,0.0,1.0,0.03,1.0,trapezoid,1.0,1.0,-1.0,1.0,1.0,1.0,1.0,True,False,True,3.0,11,9,40,True,True,True,True,A1_GRID_RECOMMENDED,"A1 Section 3.3 recommends control radius about 3B, inner free-surface panels greater than 10, outer/free-surface proxy panels greater than 8, and roughly 60 stations at Fn=0.2 or 40 at Fn=0.3."
32,st41_bp8_fs24_cp10_r3p0_h2_fsm_clipfs_onezonefs_noend_pr1p0_pl1p0_pf1p0_pm1p0_dt1p0_fv0p03_hr1p0_hqtrapezoid_hp1p0_hc1p0_cim1p0_cp1p0_cn1p0_cd1p0_pg1p0,A35,OK,diagnostic_matched_wigley_sensitivity_not_hard_gate,wigley_iii,Fn0.4,0.4,2.1696064159197173,1.5,2.7120080198996463,-0.2,239.85000000000002,34,35,4,2.625,0.375,0.07499999999999996,-0.8652343749999999,0.8652343749999999,0.06953124999999993,0.06953125000000009,pitch,heave_force,-1.125,-160.7345633400834,-378.0891211648901,-12.055092250506249,-28.35668408736674,-0.006833589335993774,-0.009028821664960055,0.0021952323289662797,-0.3904419613335056,-0.040741105346019574,-0.3497008559874863,0.0,-0.3904419613335056,1.8342922968973017,0.8850586386359932,0.004090928292560552,0.001536643997322916,0.03436743393535613,0.011442709777549647,2.260020898541715,8312.387408218521,4598.880703730293,5098.9808055262665,2460.2932792138336,5025.939737628469,3296.474775875875,3.4269737137926053,2.384753447558907,0.005620889262834614,0.0023671645128648545,advance_eq19_20,0.003502079456747563,0.006106180445530167,0.006773730545879518,0.009657341580972732,1.934202415889898,1.5815683252600368,98.98004886155589,5.461640586002224e-16,a1_station_hull_matched_sweep_free_surface_marching_not_benchmark_validated,41,8,24,10,3.0,2,16,15.0,False,none,0.0,1.0,0.03,1.0,trapezoid,1.0,1.0,-1.0,1.0,1.0,1.0,1.0,True,False,True,3.0,11,9,40,True,True,True,True,A1_GRID_RECOMMENDED,"A1 Section 3.3 recommends control radius about 3B, inner free-surface panels greater than 10, outer/free-surface proxy panels greater than 8, and roughly 60 stations at Fn=0.2 or 40 at Fn=0.3."
32,st41_bp8_fs24_cp10_r3p0_h2_fsm_clipfs_onezonefs_noend_pr1p0_pl1p0_pf1p0_pm1p0_dt1p0_fv0p03_hr1p0_hqtrapezoid_hp1p0_hc1p0_cim1p0_cp1p0_cn1p0_cd1p0_pg1p0,A35,OK,diagnostic_matched_wigley_sensitivity_not_hard_gate,wigley_iii,Fn0.4,0.4,2.1696064159197173,1.5,2.7120080198996463,-0.2,239.85000000000002,35,36,3,2.6999999999999997,0.30000000000000027,0.07499999999999996,-0.8647499999999999,0.8647499999999999,0.0704999999999999,0.07050000000000001,pitch,heave_force,-1.1999999999999997,237.0167002600241,-954.350806867181,17.776252519501796,-71.57631051503853,0.010076705107428655,-0.008509899626663209,0.018586604734091867,-0.3888204034477882,-0.04951046599183118,-0.3393099374559573,0.0,-0.3888204034477882,2.0369845079406432,1.040443140537008,0.004241587779937683,0.0019385209443685367,0.041143585537551874,0.014439438289249967,10.444256919252359,24409.950027798444,15681.774527341437,5662.426279995018,2892.2323949205897,23226.42499206191,15191.414349717752,3.175391908112679,2.2215924934926425,0.00045535720269466453,0.00021341884991585744,advance_eq19_20,0.0016384507482519984,0.003764576851036505,0.004025622546071112,0.0070553535621463775,2.456968908199345,1.8741425241999825,97.66111149943443,6.147450869577893e-16,a1_station_hull_matched_sweep_free_surface_marching_not_benchmark_validated,41,8,24,10,3.0,2,16,15.0,False,none,0.0,1.0,0.03,1.0,trapezoid,1.0,1.0,-1.0,1.0,1.0,1.0,1.0,True,False,True,3.0,11,9,40,True,True,True,True,A1_GRID_RECOMMENDED,"A1 Section 3.3 recommends control radius about 3B, inner free-surface panels greater than 10, outer/free-surface proxy panels greater than 8, and roughly 60 stations at Fn=0.2 or 40 at Fn=0.3."
32,st41_bp8_fs24_cp10_r3p0_h2_fsm_clipfs_onezonefs_noend_pr1p0_pl1p0_pf1p0_pm1p0_dt1p0_fv0p03_hr1p0_hqtrapezoid_hp1p0_hc1p0_cim1p0_cp1p0_cn1p0_cd1p0_pg1p0,A35,OK,diagnostic_matched_wigley_sensitivity_not_hard_gate,wigley_iii,Fn0.4,0.4,2.1696064159197173,1.5,2.7120080198996463,-0.2,239.85000000000002,36,37,2,2.775,0.2250000000000001,0.07500000000000018,-0.8642343749999999,0.8642343749999999,0.07153124999999994,0.07153125000000005,pitch,heave_force,-1.275,-1069.9020801925446,1108.5420498981782,-80.24265601444104,83.14065374236357,-0.04548661652996255,-0.010904944331818572,-0.03458167219814398,-0.4065253591590551,-0.05921788797107209,-0.3473074711879833,0.0,-0.4065253591590551,3.31137857352891,1.9070076944945542,0.010883447575530208,0.00556824089398619,0.09505120873228066,0.03599996752854954,21.285885050022546,48298.853607031015,30628.96844492974,9204.99737954261,5301.115665516555,47336.542592384976,30157.805965684063,3.4293856074436073,2.4200987055980794,0.00390255378539356,0.0016166770377501237,advance_eq19_20,0.0004191592179040443,0.0009467545116611973,0.001889487226336039,0.004386403400803321,4.5078031106752094,4.633094795721476,96.3146992237131,9.61045605704071e-16,a1_station_hull_matched_sweep_free_surface_marching_not_benchmark_validated,41,8,24,10,3.0,2,16,15.0,False,none,0.0,1.0,0.03,1.0,trapezoid,1.0,1.0,-1.0,1.0,1.0,1.0,1.0,True,False,True,3.0,11,9,40,True,True,True,True,A1_GRID_RECOMMENDED,"A1 Section 3.3 recommends control radius about 3B, inner free-surface panels greater than 10, outer/free-surface proxy panels greater than 8, and roughly 60 stations at Fn=0.2 or 40 at Fn=0.3."
32,st41_bp8_fs24_cp10_r3p0_h2_fsm_clipfs_onezonefs_noend_pr1p0_pl1p0_pf1p0_pm1p0_dt1p0_fv0p03_hr1p0_hqtrapezoid_hp1p0_hc1p0_cim1p0_cp1p0_cn1p0_cd1p0_pg1p0,A35,OK,diagnostic_matched_wigley_sensitivity_not_hard_gate,wigley_iii,Fn0.4,0.4,2.1696064159197173,1.5,2.7120080198996463,-0.2,239.85000000000002,37,38,1,2.85,0.1499999999999999,0.07499999999999996,-0.8636874999999999,0.8636874999999999,0.07262499999999994,0.07262500000000005,pitch,heave_force,-1.35,-376.7013934414399,697.3468709631691,-28.252604508107975,52.301015322237646,-0.016015364533817526,0.0024588162922005797,-0.0184741808260181,-0.43727634969094514,-0.06344095199088108,-0.37383539770006435,0.0,-0.43727634969094514,1.4107415734630082,0.9944332725288991,0.01194744349856267,0.006241726644327284,0.08688442615502881,0.03484077127505319,19.246964566117107,42896.28536875299,30137.025259544454,3921.591022768462,2764.3337856122607,42802.296254867804,30072.08040398435,0.6905764340413488,0.3271477727740399,0.00040155465276365843,0.000162958408037045,advance_eq19_20,0.00013255336229593256,0.00039101171183361796,0.000469428386365629,0.0010306838780071465,3.5414294909970274,2.635941192589443,94.99248929002074,9.261524090350506e-16,a1_station_hull_matched_sweep_free_surface_marching_not_benchmark_validated,41,8,24,10,3.0,2,16,15.0,False,none,0.0,1.0,0.03,1.0,trapezoid,1.0,1.0,-1.0,1.0,1.0,1.0,1.0,True,False,True,3.0,11,9,40,True,True,True,True,A1_GRID_RECOMMENDED,"A1 Section 3.3 recommends control radius about 3B, inner free-surface panels greater than 10, outer/free-surface proxy panels greater than 8, and roughly 60 stations at Fn=0.2 or 40 at Fn=0.3."
32,st41_bp8_fs24_cp10_r3p0_h2_fsm_clipfs_onezonefs_noend_pr1p0_pl1p0_pf1p0_pm1p0_dt1p0_fv0p03_hr1p0_hqtrapezoid_hp1p0_hc1p0_cim1p0_cp1p0_cn1p0_cd1p0_pg1p0,A35,OK,diagnostic_matched_wigley_sensitivity_not_hard_gate,wigley_iii,Fn0.4,0.4,2.1696064159197173,1.5,2.7120080198996463,-0.2,239.85000000000002,38,39,0,2.925,0.07500000000000018,0.03749999999999987,-0.8631093749999998,0.8631093749999998,0.07378124999999991,0.07378125000000002,pitch,heave_force,-1.4249999999999998,899.9339603208819,-1572.7463074068737,33.74752351203295,-58.97798652775756,0.019130232435868987,-0.000568670766354187,0.019698903202223172,-0.42615379952198496,-0.06278021461113498,-0.3633735849108502,0.0,-0.42615379952198496,1.6579032830058398,0.9666532910825475,0.0018833720719516652,0.001009887824274259,0.01043859296252593,0.004723054311447162,69.05860282173519,153616.31344344743,81849.44906428587,4608.653174723036,2687.1107648252128,153575.73745040034,81837.37428109386,0.9221464228664561,0.6503798542164918,0.0,0.0,initialize_eq21_22,0.0,0.0,0.000162096050894494,0.0004781580281624455,,,113.95001957184003,1.8064376541675327e-15,a1_station_hull_matched_sweep_free_surface_marching_not_benchmark_validated,41,8,24,10,3.0,2,16,15.0,False,none,0.0,1.0,0.03,1.0,trapezoid,1.0,1.0,-1.0,1.0,1.0,1.0,1.0,True,False,True,3.0,11,9,40,True,True,True,True,A1_GRID_RECOMMENDED,"A1 Section 3.3 recommends control radius about 3B, inner free-surface panels greater than 10, outer/free-surface proxy panels greater than 8, and roughly 60 stations at Fn=0.2 or 40 at Fn=0.3."
32,st41_bp8_fs24_cp10_r3p0_h2_fsm_clipfs_onezonefs_noend_pr1p0_pl1p0_pf1p0_pm1p0_dt1p0_fv0p03_hr1p0_hqtrapezoid_hp1p0_hc1p0_ci1p0_cp1p0_cnm1p0_cd1p0_pg1p0,A35,OK,diagnostic_matched_wigley_sensitivity_not_hard_gate,wigley_iii,Fn0.4,0.4,2.1696064159197173,1.5,2.7120080198996463,-0.2,239.85000000000002,0,1,38,0.075,2.925,0.0375,-0.8631093749999998,0.8631093749999998,0.07378124999999991,0.07378125000000002,pitch,heave_force,1.425,422055.8730986564,-341098.53449227393,15827.095241199615,-12791.195043460271,8.97179938672618,0.19687119902378836,8.774928187702393,0.0,0.0,0.0,0.0,0.0,781.4621293927821,456.1322598500528,872.7027674457107,556.4764111092796,5255.672212022866,3713.048853778393,21230.154992037606,47263785.447503395,22971873.275610015,2172314.8512151074,1267960.2055194997,47212607.493737176,22936775.59462471,8141.55269331549,3862.4569229038193,236.20151313212122,124.67622532393129,advance_eq19_20,36.87345156452319,26.310418988389085,48.65364775297029,34.75170922955303,1.3194763627655923,1.3208345045698104,690.6987294891596,7.292312772187317e-15,a1_station_hull_matched_sweep_free_surface_marching_not_benchmark_validated,41,8,24,10,3.0,2,16,15.0,False,none,0.0,1.0,0.03,1.0,trapezoid,1.0,1.0,1.0,1.0,-1.0,1.0,1.0,True,False,True,3.0,11,9,40,True,True,True,True,A1_GRID_RECOMMENDED,"A1 Section 3.3 recommends control radius about 3B, inner free-surface panels greater than 10, outer/free-surface proxy panels greater than 8, and roughly 60 stations at Fn=0.2 or 40 at Fn=0.3."
32,st41_bp8_fs24_cp10_r3p0_h2_fsm_clipfs_onezonefs_noend_pr1p0_pl1p0_pf1p0_pm1p0_dt1p0_fv0p03_hr1p0_hqtrapezoid_hp1p0_hc1p0_ci1p0_cp1p0_cnm1p0_cd1p0_pg1p0,A35,OK,diagnostic_matched_wigley_sensitivity_not_hard_gate,wigley_iii,Fn0.4,0.4,2.1696064159197173,1.5,2.7120080198996463,-0.2,239.85000000000002,1,2,37,0.15,2.85,0.07499999999999998,-0.8636874999999999,0.8636874999999999,0.07262499999999991,0.07262500000000005,pitch,heave_force,1.35,31894.811300207235,-58347.73467211482,2392.110847515542,-4376.080100408611,1.3559998412629952,-0.6671357721992336,2.0231356134622285,9.649799307357679,-0.13669668707582852,9.78649599443351,0.0,9.649799307357679,486.1719488675186,342.7775369552143,704.7155129104539,423.214017924767,3932.8924853392114,2779.6903341476013,4646.52404721173,10420901.996880345,5539685.7621401865,1351464.7799884249,952855.8149955883,10333156.594169715,5538909.006182706,6319.395943166613,2928.780716623216,173.27692706296128,92.85942380928466,advance_eq19_20,28.162013175453403,19.96096577203705,37.1464244208517,26.504820077041046,1.3190258874400818,1.327832549774278,467.1647912208976,7.237673403995166e-15,a1_station_hull_matched_sweep_free_surface_marching_not_benchmark_validated,41,8,24,10,3.0,2,16,15.0,False,none,0.0,1.0,0.03,1.0,trapezoid,1.0,1.0,1.0,1.0,-1.0,1.0,1.0,True,False,True,3.0,11,9,40,True,True,True,True,A1_GRID_RECOMMENDED,"A1 Section 3.3 recommends control radius about 3B, inner free-surface panels greater than 10, outer/free-surface proxy panels greater than 8, and roughly 60 stations at Fn=0.2 or 40 at Fn=0.3."
32,st41_bp8_fs24_cp10_r3p0_h2_fsm_clipfs_onezonefs_noend_pr1p0_pl1p0_pf1p0_pm1p0_dt1p0_fv0p03_hr1p0_hqtrapezoid_hp1p0_hc1p0_ci1p0_cp1p0_cnm1p0_cd1p0_pg1p0,A35,OK,diagnostic_matched_wigley_sensitivity_not_hard_gate,wigley_iii,Fn0.4,0.4,2.1696064159197173,1.5,2.7120080198996463,-0.2,239.85000000000002,2,3,36,0.22499999999999998,2.775,0.075,-0.8642343749999999,0.8642343749999999,0.07153124999999994,0.07153125000000006,pitch,heave_force,1.275,-169753.84541583556,176850.16575104755,-12731.538406187667,13263.762431328565,-7.217041833891034,0.6630930019760053,-7.8801348358670396,6.7192783110436585,-0.1387180721874427,6.857996383231105,0.0,6.7192783110436585,261.46623042285495,151.77402721918295,481.72575696063194,315.36863796159787,3016.937245256459,2129.2604422296636,3886.6336488289967,8671905.96344033,6027602.875437111,726825.9766857043,421902.6885066637,8643276.933349574,6014133.517244704,4642.273442550186,2188.400577294553,132.2743854374355,70.72088840942666,advance_eq19_20,21.548814919709592,15.289383470810023,28.36292090996046,20.102439702824945,1.3162172033886819,1.31479727362479,461.5326042201192,6.804526488403929e-15,a1_station_hull_matched_sweep_free_surface_marching_not_benchmark_validated,41,8,24,10,3.0,2,16,15.0,False,none,0.0,1.0,0.03,1.0,trapezoid,1.0,1.0,1.0,1.0,-1.0,1.0,1.0,True,False,True,3.0,11,9,40,True,True,True,True,A1_GRID_RECOMMENDED,"A1 Section 3.3 recommends control radius about 3B, inner free-surface panels greater than 10, outer/free-surface proxy panels greater than 8, and roughly 60 stations at Fn=0.2 or 40 at Fn=0.3."
32,st41_bp8_fs24_cp10_r3p0_h2_fsm_clipfs_onezonefs_noend_pr1p0_pl1p0_pf1p0_pm1p0_dt1p0_fv0p03_hr1p0_hqtrapezoid_hp1p0_hc1p0_ci1p0_cp1p0_cnm1p0_cd1p0_pg1p0,A35,OK,diagnostic_matched_wigley_sensitivity_not_hard_gate,wigley_iii,Fn0.4,0.4,2.1696064159197173,1.5,2.7120080198996463,-0.2,239.85000000000002,3,4,35,0.3,2.7,0.07500000000000001,-0.8647499999999999,0.8647499999999999,0.0704999999999999,0.07050000000000001,pitch,heave_force,1.2,98299.43364319936,-65001.69224663974,7372.457523239953,-4875.126918497981,4.179175576923844,0.39941295058771964,3.7797626263361246,5.2003451825600635,0.3925349040944198,4.807810278465645,0.0,5.2003451825600635,120.7816800452603,62.88316320390173,368.83902380482687,240.10185526219763,2288.060440958496,1615.4864880614095,1258.5391506540745,2822981.611024815,1714462.9054318324,335749.9070631915,174803.13399878086,2798797.981343862,1703660.2066553596,3568.7901476733973,1664.3996703869675,100.44011867608982,53.69403502508011,advance_eq19_20,16.478835755475803,11.692624220945879,21.696542227378313,15.393290323247466,1.3166307710888314,1.3164957696726716,463.56398367166815,9.629673058451433e-15,a1_station_hull_matched_sweep_free_surface_marching_not_benchmark_validated,41,8,24,10,3.0,2,16,15.0,False,none,0.0,1.0,0.03,1.0,trapezoid,1.0,1.0,1.0,1.0,-1.0,1.0,1.0,True,False,True,3.0,11,9,40,True,True,True,True,A1_GRID_RECOMMENDED,"A1 Section 3.3 recommends control radius about 3B, inner free-surface panels greater than 10, outer/free-surface proxy panels greater than 8, and roughly 60 stations at Fn=0.2 or 40 at Fn=0.3."
32,st41_bp8_fs24_cp10_r3p0_h2_fsm_clipfs_onezonefs_noend_pr1p0_pl1p0_pf1p0_pm1p0_dt1p0_fv0p03_hr1p0_hqtrapezoid_hp1p0_hc1p0_ci1p0_cp1p0_cnm1p0_cd1p0_pg1p0,A35,OK,diagnostic_matched_wigley_sensitivity_not_hard_gate,wigley_iii,Fn0.4,0.4,2.1696064159197173,1.5,2.7120080198996463,-0.2,239.85000000000002,4,5,34,0.375,2.625,0.07499999999999998,-0.8652343749999999,0.8652343749999999,0.06953124999999993,0.06953125000000009,pitch,heave_force,1.125,48153.79288940033,-27048.344027800897,3611.5344667050235,-2028.6258020850669,2.047246334196488,0.29997026755367673,1.7472760666428115,8.31355613812023,0.7422265131651181,7.571329624955114,0.0,8.31355613812023,74.61602040795711,36.86580259347799,280.2136297558809,182.31410014364806,1736.8184737623865,1226.3429749266218,473.7528912313163,1078209.3050126643,587424.4824921122,207418.22690335975,102479.86110088821,1053553.7451853792,576458.9136032637,2729.150287293085,1263.0026472516188,76.20336873144808,40.74887798990725,advance_eq19_20,12.598185434668576,8.938390776092364,16.586944650050675,11.768467595621651,1.316613788236959,1.3166203951497548,465.55753958209425,9.734779767928155e-15,a1_station_hull_matched_sweep_free_surface_marching_not_benchmark_validated,41,8,24,10,3.0,2,16,15.0,False,none,0.0,1.0,0.03,1.0,trapezoid,1.0,1.0,1.0,1.0,-1.0,1.0,1.0,True,False,True,3.0,11,9,40,True,True,True,True,A1_GRID_RECOMMENDED,"A1 Section 3.3 recommends control radius about 3B, inner free-surface panels greater than 10, outer/free-surface proxy panels greater than 8, and roughly 60 stations at Fn=0.2 or 40 at Fn=0.3."
32,st41_bp8_fs24_cp10_r3p0_h2_fsm_clipfs_onezonefs_noend_pr1p0_pl1p0_pf1p0_pm1p0_dt1p0_fv0p03_hr1p0_hqtrapezoid_hp1p0_hc1p0_ci1p0_cp1p0_cnm1p0_cd1p0_pg1p0,A35,OK,diagnostic_matched_wigley_sensitivity_not_hard_gate,wigley_iii,Fn0.4,0.4,2.1696064159197173,1.5,2.7120080198996463,-0.2,239.85000000000002,5,6,33,0.44999999999999996,2.55,0.07500000000000001,-0.8656874999999999,0.8656874999999999,0.06862499999999994,0.06862500000000005,pitch,heave_force,1.05,32256.61860068104,-16685.20977472366,2419.2463950510783,-1251.3907331042747,1.3713819871986601,0.23541050419211967,1.1359714830065406,10.022870298817804,1.0099168990380163,9.01295339977979,0.0,10.022870298817804,50.036327192238225,24.006995535141026,212.5866895855737,138.38729459417408,1318.720673603983,931.1257240734469,265.91562857876517,611829.3617380619,312645.7001048951,139091.39364746463,66734.84353562239,591355.5602042588,303519.4970657193,2084.768656368331,958.1709424658659,57.81085107758896,30.925817140668467,advance_eq19_20,9.62904893254925,6.831571633637072,12.67691476222236,8.993460894495005,1.316528231502735,1.3164556235073774,467.4627559098952,5.635625516028256e-15,a1_station_hull_matched_sweep_free_surface_marching_not_benchmark_validated,41,8,24,10,3.0,2,16,15.0,False,none,0.0,1.0,0.03,1.0,trapezoid,1.0,1.0,1.0,1.0,-1.0,1.0,1.0,True,False,True,3.0,11,9,40,True,True,True,True,A1_GRID_RECOMMENDED,"A1 Section 3.3 recommends control radius about 3B, inner free-surface panels greater than 10, outer/free-surface proxy panels greater than 8, and roughly 60 stations at Fn=0.2 or 40 at Fn=0.3."
32,st41_bp8_fs24_cp10_r3p0_h2_fsm_clipfs_onezonefs_noend_pr1p0_pl1p0_pf1p0_pm1p0_dt1p0_fv0p03_hr1p0_hqtrapezoid_hp1p0_hc1p0_ci1p0_cp1p0_cnm1p0_cd1p0_pg1p0,A35,OK,diagnostic_matched_wigley_sensitivity_not_hard_gate,wigley_iii,Fn0.4,0.4,2.1696064159197173,1.5,2.7120080198996463,-0.2,239.85000000000002,6,7,32,0.525,2.475,0.07500000000000001,-0.866109375,0.866109375,0.0677812499999999,0.06778125000000006,pitch,heave_force,0.975,23467.46483715326,-11603.414246628025,1760.0598627864947,-870.256068497102,0.9977133363324834,0.18703658600535988,0.8106767503271236,11.207417960583376,1.2211404441367562,9.986277516446622,0.0,11.207417960583376,34.819208686823174,16.401226545719123,161.2447341389516,105.04971102588237,1001.4871746399182,707.1179688273764,169.04338309530547,392324.0593259437,192845.67724291838,96790.72253535448,45592.26437638576,375926.54874565813,185537.03501208476,1591.8554110292314,726.9918365731479,43.8650041243164,23.475130720030297,advance_eq19_20,7.357779864650768,5.220593065553446,9.686063693661637,6.871337297036871,1.316438364811201,1.3161986024874026,469.26868604625724,7.37589430521363e-15,a1_station_hull_matched_sweep_free_surface_marching_not_benchmark_validated,41,8,24,10,3.0,2,16,15.0,False,none,0.0,1.0,0.03,1.0,trapezoid,1.0,1.0,1.0,1.0,-1.0,1.0,1.0,True,False,True,3.0,11,9,40,True,True,True,True,A1_GRID_RECOMMENDED,"A1 Section 3.3 recommends control radius about 3B, inner free-surface panels greater than 10, outer/free-surface proxy panels greater than 8, and roughly 60 stations at Fn=0.2 or 40 at Fn=0.3."
32,st41_bp8_fs24_cp10_r3p0_h2_fsm_clipfs_onezonefs_noend_pr1p0_pl1p0_pf1p0_pm1p0_dt1p0_fv0p03_hr1p0_hqtrapezoid_hp1p0_hc1p0_ci1p0_cp1p0_cnm1p0_cd1p0_pg1p0,A35,OK,diagnostic_matched_wigley_sensitivity_not_hard_gate,wigley_iii,Fn0.4,0.4,2.1696064159197173,1.5,2.7120080198996463,-0.2,239.85000000000002,7,8,31,0.6,2.4,0.07499999999999996,-0.8664999999999999,0.8664999999999998,0.06699999999999995,0.06700000000000006,pitch,heave_force,0.9,17624.017178321446,-8519.521655839984,1321.8012883741078,-638.9641241879984,0.7492806360031639,0.14910710058258214,0.6001735354205816,12.080914946751198,1.389212287430727,10.691702659320475,0.0,12.080914946751198,24.72503735579141,11.502274106127715,122.31854825780006,79.75702607193108,760.7285376829091,537.1119841326328,113.92362045225325,266415.7219530326,127684.80020155788,68730.86209125527,31974.11611347496,253348.65330446162,121869.25179872225,1215.203123931849,551.7141347983332,33.292366274844156,17.823911453763703,advance_eq19_20,5.620630582168527,3.988986861419597,7.398797829841005,5.249131443291069,1.3163643690289344,1.3159059243988116,470.9710640470017,7.305175662863062e-15,a1_station_hull_matched_sweep_free_surface_marching_not_benchmark_validated,41,8,24,10,3.0,2,16,15.0,False,none,0.0,1.0,0.03,1.0,trapezoid,1.0,1.0,1.0,1.0,-1.0,1.0,1.0,True,False,True,3.0,11,9,40,True,True,True,True,A1_GRID_RECOMMENDED,"A1 Section 3.3 recommends control radius about 3B, inner free-surface panels greater than 10, outer/free-surface proxy panels greater than 8, and roughly 60 stations at Fn=0.2 or 40 at Fn=0.3."
32,st41_bp8_fs24_cp10_r3p0_h2_fsm_clipfs_onezonefs_noend_pr1p0_pl1p0_pf1p0_pm1p0_dt1p0_fv0p03_hr1p0_hqtrapezoid_hp1p0_hc1p0_ci1p0_cp1p0_cnm1p0_cd1p0_pg1p0,A35,OK,diagnostic_matched_wigley_sensitivity_not_hard_gate,wigley_iii,Fn0.4,0.4,2.1696064159197173,1.5,2.7120080198996463,-0.2,239.85000000000002,8,9,30,0.6749999999999999,2.325,0.07500000000000001,-0.866859375,0.866859375,0.06628124999999993,0.06628125000000007,pitch,heave_force,0.8250000000000001,13423.680496772926,-6451.228145234468,1006.7760372579696,-483.84211089258514,0.5707043835895335,0.11890751088815711,0.45179687270137636,12.740907456547546,1.5232195931660968,11.217687863381453,0.0,12.740907456547546,17.76714264420682,8.193107625615548,92.81461122480543,60.56732910849485,577.9672651546896,408.06240826891656,79.3892660229539,187004.39483713653,88052.27987638774,49389.24917533465,22775.267928284575,176549.54744152195,83408.09001091792,927.5196409352037,418.81045217372304,25.276227870915303,13.536920945841342,advance_eq19_20,4.292221236976765,3.0475315617155,5.649905207535326,4.0093251024198056,1.3163126725300975,1.315597565185805,472.56584172229344,7.130486117814576e-15,a1_station_hull_matched_sweep_free_surface_marching_not_benchmark_validated,41,8,24,10,3.0,2,16,15.0,False,none,0.0,1.0,0.03,1.0,trapezoid,1.0,1.0,1.0,1.0,-1.0,1.0,1.0,True,False,True,3.0,11,9,40,True,True,True,True,A1_GRID_RECOMMENDED,"A1 Section 3.3 recommends control radius about 3B, inner free-surface panels greater than 10, outer/free-surface proxy panels greater than 8, and roughly 60 stations at Fn=0.2 or 40 at Fn=0.3."
32,st41_bp8_fs24_cp10_r3p0_h2_fsm_clipfs_onezonefs_noend_pr1p0_pl1p0_pf1p0_pm1p0_dt1p0_fv0p03_hr1p0_hqtrapezoid_hp1p0_hc1p0_ci1p0_cp1p0_cnm1p0_cd1p0_pg1p0,A35,OK,diagnostic_matched_wigley_sensitivity_not_hard_gate,wigley_iii,Fn0.4,0.4,2.1696064159197173,1.5,2.7120080198996463,-0.2,239.85000000000002,9,10,29,0.75,2.25,0.07500000000000001,-0.8671874999999999,0.8671874999999999,0.06562499999999982,0.0656250000000001,pitch,heave_force,0.75,10290.826314046257,-4989.603444081492,771.8119735534693,-374.22025830611193,0.4375118798154205,0.09473726528362865,0.34277461453179187,13.245015588250025,1.63004198125199,11.614973606998037,0.0,13.245015588250025,12.85471664087907,5.890957948554061,70.45074018256638,46.005694807175644,439.2001048623742,310.0805403030077,56.539278320927394,134160.09934581636,62345.058654173445,35733.64698919152,16375.733331404437,125734.68052146853,58609.053084663894,707.8436337325617,318.0170392698444,19.197205286687247,10.284150456215329,advance_eq19_20,3.2765831985694103,2.327952027715876,4.312909078040124,3.061908746460164,1.3162824859515803,1.3152800014802826,474.0481182363453,7.073372026292602e-15,a1_station_hull_matched_sweep_free_surface_marching_not_benchmark_validated,41,8,24,10,3.0,2,16,15.0,False,none,0.0,1.0,0.03,1.0,trapezoid,1.0,1.0,1.0,1.0,-1.0,1.0,1.0,True,False,True,3.0,11,9,40,True,True,True,True,A1_GRID_RECOMMENDED,"A1 Section 3.3 recommends control radius about 3B, inner free-surface panels greater than 10, outer/free-surface proxy panels greater than 8, and roughly 60 stations at Fn=0.2 or 40 at Fn=0.3."
32,st41_bp8_fs24_cp10_r3p0_h2_fsm_clipfs_onezonefs_noend_pr1p0_pl1p0_pf1p0_pm1p0_dt1p0_fv0p03_hr1p0_hqtrapezoid_hp1p0_hc1p0_ci1p0_cp1p0_cnm1p0_cd1p0_pg1p0,A35,OK,diagnostic_matched_wigley_sensitivity_not_hard_gate,wigley_iii,Fn0.4,0.4,2.1696064159197173,1.5,2.7120080198996463,-0.2,239.85000000000002,10,11,28,0.825,2.175,0.07499999999999996,-0.8674843749999999,0.8674843749999999,0.06503124999999987,0.0650312500000001,pitch,heave_force,0.675,7910.006550343746,-3926.2240601248805,593.2504912757806,-294.4668045093659,0.3362919292952731,0.0753550827661267,0.26093684652914634,13.631917492805371,1.7150881552768675,11.916829337528505,0.0,13.631917492805371,9.330176502330884,4.257598169476396,53.495449362354854,34.95366167638545,333.81301359728803,235.67048523322958,40.89566255601705,97793.45126820992,44984.253381083494,25936.101338935605,11835.30639065829,90945.6791614429,41952.48881147389,540.1275564993302,241.55743530950295,14.586100367121137,7.815538363600227,advance_eq19_20,2.5002698216135837,1.7780239362386978,3.2910219560974263,2.338017980525838,1.3162667195548998,1.3149530402114686,475.4122985160682,7.255668734419678e-15,a1_station_hull_matched_sweep_free_surface_marching_not_benchmark_validated,41,8,24,10,3.0,2,16,15.0,False,none,0.0,1.0,0.03,1.0,trapezoid,1.0,1.0,1.0,1.0,-1.0,1.0,1.0,True,False,True,3.0,11,9,40,True,True,True,True,A1_GRID_RECOMMENDED,"A1 Section 3.3 recommends control radius about 3B, inner free-surface panels greater than 10, outer/free-surface proxy panels greater than 8, and roughly 60 stations at Fn=0.2 or 40 at Fn=0.3."
32,st41_bp8_fs24_cp10_r3p0_h2_fsm_clipfs_onezonefs_noend_pr1p0_pl1p0_pf1p0_pm1p0_dt1p0_fv0p03_hr1p0_hqtrapezoid_hp1p0_hc1p0_ci1p0_cp1p0_cnm1p0_cd1p0_pg1p0,A35,OK,diagnostic_matched_wigley_sensitivity_not_hard_gate,wigley_iii,Fn0.4,0.4,2.1696064159197173,1.5,2.7120080198996463,-0.2,239.85000000000002,11,12,27,0.8999999999999999,2.1,0.07500000000000001,-0.8677499999999999,0.8677499999999999,0.06449999999999989,0.0645,pitch,heave_force,0.6000000000000001,6082.617663048739,-3139.494523634631,456.1963247286555,-235.46208927259738,0.25860095261024457,0.059790539082711675,0.1988104135275329,13.92936393375813,1.7826609662012867,12.146702967556845,0.0,13.92936393375813,6.773006548717805,3.082740549593264,40.637331880581904,26.563501149622795,253.75929150780615,179.1493930966866,29.938591100281563,72195.31905701569,32940.21150968168,18827.6592809294,8569.427521110943,66578.83331813701,30457.021790453942,412.10152695549203,183.54217614885195,11.08759820911668,5.941622165447913,advance_eq19_20,1.9070743522162503,1.357807255593174,2.5101878546791396,1.7849894076943977,1.3162506494631416,1.3146117759656575,476.65246731613325,7.0481015680720815e-15,a1_station_hull_matched_sweep_free_surface_marching_not_benchmark_validated,41,8,24,10,3.0,2,16,15.0,False,none,0.0,1.0,0.03,1.0,trapezoid,1.0,1.0,1.0,1.0,-1.0,1.0,1.0,True,False,True,3.0,11,9,40,True,True,True,True,A1_GRID_RECOMMENDED,"A1 Section 3.3 recommends control radius about 3B, inner free-surface panels greater than 10, outer/free-surface proxy panels greater than 8, and roughly 60 stations at Fn=0.2 or 40 at Fn=0.3."
32,st41_bp8_fs24_cp10_r3p0_h2_fsm_clipfs_onezonefs_noend_pr1p0_pl1p0_pf1p0_pm1p0_dt1p0_fv0p03_hr1p0_hqtrapezoid_hp1p0_hc1p0_ci1p0_cp1p0_cnm1p0_cd1p0_pg1p0,A35,OK,diagnostic_matched_wigley_sensitivity_not_hard_gate,wigley_iii,Fn0.4,0.4,2.1696064159197173,1.5,2.7120080198996463,-0.2,239.85000000000002,12,13,26,0.975,2.025,0.07500000000000007,-0.8679843749999999,0.8679843749999999,0.06403124999999998,0.0640312500000001,pitch,heave_force,0.525,4672.242398298746,-2551.6267073117488,350.41817987240626,-191.37200304838132,0.1986392046907698,0.047265274438897595,0.15137393025187215,14.15798401240864,1.8361888729620912,12.321795139446548,0.0,14.15798401240864,4.90373402573384,2.229541731595748,30.883674961292478,20.192718015778773,192.93708090042068,136.2079908558865,22.14048881385152,53889.008283099254,24425.994845555317,13631.440155376078,6197.698433208329,49237.05024668426,22372.27603158254,314.3891619789393,139.51092541869966,8.43261153253331,4.518832640567301,advance_eq19_20,1.453984415978179,1.0367592302918456,1.913747762276062,1.362557022335524,1.3162092669257213,1.3142463385177356,477.76272938128045,5.7319179996224116e-15,a1_station_hull_matched_sweep_free_surface_marching_not_benchmark_validated,41,8,24,10,3.0,2,16,15.0,False,none,0.0,1.0,0.03,1.0,trapezoid,1.0,1.0,1.0,1.0,-1.0,1.0,1.0,True,False,True,3.0,11,9,40,True,True,True,True,A1_GRID_RECOMMENDED,"A1 Section 3.3 recommends control radius about 3B, inner free-surface panels greater than 10, outer/free-surface proxy panels greater than 8, and roughly 60 stations at Fn=0.2 or 40 at Fn=0.3."
32,st41_bp8_fs24_cp10_r3p0_h2_fsm_clipfs_onezonefs_noend_pr1p0_pl1p0_pf1p0_pm1p0_dt1p0_fv0p03_hr1p0_hqtrapezoid_hp1p0_hc1p0_ci1p0_cp1p0_cnm1p0_cd1p0_pg1p0,A35,OK,diagnostic_matched_wigley_sensitivity_not_hard_gate,wigley_iii,Fn0.4,0.4,2.1696064159197173,1.5,2.7120080198996463,-0.2,239.85000000000002,13,14,25,1.05,1.95,0.07500000000000001,-0.8681874999999999,0.8681874999999999,0.06362499999999982,0.0636250000000001,pitch,heave_force,0.44999999999999996,3580.1016370770017,-2109.6371892250854,268.50762278077514,-158.22278919188142,0.1522071162575043,0.037151200471062254,0.11505591578644206,14.333407172882776,1.8783971104170711,12.455010062465707,0.0,14.333407172882776,3.53208094116058,1.6062733897023218,23.4830233384649,15.354288795367863,146.71799080333773,103.57769475690465,16.526223907834733,40647.954505330075,18325.298375748967,9818.507635346237,4465.131972899689,36751.78645689815,16608.571805235897,239.82683180192757,106.08502805504459,6.41730594530455,3.4383478279520383,advance_eq19_20,1.1080842420908839,0.7915249168929546,1.4583540841834979,1.0399370415111748,1.3161039827005185,1.3138399301355352,478.7374711729425,4.778264684874495e-15,a1_station_hull_matched_sweep_free_surface_marching_not_benchmark_validated,41,8,24,10,3.0,2,16,15.0,False,none,0.0,1.0,0.03,1.0,trapezoid,1.0,1.0,1.0,1.0,-1.0,1.0,1.0,True,False,True,3.0,11,9,40,True,True,True,True,A1_GRID_RECOMMENDED,"A1 Section 3.3 recommends control radius about 3B, inner free-surface panels greater than 10, outer/free-surface proxy panels greater than 8, and roughly 60 stations at Fn=0.2 or 40 at Fn=0.3."
32,st41_bp8_fs24_cp10_r3p0_h2_fsm_clipfs_onezonefs_noend_pr1p0_pl1p0_pf1p0_pm1p0_dt1p0_fv0p03_hr1p0_hqtrapezoid_hp1p0_hc1p0_ci1p0_cp1p0_cnm1p0_cd1p0_pg1p0,A35,OK,diagnostic_matched_wigley_sensitivity_not_hard_gate,wigley_iii,Fn0.4,0.4,2.1696064159197173,1.5,2.7120080198996463,-0.2,239.85000000000002,14,15,24,1.125,1.875,0.07499999999999996,-0.8683593749999999,0.8683593749999999,0.06328124999999996,0.06328125000000007,pitch,heave_force,0.375,2732.419647202244,-1775.879044493964,204.93147354016818,-133.19092833704724,0.11616813070300425,0.028942810619597345,0.08722532008340692,14.46759479636303,1.9114441159624012,12.55615068040063,0.0,14.46759479636303,2.5271514771083248,1.1504778621366212,17.866416635989438,11.67894524945874,111.59020541539275,78.77853622798631,12.449896656998071,30994.777366573173,13911.837339373255,7024.99645025449,3198.107818552304,27686.660056174464,12458.388813186892,182.9419025404896,80.70442737015298,4.887223750642034,2.617655527895322,advance_eq19_20,0.84418225953743,0.6042471798405878,1.1108424264699304,0.7935971084630685,1.3158798516787322,1.3133650183893864,479.5715522185469,4.072902479389852e-15,a1_station_hull_matched_sweep_free_surface_marching_not_benchmark_validated,41,8,24,10,3.0,2,16,15.0,False,none,0.0,1.0,0.03,1.0,trapezoid,1.0,1.0,1.0,1.0,-1.0,1.0,1.0,True,False,True,3.0,11,9,40,True,True,True,True,A1_GRID_RECOMMENDED,"A1 Section 3.3 recommends control radius about 3B, inner free-surface panels greater than 10, outer/free-surface proxy panels greater than 8, and roughly 60 stations at Fn=0.2 or 40 at Fn=0.3."
32,st41_bp8_fs24_cp10_r3p0_h2_fsm_clipfs_onezonefs_noend_pr1p0_pl1p0_pf1p0_pm1p0_dt1p0_fv0p03_hr1p0_hqtrapezoid_hp1p0_hc1p0_ci1p0_cp1p0_cnm1p0_cd1p0_pg1p0,A35,OK,diagnostic_matched_wigley_sensitivity_not_hard_gate,wigley_iii,Fn0.4,0.4,2.1696064159197173,1.5,2.7120080198996463,-0.2,239.85000000000002,15,16,23,1.2,1.8,0.07499999999999996,-0.8684999999999999,0.8684999999999998,0.06299999999999994,0.06300000000000008,pitch,heave_force,0.30000000000000004,2073.118780278278,-1522.8348414114444,155.48390852087076,-114.21261310585825,0.08813812097889455,0.022235903909073807,0.06590221706982073,14.56974792220398,1.9370334732267367,12.632714448977243,0.0,14.56974792220398,1.7998650618200323,0.8197644391030583,13.6029170785091,8.886613177066886,84.88824203274328,59.928278795525884,9.471926339301005,23923.955433085986,10699.109799929412,5003.279694452928,2278.7879266079303,21064.11096078808,9447.968653180535,139.55363701374384,61.42862615676819,3.7252758247573756,1.9941685411038217,advance_eq19_20,0.6429940122453189,0.4612740269382621,0.8458363449503067,0.6055501355081984,1.3154653524636526,1.3127774384514532,480.2604432484979,4.5694068518419666e-15,a1_station_hull_matched_sweep_free_surface_marching_not_benchmark_validated,41,8,24,10,3.0,2,16,15.0,False,none,0.0,1.0,0.03,1.0,trapezoid,1.0,1.0,1.0,1.0,-1.0,1.0,1.0,True,False,True,3.0,11,9,40,True,True,True,True,A1_GRID_RECOMMENDED,"A1 Section 3.3 recommends control radius about 3B, inner free-surface panels greater than 10, outer/free-surface proxy panels greater than 8, and roughly 60 stations at Fn=0.2 or 40 at Fn=0.3."
32,st41_bp8_fs24_cp10_r3p0_h2_fsm_clipfs_onezonefs_noend_pr1p0_pl1p0_pf1p0_pm1p0_dt1p0_fv0p03_hr1p0_hqtrapezoid_hp1p0_hc1p0_ci1p0_cp1p0_cnm1p0_cd1p0_pg1p0,A35,OK,diagnostic_matched_wigley_sensitivity_not_hard_gate,wigley_iii,Fn0.4,0.4,2.1696064159197173,1.5,2.7120080198996463,-0.2,239.85000000000002,16,17,22,1.275,1.725,0.07499999999999996,-0.8686093749999999,0.8686093749999999,0.0627812499999999,0.06278125000000001,pitch,heave_force,0.2250000000000001,1559.1754989600638,-1330.010987094611,116.93816242200472,-99.75082403209576,0.06628795226881495,0.01671004000629002,0.04957791226252493,14.646960958827835,1.9565064451844185,12.690454513643417,0.0,14.646960958827835,1.2927364622736262,0.5864948845993078,10.36599589432757,6.764795115299714,64.58832516813114,45.597881467896954,7.286987477980729,18738.09705057905,8354.190575617213,3593.5594446353402,1630.3433014300265,16205.14215457747,7252.693042614972,106.46829783132192,46.78617430630056,2.842663845792411,1.5203947729133889,advance_eq19_20,0.4897508914950401,0.35216940199824304,0.6439135087445106,0.46204941880155,1.314777614347705,1.3120089825516845,480.80032593830697,3.636690078591248e-15,a1_station_hull_matched_sweep_free_surface_marching_not_benchmark_validated,41,8,24,10,3.0,2,16,15.0,False,none,0.0,1.0,0.03,1.0,trapezoid,1.0,1.0,1.0,1.0,-1.0,1.0,1.0,True,False,True,3.0,11,9,40,True,True,True,True,A1_GRID_RECOMMENDED,"A1 Section 3.3 recommends control radius about 3B, inner free-surface panels greater than 10, outer/free-surface proxy panels greater than 8, and roughly 60 stations at Fn=0.2 or 40 at Fn=0.3."
32,st41_bp8_fs24_cp10_r3p0_h2_fsm_clipfs_onezonefs_noend_pr1p0_pl1p0_pf1p0_pm1p0_dt1p0_fv0p03_hr1p0_hqtrapezoid_hp1p0_hc1p0_ci1p0_cp1p0_cnm1p0_cd1p0_pg1p0,A35,OK,diagnostic_matched_wigley_sensitivity_not_hard_gate,wigley_iii,Fn0.4,0.4,2.1696064159197173,1.5,2.7120080198996463,-0.2,239.85000000000002,17,18,21,1.3499999999999999,1.6500000000000001,0.07500000000000007,-0.8686874999999998,0.8686875,0.0626249999999999,0.06262500000000004,pitch,heave_force,0.15000000000000013,1157.4356562177197,-1181.9514915773643,86.80767421632906,-88.6463618683024,0.049208084391242746,0.012113690122865567,0.037094394268377184,14.704708977157864,1.9709183102489964,12.733790666908869,0.0,14.704708977157864,0.9724303306733987,0.43443650701469255,7.908126031628669,5.152202678493771,49.15334843718646,34.701990194767674,5.679569674106235,14945.816693420633,6645.288091451739,2703.1698269694202,1207.650173440061,12630.491574719043,5646.107802253821,81.2462501127825,35.660805686074625,2.172013751350881,1.1602811888896865,advance_eq19_20,0.3731362505987888,0.26895568794758756,0.490202522732545,0.3525902192940993,1.3137359930746333,1.3109602625797967,481.18816478284884,2.8867649209854276e-15,a1_station_hull_matched_sweep_free_surface_marching_not_benchmark_validated,41,8,24,10,3.0,2,16,15.0,False,none,0.0,1.0,0.03,1.0,trapezoid,1.0,1.0,1.0,1.0,-1.0,1.0,1.0,True,False,True,3.0,11,9,40,True,True,True,True,A1_GRID_RECOMMENDED,"A1 Section 3.3 recommends control radius about 3B, inner free-surface panels greater than 10, outer/free-surface proxy panels greater than 8, and roughly 60 stations at Fn=0.2 or 40 at Fn=0.3."
32,st41_bp8_fs24_cp10_r3p0_h2_fsm_clipfs_onezonefs_noend_pr1p0_pl1p0_pf1p0_pm1p0_dt1p0_fv0p03_hr1p0_hqtrapezoid_hp1p0_hc1p0_ci1p0_cp1p0_cnm1p0_cd1p0_pg1p0,A35,OK,diagnostic_matched_wigley_sensitivity_not_hard_gate,wigley_iii,Fn0.4,0.4,2.1696064159197173,1.5,2.7120080198996463,-0.2,239.85000000000002,18,19,20,1.425,1.575,0.07500000000000007,-0.8687343749999998,0.868734375,0.06253124999999993,0.06253125000000004,pitch,heave_force,0.07499999999999996,842.3342831873067,-1066.9113086916568,63.17507123904806,-80.01834815187433,0.03581162915627428,0.00825170283860999,0.027559926317664303,14.74721883393162,1.981101006729734,12.766117827201887,0.0,14.74721883393162,0.8156039499564723,0.35384422823632855,6.041598707757983,3.926374932553598,37.41549582340224,26.416032041543925,4.495552252454466,12195.094836822527,5408.27674599848,2267.2225646773772,983.619094391427,9997.418485278233,4467.948170561256,62.024356829397526,27.205381292290312,1.662192065347053,0.8864499680822273,advance_eq19_20,0.2844737849961464,0.20553295174224837,0.37331073522604474,0.26914539206006777,1.312285190816798,1.3094999598779349,481.4217579468673,2.516386691608344e-15,a1_station_hull_matched_sweep_free_surface_marching_not_benchmark_validated,41,8,24,10,3.0,2,16,15.0,False,none,0.0,1.0,0.03,1.0,trapezoid,1.0,1.0,1.0,1.0,-1.0,1.0,1.0,True,False,True,3.0,11,9,40,True,True,True,True,A1_GRID_RECOMMENDED,"A1 Section 3.3 recommends control radius about 3B, inner free-surface panels greater than 10, outer/free-surface proxy panels greater than 8, and roughly 60 stations at Fn=0.2 or 40 at Fn=0.3."
32,st41_bp8_fs24_cp10_r3p0_h2_fsm_clipfs_onezonefs_noend_pr1p0_pl1p0_pf1p0_pm1p0_dt1p0_fv0p03_hr1p0_hqtrapezoid_hp1p0_hc1p0_ci1p0_cp1p0_cnm1p0_cd1p0_pg1p0,A35,OK,diagnostic_matched_wigley_sensitivity_not_hard_gate,wigley_iii,Fn0.4,0.4,2.1696064159197173,1.5,2.7120080198996463,-0.2,239.85000000000002,19,20,19,1.5,1.5,0.07499999999999996,-0.8687499999999999,0.8687499999999999,0.062499999999999944,0.06250000000000003,pitch,heave_force,0.0,594.6937838923973,-976.3668629763611,44.60203379192977,-73.22751472322703,0.02528325591795995,0.004974627332979933,0.020308628584980015,14.77776627646874,1.987714171815529,12.79005210465321,0.0,14.77776627646874,0.7846240631653807,0.3313309541678267,4.623994456031256,2.9942859423365777,28.48712995639662,20.113277034929894,3.6260503893691207,10233.871788741577,4526.028866703779,2181.1044207085283,921.036510067752,8063.779743954018,3604.992405406002,47.380174330327335,20.776658059144392,1.2743699947830143,0.6781005503834518,advance_eq19_20,0.21711027829128424,0.1572336564191959,0.2845066097213184,0.20557959080001986,1.3104244163862775,1.3074782809345242,481.49977128544,2.2614856614121296e-15,a1_station_hull_matched_sweep_free_surface_marching_not_benchmark_validated,41,8,24,10,3.0,2,16,15.0,False,none,0.0,1.0,0.03,1.0,trapezoid,1.0,1.0,1.0,1.0,-1.0,1.0,1.0,True,False,True,3.0,11,9,40,True,True,True,True,A1_GRID_RECOMMENDED,"A1 Section 3.3 recommends control radius about 3B, inner free-surface panels greater than 10, outer/free-surface proxy panels greater than 8, and roughly 60 stations at Fn=0.2 or 40 at Fn=0.3."
32,st41_bp8_fs24_cp10_r3p0_h2_fsm_clipfs_onezonefs_noend_pr1p0_pl1p0_pf1p0_pm1p0_dt1p0_fv0p03_hr1p0_hqtrapezoid_hp1p0_hc1p0_ci1p0_cp1p0_cnm1p0_cd1p0_pg1p0,A35,OK,diagnostic_matched_wigley_sensitivity_not_hard_gate,wigley_iii,Fn0.4,0.4,2.1696064159197173,1.5,2.7120080198996463,-0.2,239.85000000000002,20,21,18,1.575,1.425,0.07499999999999996,-0.8687343749999998,0.868734375,0.06253124999999993,0.06253125000000004,pitch,heave_force,-0.07499999999999996,399.5767941712102,-903.8827869363522,29.96825956284075,-67.79120902022638,0.016987906414264217,0.0021663800209470044,0.014821526393317214,14.798901857634851,1.9912846754924922,12.807617182142359,0.0,14.798901857634851,0.8263244830683592,0.3452085980184351,3.547288167838762,2.28526432262463,21.6934132739078,15.31725546810838,2.990770666435169,8870.314310621976,3910.897075761934,2297.02359074884,959.6136985234169,6651.015107103287,2974.8101407418953,36.228971797716675,15.886224269688148,0.9790304654530165,0.5194167543862627,advance_eq19_20,0.16607646635078446,0.12050850098786063,0.21722292491734196,0.15722082472247073,1.3079693329850037,1.3046450950236972,481.4217579468676,1.1729483417544706e-15,a1_station_hull_matched_sweep_free_surface_marching_not_benchmark_validated,41,8,24,10,3.0,2,16,15.0,False,none,0.0,1.0,0.03,1.0,trapezoid,1.0,1.0,1.0,1.0,-1.0,1.0,1.0,True,False,True,3.0,11,9,40,True,True,True,True,A1_GRID_RECOMMENDED,"A1 Section 3.3 recommends control radius about 3B, inner free-surface panels greater than 10, outer/free-surface proxy panels greater than 8, and roughly 60 stations at Fn=0.2 or 40 at Fn=0.3."
32,st41_bp8_fs24_cp10_r3p0_h2_fsm_clipfs_onezonefs_noend_pr1p0_pl1p0_pf1p0_pm1p0_dt1p0_fv0p03_hr1p0_hqtrapezoid_hp1p0_hc1p0_ci1p0_cp1p0_cnm1p0_cd1p0_pg1p0,A35,OK,diagnostic_matched_wigley_sensitivity_not_hard_gate,wigley_iii,Fn0.4,0.4,2.1696064159197173,1.5,2.7120080198996463,-0.2,239.85000000000002,21,22,17,1.65,1.35,0.07499999999999996,-0.8686874999999998,0.8686875,0.0626249999999999,0.06262500000000004,pitch,heave_force,-0.1499999999999999,244.56694522330264,-843.6803630263817,18.342520891747686,-63.276027226978584,0.010397701863776792,-0.0002587095243352768,0.010656411388112071,14.812594661773872,1.9922385107407983,12.820356151033073,0.0,14.812594661773872,0.8984488086683065,0.37565880178168404,2.729432824738431,1.7455668187564597,16.520950661658862,11.665479793590126,2.5250381849564656,7943.445506452294,3492.269403674376,2497.5153839421732,1044.2594252572642,5615.29752268692,2513.7336569504514,27.743433291097965,12.162725032809359,0.7537348947868885,0.3983733662384484,advance_eq19_20,0.12760816913984693,0.09266606052569254,0.16648157653833356,0.12051932196242637,1.3046310252746038,1.3005767298050968,481.18816478284884,1.1914948018702887e-15,a1_station_hull_matched_sweep_free_surface_marching_not_benchmark_validated,41,8,24,10,3.0,2,16,15.0,False,none,0.0,1.0,0.03,1.0,trapezoid,1.0,1.0,1.0,1.0,-1.0,1.0,1.0,True,False,True,3.0,11,9,40,True,True,True,True,A1_GRID_RECOMMENDED,"A1 Section 3.3 recommends control radius about 3B, inner free-surface panels greater than 10, outer/free-surface proxy panels greater than 8, and roughly 60 stations at Fn=0.2 or 40 at Fn=0.3."
32,st41_bp8_fs24_cp10_r3p0_h2_fsm_clipfs_onezonefs_noend_pr1p0_pl1p0_pf1p0_pm1p0_dt1p0_fv0p03_hr1p0_hqtrapezoid_hp1p0_hc1p0_ci1p0_cp1p0_cnm1p0_cd1p0_pg1p0,A35,OK,diagnostic_matched_wigley_sensitivity_not_hard_gate,wigley_iii,Fn0.4,0.4,2.1696064159197173,1.5,2.7120080198996463,-0.2,239.85000000000002,22,23,16,1.7249999999999999,1.2750000000000001,0.07499999999999996,-0.8686093749999999,0.8686093749999999,0.0627812499999999,0.06278125000000001,pitch,heave_force,-0.22499999999999987,120.43177670016276,-791.2598964321611,9.0323832525122,-59.344492232412044,0.005120126548213189,-0.002359128481770947,0.007479255029984136,14.820353575979865,1.990929591737745,12.829423984242121,0.0,14.820353575979865,0.9787591771081648,0.41141390523794613,2.1080400980813607,1.3343133712995376,12.57926375718039,8.882238981158764,2.180801333808929,7327.411079512919,3215.107924370141,2720.7628063144143,1143.6517557661316,4849.767579820083,2174.7001983763084,21.293596002278907,9.323731520988254,0.5814488853254436,0.3058388346305538,advance_eq19_20,0.09870677871971367,0.07163922229405313,0.12836699283536418,0.09276110021927486,1.3004881174359182,1.2948367842202984,480.80032593830697,7.611359119064418e-16,a1_station_hull_matched_sweep_free_surface_marching_not_benchmark_validated,41,8,24,10,3.0,2,16,15.0,False,none,0.0,1.0,0.03,1.0,trapezoid,1.0,1.0,1.0,1.0,-1.0,1.0,1.0,True,False,True,3.0,11,9,40,True,True,True,True,A1_GRID_RECOMMENDED,"A1 Section 3.3 recommends control radius about 3B, inner free-surface panels greater than 10, outer/free-surface proxy panels greater than 8, and roughly 60 stations at Fn=0.2 or 40 at Fn=0.3."
32,st41_bp8_fs24_cp10_r3p0_h2_fsm_clipfs_onezonefs_noend_pr1p0_pl1p0_pf1p0_pm1p0_dt1p0_fv0p03_hr1p0_hqtrapezoid_hp1p0_hc1p0_ci1p0_cp1p0_cnm1p0_cd1p0_pg1p0,A35,OK,diagnostic_matched_wigley_sensitivity_not_hard_gate,wigley_iii,Fn0.4,0.4,2.1696064159197173,1.5,2.7120080198996463,-0.2,239.85000000000002,23,24,15,1.7999999999999998,1.2000000000000002,0.07500000000000007,-0.8684999999999999,0.8684999999999998,0.06299999999999994,0.06300000000000008,pitch,heave_force,-0.2999999999999998,20.687893649562213,-743.5718471246873,1.5515920237171674,-55.7678885343516,0.0008795405698070346,-0.004175105994294377,0.005054646564101412,14.823353409538875,1.9876624744997125,12.835690935039166,0.0,14.823353409538875,1.05811749579076,0.44764130870368896,1.6356962339876495,1.0204266441171608,9.571453884838107,6.757891186987754,1.9240732113252397,6928.999786604332,3037.8767303920745,2941.3637129451886,1244.3569897238474,4278.843623590256,1923.8403652666457,16.40171084329794,7.154658121354267,0.4492373564432269,0.2348774485153121,advance_eq19_20,0.07703993129534721,0.05584342389881471,0.09984472934321434,0.0718744987483686,1.296012699705567,1.2870718471453564,480.2604432484979,7.833354565323491e-16,a1_station_hull_matched_sweep_free_surface_marching_not_benchmark_validated,41,8,24,10,3.0,2,16,15.0,False,none,0.0,1.0,0.03,1.0,trapezoid,1.0,1.0,1.0,1.0,-1.0,1.0,1.0,True,False,True,3.0,11,9,40,True,True,True,True,A1_GRID_RECOMMENDED,"A1 Section 3.3 recommends control radius about 3B, inner free-surface panels greater than 10, outer/free-surface proxy panels greater than 8, and roughly 60 stations at Fn=0.2 or 40 at Fn=0.3."
32,st41_bp8_fs24_cp10_r3p0_h2_fsm_clipfs_onezonefs_noend_pr1p0_pl1p0_pf1p0_pm1p0_dt1p0_fv0p03_hr1p0_hqtrapezoid_hp1p0_hc1p0_ci1p0_cp1p0_cnm1p0_cd1p0_pg1p0,A35,OK,diagnostic_matched_wigley_sensitivity_not_hard_gate,wigley_iii,Fn0.4,0.4,2.1696064159197173,1.5,2.7120080198996463,-0.2,239.85000000000002,24,25,14,1.875,1.125,0.07500000000000007,-0.8683593749999999,0.8683593749999999,0.06328124999999996,0.06328125000000007,pitch,heave_force,-0.375,-59.48979067200897,-698.3449314343067,-4.461734300400677,-52.37586985757304,-0.002529193414838887,-0.005732565959068228,0.0032033725442293403,14.822528583116359,1.9827086385230313,12.839819944593328,0.0,14.822528583116359,1.1334237968399192,0.4826331169784427,1.2763862144325693,0.7803263826768952,7.272230555443815,5.133353052000049,1.729269157953799,6677.7470821740935,2929.167986417948,3150.700787649343,1341.6275060125681,3845.629296447366,1735.879434458151,12.707630516533728,5.492811122035728,0.34730945937438945,0.18023811259214673,advance_eq19_20,0.060781100730737135,0.04405232918166801,0.07854331870911885,0.0562691208632275,1.2922325815892854,1.2773245344458064,479.5715522185469,7.081017963545077e-16,a1_station_hull_matched_sweep_free_surface_marching_not_benchmark_validated,41,8,24,10,3.0,2,16,15.0,False,none,0.0,1.0,0.03,1.0,trapezoid,1.0,1.0,1.0,1.0,-1.0,1.0,1.0,True,False,True,3.0,11,9,40,True,True,True,True,A1_GRID_RECOMMENDED,"A1 Section 3.3 recommends control radius about 3B, inner free-surface panels greater than 10, outer/free-surface proxy panels greater than 8, and roughly 60 stations at Fn=0.2 or 40 at Fn=0.3."
32,st41_bp8_fs24_cp10_r3p0_h2_fsm_clipfs_onezonefs_noend_pr1p0_pl1p0_pf1p0_pm1p0_dt1p0_fv0p03_hr1p0_hqtrapezoid_hp1p0_hc1p0_ci1p0_cp1p0_cnm1p0_cd1p0_pg1p0,A35,OK,diagnostic_matched_wigley_sensitivity_not_hard_gate,wigley_iii,Fn0.4,0.4,2.1696064159197173,1.5,2.7120080198996463,-0.2,239.85000000000002,25,26,13,1.95,1.05,0.07499999999999996,-0.8681874999999999,0.8681874999999999,0.0636249999999999,0.06362500000000004,pitch,heave_force,-0.44999999999999996,-123.6712079761372,-653.8877835188405,-9.275340598210285,-49.04158376391301,-0.0052578501501702015,-0.007046749780443737,0.0017888996302735367,14.818635061333852,1.9763189806532753,12.84231608068058,0.0,14.818635061333852,1.2039763460218051,0.5159672318652437,1.002593919924129,0.596064295084445,5.510096744572753,3.887524996728222,1.5771270928019394,6522.193434332306,2866.046679344288,3346.823343835123,1434.2899525945606,3507.288685745496,1591.9728223631446,9.939935087952927,4.214441156889765,0.268228986947757,0.13793162991489658,advance_eq19_20,0.048496969980208124,0.03530198931947329,0.06259617650289052,0.044707514535742836,1.290723451968986,1.2664304589509712,478.73747117294215,5.70970466201801e-16,a1_station_hull_matched_sweep_free_surface_marching_not_benchmark_validated,41,8,24,10,3.0,2,16,15.0,False,none,0.0,1.0,0.03,1.0,trapezoid,1.0,1.0,1.0,1.0,-1.0,1.0,1.0,True,False,True,3.0,11,9,40,True,True,True,True,A1_GRID_RECOMMENDED,"A1 Section 3.3 recommends control radius about 3B, inner free-surface panels greater than 10, outer/free-surface proxy panels greater than 8, and roughly 60 stations at Fn=0.2 or 40 at Fn=0.3."
32,st41_bp8_fs24_cp10_r3p0_h2_fsm_clipfs_onezonefs_noend_pr1p0_pl1p0_pf1p0_pm1p0_dt1p0_fv0p03_hr1p0_hqtrapezoid_hp1p0_hc1p0_ci1p0_cp1p0_cnm1p0_cd1p0_pg1p0,A35,OK,diagnostic_matched_wigley_sensitivity_not_hard_gate,wigley_iii,Fn0.4,0.4,2.1696064159197173,1.5,2.7120080198996463,-0.2,239.85000000000002,26,27,12,2.025,0.9750000000000001,0.07500000000000007,-0.8679843749999999,0.8679843749999999,0.06403124999999998,0.0640312500000001,pitch,heave_force,-0.5249999999999999,-174.3888100318405,-609.0670608643177,-13.07916075238805,-45.68002956482387,-0.007414096183089259,-0.008124497158563924,0.0007104009754746649,14.812299088167224,1.968733357183771,12.843565730983455,0.0,14.812299088167224,1.2698357752767517,0.5476722036587992,0.7934373379208085,0.4541339293222042,4.156013774109723,2.9292927065281913,1.453757133403358,6426.72351249115,2832.7348335858837,3529.899926668687,1522.4236938137456,3232.9328239165065,1478.7414131658916,7.896121493182484,3.226575156403507,0.20644404309130415,0.10497762080322462,advance_eq19_20,0.039072831837769564,0.02881788251094125,0.05053519972619536,0.036206160908021305,1.293359025934377,1.2563782538246853,477.76272938128045,4.5536921109399e-16,a1_station_hull_matched_sweep_free_surface_marching_not_benchmark_validated,41,8,24,10,3.0,2,16,15.0,False,none,0.0,1.0,0.03,1.0,trapezoid,1.0,1.0,1.0,1.0,-1.0,1.0,1.0,True,False,True,3.0,11,9,40,True,True,True,True,A1_GRID_RECOMMENDED,"A1 Section 3.3 recommends control radius about 3B, inner free-surface panels greater than 10, outer/free-surface proxy panels greater than 8, and roughly 60 stations at Fn=0.2 or 40 at Fn=0.3."
32,st41_bp8_fs24_cp10_r3p0_h2_fsm_clipfs_onezonefs_noend_pr1p0_pl1p0_pf1p0_pm1p0_dt1p0_fv0p03_hr1p0_hqtrapezoid_hp1p0_hc1p0_ci1p0_cp1p0_cnm1p0_cd1p0_pg1p0,A35,OK,diagnostic_matched_wigley_sensitivity_not_hard_gate,wigley_iii,Fn0.4,0.4,2.1696064159197173,1.5,2.7120080198996463,-0.2,239.85000000000002,27,28,11,2.1,0.8999999999999999,0.07499999999999996,-0.8677499999999999,0.8677499999999999,0.06449999999999989,0.06450000000000003,pitch,heave_force,-0.6000000000000001,-213.48464005184337,-563.0789706873929,-16.011348003888244,-42.23092280155444,-0.009076245515222918,-0.008967579334892858,-0.00010866618033005883,14.804053917318065,1.9601873189370427,12.843866598381029,0.0,14.804053917318065,1.3312600044892944,0.5779357605866403,0.6326270721015766,0.3441295692011395,3.1105259501823888,2.1884309190926805,1.3487726098471022,6366.439907402422,2818.377801774083,3700.647503965271,1606.5505781402146,2999.4633506395808,1386.4161742771003,6.418515269669352,2.4576031882592577,0.15768348562367165,0.07908070643613965,advance_eq19_20,0.0316634650249793,0.023970982147391615,0.04122358437678869,0.02996284169472194,1.3019290322227026,1.2499630390814973,476.6524673161357,4.042363758294937e-16,a1_station_hull_matched_sweep_free_surface_marching_not_benchmark_validated,41,8,24,10,3.0,2,16,15.0,False,none,0.0,1.0,0.03,1.0,trapezoid,1.0,1.0,1.0,1.0,-1.0,1.0,1.0,True,False,True,3.0,11,9,40,True,True,True,True,A1_GRID_RECOMMENDED,"A1 Section 3.3 recommends control radius about 3B, inner free-surface panels greater than 10, outer/free-surface proxy panels greater than 8, and roughly 60 stations at Fn=0.2 or 40 at Fn=0.3."
32,st41_bp8_fs24_cp10_r3p0_h2_fsm_clipfs_onezonefs_noend_pr1p0_pl1p0_pf1p0_pm1p0_dt1p0_fv0p03_hr1p0_hqtrapezoid_hp1p0_hc1p0_ci1p0_cp1p0_cnm1p0_cd1p0_pg1p0,A35,OK,diagnostic_matched_wigley_sensitivity_not_hard_gate,wigley_iii,Fn0.4,0.4,2.1696064159197173,1.5,2.7120080198996463,-0.2,239.85000000000002,28,29,10,2.175,0.8250000000000002,0.07499999999999996,-0.8674843749999999,0.8674843749999999,0.06503124999999987,0.0650312500000001,pitch,heave_force,-0.6749999999999998,-242.02514451184882,-515.7406951152136,-18.15188583838865,-38.680552133641,-0.010289637848949682,-0.009572959999838487,-0.0007166778491111955,14.794370975635978,1.9509170492696772,12.843453926366307,0.0,14.794370975635978,1.3883067574544656,0.6069205096066159,0.5082012478340399,0.2585755369866015,2.3022163649214358,1.6145166758685576,1.2561894226921586,6326.352311615451,2816.87713084619,3859.2265368048184,1687.1226217320911,2793.5725468604774,1309.9290675270795,5.385423333097859,2.3409167014743275,0.11898336282196427,0.05863943463741607,advance_eq19_20,0.025654357430086785,0.02025073893366159,0.03381083338063077,0.025318084904414537,1.3179372538474994,1.250230176160624,475.4122985160682,3.0898945647801385e-16,a1_station_hull_matched_sweep_free_surface_marching_not_benchmark_validated,41,8,24,10,3.0,2,16,15.0,False,none,0.0,1.0,0.03,1.0,trapezoid,1.0,1.0,1.0,1.0,-1.0,1.0,1.0,True,False,True,3.0,11,9,40,True,True,True,True,A1_GRID_RECOMMENDED,"A1 Section 3.3 recommends control radius about 3B, inner free-surface panels greater than 10, outer/free-surface proxy panels greater than 8, and roughly 60 stations at Fn=0.2 or 40 at Fn=0.3."
32,st41_bp8_fs24_cp10_r3p0_h2_fsm_clipfs_onezonefs_noend_pr1p0_pl1p0_pf1p0_pm1p0_dt1p0_fv0p03_hr1p0_hqtrapezoid_hp1p0_hc1p0_ci1p0_cp1p0_cnm1p0_cd1p0_pg1p0,A35,OK,diagnostic_matched_wigley_sensitivity_not_hard_gate,wigley_iii,Fn0.4,0.4,2.1696064159197173,1.5,2.7120080198996463,-0.2,239.85000000000002,29,30,9,2.25,0.75,0.07499999999999996,-0.8671874999999999,0.8671874999999999,0.06562499999999982,0.0656250000000001,pitch,heave_force,-0.75,-260.88737353178976,-466.91276951766383,-19.56655301488422,-35.018457713824766,-0.011091560748450892,-0.009938254245608931,-0.0011533065028419616,14.78368037633728,1.9411614421469534,12.842518934190332,0.0,14.78368037633728,1.441147595068071,0.6349247498635141,0.4100832756505325,0.19114620402855187,1.670566275744711,1.1647307973730296,1.1711312540849586,6295.265379424595,2824.177555344235,4006.113931575789,1764.9690390041928,2604.416229815501,1245.6920582002288,4.6817476444694,2.422902574190751,0.08777157286586797,0.04225564650095126,advance_eq19_20,0.020624088152188587,0.017262076506349738,0.027692462444554714,0.021736675075893105,1.3427242087120368,1.2592155450068487,474.0481182363453,2.8425204372809403e-16,a1_station_hull_matched_sweep_free_surface_marching_not_benchmark_validated,41,8,24,10,3.0,2,16,15.0,False,none,0.0,1.0,0.03,1.0,trapezoid,1.0,1.0,1.0,1.0,-1.0,1.0,1.0,True,False,True,3.0,11,9,40,True,True,True,True,A1_GRID_RECOMMENDED,"A1 Section 3.3 recommends control radius about 3B, inner free-surface panels greater than 10, outer/free-surface proxy panels greater than 8, and roughly 60 stations at Fn=0.2 or 40 at Fn=0.3."
32,st41_bp8_fs24_cp10_r3p0_h2_fsm_clipfs_onezonefs_noend_pr1p0_pl1p0_pf1p0_pm1p0_dt1p0_fv0p03_hr1p0_hqtrapezoid_hp1p0_hc1p0_ci1p0_cp1p0_cnm1p0_cd1p0_pg1p0,A35,OK,diagnostic_matched_wigley_sensitivity_not_hard_gate,wigley_iii,Fn0.4,0.4,2.1696064159197173,1.5,2.7120080198996463,-0.2,239.85000000000002,30,31,8,2.3249999999999997,0.6750000000000003,0.07499999999999996,-0.866859375,0.866859375,0.06628124999999996,0.06628125000000007,pitch,heave_force,-0.8249999999999997,-269.84946219080405,-417.8562093517312,-20.238709664310292,-31.33921570137982,-0.01147258168269073,-0.01005714421090093,-0.0014154374717897968,14.772398305121708,1.9311637429186985,12.841234562203015,0.0,14.772398305121708,1.4894632589939456,0.6621532767186982,0.3327262806879212,0.13850516171625182,1.1837369822203847,0.8164721022156266,1.0968550918383704,6272.720988146462,2842.3706702568775,4140.422211330881,1840.6591217855375,2439.237440701407,1199.9518290159506,4.2175394751711,2.4667214073905632,0.0630096963248463,0.029322141593946516,advance_eq19_20,0.01630430252094179,0.014710807333116483,0.02246681323288092,0.018809793974590774,1.3779683739322057,1.2786377762046266,472.56584172230123,4.318638526392813e-16,a1_station_hull_matched_sweep_free_surface_marching_not_benchmark_validated,41,8,24,10,3.0,2,16,15.0,False,none,0.0,1.0,0.03,1.0,trapezoid,1.0,1.0,1.0,1.0,-1.0,1.0,1.0,True,False,True,3.0,11,9,40,True,True,True,True,A1_GRID_RECOMMENDED,"A1 Section 3.3 recommends control radius about 3B, inner free-surface panels greater than 10, outer/free-surface proxy panels greater than 8, and roughly 60 stations at Fn=0.2 or 40 at Fn=0.3."
32,st41_bp8_fs24_cp10_r3p0_h2_fsm_clipfs_onezonefs_noend_pr1p0_pl1p0_pf1p0_pm1p0_dt1p0_fv0p03_hr1p0_hqtrapezoid_hp1p0_hc1p0_ci1p0_cp1p0_cnm1p0_cd1p0_pg1p0,A35,OK,diagnostic_matched_wigley_sensitivity_not_hard_gate,wigley_iii,Fn0.4,0.4,2.1696064159197173,1.5,2.7120080198996463,-0.2,239.85000000000002,31,32,7,2.4,0.6000000000000001,0.07500000000000018,-0.8664999999999999,0.8664999999999998,0.06699999999999995,0.06700000000000006,pitch,heave_force,-0.8999999999999999,-269.45517280944233,-369.02696163994403,-20.209137960708222,-27.67702212299587,-0.011455818569295742,-0.009934927211055758,-0.0015208913582399836,14.760934104995714,1.92116770720772,12.839766397787999,0.0,14.760934104995714,1.53421803495483,0.6896420495563967,0.26914117335734283,0.09549379407393112,0.7931756156011915,0.5343586512898123,1.0345370517016477,6256.636067209542,2874.232449842592,4264.831905448979,1917.0726384884017,2300.651680500527,1178.7232920358485,3.8880426536508743,2.4693421268573066,0.04247772197920959,0.018594351048462396,advance_eq19_20,0.012541036727442612,0.012402507367238276,0.01788917218673762,0.016241079346281776,1.426450825041608,1.3094996733630848,470.9710640469985,4.2852815580756674e-16,a1_station_hull_matched_sweep_free_surface_marching_not_benchmark_validated,41,8,24,10,3.0,2,16,15.0,False,none,0.0,1.0,0.03,1.0,trapezoid,1.0,1.0,1.0,1.0,-1.0,1.0,1.0,True,False,True,3.0,11,9,40,True,True,True,True,A1_GRID_RECOMMENDED,"A1 Section 3.3 recommends control radius about 3B, inner free-surface panels greater than 10, outer/free-surface proxy panels greater than 8, and roughly 60 stations at Fn=0.2 or 40 at Fn=0.3."
32,st41_bp8_fs24_cp10_r3p0_h2_fsm_clipfs_onezonefs_noend_pr1p0_pl1p0_pf1p0_pm1p0_dt1p0_fv0p03_hr1p0_hqtrapezoid_hp1p0_hc1p0_ci1p0_cp1p0_cnm1p0_cd1p0_pg1p0,A35,OK,diagnostic_matched_wigley_sensitivity_not_hard_gate,wigley_iii,Fn0.4,0.4,2.1696064159197173,1.5,2.7120080198996463,-0.2,239.85000000000002,32,33,6,2.475,0.5249999999999999,0.07499999999999996,-0.866109375,0.866109375,0.06778124999999988,0.06778125000000013,pitch,heave_force,-0.9750000000000001,-255.90329838734544,-327.4611535644497,-19.192747379050896,-24.559586517333713,-0.010879664053371041,-0.009566359103350512,-0.0013133049500205318,14.749766363684381,1.9114170640505168,12.838349299633869,0.0,14.749766363684381,1.5750672340821765,0.7182881451635913,0.22179448257947043,0.07370681935275465,0.5124581072690453,0.326711624269866,1.0278808195864797,6286.88670666439,2952.862508173609,4378.384844979816,1996.7032905395636,2285.849241500035,1247.6191360269297,3.6391678682885535,2.4228837452304837,0.027918516934728067,0.010729606185379747,advance_eq19_20,0.009261878717229045,0.010218778093804306,0.013829219007368759,0.013840145960993406,1.4931332432202442,1.3543836488028596,469.2686860462597,4.97351093335693e-16,a1_station_hull_matched_sweep_free_surface_marching_not_benchmark_validated,41,8,24,10,3.0,2,16,15.0,False,none,0.0,1.0,0.03,1.0,trapezoid,1.0,1.0,1.0,1.0,-1.0,1.0,1.0,True,False,True,3.0,11,9,40,True,True,True,True,A1_GRID_RECOMMENDED,"A1 Section 3.3 recommends control radius about 3B, inner free-surface panels greater than 10, outer/free-surface proxy panels greater than 8, and roughly 60 stations at Fn=0.2 or 40 at Fn=0.3."
32,st41_bp8_fs24_cp10_r3p0_h2_fsm_clipfs_onezonefs_noend_pr1p0_pl1p0_pf1p0_pm1p0_dt1p0_fv0p03_hr1p0_hqtrapezoid_hp1p0_hc1p0_ci1p0_cp1p0_cnm1p0_cd1p0_pg1p0,A35,OK,diagnostic_matched_wigley_sensitivity_not_hard_gate,wigley_iii,Fn0.4,0.4,2.1696064159197173,1.5,2.7120080198996463,-0.2,239.85000000000002,33,34,5,2.55,0.4500000000000002,0.07499999999999996,-0.8656874999999999,0.8656874999999999,0.06862499999999994,0.06862500000000005,pitch,heave_force,-1.0499999999999998,-231.02066525459043,-293.85325940607066,-17.32654989409427,-22.03899445545529,-0.009821785194623822,-0.00900381277611331,-0.0008179724185105131,14.739415639060384,1.9021319781107848,12.837283660949604,0.0,14.739415639060384,1.620829342946019,0.754440053225254,0.1824338412137817,0.06517698836792737,0.2765372922805145,0.1328693716130978,1.1165066666644305,6408.742330934142,3129.451211268959,4505.594731382235,2097.198661752415,2482.9395280975928,1482.9074908271423,3.3903745865327517,2.3298494508407264,0.01407690646212187,0.004936589014115682,advance_eq19_20,0.006445339765013687,0.008096882329553965,0.010236877804639838,0.011496590820529428,1.5882603831387154,1.419878707952366,467.4627559098952,4.1078555312342e-16,a1_station_hull_matched_sweep_free_surface_marching_not_benchmark_validated,41,8,24,10,3.0,2,16,15.0,False,none,0.0,1.0,0.03,1.0,trapezoid,1.0,1.0,1.0,1.0,-1.0,1.0,1.0,True,False,True,3.0,11,9,40,True,True,True,True,A1_GRID_RECOMMENDED,"A1 Section 3.3 recommends control radius about 3B, inner free-surface panels greater than 10, outer/free-surface proxy panels greater than 8, and roughly 60 stations at Fn=0.2 or 40 at Fn=0.3."
32,st41_bp8_fs24_cp10_r3p0_h2_fsm_clipfs_onezonefs_noend_pr1p0_pl1p0_pf1p0_pm1p0_dt1p0_fv0p03_hr1p0_hqtrapezoid_hp1p0_hc1p0_ci1p0_cp1p0_cnm1p0_cd1p0_pg1p0,A35,OK,diagnostic_matched_wigley_sensitivity_not_hard_gate,wigley_iii,Fn0.4,0.4,2.1696064159197173,1.5,2.7120080198996463,-0.2,239.85000000000002,34,35,4,2.625,0.375,0.07499999999999996,-0.8652343749999999,0.8652343749999999,0.06953124999999993,0.06953125000000009,pitch,heave_force,-1.125,-146.5714271979096,-348.7811245155565,-10.992857039843214,-26.15858433866672,-0.006231447182531681,-0.00823634164887656,0.0020048944663448778,14.731389022871808,1.89351190089829,12.83787712197352,0.0,14.731389022871808,1.6736410195827292,0.8040525244954776,0.17574903637135325,0.06838660909592079,0.21024228436345532,0.08844209424207791,2.0932031570413026,7652.33245297816,4227.412124496893,4652.401064229917,2235.1118172235992,4654.962674323722,3046.2002295883767,3.117148331750746,2.1675786366826295,0.013341514636834933,0.005400397122987752,advance_eq19_20,0.0041105011370685335,0.006073690601219619,0.007112232324725542,0.009154392485044857,1.7302591794920994,1.507220747004568,465.55753958209425,4.732993731207046e-16,a1_station_hull_matched_sweep_free_surface_marching_not_benchmark_validated,41,8,24,10,3.0,2,16,15.0,False,none,0.0,1.0,0.03,1.0,trapezoid,1.0,1.0,1.0,1.0,-1.0,1.0,1.0,True,False,True,3.0,11,9,40,True,True,True,True,A1_GRID_RECOMMENDED,"A1 Section 3.3 recommends control radius about 3B, inner free-surface panels greater than 10, outer/free-surface proxy panels greater than 8, and roughly 60 stations at Fn=0.2 or 40 at Fn=0.3."
32,st41_bp8_fs24_cp10_r3p0_h2_fsm_clipfs_onezonefs_noend_pr1p0_pl1p0_pf1p0_pm1p0_dt1p0_fv0p03_hr1p0_hqtrapezoid_hp1p0_hc1p0_ci1p0_cp1p0_cnm1p0_cd1p0_pg1p0,A35,OK,diagnostic_matched_wigley_sensitivity_not_hard_gate,wigley_iii,Fn0.4,0.4,2.1696064159197173,1.5,2.7120080198996463,-0.2,239.85000000000002,35,36,3,2.6999999999999997,0.30000000000000027,0.07499999999999996,-0.8647499999999999,0.8647499999999999,0.0704999999999999,0.07050000000000001,pitch,heave_force,-1.1999999999999997,66.65813361387328,-638.0723915613723,4.999360021040492,-47.8554293671029,0.0028339537032693574,-0.007826615432502565,0.010660569135771925,14.729690276132175,1.8854804223576003,12.84420985377458,0.0,14.729690276132175,1.8715145400721676,0.9527004409449472,0.1467102445254827,0.06651218823699519,0.25365246215977527,0.13694299170593024,6.688090674143718,16338.22314895862,10610.360627201493,5202.451503085379,2648.324517314742,14873.28754779691,10023.086498858424,2.9036724149009383,2.0369789702041334,0.03069873000027881,0.009724666687466885,advance_eq19_20,0.0022709325552658617,0.004035015832697544,0.004496652158758664,0.006855784036818705,1.9800905792344121,1.6990724004756588,463.5639836716682,6.627806448606571e-16,a1_station_hull_matched_sweep_free_surface_marching_not_benchmark_validated,41,8,24,10,3.0,2,16,15.0,False,none,0.0,1.0,0.03,1.0,trapezoid,1.0,1.0,1.0,1.0,-1.0,1.0,1.0,True,False,True,3.0,11,9,40,True,True,True,True,A1_GRID_RECOMMENDED,"A1 Section 3.3 recommends control radius about 3B, inner free-surface panels greater than 10, outer/free-surface proxy panels greater than 8, and roughly 60 stations at Fn=0.2 or 40 at Fn=0.3."
32,st41_bp8_fs24_cp10_r3p0_h2_fsm_clipfs_onezonefs_noend_pr1p0_pl1p0_pf1p0_pm1p0_dt1p0_fv0p03_hr1p0_hqtrapezoid_hp1p0_hc1p0_ci1p0_cp1p0_cnm1p0_cd1p0_pg1p0,A35,OK,diagnostic_matched_wigley_sensitivity_not_hard_gate,wigley_iii,Fn0.4,0.4,2.1696064159197173,1.5,2.7120080198996463,-0.2,239.85000000000002,36,37,2,2.775,0.2250000000000001,0.07500000000000018,-0.8642343749999999,0.8642343749999999,0.07153124999999994,0.07153125000000005,pitch,heave_force,-1.275,-1195.344539024934,1463.406092500481,-89.65084042687026,109.75545693753634,-0.05081977096261645,-0.00850100721418601,-0.042318763748430445,14.705697367502502,1.877316611034256,12.82838075646825,0.0,14.705697367502502,2.5781088952875613,1.4771167604973265,0.32386621179539654,0.1525353365335942,0.4250847418237343,0.17805453659960258,27.575354946833148,61738.69738820655,41201.193238156724,7166.6483001993465,4106.101313316858,61323.35868926052,41023.37632591158,2.7040331369226136,1.8819480065964547,0.04244351550913981,0.014622920145705431,advance_eq19_20,0.001000368231737734,0.0027062396601874408,0.002430675882251581,0.004477010691122214,2.4297811597128267,1.6543289779487325,461.53260422011545,8.896024890956734e-16,a1_station_hull_matched_sweep_free_surface_marching_not_benchmark_validated,41,8,24,10,3.0,2,16,15.0,False,none,0.0,1.0,0.03,1.0,trapezoid,1.0,1.0,1.0,1.0,-1.0,1.0,1.0,True,False,True,3.0,11,9,40,True,True,True,True,A1_GRID_RECOMMENDED,"A1 Section 3.3 recommends control radius about 3B, inner free-surface panels greater than 10, outer/free-surface proxy panels greater than 8, and roughly 60 stations at Fn=0.2 or 40 at Fn=0.3."
32,st41_bp8_fs24_cp10_r3p0_h2_fsm_clipfs_onezonefs_noend_pr1p0_pl1p0_pf1p0_pm1p0_dt1p0_fv0p03_hr1p0_hqtrapezoid_hp1p0_hc1p0_ci1p0_cp1p0_cnm1p0_cd1p0_pg1p0,A35,OK,diagnostic_matched_wigley_sensitivity_not_hard_gate,wigley_iii,Fn0.4,0.4,2.1696064159197173,1.5,2.7120080198996463,-0.2,239.85000000000002,37,38,1,2.85,0.1499999999999999,0.07499999999999996,-0.8636874999999999,0.8636874999999999,0.07262499999999994,0.07262500000000005,pitch,heave_force,-1.35,-179.50787428610306,492.5197338885816,-13.463090571457721,36.938980041643596,-0.007631731906055572,0.004603812709659945,-0.012235544615715513,14.676471616068167,1.875368013781993,12.801103602286178,0.0,14.676471616068167,2.5735932278356457,1.8151689266290545,0.8818117868789225,0.41053876559347535,0.986779613783124,0.482181994601524,15.366740265541312,34769.87216231154,24321.77461365465,7154.095610695932,5045.821503652894,34173.272728687545,23894.976311606366,2.412084921043888,0.6812763147753943,0.0021570567565268365,0.0008502206953130906,advance_eq19_20,0.0001494436264546525,0.00044083535257445904,0.0010273885668801847,0.002743483261658901,6.8747566641253695,6.223373977692758,467.16479122089714,1.676162580419291e-15,a1_station_hull_matched_sweep_free_surface_marching_not_benchmark_validated,41,8,24,10,3.0,2,16,15.0,False,none,0.0,1.0,0.03,1.0,trapezoid,1.0,1.0,1.0,1.0,-1.0,1.0,1.0,True,False,True,3.0,11,9,40,True,True,True,True,A1_GRID_RECOMMENDED,"A1 Section 3.3 recommends control radius about 3B, inner free-surface panels greater than 10, outer/free-surface proxy panels greater than 8, and roughly 60 stations at Fn=0.2 or 40 at Fn=0.3."
32,st41_bp8_fs24_cp10_r3p0_h2_fsm_clipfs_onezonefs_noend_pr1p0_pl1p0_pf1p0_pm1p0_dt1p0_fv0p03_hr1p0_hqtrapezoid_hp1p0_hc1p0_ci1p0_cp1p0_cnm1p0_cd1p0_pg1p0,A35,OK,diagnostic_matched_wigley_sensitivity_not_hard_gate,wigley_iii,Fn0.4,0.4,2.1696064159197173,1.5,2.7120080198996463,-0.2,239.85000000000002,38,39,0,2.925,0.07500000000000018,0.03749999999999987,-0.8631093749999998,0.8631093749999998,0.07378124999999991,0.07378125000000002,pitch,heave_force,-1.4249999999999998,1183.5403431644472,-2066.757232734837,44.38276286866661,-77.50339622755611,0.025158959279513095,-0.0006222512402381453,0.025781210519751234,14.697814709394653,1.877047668896585,12.820767040498069,0.0,14.697814709394653,1.8172533615687345,1.0601250348376259,0.071063200284345,0.035909931438496794,0.09644802035470261,0.04903020684047806,91.91088885004154,204443.31796708747,123558.24002668833,5051.6158330331,2946.9442864904345,204395.71549548244,123546.9133828152,1.0283560373449359,0.7179510615143506,0.0,0.0,initialize_eq21_22,0.0,0.0,0.00018076570968953923,0.0005332306051107573,,,690.6987294891596,1.0145519239978086e-15,a1_station_hull_matched_sweep_free_surface_marching_not_benchmark_validated,41,8,24,10,3.0,2,16,15.0,False,none,0.0,1.0,0.03,1.0,trapezoid,1.0,1.0,1.0,1.0,-1.0,1.0,1.0,True,False,True,3.0,11,9,40,True,True,True,True,A1_GRID_RECOMMENDED,"A1 Section 3.3 recommends control radius about 3B, inner free-surface panels greater than 10, outer/free-surface proxy panels greater than 8, and roughly 60 stations at Fn=0.2 or 40 at Fn=0.3."
32,st41_bp8_fs24_cp10_r3p0_h2_fsm_clipfs_onezonefs_noend_pr1p0_pl1p0_pf1p0_pm1p0_dt1p0_fv0p03_hr1p0_hqtrapezoid_hp1p0_hc1p0_ci1p0_cp1p0_cn1p0_cd1p0_pg1p0,A35,OK,diagnostic_matched_wigley_sensitivity_not_hard_gate,wigley_iii,Fn0.4,0.4,2.1696064159197173,1.5,2.7120080198996463,-0.2,239.85000000000002,0,1,38,0.075,2.925,0.0375,-0.8631093749999998,0.8631093749999998,0.07378124999999991,0.07378125000000002,pitch,heave_force,1.425,-6663.34064707705,-1246.5548089760155,-249.87527426538935,-46.745805336600576,-0.14164512175149688,0.00023295747599082076,-0.14187807922748769,0.0,0.0,0.0,0.0,0.0,12.319096521574172,6.729642835106014,0.06979198366378525,0.030012262394555775,0.07574833093120413,0.030450044567657077,280.392391941794,625340.8066511722,324811.7049103001,34244.72577853767,18707.116473364396,623549.6608452922,323658.88855347026,3.263488092907001,2.0296251034948942,0.0025048270638305587,0.0012287293533825789,advance_eq19_20,0.6542975891006066,0.09738624998713212,0.6825436934569487,0.09643174547694718,1.0431701183480881,0.9901987753886091,113.94877021527233,5.6025709318388344e-15,a1_station_hull_matched_sweep_free_surface_marching_not_benchmark_validated,41,8,24,10,3.0,2,16,15.0,False,none,0.0,1.0,0.03,1.0,trapezoid,1.0,1.0,1.0,1.0,1.0,1.0,1.0,True,False,True,3.0,11,9,40,True,True,True,True,A1_GRID_RECOMMENDED,"A1 Section 3.3 recommends control radius about 3B, inner free-surface panels greater than 10, outer/free-surface proxy panels greater than 8, and roughly 60 stations at Fn=0.2 or 40 at Fn=0.3."
32,st41_bp8_fs24_cp10_r3p0_h2_fsm_clipfs_onezonefs_noend_pr1p0_pl1p0_pf1p0_pm1p0_dt1p0_fv0p03_hr1p0_hqtrapezoid_hp1p0_hc1p0_ci1p0_cp1p0_cn1p0_cd1p0_pg1p0,A35,OK,diagnostic_matched_wigley_sensitivity_not_hard_gate,wigley_iii,Fn0.4,0.4,2.1696064159197173,1.5,2.7120080198996463,-0.2,239.85000000000002,1,2,37,0.15,2.85,0.07499999999999998,-0.8636874999999999,0.8636874999999999,0.07262499999999991,0.07262500000000005,pitch,heave_force,1.35,-162.49496813213386,704.7286381355717,-12.187122609910038,52.854647860167866,-0.006908432500799192,-0.0018958141880321333,-0.005012618312767085,-0.14509933800189648,-0.0007149496180252461,-0.14438438838387124,0.0,-0.14509933800189648,4.279984983832661,2.8676714393507967,0.16566252831046271,0.07251025769289572,0.17821155285091633,0.07632097719636226,67.85526859399867,151725.34879445384,69084.06464408961,11897.537441234343,7971.576640505436,150899.70674788256,68213.83999046162,4.052778121364767,2.463817807362115,0.0021927573599054033,0.0011493630074617884,advance_eq19_20,0.6097879562355114,0.09666949865686293,0.6373777312571248,0.09457180892356185,1.0452448670713952,0.9783003971009819,77.78531556101733,1.5323988550908133e-15,a1_station_hull_matched_sweep_free_surface_marching_not_benchmark_validated,41,8,24,10,3.0,2,16,15.0,False,none,0.0,1.0,0.03,1.0,trapezoid,1.0,1.0,1.0,1.0,1.0,1.0,1.0,True,False,True,3.0,11,9,40,True,True,True,True,A1_GRID_RECOMMENDED,"A1 Section 3.3 recommends control radius about 3B, inner free-surface panels greater than 10, outer/free-surface proxy panels greater than 8, and roughly 60 stations at Fn=0.2 or 40 at Fn=0.3."
32,st41_bp8_fs24_cp10_r3p0_h2_fsm_clipfs_onezonefs_noend_pr1p0_pl1p0_pf1p0_pm1p0_dt1p0_fv0p03_hr1p0_hqtrapezoid_hp1p0_hc1p0_ci1p0_cp1p0_cn1p0_cd1p0_pg1p0,A35,OK,diagnostic_matched_wigley_sensitivity_not_hard_gate,wigley_iii,Fn0.4,0.4,2.1696064159197173,1.5,2.7120080198996463,-0.2,239.85000000000002,2,3,36,0.22499999999999998,2.775,0.075,-0.8642343749999999,0.8642343749999999,0.07153124999999994,0.07153125000000006,pitch,heave_force,1.275,3152.397346742513,300.79644675256463,236.42980100568846,22.559733506442345,0.13402337645286402,0.00767358065410912,0.12634979579875488,-0.08154186602586407,0.0021739336150132476,-0.08371579964087736,0.0,-0.08154186602586407,7.256451774990767,3.955811900487596,0.0623952145850232,0.02790100945528576,0.06888272706764734,0.03126550417941498,46.479738409702314,105009.02279689265,70896.70982075128,20171.544295034735,10996.398439320243,103363.80713055926,69747.0194876176,3.664976115691846,2.1979073524896737,0.0012862102261533266,0.000681862044113889,advance_eq19_20,0.5664895069931484,0.09242368242239747,0.5937773620298167,0.09370554192576604,1.0481700979449886,1.0138693835797428,77.91010290862684,1.4043610688458368e-15,a1_station_hull_matched_sweep_free_surface_marching_not_benchmark_validated,41,8,24,10,3.0,2,16,15.0,False,none,0.0,1.0,0.03,1.0,trapezoid,1.0,1.0,1.0,1.0,1.0,1.0,1.0,True,False,True,3.0,11,9,40,True,True,True,True,A1_GRID_RECOMMENDED,"A1 Section 3.3 recommends control radius about 3B, inner free-surface panels greater than 10, outer/free-surface proxy panels greater than 8, and roughly 60 stations at Fn=0.2 or 40 at Fn=0.3."
32,st41_bp8_fs24_cp10_r3p0_h2_fsm_clipfs_onezonefs_noend_pr1p0_pl1p0_pf1p0_pm1p0_dt1p0_fv0p03_hr1p0_hqtrapezoid_hp1p0_hc1p0_ci1p0_cp1p0_cn1p0_cd1p0_pg1p0,A35,OK,diagnostic_matched_wigley_sensitivity_not_hard_gate,wigley_iii,Fn0.4,0.4,2.1696064159197173,1.5,2.7120080198996463,-0.2,239.85000000000002,3,4,35,0.3,2.7,0.07500000000000001,-0.8647499999999999,0.8647499999999999,0.0704999999999999,0.07050000000000001,pitch,heave_force,1.2,-2387.835115423949,-996.9013030447383,-179.0876336567962,-74.76759772835538,-0.10151820642550859,0.006108085772536595,-0.10762629219804515,-0.06528928101218634,0.009064766828336106,-0.07435404784052249,0.0,-0.06528928101218634,3.9780906142459505,1.847800605517023,0.023183550109970474,0.009272443762328159,0.029772898199174242,0.010174920128480383,28.02832202464426,62162.22316499163,37796.13791954754,11058.32899096559,5136.53131287103,62330.68797443541,38028.624379734465,3.034564210456284,1.786355998817913,0.0012732006920811048,0.0006836138964153703,advance_eq19_20,0.5254068122701915,0.08902324479172209,0.5515180677391359,0.08973553457002655,1.0496972152989836,1.0080011662119361,78.9850404442889,6.875861192229802e-16,a1_station_hull_matched_sweep_free_surface_marching_not_benchmark_validated,41,8,24,10,3.0,2,16,15.0,False,none,0.0,1.0,0.03,1.0,trapezoid,1.0,1.0,1.0,1.0,1.0,1.0,1.0,True,False,True,3.0,11,9,40,True,True,True,True,A1_GRID_RECOMMENDED,"A1 Section 3.3 recommends control radius about 3B, inner free-surface panels greater than 10, outer/free-surface proxy panels greater than 8, and roughly 60 stations at Fn=0.2 or 40 at Fn=0.3."
32,st41_bp8_fs24_cp10_r3p0_h2_fsm_clipfs_onezonefs_noend_pr1p0_pl1p0_pf1p0_pm1p0_dt1p0_fv0p03_hr1p0_hqtrapezoid_hp1p0_hc1p0_ci1p0_cp1p0_cn1p0_cd1p0_pg1p0,A35,OK,diagnostic_matched_wigley_sensitivity_not_hard_gate,wigley_iii,Fn0.4,0.4,2.1696064159197173,1.5,2.7120080198996463,-0.2,239.85000000000002,4,5,34,0.375,2.625,0.07499999999999998,-0.8652343749999999,0.8652343749999999,0.06953124999999993,0.06953125000000009,pitch,heave_force,1.125,-733.5750174784032,-578.6130565065873,-55.01812631088023,-43.39597923799404,-0.03118775646271814,0.006496324775326821,-0.03768408123804496,-0.1316422624562997,0.015366972102267814,-0.14700923455856757,0.0,-0.1316422624562997,3.2102448046133785,1.4015057727097795,0.02090508371925159,0.008181639030508895,0.028123927864673378,0.01087750556604797,7.968713440679018,18420.97281927645,9840.393428682077,8923.864897351472,3895.917267912687,17721.196102710954,9706.449974351252,3.231439210204298,1.9926151678359385,0.0013959024231843503,0.000757359260889522,advance_eq19_20,0.486238918428609,0.08567766749728147,0.5114570352864668,0.08651040453009184,1.0518636330867053,1.0097194176398046,80.04292683338196,8.851761688564428e-16,a1_station_hull_matched_sweep_free_surface_marching_not_benchmark_validated,41,8,24,10,3.0,2,16,15.0,False,none,0.0,1.0,0.03,1.0,trapezoid,1.0,1.0,1.0,1.0,1.0,1.0,1.0,True,False,True,3.0,11,9,40,True,True,True,True,A1_GRID_RECOMMENDED,"A1 Section 3.3 recommends control radius about 3B, inner free-surface panels greater than 10, outer/free-surface proxy panels greater than 8, and roughly 60 stations at Fn=0.2 or 40 at Fn=0.3."
32,st41_bp8_fs24_cp10_r3p0_h2_fsm_clipfs_onezonefs_noend_pr1p0_pl1p0_pf1p0_pm1p0_dt1p0_fv0p03_hr1p0_hqtrapezoid_hp1p0_hc1p0_ci1p0_cp1p0_cn1p0_cd1p0_pg1p0,A35,OK,diagnostic_matched_wigley_sensitivity_not_hard_gate,wigley_iii,Fn0.4,0.4,2.1696064159197173,1.5,2.7120080198996463,-0.2,239.85000000000002,5,6,33,0.44999999999999996,2.55,0.07500000000000001,-0.8656874999999999,0.8656874999999999,0.06862499999999994,0.06862500000000005,pitch,heave_force,1.05,-386.7278844809831,-530.5309598710413,-29.004591336073737,-39.78982199032811,-0.016441638266246145,0.007027316948329724,-0.023468955214575874,-0.15545695982078184,0.022128792964096082,-0.17758575278487795,0.0,-0.15545695982078184,2.8267401508002017,1.2010626333504297,0.019766764689577155,0.00764781697794977,0.027621651998496817,0.011937450905820865,4.313047663907832,11281.25929705043,5358.6364686078305,7857.795508121045,3338.723781399358,9591.55628087653,4795.196291554513,3.4537384941409766,2.1962856677658227,0.0015727283304981683,0.0008562426076651718,advance_eq19_20,0.4489519971286478,0.08232286903552641,0.4733375923653168,0.08333160659553784,1.0543167095650123,1.0122534305695312,81.06571677861561,5.041084393505805e-16,a1_station_hull_matched_sweep_free_surface_marching_not_benchmark_validated,41,8,24,10,3.0,2,16,15.0,False,none,0.0,1.0,0.03,1.0,trapezoid,1.0,1.0,1.0,1.0,1.0,1.0,1.0,True,False,True,3.0,11,9,40,True,True,True,True,A1_GRID_RECOMMENDED,"A1 Section 3.3 recommends control radius about 3B, inner free-surface panels greater than 10, outer/free-surface proxy panels greater than 8, and roughly 60 stations at Fn=0.2 or 40 at Fn=0.3."
32,st41_bp8_fs24_cp10_r3p0_h2_fsm_clipfs_onezonefs_noend_pr1p0_pl1p0_pf1p0_pm1p0_dt1p0_fv0p03_hr1p0_hqtrapezoid_hp1p0_hc1p0_ci1p0_cp1p0_cn1p0_cd1p0_pg1p0,A35,OK,diagnostic_matched_wigley_sensitivity_not_hard_gate,wigley_iii,Fn0.4,0.4,2.1696064159197173,1.5,2.7120080198996463,-0.2,239.85000000000002,6,7,32,0.525,2.475,0.07500000000000001,-0.866109375,0.866109375,0.0677812499999999,0.06778125000000006,pitch,heave_force,0.975,-231.6167294207335,-538.6902131341096,-17.371254706555014,-40.401765985058226,-0.009847126711996826,0.007469836920025777,-0.017316963632022602,-0.1686013423099033,0.02937736989827384,-0.19797871220817723,0.0,-0.1686013423099033,2.5795373794935745,1.0823549148611387,0.01992911298665301,0.007642574045134672,0.0282057498465745,0.012957109861539307,2.8921459156710743,9022.85003355001,3988.385917156496,7170.619212337929,3008.739089718237,6431.688792776366,2995.0486197004275,3.644409019228766,2.3635044923657222,0.001760136655377944,0.0009578613481864332,advance_eq19_20,0.41354742562836216,0.07897369772365764,0.4371330969779978,0.08014549732319266,1.0570325672171663,1.014837846438891,82.0454186369934,6.286540889718906e-16,a1_station_hull_matched_sweep_free_surface_marching_not_benchmark_validated,41,8,24,10,3.0,2,16,15.0,False,none,0.0,1.0,0.03,1.0,trapezoid,1.0,1.0,1.0,1.0,1.0,1.0,1.0,True,False,True,3.0,11,9,40,True,True,True,True,A1_GRID_RECOMMENDED,"A1 Section 3.3 recommends control radius about 3B, inner free-surface panels greater than 10, outer/free-surface proxy panels greater than 8, and roughly 60 stations at Fn=0.2 or 40 at Fn=0.3."
32,st41_bp8_fs24_cp10_r3p0_h2_fsm_clipfs_onezonefs_noend_pr1p0_pl1p0_pf1p0_pm1p0_dt1p0_fv0p03_hr1p0_hqtrapezoid_hp1p0_hc1p0_ci1p0_cp1p0_cn1p0_cd1p0_pg1p0,A35,OK,diagnostic_matched_wigley_sensitivity_not_hard_gate,wigley_iii,Fn0.4,0.4,2.1696064159197173,1.5,2.7120080198996463,-0.2,239.85000000000002,7,8,31,0.6,2.4,0.07499999999999996,-0.8664999999999999,0.8664999999999998,0.06699999999999995,0.06700000000000006,pitch,heave_force,0.9,-142.55648421053215,-564.5312813724165,-10.691736315789905,-42.33984610293121,-0.00606075289616892,0.0077527619650482014,-0.013813514861217124,-0.1765552821139862,0.036988669340810826,-0.21354395145479707,0.0,-0.1765552821139862,2.3977284067980986,1.0003116116114905,0.02128160766836582,0.008148779063554372,0.02970518387613849,0.013842272159247592,2.181528776153774,8145.366880190739,3490.473690453031,6665.225135497087,2780.67444091633,4851.385299988134,2144.8863706879065,3.791189697945408,2.4903458887669188,0.0019351219883732042,0.0010511801814419262,advance_eq19_20,0.38003259812255635,0.0756606933198318,0.4028449885965582,0.07696809828420746,1.0600274570831556,1.0172798438265562,82.97650322796618,6.300035201595838e-16,a1_station_hull_matched_sweep_free_surface_marching_not_benchmark_validated,41,8,24,10,3.0,2,16,15.0,False,none,0.0,1.0,0.03,1.0,trapezoid,1.0,1.0,1.0,1.0,1.0,1.0,1.0,True,False,True,3.0,11,9,40,True,True,True,True,A1_GRID_RECOMMENDED,"A1 Section 3.3 recommends control radius about 3B, inner free-surface panels greater than 10, outer/free-surface proxy panels greater than 8, and roughly 60 stations at Fn=0.2 or 40 at Fn=0.3."
32,st41_bp8_fs24_cp10_r3p0_h2_fsm_clipfs_onezonefs_noend_pr1p0_pl1p0_pf1p0_pm1p0_dt1p0_fv0p03_hr1p0_hqtrapezoid_hp1p0_hc1p0_ci1p0_cp1p0_cn1p0_cd1p0_pg1p0,A35,OK,diagnostic_matched_wigley_sensitivity_not_hard_gate,wigley_iii,Fn0.4,0.4,2.1696064159197173,1.5,2.7120080198996463,-0.2,239.85000000000002,8,9,30,0.6749999999999999,2.325,0.07500000000000001,-0.866859375,0.866859375,0.06628124999999993,0.06628125000000007,pitch,heave_force,0.8250000000000001,-85.95774728128616,-596.9736021141867,-6.446831046096463,-44.773020158564016,-0.0036544719005122753,0.0078475854596668,-0.011502057360179075,-0.1814128945123268,0.04478884305316832,-0.2262017375654952,0.0,-0.1814128945123268,2.252840773962706,0.9376853292013014,0.023285942607882165,0.008947557469673833,0.031687198605696604,0.014568544340538937,1.7891060494824647,7767.478544704914,3296.351612905893,6262.46530270738,2606.585386259574,3978.697362810882,1701.9401850824129,3.8916480218692753,2.5773321808702505,0.0020869760469694977,0.0011313070074000886,advance_eq19_20,0.3484112669627414,0.07241476237737748,0.37047618251682535,0.07382916969375233,1.0633300861548876,1.0195320300714916,83.85411691935546,3.657294826095136e-16,a1_station_hull_matched_sweep_free_surface_marching_not_benchmark_validated,41,8,24,10,3.0,2,16,15.0,False,none,0.0,1.0,0.03,1.0,trapezoid,1.0,1.0,1.0,1.0,1.0,1.0,1.0,True,False,True,3.0,11,9,40,True,True,True,True,A1_GRID_RECOMMENDED,"A1 Section 3.3 recommends control radius about 3B, inner free-surface panels greater than 10, outer/free-surface proxy panels greater than 8, and roughly 60 stations at Fn=0.2 or 40 at Fn=0.3."
32,st41_bp8_fs24_cp10_r3p0_h2_fsm_clipfs_onezonefs_noend_pr1p0_pl1p0_pf1p0_pm1p0_dt1p0_fv0p03_hr1p0_hqtrapezoid_hp1p0_hc1p0_ci1p0_cp1p0_cn1p0_cd1p0_pg1p0,A35,OK,diagnostic_matched_wigley_sensitivity_not_hard_gate,wigley_iii,Fn0.4,0.4,2.1696064159197173,1.5,2.7120080198996463,-0.2,239.85000000000002,9,10,29,0.75,2.25,0.07500000000000001,-0.8671874999999999,0.8671874999999999,0.06562499999999982,0.0656250000000001,pitch,heave_force,0.75,-49.16144633127615,-631.486436626432,-3.687108474845712,-47.36148274698241,-0.0020900864656012747,0.0077434954269150775,-0.009833581892516353,-0.18428517369538355,0.05258438349645926,-0.2368695571918429,0.0,-0.18428517369538355,2.1312297174228343,0.8865877404350908,0.0254567229750417,0.009829780959862715,0.0337670709491134,0.015134441806280905,1.5688483675225338,7596.235487431748,3220.2392812207427,5924.409888046664,2464.543888964789,3488.878070876615,1470.2115713671747,3.947160970192428,2.6262630362156933,0.0022116622304546563,0.0011965563492966516,advance_eq19_20,0.31867754755939154,0.06926201022555808,0.3400211792152821,0.07075870949179813,1.0669756367191596,1.0216092380421231,84.67363722110893,5.097079945761649e-16,a1_station_hull_matched_sweep_free_surface_marching_not_benchmark_validated,41,8,24,10,3.0,2,16,15.0,False,none,0.0,1.0,0.03,1.0,trapezoid,1.0,1.0,1.0,1.0,1.0,1.0,1.0,True,False,True,3.0,11,9,40,True,True,True,True,A1_GRID_RECOMMENDED,"A1 Section 3.3 recommends control radius about 3B, inner free-surface panels greater than 10, outer/free-surface proxy panels greater than 8, and roughly 60 stations at Fn=0.2 or 40 at Fn=0.3."
32,st41_bp8_fs24_cp10_r3p0_h2_fsm_clipfs_onezonefs_noend_pr1p0_pl1p0_pf1p0_pm1p0_dt1p0_fv0p03_hr1p0_hqtrapezoid_hp1p0_hc1p0_ci1p0_cp1p0_cn1p0_cd1p0_pg1p0,A35,OK,diagnostic_matched_wigley_sensitivity_not_hard_gate,wigley_iii,Fn0.4,0.4,2.1696064159197173,1.5,2.7120080198996463,-0.2,239.85000000000002,10,11,28,0.825,2.175,0.07499999999999996,-0.8674843749999999,0.8674843749999999,0.06503124999999987,0.0650312500000001,pitch,heave_force,0.675,-26.314996833928557,-665.7446447670322,-1.9736247625446406,-49.93084835752739,-0.0011187754394838348,0.007439461680914847,-0.008558237120398682,-0.18588960464792612,0.06017586205037423,-0.24606546669830043,0.0,-0.18588960464792612,2.0256838750918513,0.8430231101906824,0.027495892214533278,0.010665576154103863,0.035693923873064304,0.015547814835677052,1.451060573582425,7518.113474331582,3193.448383350005,5631.012687906257,2343.442571692821,3226.9360885908886,1358.4779909895597,3.961086101346172,2.6397382624483128,0.0023087412400277087,0.001246949538914406,advance_eq19_20,0.2908103434550169,0.06622173895771352,0.3114592771637592,0.06778232942358675,1.0710048118076527,1.023566135387501,85.43060038090825,4.607222810975111e-16,a1_station_hull_matched_sweep_free_surface_marching_not_benchmark_validated,41,8,24,10,3.0,2,16,15.0,False,none,0.0,1.0,0.03,1.0,trapezoid,1.0,1.0,1.0,1.0,1.0,1.0,1.0,True,False,True,3.0,11,9,40,True,True,True,True,A1_GRID_RECOMMENDED,"A1 Section 3.3 recommends control radius about 3B, inner free-surface panels greater than 10, outer/free-surface proxy panels greater than 8, and roughly 60 stations at Fn=0.2 or 40 at Fn=0.3."
32,st41_bp8_fs24_cp10_r3p0_h2_fsm_clipfs_onezonefs_noend_pr1p0_pl1p0_pf1p0_pm1p0_dt1p0_fv0p03_hr1p0_hqtrapezoid_hp1p0_hc1p0_ci1p0_cp1p0_cn1p0_cd1p0_pg1p0,A35,OK,diagnostic_matched_wigley_sensitivity_not_hard_gate,wigley_iii,Fn0.4,0.4,2.1696064159197173,1.5,2.7120080198996463,-0.2,239.85000000000002,11,12,27,0.8999999999999999,2.1,0.07500000000000001,-0.8677499999999999,0.8677499999999999,0.06449999999999989,0.0645,pitch,heave_force,0.6000000000000001,-14.270996282084898,-698.3284303364753,-1.0703247211563676,-52.374632275235655,-0.0006067278000496021,0.006941009468893932,-0.0075477372689435355,-0.18675235626769282,0.0673660976252786,-0.25411845389297155,0.0,-0.18675235626769282,1.9322133432022646,0.8048642647627888,0.029254190757997244,0.011389853944545605,0.03733253558462376,0.015820992050163452,1.3960537826747585,7483.964906755907,3188.0165955190796,5371.18253499469,2237.368299491499,3104.6094249566504,1316.0162223600246,3.938025390960993,2.621224903263665,0.002379762176297961,0.0012834482792616797,advance_eq19_20,0.2647678594220862,0.06330551896347367,0.2847485453801434,0.0649192251170723,1.0754649223726378,1.0254907657344965,86.12073569235693,3.5407498393411663e-16,a1_station_hull_matched_sweep_free_surface_marching_not_benchmark_validated,41,8,24,10,3.0,2,16,15.0,False,none,0.0,1.0,0.03,1.0,trapezoid,1.0,1.0,1.0,1.0,1.0,1.0,1.0,True,False,True,3.0,11,9,40,True,True,True,True,A1_GRID_RECOMMENDED,"A1 Section 3.3 recommends control radius about 3B, inner free-surface panels greater than 10, outer/free-surface proxy panels greater than 8, and roughly 60 stations at Fn=0.2 or 40 at Fn=0.3."
32,st41_bp8_fs24_cp10_r3p0_h2_fsm_clipfs_onezonefs_noend_pr1p0_pl1p0_pf1p0_pm1p0_dt1p0_fv0p03_hr1p0_hqtrapezoid_hp1p0_hc1p0_ci1p0_cp1p0_cn1p0_cd1p0_pg1p0,A35,OK,diagnostic_matched_wigley_sensitivity_not_hard_gate,wigley_iii,Fn0.4,0.4,2.1696064159197173,1.5,2.7120080198996463,-0.2,239.85000000000002,12,13,26,0.975,2.025,0.07500000000000007,-0.8679843749999999,0.8679843749999999,0.06403124999999998,0.0640312500000001,pitch,heave_force,0.525,-11.094829468780027,-728.2431905111468,-0.8321122101585028,-54.61823928833606,-0.0004716938707333874,0.006258639688272888,-0.006730333559006275,-0.18729156710308434,0.07396592220386203,-0.2612574893069464,0.0,-0.18729156710308434,1.848615242452381,0.770979877573745,0.03067411363082757,0.011977223710715348,0.038626853174859734,0.015968724799266476,1.3789355110360537,7470.573189994002,3191.5990873326873,5138.795847320575,2143.176201440275,3066.5410151804404,1312.3236132542083,3.883550768072181,2.5752842083417202,0.002427381834750783,0.0013075367587639314,advance_eq19_20,0.24048324540567934,0.06051643813682668,0.25982097312651314,0.06218084270660219,1.0804119542224755,1.0275033465454844,86.74002633334426,5.072231378373352e-16,a1_station_hull_matched_sweep_free_surface_marching_not_benchmark_validated,41,8,24,10,3.0,2,16,15.0,False,none,0.0,1.0,0.03,1.0,trapezoid,1.0,1.0,1.0,1.0,1.0,1.0,1.0,True,False,True,3.0,11,9,40,True,True,True,True,A1_GRID_RECOMMENDED,"A1 Section 3.3 recommends control radius about 3B, inner free-surface panels greater than 10, outer/free-surface proxy panels greater than 8, and roughly 60 stations at Fn=0.2 or 40 at Fn=0.3."
32,st41_bp8_fs24_cp10_r3p0_h2_fsm_clipfs_onezonefs_noend_pr1p0_pl1p0_pf1p0_pm1p0_dt1p0_fv0p03_hr1p0_hqtrapezoid_hp1p0_hc1p0_ci1p0_cp1p0_cn1p0_cd1p0_pg1p0,A35,OK,diagnostic_matched_wigley_sensitivity_not_hard_gate,wigley_iii,Fn0.4,0.4,2.1696064159197173,1.5,2.7120080198996463,-0.2,239.85000000000002,13,14,25,1.05,1.95,0.07500000000000001,-0.8681874999999999,0.8681874999999999,0.06362499999999982,0.0636250000000001,pitch,heave_force,0.44999999999999996,-15.432791672097059,-754.7183002799975,-1.1574593754072795,-56.60387252099982,-0.0006561212374212266,0.005406923136452396,-0.006063044373873622,-0.18785547465716163,0.07979870361622467,-0.2676541782733864,0.0,-0.18785547465716163,1.7737527096713022,0.7408114259386982,0.03175094977546795,0.012424830065641504,0.0395708064847595,0.01600711850653429,1.3835642185260957,7466.169428977941,3198.3849250240137,4930.692363295983,2059.3136915885184,3076.8345504849453,1328.8546654427553,3.804233440446082,2.507847827526661,0.0024548326365569123,0.0013209668776313242,advance_eq19_20,0.217863173995763,0.05784815660478768,0.23658039181206383,0.05956951539209891,1.0859127197727545,1.029756501993164,87.28477208365122,3.0482173989052768e-16,a1_station_hull_matched_sweep_free_surface_marching_not_benchmark_validated,41,8,24,10,3.0,2,16,15.0,False,none,0.0,1.0,0.03,1.0,trapezoid,1.0,1.0,1.0,1.0,1.0,1.0,1.0,True,False,True,3.0,11,9,40,True,True,True,True,A1_GRID_RECOMMENDED,"A1 Section 3.3 recommends control radius about 3B, inner free-surface panels greater than 10, outer/free-surface proxy panels greater than 8, and roughly 60 stations at Fn=0.2 or 40 at Fn=0.3."
32,st41_bp8_fs24_cp10_r3p0_h2_fsm_clipfs_onezonefs_noend_pr1p0_pl1p0_pf1p0_pm1p0_dt1p0_fv0p03_hr1p0_hqtrapezoid_hp1p0_hc1p0_ci1p0_cp1p0_cn1p0_cd1p0_pg1p0,A35,OK,diagnostic_matched_wigley_sensitivity_not_hard_gate,wigley_iii,Fn0.4,0.4,2.1696064159197173,1.5,2.7120080198996463,-0.2,239.85000000000002,14,15,24,1.125,1.875,0.07499999999999996,-0.8683593749999999,0.8683593749999999,0.06328124999999996,0.06328125000000007,pitch,heave_force,0.375,-26.21424168282765,-777.1175978909481,-1.9660681262120727,-58.28381984182107,-0.0011144918596998601,0.004403893057906843,-0.005518384917606704,-0.18874078120572216,0.08470411171340429,-0.27344489291912655,0.0,-0.18874078120572216,1.7071517419280922,0.714145433190773,0.03250952641479441,0.01274226217712044,0.04018849871640081,0.01595289507243229,1.3994108633193232,7464.431613866639,3205.511135646139,4745.554445677003,1985.1873457427853,3112.075057254488,1354.4024529927397,3.7078990055806793,2.4264636711057816,0.002465555862849071,0.0013255794129343127,advance_eq19_20,0.196791153636162,0.05528386262679973,0.2149050143739344,0.05707695938022279,1.0920461128616699,1.0324343609188014,87.75164677623461,2.954315016415684e-16,a1_station_hull_matched_sweep_free_surface_marching_not_benchmark_validated,41,8,24,10,3.0,2,16,15.0,False,none,0.0,1.0,0.03,1.0,trapezoid,1.0,1.0,1.0,1.0,1.0,1.0,1.0,True,False,True,3.0,11,9,40,True,True,True,True,A1_GRID_RECOMMENDED,"A1 Section 3.3 recommends control radius about 3B, inner free-surface panels greater than 10, outer/free-surface proxy panels greater than 8, and roughly 60 stations at Fn=0.2 or 40 at Fn=0.3."
32,st41_bp8_fs24_cp10_r3p0_h2_fsm_clipfs_onezonefs_noend_pr1p0_pl1p0_pf1p0_pm1p0_dt1p0_fv0p03_hr1p0_hqtrapezoid_hp1p0_hc1p0_ci1p0_cp1p0_cn1p0_cd1p0_pg1p0,A35,OK,diagnostic_matched_wigley_sensitivity_not_hard_gate,wigley_iii,Fn0.4,0.4,2.1696064159197173,1.5,2.7120080198996463,-0.2,239.85000000000002,15,16,23,1.2,1.8,0.07499999999999996,-0.8684999999999999,0.8684999999999998,0.06299999999999994,0.06300000000000008,pitch,heave_force,0.30000000000000004,-42.50011042290699,-794.9003540062806,-3.1875082817180225,-59.61752655047101,-0.0018068814530577636,0.0032705685650181995,-0.0050774500180759624,-0.190201467862101,0.08854134252486681,-0.27874281038696785,0.0,-0.190201467862101,1.6487490680411396,0.6909765633127454,0.03299015918305228,0.012945575531640968,0.040520926672729746,0.015822725551262472,1.4195898743267938,7461.797257035937,3211.5315085797524,4583.206212712879,1920.782330798533,3156.9500817969288,1382.1895776620795,3.603969543306657,2.3403926496134897,0.002462913655252677,0.001323160658491847,advance_eq19_20,0.17713641212997314,0.05279568351971789,0.1946556667686854,0.054683045282472476,1.0989026165092335,1.035748410417865,88.13774872231025,5.151607722186518e-16,a1_station_hull_matched_sweep_free_surface_marching_not_benchmark_validated,41,8,24,10,3.0,2,16,15.0,False,none,0.0,1.0,0.03,1.0,trapezoid,1.0,1.0,1.0,1.0,1.0,1.0,1.0,True,False,True,3.0,11,9,40,True,True,True,True,A1_GRID_RECOMMENDED,"A1 Section 3.3 recommends control radius about 3B, inner free-surface panels greater than 10, outer/free-surface proxy panels greater than 8, and roughly 60 stations at Fn=0.2 or 40 at Fn=0.3."
32,st41_bp8_fs24_cp10_r3p0_h2_fsm_clipfs_onezonefs_noend_pr1p0_pl1p0_pf1p0_pm1p0_dt1p0_fv0p03_hr1p0_hqtrapezoid_hp1p0_hc1p0_ci1p0_cp1p0_cn1p0_cd1p0_pg1p0,A35,OK,diagnostic_matched_wigley_sensitivity_not_hard_gate,wigley_iii,Fn0.4,0.4,2.1696064159197173,1.5,2.7120080198996463,-0.2,239.85000000000002,16,17,22,1.275,1.725,0.07499999999999996,-0.8686093749999999,0.8686093749999999,0.0627812499999999,0.06278125000000001,pitch,heave_force,0.2250000000000001,-63.40213613220451,-807.6071271828616,-4.755160209915336,-60.57053453871459,-0.0026955257932642323,0.002030526318505386,-0.004726052111769618,-0.19245267148526202,0.09119188996662861,-0.28364456145189065,0.0,-0.19245267148526202,1.598714324065809,0.6714147441561736,0.03323949461929158,0.013053475540362697,0.04061661644606545,0.015632546537061205,1.4395671057391075,7456.180718884958,3215.7169711617407,4444.11922010479,1866.4042251011722,3201.376379477509,1408.0760070098784,3.5036271944965436,2.2603623316193864,0.0024499176508103746,0.0013153049098382566,advance_eq19_20,0.1587674168831028,0.05034537092851786,0.17568911671084406,0.0523556327739224,1.106581691381931,1.0399294276381195,88.44064379627237,2.885931565989806e-16,a1_station_hull_matched_sweep_free_surface_marching_not_benchmark_validated,41,8,24,10,3.0,2,16,15.0,False,none,0.0,1.0,0.03,1.0,trapezoid,1.0,1.0,1.0,1.0,1.0,1.0,1.0,True,False,True,3.0,11,9,40,True,True,True,True,A1_GRID_RECOMMENDED,"A1 Section 3.3 recommends control radius about 3B, inner free-surface panels greater than 10, outer/free-surface proxy panels greater than 8, and roughly 60 stations at Fn=0.2 or 40 at Fn=0.3."
32,st41_bp8_fs24_cp10_r3p0_h2_fsm_clipfs_onezonefs_noend_pr1p0_pl1p0_pf1p0_pm1p0_dt1p0_fv0p03_hr1p0_hqtrapezoid_hp1p0_hc1p0_ci1p0_cp1p0_cn1p0_cd1p0_pg1p0,A35,OK,diagnostic_matched_wigley_sensitivity_not_hard_gate,wigley_iii,Fn0.4,0.4,2.1696064159197173,1.5,2.7120080198996463,-0.2,239.85000000000002,17,18,21,1.3499999999999999,1.6500000000000001,0.07500000000000007,-0.8686874999999998,0.8686875,0.0626249999999999,0.06262500000000004,pitch,heave_force,0.15000000000000013,-88.03952446286957,-814.8584110606712,-6.602964334715224,-61.11438082955039,-0.003742978131234317,0.000709477499047326,-0.004452455630281643,-0.19567192344751128,0.09256189187540496,-0.2882338153229163,0.0,-0.19567192344751128,1.5573102601946747,0.6556145820118987,0.03330394992796961,0.013084634795513937,0.04052452706105204,0.015396824385902461,1.456327757993637,7446.327180326184,3217.7169879461226,4329.023862997961,1822.4828044889093,3238.649498610596,1429.4992557431713,3.4194157546986474,2.1977210512216914,0.002428995882303611,0.0013032951666839604,advance_eq19_20,0.1415672059213061,0.04788693959640993,0.15787395028201145,0.05005226127909833,1.1151873010036655,1.0452173745271192,88.65840109908919,4.409509336578504e-16,a1_station_hull_matched_sweep_free_surface_marching_not_benchmark_validated,41,8,24,10,3.0,2,16,15.0,False,none,0.0,1.0,0.03,1.0,trapezoid,1.0,1.0,1.0,1.0,1.0,1.0,1.0,True,False,True,3.0,11,9,40,True,True,True,True,A1_GRID_RECOMMENDED,"A1 Section 3.3 recommends control radius about 3B, inner free-surface panels greater than 10, outer/free-surface proxy panels greater than 8, and roughly 60 stations at Fn=0.2 or 40 at Fn=0.3."
32,st41_bp8_fs24_cp10_r3p0_h2_fsm_clipfs_onezonefs_noend_pr1p0_pl1p0_pf1p0_pm1p0_dt1p0_fv0p03_hr1p0_hqtrapezoid_hp1p0_hc1p0_ci1p0_cp1p0_cn1p0_cd1p0_pg1p0,A35,OK,diagnostic_matched_wigley_sensitivity_not_hard_gate,wigley_iii,Fn0.4,0.4,2.1696064159197173,1.5,2.7120080198996463,-0.2,239.85000000000002,18,19,20,1.425,1.575,0.07500000000000007,-0.8687343749999998,0.868734375,0.06253124999999993,0.06253125000000004,pitch,heave_force,0.07499999999999996,-115.5169204322454,-816.3599674993332,-8.663769032418413,-61.22699756245004,-0.00491117267617436,-0.0006651712254157195,-0.00424600145075864,-0.1999989988512156,0.09258404501222077,-0.2925830438634365,0.0,-0.1999989988512156,1.5247755607120972,0.6437178021427682,0.03322478779071151,0.013055689712022235,0.04028797399897373,0.015127284368609337,1.467854223485383,7431.472810722181,3217.388404293194,4238.583637928143,1789.412038012445,3264.28258943146,1444.8631000614293,3.363916108736274,2.1628158057854114,0.00240277703893127,0.001288518638573998,advance_eq19_20,0.12544661290262218,0.045371354717449096,0.14110513499172114,0.04772402059096268,1.1248221990756648,1.0518535513908467,88.78962105356729,4.336728689095516e-16,a1_station_hull_matched_sweep_free_surface_marching_not_benchmark_validated,41,8,24,10,3.0,2,16,15.0,False,none,0.0,1.0,0.03,1.0,trapezoid,1.0,1.0,1.0,1.0,1.0,1.0,1.0,True,False,True,3.0,11,9,40,True,True,True,True,A1_GRID_RECOMMENDED,"A1 Section 3.3 recommends control radius about 3B, inner free-surface panels greater than 10, outer/free-surface proxy panels greater than 8, and roughly 60 stations at Fn=0.2 or 40 at Fn=0.3."
32,st41_bp8_fs24_cp10_r3p0_h2_fsm_clipfs_onezonefs_noend_pr1p0_pl1p0_pf1p0_pm1p0_dt1p0_fv0p03_hr1p0_hqtrapezoid_hp1p0_hc1p0_ci1p0_cp1p0_cn1p0_cd1p0_pg1p0,A35,OK,diagnostic_matched_wigley_sensitivity_not_hard_gate,wigley_iii,Fn0.4,0.4,2.1696064159197173,1.5,2.7120080198996463,-0.2,239.85000000000002,19,20,19,1.5,1.5,0.07499999999999996,-0.8687499999999999,0.8687499999999999,0.062499999999999944,0.06250000000000003,pitch,heave_force,0.0,-144.20291738997244,-812.5236257312564,-10.815218804247927,-60.939271929844196,-0.006130750586669653,-0.002064783710913882,-0.004065966875755771,-0.2055199604826376,0.09121906754405597,-0.2967390280266937,0.0,-0.2055199604826376,1.5012272278653422,0.6358065240834485,0.033034248570037686,0.012979700404304618,0.03994035383424934,0.014832370054729276,1.4742704630195589,7415.403401431284,3216.179920717509,4173.123788704084,1767.4202022293007,3278.551321752371,1454.506534624489,3.347457846546554,2.1628076418548408,0.0023736969831639897,0.0012722599985729457,advance_eq19_20,0.1103518251462728,0.04275256883967289,0.1253134746004452,0.04532114247401031,1.1355813502344936,1.0600799835904569,88.83345571237246,4.15374755780319e-16,a1_station_hull_matched_sweep_free_surface_marching_not_benchmark_validated,41,8,24,10,3.0,2,16,15.0,False,none,0.0,1.0,0.03,1.0,trapezoid,1.0,1.0,1.0,1.0,1.0,1.0,1.0,True,False,True,3.0,11,9,40,True,True,True,True,A1_GRID_RECOMMENDED,"A1 Section 3.3 recommends control radius about 3B, inner free-surface panels greater than 10, outer/free-surface proxy panels greater than 8, and roughly 60 stations at Fn=0.2 or 40 at Fn=0.3."
32,st41_bp8_fs24_cp10_r3p0_h2_fsm_clipfs_onezonefs_noend_pr1p0_pl1p0_pf1p0_pm1p0_dt1p0_fv0p03_hr1p0_hqtrapezoid_hp1p0_hc1p0_ci1p0_cp1p0_cn1p0_cd1p0_pg1p0,A35,OK,diagnostic_matched_wigley_sensitivity_not_hard_gate,wigley_iii,Fn0.4,0.4,2.1696064159197173,1.5,2.7120080198996463,-0.2,239.85000000000002,20,21,18,1.575,1.425,0.07499999999999996,-0.8687343749999998,0.868734375,0.06253124999999993,0.06253125000000004,pitch,heave_force,-0.07499999999999996,-172.97210760804694,-803.7865469646907,-12.972908070603513,-60.28399102235177,-0.007353865437602175,-0.00346485669265814,-0.0038890087449440338,-0.2122622684947735,0.08845424734226996,-0.3007165158370436,0.0,-0.2122622684947735,1.487112727115361,0.6320261367214045,0.03277854464904428,0.012875265931832231,0.03953352807003888,0.01452741363096429,1.4760787781973401,7401.539940309059,3215.3131049693234,4133.888183492485,1756.9114503640055,3282.572737269383,1458.8977597200378,3.3724328131817245,2.195135314636593,0.0023418499906278333,0.0012545656509998103,advance_eq19_20,0.09654983932432618,0.04011980245807543,0.11079169052475038,0.04291742651737695,1.1475077669739415,1.0697317506043305,88.78962105356736,4.522565423859483e-16,a1_station_hull_matched_sweep_free_surface_marching_not_benchmark_validated,41,8,24,10,3.0,2,16,15.0,False,none,0.0,1.0,0.03,1.0,trapezoid,1.0,1.0,1.0,1.0,1.0,1.0,1.0,True,False,True,3.0,11,9,40,True,True,True,True,A1_GRID_RECOMMENDED,"A1 Section 3.3 recommends control radius about 3B, inner free-surface panels greater than 10, outer/free-surface proxy panels greater than 8, and roughly 60 stations at Fn=0.2 or 40 at Fn=0.3."
32,st41_bp8_fs24_cp10_r3p0_h2_fsm_clipfs_onezonefs_noend_pr1p0_pl1p0_pf1p0_pm1p0_dt1p0_fv0p03_hr1p0_hqtrapezoid_hp1p0_hc1p0_ci1p0_cp1p0_cn1p0_cd1p0_pg1p0,A35,OK,diagnostic_matched_wigley_sensitivity_not_hard_gate,wigley_iii,Fn0.4,0.4,2.1696064159197173,1.5,2.7120080198996463,-0.2,239.85000000000002,21,22,17,1.65,1.35,0.07499999999999996,-0.8686874999999998,0.8686875,0.0626249999999999,0.06262500000000004,pitch,heave_force,-0.1499999999999999,-202.20262717169896,-789.2763960568218,-15.165197037877414,-59.1957297042616,-0.008596593589064526,-0.0048388993925526725,-0.003757694196511854,-0.22023749800810685,0.08430236929966456,-0.30453986730777155,0.0,-0.22023749800810685,1.482426008928187,0.6323504283570888,0.03247971471201841,0.012751437563976408,0.03909239615319101,0.014220073282041732,1.4707362381090716,7384.105588527518,3212.876843718897,4120.860005749095,1757.8129189186864,3270.691747785247,1455.8854673552403,3.432770019109487,2.252015693840207,0.002305358181352174,0.001234439673867882,advance_eq19_20,0.08419260236207098,0.03756818762455199,0.09772179219859387,0.040594432852125814,1.1606933323944602,1.0805533995362628,88.65840109908919,3.631729825265073e-16,a1_station_hull_matched_sweep_free_surface_marching_not_benchmark_validated,41,8,24,10,3.0,2,16,15.0,False,none,0.0,1.0,0.03,1.0,trapezoid,1.0,1.0,1.0,1.0,1.0,1.0,1.0,True,False,True,3.0,11,9,40,True,True,True,True,A1_GRID_RECOMMENDED,"A1 Section 3.3 recommends control radius about 3B, inner free-surface panels greater than 10, outer/free-surface proxy panels greater than 8, and roughly 60 stations at Fn=0.2 or 40 at Fn=0.3."
32,st41_bp8_fs24_cp10_r3p0_h2_fsm_clipfs_onezonefs_noend_pr1p0_pl1p0_pf1p0_pm1p0_dt1p0_fv0p03_hr1p0_hqtrapezoid_hp1p0_hc1p0_ci1p0_cp1p0_cn1p0_cd1p0_pg1p0,A35,OK,diagnostic_matched_wigley_sensitivity_not_hard_gate,wigley_iii,Fn0.4,0.4,2.1696064159197173,1.5,2.7120080198996463,-0.2,239.85000000000002,22,23,16,1.7249999999999999,1.2750000000000001,0.07499999999999996,-0.8686093749999999,0.8686093749999999,0.0627812499999999,0.06278125000000001,pitch,heave_force,-0.22499999999999987,-231.61908375854142,-768.2948703848411,-17.371431281890597,-57.62211527886305,-0.00984722680607368,-0.006154885222917403,-0.0036923415831562785,-0.22945940820567598,0.07880547699192952,-0.3082648851976056,0.0,-0.22945940820567598,1.4862872827060962,0.6364523752203127,0.03211458298227442,0.012599415804116913,0.038589243587722,0.013902413666033306,1.4559332226107577,7358.009507409964,3207.343699415784,4131.5936063381305,1769.2155445287087,3237.772112450144,1443.8170883086248,3.5209738114971527,2.3278486615038343,0.0022617004542469154,0.0012105470399185539,advance_eq19_20,0.07310316173004769,0.03507476818604735,0.08592142069231978,0.038324889823971996,1.1753447957505152,1.0926626690926367,88.44064379627237,2.2358868837369796e-16,a1_station_hull_matched_sweep_free_surface_marching_not_benchmark_validated,41,8,24,10,3.0,2,16,15.0,False,none,0.0,1.0,0.03,1.0,trapezoid,1.0,1.0,1.0,1.0,1.0,1.0,1.0,True,False,True,3.0,11,9,40,True,True,True,True,A1_GRID_RECOMMENDED,"A1 Section 3.3 recommends control radius about 3B, inner free-surface panels greater than 10, outer/free-surface proxy panels greater than 8, and roughly 60 stations at Fn=0.2 or 40 at Fn=0.3."
32,st41_bp8_fs24_cp10_r3p0_h2_fsm_clipfs_onezonefs_noend_pr1p0_pl1p0_pf1p0_pm1p0_dt1p0_fv0p03_hr1p0_hqtrapezoid_hp1p0_hc1p0_ci1p0_cp1p0_cn1p0_cd1p0_pg1p0,A35,OK,diagnostic_matched_wigley_sensitivity_not_hard_gate,wigley_iii,Fn0.4,0.4,2.1696064159197173,1.5,2.7120080198996463,-0.2,239.85000000000002,23,24,15,1.7999999999999998,1.2000000000000002,0.07500000000000007,-0.8684999999999999,0.8684999999999998,0.06299999999999994,0.06300000000000008,pitch,heave_force,-0.2999999999999998,-260.0489789444256,-740.9993952687446,-19.503673420831937,-55.57495464515589,-0.011055916614466827,-0.0073815646981176776,-0.003674351916349149,-0.23991097991594623,0.07203725203141198,-0.31194823194735827,0.0,-0.23991097991594623,1.4975899999386368,0.6439016365237514,0.0316484304616,0.012405869074763293,0.03798315441233588,0.013563158864285023,1.4313870968988995,7323.067853086962,3198.8805594551754,4163.012992613972,1789.9230623358942,3183.185294823964,1422.8019095197874,3.6278252158470656,2.4159140277386175,0.0022079815827453432,0.0011813536692515804,advance_eq19_20,0.06313228830557771,0.03261981024418936,0.07523618031820833,0.036084106782569327,1.191722687985654,1.1062022284141604,88.13774872231025,3.9266307056069945e-16,a1_station_hull_matched_sweep_free_surface_marching_not_benchmark_validated,41,8,24,10,3.0,2,16,15.0,False,none,0.0,1.0,0.03,1.0,trapezoid,1.0,1.0,1.0,1.0,1.0,1.0,1.0,True,False,True,3.0,11,9,40,True,True,True,True,A1_GRID_RECOMMENDED,"A1 Section 3.3 recommends control radius about 3B, inner free-surface panels greater than 10, outer/free-surface proxy panels greater than 8, and roughly 60 stations at Fn=0.2 or 40 at Fn=0.3."
32,st41_bp8_fs24_cp10_r3p0_h2_fsm_clipfs_onezonefs_noend_pr1p0_pl1p0_pf1p0_pm1p0_dt1p0_fv0p03_hr1p0_hqtrapezoid_hp1p0_hc1p0_ci1p0_cp1p0_cn1p0_cd1p0_pg1p0,A35,OK,diagnostic_matched_wigley_sensitivity_not_hard_gate,wigley_iii,Fn0.4,0.4,2.1696064159197173,1.5,2.7120080198996463,-0.2,239.85000000000002,24,25,14,1.875,1.125,0.07500000000000007,-0.8683593749999999,0.8683593749999999,0.06328124999999996,0.06328125000000007,pitch,heave_force,-0.375,-286.3826637679397,-707.6837802580376,-21.478699782595495,-53.07628351935286,-0.012175486569104648,-0.00848903630518846,-0.003686450263916189,-0.251526681507732,0.06410195152975891,-0.3156286330374909,0.0,-0.251526681507732,1.5150380711952431,0.6541880588437948,0.031039249952627086,0.01215463330939031,0.03722452254261129,0.013188455506993898,1.3971549204385774,7279.179443871529,3187.673239894716,4211.5152845231605,1818.5173436596272,3107.0581864027727,1393.1861130792277,3.7432599786740672,2.509040329354632,0.0021412523221394242,0.0011452935835089743,advance_eq19_20,0.054154802961334327,0.03018692642575315,0.06553614247831523,0.033850236656479765,1.2101630676249897,1.1213541974780632,87.75164677623461,3.470357936020882e-16,a1_station_hull_matched_sweep_free_surface_marching_not_benchmark_validated,41,8,24,10,3.0,2,16,15.0,False,none,0.0,1.0,0.03,1.0,trapezoid,1.0,1.0,1.0,1.0,1.0,1.0,1.0,True,False,True,3.0,11,9,40,True,True,True,True,A1_GRID_RECOMMENDED,"A1 Section 3.3 recommends control radius about 3B, inner free-surface panels greater than 10, outer/free-surface proxy panels greater than 8, and roughly 60 stations at Fn=0.2 or 40 at Fn=0.3."
32,st41_bp8_fs24_cp10_r3p0_h2_fsm_clipfs_onezonefs_noend_pr1p0_pl1p0_pf1p0_pm1p0_dt1p0_fv0p03_hr1p0_hqtrapezoid_hp1p0_hc1p0_ci1p0_cp1p0_cn1p0_cd1p0_pg1p0,A35,OK,diagnostic_matched_wigley_sensitivity_not_hard_gate,wigley_iii,Fn0.4,0.4,2.1696064159197173,1.5,2.7120080198996463,-0.2,239.85000000000002,25,26,13,1.95,1.05,0.07499999999999996,-0.8681874999999999,0.8681874999999999,0.0636249999999999,0.06362500000000004,pitch,heave_force,-0.44999999999999996,-309.57301483116066,-668.7865799971172,-23.217976112337038,-50.15899349978376,-0.013161418483376732,-0.00944932911519504,-0.003712089368181691,-0.26419513403397266,0.05513276881956716,-0.3193279028535399,0.0,-0.26419513403397266,1.537205639052134,0.6667551822102876,0.03024298377834565,0.011828818708484038,0.03626071747975182,0.012762975544822605,1.3536018826357206,7226.343876650617,3173.968410639274,4273.136871877958,1853.4515365005489,3010.202912396654,1355.5754460970772,3.8570656243194734,2.6000869206770294,0.002058854433172418,0.0011009493681271043,advance_eq19_20,0.04606639304320711,0.027763171915396838,0.0567128147867505,0.031604501924585984,1.2311103830846444,1.1383606318793433,87.28477208365148,3.396823219672413e-16,a1_station_hull_matched_sweep_free_surface_marching_not_benchmark_validated,41,8,24,10,3.0,2,16,15.0,False,none,0.0,1.0,0.03,1.0,trapezoid,1.0,1.0,1.0,1.0,1.0,1.0,1.0,True,False,True,3.0,11,9,40,True,True,True,True,A1_GRID_RECOMMENDED,"A1 Section 3.3 recommends control radius about 3B, inner free-surface panels greater than 10, outer/free-surface proxy panels greater than 8, and roughly 60 stations at Fn=0.2 or 40 at Fn=0.3."
32,st41_bp8_fs24_cp10_r3p0_h2_fsm_clipfs_onezonefs_noend_pr1p0_pl1p0_pf1p0_pm1p0_dt1p0_fv0p03_hr1p0_hqtrapezoid_hp1p0_hc1p0_ci1p0_cp1p0_cn1p0_cd1p0_pg1p0,A35,OK,diagnostic_matched_wigley_sensitivity_not_hard_gate,wigley_iii,Fn0.4,0.4,2.1696064159197173,1.5,2.7120080198996463,-0.2,239.85000000000002,26,27,12,2.025,0.9750000000000001,0.07500000000000007,-0.8679843749999999,0.8679843749999999,0.06403124999999998,0.0640312500000001,pitch,heave_force,-0.5249999999999999,-328.63264549971257,-624.9084528372834,-24.647448412478465,-46.8681339627963,-0.013971733864076928,-0.010237017517813876,-0.0037347163462630524,-0.27776171020769946,0.04528959550306271,-0.32305130571076224,0.0,-0.27776171020769946,1.5626088625071055,0.681039917936889,0.0292192695128523,0.011413142099024377,0.03504233013942693,0.012271228862579609,1.3014489988618037,7164.753277632811,3158.152960500357,4343.752961262673,1893.160362299556,2894.222900370933,1310.9304960408897,3.9593285142056627,2.6822211306824473,0.001958779192333384,0.0010472396103569663,advance_eq19_20,0.03878086927120821,0.025339135262511144,0.04867653653057787,0.029331403583188007,1.2551687841282204,1.1575534555270859,86.74002633334426,2.577350059258544e-16,a1_station_hull_matched_sweep_free_surface_marching_not_benchmark_validated,41,8,24,10,3.0,2,16,15.0,False,none,0.0,1.0,0.03,1.0,trapezoid,1.0,1.0,1.0,1.0,1.0,1.0,1.0,True,False,True,3.0,11,9,40,True,True,True,True,A1_GRID_RECOMMENDED,"A1 Section 3.3 recommends control radius about 3B, inner free-surface panels greater than 10, outer/free-surface proxy panels greater than 8, and roughly 60 stations at Fn=0.2 or 40 at Fn=0.3."
32,st41_bp8_fs24_cp10_r3p0_h2_fsm_clipfs_onezonefs_noend_pr1p0_pl1p0_pf1p0_pm1p0_dt1p0_fv0p03_hr1p0_hqtrapezoid_hp1p0_hc1p0_ci1p0_cp1p0_cn1p0_cd1p0_pg1p0,A35,OK,diagnostic_matched_wigley_sensitivity_not_hard_gate,wigley_iii,Fn0.4,0.4,2.1696064159197173,1.5,2.7120080198996463,-0.2,239.85000000000002,27,28,11,2.1,0.8999999999999999,0.07499999999999996,-0.8677499999999999,0.8677499999999999,0.06449999999999989,0.06450000000000003,pitch,heave_force,-0.6000000000000001,-342.62560610643027,-576.8447304170303,-25.696920457982255,-43.26335478127724,-0.014566641047659626,-0.01082989935280334,-0.003736741694856285,-0.2920308976635678,0.03475613706775408,-0.32678703473132187,0.0,-0.2920308976635678,1.5897853084368043,0.6965183285423135,0.027937465948455344,0.010896403676335913,0.033529663561378584,0.011698967810440074,1.2419164168051473,7094.978946693702,3140.895170476881,4419.298269059227,1936.1873753391972,2761.831571584885,1260.7733391757674,4.040667592704394,2.74904171578347,0.0018400462851628167,0.000983616390026788,advance_eq19_20,0.03222781329031464,0.022909043772804383,0.04135425955981449,0.02701893418519466,1.2831854022265483,1.1794003474413532,86.12073569235677,4.481136215240316e-16,a1_station_hull_matched_sweep_free_surface_marching_not_benchmark_validated,41,8,24,10,3.0,2,16,15.0,False,none,0.0,1.0,0.03,1.0,trapezoid,1.0,1.0,1.0,1.0,1.0,1.0,1.0,True,False,True,3.0,11,9,40,True,True,True,True,A1_GRID_RECOMMENDED,"A1 Section 3.3 recommends control radius about 3B, inner free-surface panels greater than 10, outer/free-surface proxy panels greater than 8, and roughly 60 stations at Fn=0.2 or 40 at Fn=0.3."
32,st41_bp8_fs24_cp10_r3p0_h2_fsm_clipfs_onezonefs_noend_pr1p0_pl1p0_pf1p0_pm1p0_dt1p0_fv0p03_hr1p0_hqtrapezoid_hp1p0_hc1p0_ci1p0_cp1p0_cn1p0_cd1p0_pg1p0,A35,OK,diagnostic_matched_wigley_sensitivity_not_hard_gate,wigley_iii,Fn0.4,0.4,2.1696064159197173,1.5,2.7120080198996463,-0.2,239.85000000000002,28,29,10,2.175,0.8250000000000002,0.07499999999999996,-0.8674843749999999,0.8674843749999999,0.06503124999999987,0.0650312500000001,pitch,heave_force,-0.6749999999999998,-350.647229356156,-525.646196741311,-26.298542201711683,-39.4234647555983,-0.01490767833271887,-0.011209791041472898,-0.003697887291245972,-0.306768057353757,0.023736291870615992,-0.33050434922437294,0.0,-0.306768057353757,1.617386934101667,0.7127638352219562,0.02638309974017457,0.010274180729316414,0.03169950006768972,0.011034604892589643,1.1770173417811474,7018.315302230487,3123.40759384913,4496.025494978737,1981.3467683517847,2617.5059857865767,1207.6133929767013,4.092330876865251,2.7946143971799784,0.0017031357854514122,0.0009102890907437857,advance_eq19_20,0.026350568951997787,0.020470895455645774,0.03468767426762869,0.024658813310528892,1.3163918521386924,1.2045791237592447,85.43060038090854,2.847787894012345e-16,a1_station_hull_matched_sweep_free_surface_marching_not_benchmark_validated,41,8,24,10,3.0,2,16,15.0,False,none,0.0,1.0,0.03,1.0,trapezoid,1.0,1.0,1.0,1.0,1.0,1.0,1.0,True,False,True,3.0,11,9,40,True,True,True,True,A1_GRID_RECOMMENDED,"A1 Section 3.3 recommends control radius about 3B, inner free-surface panels greater than 10, outer/free-surface proxy panels greater than 8, and roughly 60 stations at Fn=0.2 or 40 at Fn=0.3."
32,st41_bp8_fs24_cp10_r3p0_h2_fsm_clipfs_onezonefs_noend_pr1p0_pl1p0_pf1p0_pm1p0_dt1p0_fv0p03_hr1p0_hqtrapezoid_hp1p0_hc1p0_ci1p0_cp1p0_cn1p0_cd1p0_pg1p0,A35,OK,diagnostic_matched_wigley_sensitivity_not_hard_gate,wigley_iii,Fn0.4,0.4,2.1696064159197173,1.5,2.7120080198996463,-0.2,239.85000000000002,29,30,9,2.25,0.75,0.07499999999999996,-0.8671874999999999,0.8671874999999999,0.06562499999999982,0.0656250000000001,pitch,heave_force,-0.75,-351.7776563815825,-472.7371426262899,-26.383324228618672,-35.45528569697172,-0.014955738151998247,-0.01136354079814124,-0.0035921973538570046,-0.32169976559611557,0.01244962595080889,-0.3341493915469244,0.0,-0.32169976559611557,1.6443099306190512,0.7295354978764261,0.024565403345767272,0.009552037140670377,0.0295526339172624,0.010270563847733942,1.1101497033224759,6937.446005441337,3107.989490194108,4570.8662620154855,2027.9687740684078,2468.8026169338095,1155.9006756011117,4.106231590271377,2.8134760408081165,0.0015506570774916001,0.0008285671090438609,advance_eq19_20,0.021104537600370493,0.01802661338529313,0.028631643794568278,0.022246755743363836,1.3566581906094757,1.234106222165594,84.67363722110893,4.796701265723989e-16,a1_station_hull_matched_sweep_free_surface_marching_not_benchmark_validated,41,8,24,10,3.0,2,16,15.0,False,none,0.0,1.0,0.03,1.0,trapezoid,1.0,1.0,1.0,1.0,1.0,1.0,1.0,True,False,True,3.0,11,9,40,True,True,True,True,A1_GRID_RECOMMENDED,"A1 Section 3.3 recommends control radius about 3B, inner free-surface panels greater than 10, outer/free-surface proxy panels greater than 8, and roughly 60 stations at Fn=0.2 or 40 at Fn=0.3."
32,st41_bp8_fs24_cp10_r3p0_h2_fsm_clipfs_onezonefs_noend_pr1p0_pl1p0_pf1p0_pm1p0_dt1p0_fv0p03_hr1p0_hqtrapezoid_hp1p0_hc1p0_ci1p0_cp1p0_cn1p0_cd1p0_pg1p0,A35,OK,diagnostic_matched_wigley_sensitivity_not_hard_gate,wigley_iii,Fn0.4,0.4,2.1696064159197173,1.5,2.7120080198996463,-0.2,239.85000000000002,30,31,8,2.3249999999999997,0.6750000000000003,0.07499999999999996,-0.866859375,0.866859375,0.06628124999999996,0.06628125000000007,pitch,heave_force,-0.8249999999999997,-344.9722406269815,-420.16243533501927,-25.872918047023596,-31.512182650126427,-0.014666407621207248,-0.011284469822922511,-0.0033819377982847398,-0.33651083848271834,0.0011256206402770487,-0.3376364591229953,0.0,-0.33651083848271834,1.6699197211828802,0.7469381191237607,0.02252752774895599,0.008749947501502748,0.02712348334010238,0.009404501947248381,1.047444994142961,6857.92726299191,3099.330384288535,4642.056568347467,2076.3447236682064,2329.356964105948,1114.5191649799294,4.074997417626485,2.800657361682857,0.0013886158144232456,0.000741503559119772,advance_eq19_20,0.016455753019117707,0.01558218245508851,0.02315291774298932,0.01978276454364445,1.406980143424071,1.2695759788889007,83.85411691935549,3.6639120841639082e-16,a1_station_hull_matched_sweep_free_surface_marching_not_benchmark_validated,41,8,24,10,3.0,2,16,15.0,False,none,0.0,1.0,0.03,1.0,trapezoid,1.0,1.0,1.0,1.0,1.0,1.0,1.0,True,False,True,3.0,11,9,40,True,True,True,True,A1_GRID_RECOMMENDED,"A1 Section 3.3 recommends control radius about 3B, inner free-surface panels greater than 10, outer/free-surface proxy panels greater than 8, and roughly 60 stations at Fn=0.2 or 40 at Fn=0.3."
32,st41_bp8_fs24_cp10_r3p0_h2_fsm_clipfs_onezonefs_noend_pr1p0_pl1p0_pf1p0_pm1p0_dt1p0_fv0p03_hr1p0_hqtrapezoid_hp1p0_hc1p0_ci1p0_cp1p0_cn1p0_cd1p0_pg1p0,A35,OK,diagnostic_matched_wigley_sensitivity_not_hard_gate,wigley_iii,Fn0.4,0.4,2.1696064159197173,1.5,2.7120080198996463,-0.2,239.85000000000002,31,32,7,2.4,0.6000000000000001,0.07500000000000018,-0.8664999999999999,0.8664999999999998,0.06699999999999995,0.06700000000000006,pitch,heave_force,-0.8999999999999999,-328.78329340127965,-371.1631190546867,-24.658747005096032,-27.83723392910157,-0.01397813862153699,-0.010974730083440553,-0.003003408538096435,-0.3508331116040904,-0.0100039793129045,-0.34082913229118594,0.0,-0.3508331116040904,1.6945178252333135,0.7657575392831037,0.02036269391454251,0.007909456759594756,0.024496578311110132,0.008442137980438491,1.0017019038470827,6792.303923000403,3108.336994625308,4710.434580193045,2128.659102530256,2227.6313493612665,1104.6563716099588,3.992134054830139,2.7517933973047994,0.0012255268424383862,0.0006534520359482576,advance_eq19_20,0.012379745783110305,0.013147637631802923,0.018229114405835963,0.017271399021096628,1.4724950516113147,1.3136503685893126,82.97650322796612,5.615348671977914e-16,a1_station_hull_matched_sweep_free_surface_marching_not_benchmark_validated,41,8,24,10,3.0,2,16,15.0,False,none,0.0,1.0,0.03,1.0,trapezoid,1.0,1.0,1.0,1.0,1.0,1.0,1.0,True,False,True,3.0,11,9,40,True,True,True,True,A1_GRID_RECOMMENDED,"A1 Section 3.3 recommends control radius about 3B, inner free-surface panels greater than 10, outer/free-surface proxy panels greater than 8, and roughly 60 stations at Fn=0.2 or 40 at Fn=0.3."
32,st41_bp8_fs24_cp10_r3p0_h2_fsm_clipfs_onezonefs_noend_pr1p0_pl1p0_pf1p0_pm1p0_dt1p0_fv0p03_hr1p0_hqtrapezoid_hp1p0_hc1p0_ci1p0_cp1p0_cn1p0_cd1p0_pg1p0,A35,OK,diagnostic_matched_wigley_sensitivity_not_hard_gate,wigley_iii,Fn0.4,0.4,2.1696064159197173,1.5,2.7120080198996463,-0.2,239.85000000000002,32,33,6,2.475,0.5249999999999999,0.07499999999999996,-0.866109375,0.866109375,0.06778124999999988,0.06778125000000013,pitch,heave_force,-0.9750000000000001,-300.55877340384166,-331.73134696691943,-22.54190800528811,-24.87985102251894,-0.012778180287373627,-0.010449872819775004,-0.0023283074675986243,-0.3642112710585458,-0.020716280764512294,-0.34349499029403346,0.0,-0.3642112710585458,1.7204626532913185,0.7882581601377752,0.01824587775591241,0.007107815355552496,0.02183982936431829,0.007494107540153776,1.0078461738783142,6775.390883346802,3166.4890129589394,4782.556226505478,2191.2065133461106,2241.2952632341926,1188.9709268145477,3.852533114987086,2.6634855277374756,0.0010700220423676566,0.0005688506249891188,advance_eq19_20,0.00886078930241903,0.010736516789103883,0.013848000588615662,0.014721858095371146,1.5628405231162763,1.3711949959703735,82.0454186369934,4.3274671239278954e-16,a1_station_hull_matched_sweep_free_surface_marching_not_benchmark_validated,41,8,24,10,3.0,2,16,15.0,False,none,0.0,1.0,0.03,1.0,trapezoid,1.0,1.0,1.0,1.0,1.0,1.0,1.0,True,False,True,3.0,11,9,40,True,True,True,True,A1_GRID_RECOMMENDED,"A1 Section 3.3 recommends control radius about 3B, inner free-surface panels greater than 10, outer/free-surface proxy panels greater than 8, and roughly 60 stations at Fn=0.2 or 40 at Fn=0.3."
32,st41_bp8_fs24_cp10_r3p0_h2_fsm_clipfs_onezonefs_noend_pr1p0_pl1p0_pf1p0_pm1p0_dt1p0_fv0p03_hr1p0_hqtrapezoid_hp1p0_hc1p0_ci1p0_cp1p0_cn1p0_cd1p0_pg1p0,A35,OK,diagnostic_matched_wigley_sensitivity_not_hard_gate,wigley_iii,Fn0.4,0.4,2.1696064159197173,1.5,2.7120080198996463,-0.2,239.85000000000002,33,34,5,2.55,0.4500000000000002,0.07499999999999996,-0.8656874999999999,0.8656874999999999,0.06862499999999994,0.06862500000000005,pitch,heave_force,-1.0499999999999998,-253.5498339298251,-315.93551983777775,-19.01623754473687,-23.69516398783332,-0.01077960710677939,-0.00974968502973668,-0.0010299220770427122,-0.37599016475562225,-0.030816059689268104,-0.34517410506635415,0.0,-0.37599016475562225,1.7553082541286227,0.8203809000625011,0.016526950219082907,0.006496333200936403,0.01943656191246271,0.006577390022801036,1.1987072555295526,6945.696248617361,3398.341665834783,4879.420314157694,2280.501569850543,2665.741026216594,1589.1132844424112,3.654040611344441,2.534434931839238,0.0010560060809800518,0.0005551821618582216,advance_eq19_20,0.005891841738571421,0.008363576177321762,0.010007196339778668,0.012147405355526138,1.6984835614754794,1.4524176139465805,81.06571677861561,4.886233781642013e-16,a1_station_hull_matched_sweep_free_surface_marching_not_benchmark_validated,41,8,24,10,3.0,2,16,15.0,False,none,0.0,1.0,0.03,1.0,trapezoid,1.0,1.0,1.0,1.0,1.0,1.0,1.0,True,False,True,3.0,11,9,40,True,True,True,True,A1_GRID_RECOMMENDED,"A1 Section 3.3 recommends control radius about 3B, inner free-surface panels greater than 10, outer/free-surface proxy panels greater than 8, and roughly 60 stations at Fn=0.2 or 40 at Fn=0.3."
32,st41_bp8_fs24_cp10_r3p0_h2_fsm_clipfs_onezonefs_noend_pr1p0_pl1p0_pf1p0_pm1p0_dt1p0_fv0p03_hr1p0_hqtrapezoid_hp1p0_hc1p0_ci1p0_cp1p0_cn1p0_cd1p0_pg1p0,A35,OK,diagnostic_matched_wigley_sensitivity_not_hard_gate,wigley_iii,Fn0.4,0.4,2.1696064159197173,1.5,2.7120080198996463,-0.2,239.85000000000002,34,35,4,2.625,0.375,0.07499999999999996,-0.8652343749999999,0.8652343749999999,0.06953124999999993,0.06953125000000009,pitch,heave_force,-1.125,-161.62465461208546,-372.84543558681645,-12.121849095906402,-27.963407669011218,-0.006871431341459299,-0.008972254311881062,0.0021008229704217625,-0.38481568397974164,-0.040177029360077,-0.34463865461966464,0.0,-0.38481568397974164,1.822821990406378,0.8792942793622791,0.01600490806834118,0.006416674890518238,0.017911035625319646,0.005896470152226261,2.2202891167694165,8224.700683703895,4543.988913869582,5067.095553252321,2444.2694659194403,4937.582350763139,3241.0442130451816,3.403255419644795,2.369633823091086,0.0016629922843020134,0.0008534786076605292,advance_eq19_20,0.00347617859731724,0.006036119264323647,0.006714697791402917,0.00956264495474484,1.9316319928397874,1.5842372451559479,80.04292683338196,5.386627487742864e-16,a1_station_hull_matched_sweep_free_surface_marching_not_benchmark_validated,41,8,24,10,3.0,2,16,15.0,False,none,0.0,1.0,0.03,1.0,trapezoid,1.0,1.0,1.0,1.0,1.0,1.0,1.0,True,False,True,3.0,11,9,40,True,True,True,True,A1_GRID_RECOMMENDED,"A1 Section 3.3 recommends control radius about 3B, inner free-surface panels greater than 10, outer/free-surface proxy panels greater than 8, and roughly 60 stations at Fn=0.2 or 40 at Fn=0.3."
32,st41_bp8_fs24_cp10_r3p0_h2_fsm_clipfs_onezonefs_noend_pr1p0_pl1p0_pf1p0_pm1p0_dt1p0_fv0p03_hr1p0_hqtrapezoid_hp1p0_hc1p0_ci1p0_cp1p0_cn1p0_cd1p0_pg1p0,A35,OK,diagnostic_matched_wigley_sensitivity_not_hard_gate,wigley_iii,Fn0.4,0.4,2.1696064159197173,1.5,2.7120080198996463,-0.2,239.85000000000002,35,36,3,2.6999999999999997,0.30000000000000027,0.07499999999999996,-0.8647499999999999,0.8647499999999999,0.0704999999999999,0.07050000000000001,pitch,heave_force,-1.1999999999999997,217.05021847304658,-917.8420129835096,16.278766385478484,-68.83815097376318,0.009227835180628178,-0.008437608938947752,0.017665444119575928,-0.3836374820601572,-0.04888196098549138,-0.33475552107466583,0.0,-0.3836374820601572,2.0197200144867216,1.0313150301000489,0.018710109567583618,0.007826847869284295,0.020758008889237754,0.007664516765285331,10.008204417567141,23464.344597723855,15099.600664054087,5614.4342991708145,2866.857998491237,22256.711129094463,14600.96401490747,3.1462806297039,2.2024323951680667,0.0002029555101293311,0.00011522128317228927,advance_eq19_20,0.0016344071682209975,0.003713362240475451,0.003991430482680692,0.006972829332513565,2.442127372107186,1.8777670695603288,78.98504044428888,6.933809925821866e-16,a1_station_hull_matched_sweep_free_surface_marching_not_benchmark_validated,41,8,24,10,3.0,2,16,15.0,False,none,0.0,1.0,0.03,1.0,trapezoid,1.0,1.0,1.0,1.0,1.0,1.0,1.0,True,False,True,3.0,11,9,40,True,True,True,True,A1_GRID_RECOMMENDED,"A1 Section 3.3 recommends control radius about 3B, inner free-surface panels greater than 10, outer/free-surface proxy panels greater than 8, and roughly 60 stations at Fn=0.2 or 40 at Fn=0.3."
32,st41_bp8_fs24_cp10_r3p0_h2_fsm_clipfs_onezonefs_noend_pr1p0_pl1p0_pf1p0_pm1p0_dt1p0_fv0p03_hr1p0_hqtrapezoid_hp1p0_hc1p0_ci1p0_cp1p0_cn1p0_cd1p0_pg1p0,A35,OK,diagnostic_matched_wigley_sensitivity_not_hard_gate,wigley_iii,Fn0.4,0.4,2.1696064159197173,1.5,2.7120080198996463,-0.2,239.85000000000002,36,37,2,2.775,0.2250000000000001,0.07500000000000018,-0.8642343749999999,0.8642343749999999,0.07153124999999994,0.07153125000000005,pitch,heave_force,-1.275,-1067.6765145552702,1119.596148285642,-80.07573859164545,83.96971112142334,-0.04539199716938821,-0.010648969958440346,-0.03474302721094787,-0.4017195630545372,-0.05842525043418544,-0.34329431262035176,0.0,-0.4017195630545372,3.2335169404796877,1.8613948466948567,0.04329631637754593,0.018945562747696355,0.046865985353452884,0.020074931236924973,21.44137146700282,48591.70526195192,30916.88821183866,8988.556971938839,5174.320696247232,47682.32052845046,30474.80208609725,3.3491504334925835,2.362875429981709,0.000984456542567092,0.00048765912229332834,advance_eq19_20,0.0004369574855637838,0.0010020824351745325,0.0018802841890772758,0.004322853356812291,4.30312845344952,4.313870002181388,77.91010290862681,7.623180535624907e-16,a1_station_hull_matched_sweep_free_surface_marching_not_benchmark_validated,41,8,24,10,3.0,2,16,15.0,False,none,0.0,1.0,0.03,1.0,trapezoid,1.0,1.0,1.0,1.0,1.0,1.0,1.0,True,False,True,3.0,11,9,40,True,True,True,True,A1_GRID_RECOMMENDED,"A1 Section 3.3 recommends control radius about 3B, inner free-surface panels greater than 10, outer/free-surface proxy panels greater than 8, and roughly 60 stations at Fn=0.2 or 40 at Fn=0.3."
32,st41_bp8_fs24_cp10_r3p0_h2_fsm_clipfs_onezonefs_noend_pr1p0_pl1p0_pf1p0_pm1p0_dt1p0_fv0p03_hr1p0_hqtrapezoid_hp1p0_hc1p0_ci1p0_cp1p0_cn1p0_cd1p0_pg1p0,A35,OK,diagnostic_matched_wigley_sensitivity_not_hard_gate,wigley_iii,Fn0.4,0.4,2.1696064159197173,1.5,2.7120080198996463,-0.2,239.85000000000002,37,38,1,2.85,0.1499999999999999,0.07499999999999996,-0.8636874999999999,0.8636874999999999,0.07262499999999994,0.07262500000000005,pitch,heave_force,-1.35,-360.10335480356,674.8211339701716,-27.007751610266986,50.61158504776284,-0.015309703116153145,0.00253847613285428,-0.017848179249007425,-0.43207041319730793,-0.06248049734697846,-0.36958991585032946,0.0,-0.43207041319730793,1.4539376123161758,1.024950846277905,0.04328635237143749,0.019440833877567325,0.04640731113964538,0.021517207522660918,18.7956614818751,41905.71942627089,29480.84331933586,4041.6677266610923,2849.1667879863235,41798.6674360946,29406.628880833854,0.7468431342140257,0.3362653110233551,7.250582356130644e-05,3.303783544314916e-05,advance_eq19_20,0.0001334636570133564,0.0003936969390475332,0.000485923040076445,0.00108270705942006,3.640864119494464,2.7501028126849083,77.78531556101758,8.016134594417457e-16,a1_station_hull_matched_sweep_free_surface_marching_not_benchmark_validated,41,8,24,10,3.0,2,16,15.0,False,none,0.0,1.0,0.03,1.0,trapezoid,1.0,1.0,1.0,1.0,1.0,1.0,1.0,True,False,True,3.0,11,9,40,True,True,True,True,A1_GRID_RECOMMENDED,"A1 Section 3.3 recommends control radius about 3B, inner free-surface panels greater than 10, outer/free-surface proxy panels greater than 8, and roughly 60 stations at Fn=0.2 or 40 at Fn=0.3."
32,st41_bp8_fs24_cp10_r3p0_h2_fsm_clipfs_onezonefs_noend_pr1p0_pl1p0_pf1p0_pm1p0_dt1p0_fv0p03_hr1p0_hqtrapezoid_hp1p0_hc1p0_ci1p0_cp1p0_cn1p0_cd1p0_pg1p0,A35,OK,diagnostic_matched_wigley_sensitivity_not_hard_gate,wigley_iii,Fn0.4,0.4,2.1696064159197173,1.5,2.7120080198996463,-0.2,239.85000000000002,38,39,0,2.925,0.07500000000000018,0.03749999999999987,-0.8631093749999998,0.8631093749999998,0.07378124999999991,0.07378125000000002,pitch,heave_force,-1.4249999999999998,906.1899814962037,-1584.3983475346063,33.982124306107515,-59.414938032547525,0.01926321901542306,-0.0005716336923791553,0.01983485270780222,-0.42046204573996143,-0.061782892972930485,-0.35867915276703094,0.0,-0.42046204573996143,1.6667077056119042,0.9718167809140048,0.0052765130549472265,0.0025203690242007314,0.005969867956544595,0.0031156307378392392,69.55650176710924,154724.73847115922,82950.54438189733,4633.127781059224,2701.464276304635,154682.9883154226,82938.51504442672,0.9278945369312968,0.6541187767910056,0.0,0.0,initialize_eq21_22,0.0,0.0,0.00016310646156995423,0.00048113858181286605,,,113.94877021527233,1.3444644144965517e-15,a1_station_hull_matched_sweep_free_surface_marching_not_benchmark_validated,41,8,24,10,3.0,2,16,15.0,False,none,0.0,1.0,0.03,1.0,trapezoid,1.0,1.0,1.0,1.0,1.0,1.0,1.0,True,False,True,3.0,11,9,40,True,True,True,True,A1_GRID_RECOMMENDED,"A1 Section 3.3 recommends control radius about 3B, inner free-surface panels greater than 10, outer/free-surface proxy panels greater than 8, and roughly 60 stations at Fn=0.2 or 40 at Fn=0.3."
32,st41_bp8_fs24_cp10_r3p0_h2_fsm_clipfs_onezonefs_noend_pr1p0_pl1p0_pf1p0_pm1p0_dt1p0_fv1p0_hr1p0_hqtrapezoid_hp1p0_hc1p0_cim1p0_cp1p0_cnm1p0_cd1p0_pg1p0,A35,OK,diagnostic_matched_wigley_sensitivity_not_hard_gate,wigley_iii,Fn0.4,0.4,2.1696064159197173,1.5,2.7120080198996463,-0.2,239.85000000000002,0,1,38,0.075,2.925,0.0375,-0.8631093749999998,0.8631093749999998,0.07378124999999991,0.07378125000000002,pitch,heave_force,1.425,-2676.163076097412,-18439.052120341898,-100.35611535365295,-691.4644545128211,-0.056888198400446434,0.01388230609486498,-0.07077050449531141,0.0,0.0,0.0,0.0,0.0,34.75226610111843,18.9467792314925,1.33376523295714,0.7396063731806543,4.043281183580363,2.440420403319676,776.9243881925962,1730236.9739225793,905787.6412179894,96604.6349853178,52668.41265775261,1727760.6407398367,904764.9127642757,6.824932234101666,4.12955632289925,0.16159503490093546,0.09570743157368576,advance_eq19_20,2.6380770302903462,0.5727679003808562,2.557941887828204,0.6515312392389033,0.9696236533118509,1.1375135352481769,418.23117884841605,2.9208251105969897e-15,a1_station_hull_matched_sweep_free_surface_marching_not_benchmark_validated,41,8,24,10,3.0,2,16,15.0,False,none,0.0,1.0,1.0,1.0,trapezoid,1.0,1.0,-1.0,1.0,-1.0,1.0,1.0,True,False,True,3.0,11,9,40,True,True,True,True,A1_GRID_RECOMMENDED,"A1 Section 3.3 recommends control radius about 3B, inner free-surface panels greater than 10, outer/free-surface proxy panels greater than 8, and roughly 60 stations at Fn=0.2 or 40 at Fn=0.3."
32,st41_bp8_fs24_cp10_r3p0_h2_fsm_clipfs_onezonefs_noend_pr1p0_pl1p0_pf1p0_pm1p0_dt1p0_fv1p0_hr1p0_hqtrapezoid_hp1p0_hc1p0_cim1p0_cp1p0_cnm1p0_cd1p0_pg1p0,A35,OK,diagnostic_matched_wigley_sensitivity_not_hard_gate,wigley_iii,Fn0.4,0.4,2.1696064159197173,1.5,2.7120080198996463,-0.2,239.85000000000002,1,2,37,0.15,2.85,0.07499999999999998,-0.8636874999999999,0.8636874999999999,0.07262499999999991,0.07262500000000005,pitch,heave_force,1.35,374.7678223210645,-345.43379625776106,28.10758667407983,-25.907534719332073,0.015933159246329823,-0.017398917570672693,0.033332076817002516,-0.048921618777281524,0.005182847309528628,-0.054104466086810146,0.0,-0.048921618777281524,11.706749883325479,7.73993330526585,1.3436991942082914,0.7639809314094879,4.250429230807604,2.5467642084925903,188.92857999251316,421525.7139648969,187105.46276127335,32542.5195598014,21515.5302273036,420148.17578491697,186912.7717977559,12.258097757943142,8.420430903003767,0.13139293123880996,0.08490238738701372,advance_eq19_20,2.656693070250479,0.6584064219241705,2.6112911511960313,0.5709615414255722,0.9829103634278057,0.8671870783959797,343.0542195004202,7.365496483746346e-16,a1_station_hull_matched_sweep_free_surface_marching_not_benchmark_validated,41,8,24,10,3.0,2,16,15.0,False,none,0.0,1.0,1.0,1.0,trapezoid,1.0,1.0,-1.0,1.0,-1.0,1.0,1.0,True,False,True,3.0,11,9,40,True,True,True,True,A1_GRID_RECOMMENDED,"A1 Section 3.3 recommends control radius about 3B, inner free-surface panels greater than 10, outer/free-surface proxy panels greater than 8, and roughly 60 stations at Fn=0.2 or 40 at Fn=0.3."
32,st41_bp8_fs24_cp10_r3p0_h2_fsm_clipfs_onezonefs_noend_pr1p0_pl1p0_pf1p0_pm1p0_dt1p0_fv1p0_hr1p0_hqtrapezoid_hp1p0_hc1p0_cim1p0_cp1p0_cnm1p0_cd1p0_pg1p0,A35,OK,diagnostic_matched_wigley_sensitivity_not_hard_gate,wigley_iii,Fn0.4,0.4,2.1696064159197173,1.5,2.7120080198996463,-0.2,239.85000000000002,2,3,36,0.22499999999999998,2.775,0.075,-0.8642343749999999,0.8642343749999999,0.07153124999999994,0.07153125000000006,pitch,heave_force,1.275,4025.032394254213,7331.536253329602,301.87742956906595,549.8652189997201,0.17112323494610748,0.0744399592659751,0.0966832756801324,0.04460657831893713,0.03370336815717983,0.010903210161757305,0.0,0.04460657831893713,19.968686795356636,10.786478768656615,1.5161878476771522,0.7648974334497178,4.9751039373628325,2.619510891748456,122.7100488726396,279245.3059930417,187249.00296249805,55509.11970426815,29984.342350250852,272888.3220651985,185303.79614766774,6.950562684425314,3.4682949190049577,0.13904072708771922,0.08761254232668092,advance_eq19_20,2.6124201837761296,0.5680268344911658,2.630457871099428,0.6620611579362571,1.0069045888694772,1.1655455653416913,342.8446096912935,2.773678891434791e-15,a1_station_hull_matched_sweep_free_surface_marching_not_benchmark_validated,41,8,24,10,3.0,2,16,15.0,False,none,0.0,1.0,1.0,1.0,trapezoid,1.0,1.0,-1.0,1.0,-1.0,1.0,1.0,True,False,True,3.0,11,9,40,True,True,True,True,A1_GRID_RECOMMENDED,"A1 Section 3.3 recommends control radius about 3B, inner free-surface panels greater than 10, outer/free-surface proxy panels greater than 8, and roughly 60 stations at Fn=0.2 or 40 at Fn=0.3."
32,st41_bp8_fs24_cp10_r3p0_h2_fsm_clipfs_onezonefs_noend_pr1p0_pl1p0_pf1p0_pm1p0_dt1p0_fv1p0_hr1p0_hqtrapezoid_hp1p0_hc1p0_cim1p0_cp1p0_cnm1p0_cd1p0_pg1p0,A35,OK,diagnostic_matched_wigley_sensitivity_not_hard_gate,wigley_iii,Fn0.4,0.4,2.1696064159197173,1.5,2.7120080198996463,-0.2,239.85000000000002,3,4,35,0.3,2.7,0.07500000000000001,-0.8647499999999999,0.8647499999999999,0.0704999999999999,0.07050000000000001,pitch,heave_force,1.2,-166.45760351982887,-7815.485444015525,-12.484320263987167,-586.1614083011644,-0.007076902942781795,0.04868053321861313,-0.05575743616139492,0.1266297443206,0.09526361439947395,0.03136612992112606,0.0,0.1266297443206,10.590708298730355,4.786990231423286,1.4321248630032775,0.7693354724336244,4.562209035250511,2.6151363579250972,81.06169947518849,187292.98625394443,111281.3339150714,29440.137988638824,13306.914796271247,180268.78284839302,108687.48142271253,4.096060729787239,1.3322574365786024,0.1351212249938189,0.08510115538345063,advance_eq19_20,2.5766785757039092,0.5744606407487545,2.593468857229461,0.5670397910949145,1.0065162499055456,0.9870820572769484,342.76452809793557,1.1226829566578784e-15,a1_station_hull_matched_sweep_free_surface_marching_not_benchmark_validated,41,8,24,10,3.0,2,16,15.0,False,none,0.0,1.0,1.0,1.0,trapezoid,1.0,1.0,-1.0,1.0,-1.0,1.0,1.0,True,False,True,3.0,11,9,40,True,True,True,True,A1_GRID_RECOMMENDED,"A1 Section 3.3 recommends control radius about 3B, inner free-surface panels greater than 10, outer/free-surface proxy panels greater than 8, and roughly 60 stations at Fn=0.2 or 40 at Fn=0.3."
32,st41_bp8_fs24_cp10_r3p0_h2_fsm_clipfs_onezonefs_noend_pr1p0_pl1p0_pf1p0_pm1p0_dt1p0_fv1p0_hr1p0_hqtrapezoid_hp1p0_hc1p0_cim1p0_cp1p0_cnm1p0_cd1p0_pg1p0,A35,OK,diagnostic_matched_wigley_sensitivity_not_hard_gate,wigley_iii,Fn0.4,0.4,2.1696064159197173,1.5,2.7120080198996463,-0.2,239.85000000000002,4,5,34,0.375,2.625,0.07499999999999998,-0.8652343749999999,0.8652343749999999,0.06953124999999993,0.06953125000000009,pitch,heave_force,1.125,868.9830817064003,-3247.516347714152,65.17373112798,-243.56372607856133,0.03694459609003709,0.044574124894543876,-0.007629528804506786,0.14156359089422765,0.14189094345605247,-0.0003273525618248012,0.0,0.14156359089422765,8.366644953971418,3.506412474367124,1.4076837171449137,0.7603276469329472,4.41106664291238,2.552593469283424,24.729120975998104,66785.44005740766,33129.46998169603,23257.66842019398,9747.154220348799,54993.771017819854,29021.144100237732,3.7799390772384136,1.2111689483241843,0.12692523847884046,0.08031322013494961,advance_eq19_20,2.5259970434975094,0.6056717502903715,2.561068910642558,0.5719608455662009,1.013884365872609,0.9443412959115084,342.70650863905854,1.0638246709397853e-15,a1_station_hull_matched_sweep_free_surface_marching_not_benchmark_validated,41,8,24,10,3.0,2,16,15.0,False,none,0.0,1.0,1.0,1.0,trapezoid,1.0,1.0,-1.0,1.0,-1.0,1.0,1.0,True,False,True,3.0,11,9,40,True,True,True,True,A1_GRID_RECOMMENDED,"A1 Section 3.3 recommends control radius about 3B, inner free-surface panels greater than 10, outer/free-surface proxy panels greater than 8, and roughly 60 stations at Fn=0.2 or 40 at Fn=0.3."
32,st41_bp8_fs24_cp10_r3p0_h2_fsm_clipfs_onezonefs_noend_pr1p0_pl1p0_pf1p0_pm1p0_dt1p0_fv1p0_hr1p0_hqtrapezoid_hp1p0_hc1p0_cim1p0_cp1p0_cnm1p0_cd1p0_pg1p0,A35,OK,diagnostic_matched_wigley_sensitivity_not_hard_gate,wigley_iii,Fn0.4,0.4,2.1696064159197173,1.5,2.7120080198996463,-0.2,239.85000000000002,5,6,33,0.44999999999999996,2.55,0.07500000000000001,-0.8656874999999999,0.8656874999999999,0.06862499999999994,0.06862500000000005,pitch,heave_force,1.05,1045.8772136280809,-2505.148625362876,78.44079102210608,-187.88614690221573,0.04446520540007231,0.04265946478863416,0.0018057406114381476,0.18226849163928235,0.18550773829764144,-0.0032392466583591197,0.0,0.18226849163928235,7.204428086559297,2.9056577052566888,1.3770744450446202,0.7395150142226523,4.209671056774834,2.4319373324347215,15.22311500861517,47194.58264953096,20712.926974857553,20026.928418277555,8077.171174732827,33853.872192799594,15936.50057949836,3.479986174552792,1.1166469794355502,0.11608478765768623,0.07393074108640502,advance_eq19_20,2.459129734843019,0.6476726306413766,2.512749549026448,0.6026195736677361,1.0218043860898018,0.9304385350836496,342.6545414156471,7.595586196515415e-16,a1_station_hull_matched_sweep_free_surface_marching_not_benchmark_validated,41,8,24,10,3.0,2,16,15.0,False,none,0.0,1.0,1.0,1.0,trapezoid,1.0,1.0,-1.0,1.0,-1.0,1.0,1.0,True,False,True,3.0,11,9,40,True,True,True,True,A1_GRID_RECOMMENDED,"A1 Section 3.3 recommends control radius about 3B, inner free-surface panels greater than 10, outer/free-surface proxy panels greater than 8, and roughly 60 stations at Fn=0.2 or 40 at Fn=0.3."
32,st41_bp8_fs24_cp10_r3p0_h2_fsm_clipfs_onezonefs_noend_pr1p0_pl1p0_pf1p0_pm1p0_dt1p0_fv1p0_hr1p0_hqtrapezoid_hp1p0_hc1p0_cim1p0_cp1p0_cnm1p0_cd1p0_pg1p0,A35,OK,diagnostic_matched_wigley_sensitivity_not_hard_gate,wigley_iii,Fn0.4,0.4,2.1696064159197173,1.5,2.7120080198996463,-0.2,239.85000000000002,6,7,32,0.525,2.475,0.07500000000000001,-0.866109375,0.866109375,0.0677812499999999,0.06778125000000006,pitch,heave_force,0.975,1087.542546953469,-2304.3745355572696,81.56569102151018,-172.82809016679525,0.04623659651581246,0.040775903849016616,0.005460692666795853,0.22761939259722477,0.22722542261646686,0.00039396998075788347,0.0,0.22761939259722477,6.419365103784132,2.5323760825734043,1.3362036321920938,0.7077147488611158,3.947147439672839,2.2590029766895565,11.763424283828915,39700.43194539557,16291.16276221866,17844.603885229655,7039.51985147465,26160.050819365537,11332.46285283758,3.1278917328075466,0.9800862949623397,0.10348971839497233,0.06639119967922219,advance_eq19_20,2.379057282584369,0.6904797100015333,2.4477597089292975,0.6445421365224344,1.0288780042615437,0.933470060287511,342.6062403202438,7.490442059965968e-16,a1_station_hull_matched_sweep_free_surface_marching_not_benchmark_validated,41,8,24,10,3.0,2,16,15.0,False,none,0.0,1.0,1.0,1.0,trapezoid,1.0,1.0,-1.0,1.0,-1.0,1.0,1.0,True,False,True,3.0,11,9,40,True,True,True,True,A1_GRID_RECOMMENDED,"A1 Section 3.3 recommends control radius about 3B, inner free-surface panels greater than 10, outer/free-surface proxy panels greater than 8, and roughly 60 stations at Fn=0.2 or 40 at Fn=0.3."
32,st41_bp8_fs24_cp10_r3p0_h2_fsm_clipfs_onezonefs_noend_pr1p0_pl1p0_pf1p0_pm1p0_dt1p0_fv1p0_hr1p0_hqtrapezoid_hp1p0_hc1p0_cim1p0_cp1p0_cnm1p0_cd1p0_pg1p0,A35,OK,diagnostic_matched_wigley_sensitivity_not_hard_gate,wigley_iii,Fn0.4,0.4,2.1696064159197173,1.5,2.7120080198996463,-0.2,239.85000000000002,7,8,31,0.6,2.4,0.07499999999999996,-0.8664999999999999,0.8664999999999998,0.06699999999999995,0.06700000000000006,pitch,heave_force,0.9,1067.551686035377,-2272.263980558544,80.06637645265323,-170.4197985418907,0.04538669011641426,0.038393303744856576,0.006993386371557691,0.2734310359133381,0.26681002641340346,0.0066210094999346525,0.0,0.2734310359133381,5.823128387870448,2.2652932039207676,1.286138718007793,0.6662206960517746,3.6400267041181067,2.0428732757036956,10.07195932926831,35647.50265468385,14085.219663574604,16187.180161030203,6297.080669868718,22398.492271204548,9172.278816312719,2.761216206114898,0.8138065500291648,0.08986474112320444,0.05808874283927185,advance_eq19_20,2.290699365095461,0.7266993217699064,2.369248060572878,0.6874992642491854,1.0342902681488033,0.9460573907991993,342.56168396636383,7.7466256993563465e-16,a1_station_hull_matched_sweep_free_surface_marching_not_benchmark_validated,41,8,24,10,3.0,2,16,15.0,False,none,0.0,1.0,1.0,1.0,trapezoid,1.0,1.0,-1.0,1.0,-1.0,1.0,1.0,True,False,True,3.0,11,9,40,True,True,True,True,A1_GRID_RECOMMENDED,"A1 Section 3.3 recommends control radius about 3B, inner free-surface panels greater than 10, outer/free-surface proxy panels greater than 8, and roughly 60 stations at Fn=0.2 or 40 at Fn=0.3."
32,st41_bp8_fs24_cp10_r3p0_h2_fsm_clipfs_onezonefs_noend_pr1p0_pl1p0_pf1p0_pm1p0_dt1p0_fv1p0_hr1p0_hqtrapezoid_hp1p0_hc1p0_cim1p0_cp1p0_cnm1p0_cd1p0_pg1p0,A35,OK,diagnostic_matched_wigley_sensitivity_not_hard_gate,wigley_iii,Fn0.4,0.4,2.1696064159197173,1.5,2.7120080198996463,-0.2,239.85000000000002,8,9,30,0.6749999999999999,2.325,0.07500000000000001,-0.866859375,0.866859375,0.06628124999999993,0.06628125000000007,pitch,heave_force,0.8250000000000001,1006.2985048584654,-2304.4386676517947,75.47238786438491,-172.83290007388464,0.0427825265999427,0.035375107551944104,0.007407419047998593,0.3175156442715166,0.30369423206180374,0.01382141220971279,0.0,0.3175156442715166,5.344902058523349,2.0595292236167513,1.229226458698088,0.6167653329595529,3.313871238816186,1.7948109264197316,9.073821284928323,32986.513529191965,12738.756723489862,14857.80267950079,5725.09626595798,20178.786398606615,7960.339530842329,2.4425685312286585,0.6769373151387376,0.0758782050909859,0.04940178510993784,advance_eq19_20,2.199879040737898,0.7514247735248399,2.282208691499018,0.7239572075988048,1.037424626189222,0.9634460202886468,342.5212065841895,6.2157568467617055e-16,a1_station_hull_matched_sweep_free_surface_marching_not_benchmark_validated,41,8,24,10,3.0,2,16,15.0,False,none,0.0,1.0,1.0,1.0,trapezoid,1.0,1.0,-1.0,1.0,-1.0,1.0,1.0,True,False,True,3.0,11,9,40,True,True,True,True,A1_GRID_RECOMMENDED,"A1 Section 3.3 recommends control radius about 3B, inner free-surface panels greater than 10, outer/free-surface proxy panels greater than 8, and roughly 60 stations at Fn=0.2 or 40 at Fn=0.3."
32,st41_bp8_fs24_cp10_r3p0_h2_fsm_clipfs_onezonefs_noend_pr1p0_pl1p0_pf1p0_pm1p0_dt1p0_fv1p0_hr1p0_hqtrapezoid_hp1p0_hc1p0_cim1p0_cp1p0_cnm1p0_cd1p0_pg1p0,A35,OK,diagnostic_matched_wigley_sensitivity_not_hard_gate,wigley_iii,Fn0.4,0.4,2.1696064159197173,1.5,2.7120080198996463,-0.2,239.85000000000002,9,10,29,0.75,2.25,0.07500000000000001,-0.8671874999999999,0.8671874999999999,0.06562499999999982,0.0656250000000001,pitch,heave_force,0.75,913.494364720021,-2359.0089249645625,68.51207735400159,-176.9256693723422,0.03883698203748085,0.031725788225517984,0.007111193811962867,0.35832539859022844,0.3372446799505348,0.02108071863969353,0.0,0.35832539859022844,4.954013761825573,1.895485533265,1.1680017928682167,0.5613714670112727,2.997286477413269,1.5272429960042984,8.390594627602244,31012.47235077103,11800.950225855184,13771.208179083276,5269.0862670138995,18659.395135863022,7180.382854221503,2.241999045605345,0.6554582671608074,0.06215920908335258,0.040687269950364424,advance_eq19_20,2.1124315443272046,0.7619581550108692,2.1925041116050346,0.7489338682400386,1.0379054021858647,0.9829068214767716,342.4849787194831,4.793802096005581e-16,a1_station_hull_matched_sweep_free_surface_marching_not_benchmark_validated,41,8,24,10,3.0,2,16,15.0,False,none,0.0,1.0,1.0,1.0,trapezoid,1.0,1.0,-1.0,1.0,-1.0,1.0,1.0,True,False,True,3.0,11,9,40,True,True,True,True,A1_GRID_RECOMMENDED,"A1 Section 3.3 recommends control radius about 3B, inner free-surface panels greater than 10, outer/free-surface proxy panels greater than 8, and roughly 60 stations at Fn=0.2 or 40 at Fn=0.3."
32,st41_bp8_fs24_cp10_r3p0_h2_fsm_clipfs_onezonefs_noend_pr1p0_pl1p0_pf1p0_pm1p0_dt1p0_fv1p0_hr1p0_hqtrapezoid_hp1p0_hc1p0_cim1p0_cp1p0_cnm1p0_cd1p0_pg1p0,A35,OK,diagnostic_matched_wigley_sensitivity_not_hard_gate,wigley_iii,Fn0.4,0.4,2.1696064159197173,1.5,2.7120080198996463,-0.2,239.85000000000002,10,11,28,0.825,2.175,0.07499999999999996,-0.8674843749999999,0.8674843749999999,0.06503124999999987,0.0650312500000001,pitch,heave_force,0.675,795.7318260630219,-2415.494737136436,59.679886954726605,-181.1621052852326,0.03383033747004359,0.02751284457699799,0.006317492893045606,0.3946590583439906,0.3668639963517928,0.02779506199219776,0.0,0.3946590583439906,4.636172047847167,1.7637116798515728,1.1046153681319866,0.5021914446152118,2.7168745106820276,1.2528105636874831,7.861628229210084,29423.947544842766,11086.22266934193,12887.669169780987,4902.780226061847,17483.055021811506,6617.529705221142,2.205297029581712,0.7310290483799154,0.049295846722386405,0.032267681548868006,advance_eq19_20,2.033303183529087,0.7574734508818148,2.1059937500295978,0.7596964613164122,1.0357499890273845,1.0029347700992153,342.4529909421924,7.022386840031606e-16,a1_station_hull_matched_sweep_free_surface_marching_not_benchmark_validated,41,8,24,10,3.0,2,16,15.0,False,none,0.0,1.0,1.0,1.0,trapezoid,1.0,1.0,-1.0,1.0,-1.0,1.0,1.0,True,False,True,3.0,11,9,40,True,True,True,True,A1_GRID_RECOMMENDED,"A1 Section 3.3 recommends control radius about 3B, inner free-surface panels greater than 10, outer/free-surface proxy panels greater than 8, and roughly 60 stations at Fn=0.2 or 40 at Fn=0.3."
32,st41_bp8_fs24_cp10_r3p0_h2_fsm_clipfs_onezonefs_noend_pr1p0_pl1p0_pf1p0_pm1p0_dt1p0_fv1p0_hr1p0_hqtrapezoid_hp1p0_hc1p0_cim1p0_cp1p0_cnm1p0_cd1p0_pg1p0,A35,OK,diagnostic_matched_wigley_sensitivity_not_hard_gate,wigley_iii,Fn0.4,0.4,2.1696064159197173,1.5,2.7120080198996463,-0.2,239.85000000000002,11,12,27,0.8999999999999999,2.1,0.07500000000000001,-0.8677499999999999,0.8677499999999999,0.06449999999999989,0.0645,pitch,heave_force,0.6000000000000001,658.2734462349844,-2462.661238932436,49.370508467623836,-184.6995929199327,0.02798632919319025,0.022835268825752167,0.005151060367438082,0.42556739167560753,0.39203805305316786,0.0335293386224396,0.0,0.42556739167560753,4.38401703142601,1.6592123947550912,1.0405141618900229,0.44135824528661305,2.491520189345587,0.9835590472203878,7.410110661627158,28072.0040616108,10505.771875244507,12186.72658231908,4612.292254325023,16478.949224994918,6170.408822723864,2.3200956976155402,0.8085803100059588,0.03783783680352119,0.024418082959326244,advance_eq19_20,1.9657266045224033,0.7386930204798136,2.02764149848703,0.7554105101776798,1.0314972050651314,1.0226311732132076,342.4251138934239,3.406721535604333e-16,a1_station_hull_matched_sweep_free_surface_marching_not_benchmark_validated,41,8,24,10,3.0,2,16,15.0,False,none,0.0,1.0,1.0,1.0,trapezoid,1.0,1.0,-1.0,1.0,-1.0,1.0,1.0,True,False,True,3.0,11,9,40,True,True,True,True,A1_GRID_RECOMMENDED,"A1 Section 3.3 recommends control radius about 3B, inner free-surface panels greater than 10, outer/free-surface proxy panels greater than 8, and roughly 60 stations at Fn=0.2 or 40 at Fn=0.3."
32,st41_bp8_fs24_cp10_r3p0_h2_fsm_clipfs_onezonefs_noend_pr1p0_pl1p0_pf1p0_pm1p0_dt1p0_fv1p0_hr1p0_hqtrapezoid_hp1p0_hc1p0_cim1p0_cp1p0_cnm1p0_cd1p0_pg1p0,A35,OK,diagnostic_matched_wigley_sensitivity_not_hard_gate,wigley_iii,Fn0.4,0.4,2.1696064159197173,1.5,2.7120080198996463,-0.2,239.85000000000002,12,13,26,0.975,2.025,0.07500000000000007,-0.8679843749999999,0.8679843749999999,0.06403124999999998,0.0640312500000001,pitch,heave_force,0.525,505.48380051831964,-2493.8626153837977,37.911285038874006,-187.039696153785,0.021490516021940034,0.017808260130463303,0.003682255891476736,0.4503058142831727,0.4123598175312756,0.03794599675189701,0.0,0.4503058142831727,4.192539989500514,1.5788832312998988,0.9763480119454171,0.41018619932830885,2.327085970894957,0.95769973033394,6.995976713987131,26874.056552168742,10011.752766937687,11654.457127157259,4388.992585414654,15557.978863398708,5786.427138269756,2.5263050855821945,0.9078167430893268,0.028313203890527855,0.017355894852001463,advance_eq19_20,1.9106671122240968,0.7075931459721925,1.9606977896291264,0.7368080822141433,1.0261849262411764,1.0412877603581239,342.4011560901492,5.037583315923711e-16,a1_station_hull_matched_sweep_free_surface_marching_not_benchmark_validated,41,8,24,10,3.0,2,16,15.0,False,none,0.0,1.0,1.0,1.0,trapezoid,1.0,1.0,-1.0,1.0,-1.0,1.0,1.0,True,False,True,3.0,11,9,40,True,True,True,True,A1_GRID_RECOMMENDED,"A1 Section 3.3 recommends control radius about 3B, inner free-surface panels greater than 10, outer/free-surface proxy panels greater than 8, and roughly 60 stations at Fn=0.2 or 40 at Fn=0.3."
32,st41_bp8_fs24_cp10_r3p0_h2_fsm_clipfs_onezonefs_noend_pr1p0_pl1p0_pf1p0_pm1p0_dt1p0_fv1p0_hr1p0_hqtrapezoid_hp1p0_hc1p0_cim1p0_cp1p0_cnm1p0_cd1p0_pg1p0,A35,OK,diagnostic_matched_wigley_sensitivity_not_hard_gate,wigley_iii,Fn0.4,0.4,2.1696064159197173,1.5,2.7120080198996463,-0.2,239.85000000000002,13,14,25,1.05,1.95,0.07500000000000001,-0.8681874999999999,0.8681874999999999,0.06362499999999982,0.0636250000000001,pitch,heave_force,0.44999999999999996,340.98266419946526,-2504.890277709855,25.573699814959898,-187.86677082823917,0.014496791787725798,0.012555031237558106,0.0019417605501676914,0.46829946818800566,0.4275414632152863,0.040758004972719225,0.0,0.46829946818800566,4.056561042775904,1.520190189039238,0.9120827849129464,0.39633147563930204,2.2146763332561537,0.9496299943202123,6.5967201074230655,25779.231757697486,9575.636198953938,11276.461733251243,4225.837184058352,14670.09342581898,5436.052251330459,2.757621389777244,0.9886441122165991,0.021237412470708494,0.011234669244824044,advance_eq19_20,1.8667286167187713,0.6671368940754245,1.906153704764287,0.7058883147552351,1.021119881964854,1.0580861604626373,342.3809050598612,6.131181439258508e-16,a1_station_hull_matched_sweep_free_surface_marching_not_benchmark_validated,41,8,24,10,3.0,2,16,15.0,False,none,0.0,1.0,1.0,1.0,trapezoid,1.0,1.0,-1.0,1.0,-1.0,1.0,1.0,True,False,True,3.0,11,9,40,True,True,True,True,A1_GRID_RECOMMENDED,"A1 Section 3.3 recommends control radius about 3B, inner free-surface panels greater than 10, outer/free-surface proxy panels greater than 8, and roughly 60 stations at Fn=0.2 or 40 at Fn=0.3."
32,st41_bp8_fs24_cp10_r3p0_h2_fsm_clipfs_onezonefs_noend_pr1p0_pl1p0_pf1p0_pm1p0_dt1p0_fv1p0_hr1p0_hqtrapezoid_hp1p0_hc1p0_cim1p0_cp1p0_cnm1p0_cd1p0_pg1p0,A35,OK,diagnostic_matched_wigley_sensitivity_not_hard_gate,wigley_iii,Fn0.4,0.4,2.1696064159197173,1.5,2.7120080198996463,-0.2,239.85000000000002,14,15,24,1.125,1.875,0.07499999999999996,-0.8683593749999999,0.8683593749999999,0.06328124999999996,0.06328125000000007,pitch,heave_force,0.375,167.8760827662939,-2492.8786976698866,12.590706207472035,-186.9659023252414,0.00713720922943566,0.007202200359536249,-6.499113010058814e-05,0.47911646869658636,0.43742007901383345,0.04169638968275278,0.0,0.47911646869658636,3.9693940816044724,1.4804678746312734,0.8472617865500216,0.3784675569240439,2.134722062712384,0.9296594505295451,6.199027499237195,24753.479126415856,9178.978122702241,11034.154298039859,4115.4167679338925,13785.686080677973,5101.672214027465,2.9651686136973554,1.0696353911802334,0.01697077340606106,0.007048154182570488,advance_eq19_20,1.8305702728627802,0.6210121646288794,1.8626542427893185,0.6656450040004305,1.0175267622347888,1.07187111930122,342.3641533741088,5.265585235008459e-16,a1_station_hull_matched_sweep_free_surface_marching_not_benchmark_validated,41,8,24,10,3.0,2,16,15.0,False,none,0.0,1.0,1.0,1.0,trapezoid,1.0,1.0,-1.0,1.0,-1.0,1.0,1.0,True,False,True,3.0,11,9,40,True,True,True,True,A1_GRID_RECOMMENDED,"A1 Section 3.3 recommends control radius about 3B, inner free-surface panels greater than 10, outer/free-surface proxy panels greater than 8, and roughly 60 stations at Fn=0.2 or 40 at Fn=0.3."
32,st41_bp8_fs24_cp10_r3p0_h2_fsm_clipfs_onezonefs_noend_pr1p0_pl1p0_pf1p0_pm1p0_dt1p0_fv1p0_hr1p0_hqtrapezoid_hp1p0_hc1p0_cim1p0_cp1p0_cnm1p0_cd1p0_pg1p0,A35,OK,diagnostic_matched_wigley_sensitivity_not_hard_gate,wigley_iii,Fn0.4,0.4,2.1696064159197173,1.5,2.7120080198996463,-0.2,239.85000000000002,15,16,23,1.2,1.8,0.07499999999999996,-0.8684999999999999,0.8684999999999998,0.06299999999999994,0.06300000000000008,pitch,heave_force,0.30000000000000004,-10.84448783774237,-2455.793921599223,-0.8133365878306773,-184.1845441199416,-0.00046105065956171954,0.0018769454272709143,-0.002337996086832634,0.4824545479815233,0.441959651907237,0.04049489607428617,0.0,0.4824545479815233,3.922439396916658,1.4566210161434734,0.7813249664320407,0.3566820357635569,2.0647136684862537,0.9369071771749669,5.795289224289339,23773.323223417625,8809.311325454373,10903.629279558516,4049.1270746788596,12887.834100206763,4772.639062177997,3.1205920968546974,1.1070751824599145,0.015233727379075952,0.006883161487234876,advance_eq19_20,1.7976885269484777,0.5733353935965491,1.8269183822231947,0.6197918398139507,1.0162596883923678,1.0810283940888057,342.35071396278477,5.241363381879919e-16,a1_station_hull_matched_sweep_free_surface_marching_not_benchmark_validated,41,8,24,10,3.0,2,16,15.0,False,none,0.0,1.0,1.0,1.0,trapezoid,1.0,1.0,-1.0,1.0,-1.0,1.0,1.0,True,False,True,3.0,11,9,40,True,True,True,True,A1_GRID_RECOMMENDED,"A1 Section 3.3 recommends control radius about 3B, inner free-surface panels greater than 10, outer/free-surface proxy panels greater than 8, and roughly 60 stations at Fn=0.2 or 40 at Fn=0.3."
32,st41_bp8_fs24_cp10_r3p0_h2_fsm_clipfs_onezonefs_noend_pr1p0_pl1p0_pf1p0_pm1p0_dt1p0_fv1p0_hr1p0_hqtrapezoid_hp1p0_hc1p0_cim1p0_cp1p0_cnm1p0_cd1p0_pg1p0,A35,OK,diagnostic_matched_wigley_sensitivity_not_hard_gate,wigley_iii,Fn0.4,0.4,2.1696064159197173,1.5,2.7120080198996463,-0.2,239.85000000000002,16,17,22,1.275,1.725,0.07499999999999996,-0.8686093749999999,0.8686093749999999,0.0627812499999999,0.06278125000000001,pitch,heave_force,0.2250000000000001,-191.81113469208026,-2392.30614179891,-14.385835101906011,-179.42296063491816,-0.008154801912662383,-0.0032952992555470378,-0.004859502657115345,0.4781466216954113,0.44125047499309894,0.03689614670231218,0.0,0.4781466216954113,3.9055370959078255,1.4451282078244598,0.7138944905355461,0.3313282349972741,1.9858916520787264,0.9375842034534748,5.382428651254778,22823.275386428606,8458.231287513081,10856.644124270539,4017.179271638217,11969.695528367289,4443.118594894175,3.212952164538906,1.1713927119999499,0.014913114963401546,0.006514741161266524,advance_eq19_20,1.7632965666938438,0.5282995109300657,1.7945178574827652,0.5724446294314214,1.0177062051719756,1.0835607786644335,342.34042855322906,8.745168618566744e-16,a1_station_hull_matched_sweep_free_surface_marching_not_benchmark_validated,41,8,24,10,3.0,2,16,15.0,False,none,0.0,1.0,1.0,1.0,trapezoid,1.0,1.0,-1.0,1.0,-1.0,1.0,1.0,True,False,True,3.0,11,9,40,True,True,True,True,A1_GRID_RECOMMENDED,"A1 Section 3.3 recommends control radius about 3B, inner free-surface panels greater than 10, outer/free-surface proxy panels greater than 8, and roughly 60 stations at Fn=0.2 or 40 at Fn=0.3."
32,st41_bp8_fs24_cp10_r3p0_h2_fsm_clipfs_onezonefs_noend_pr1p0_pl1p0_pf1p0_pm1p0_dt1p0_fv1p0_hr1p0_hqtrapezoid_hp1p0_hc1p0_cim1p0_cp1p0_cnm1p0_cd1p0_pg1p0,A35,OK,diagnostic_matched_wigley_sensitivity_not_hard_gate,wigley_iii,Fn0.4,0.4,2.1696064159197173,1.5,2.7120080198996463,-0.2,239.85000000000002,17,18,21,1.3499999999999999,1.6500000000000001,0.07500000000000007,-0.8686874999999998,0.8686875,0.0626249999999999,0.06262500000000004,pitch,heave_force,0.15000000000000013,-370.8765698331215,-2301.9017048121414,-27.815742737484136,-172.64262786091075,-0.01576772363028872,-0.008193412677531953,-0.007574310952756772,0.4661853589239357,0.43550611902655945,0.030679239897376125,0.0,0.4661853589239357,3.9078156332077745,1.4422478354113868,0.6449642424780849,0.3029921244720241,1.8863947624432635,0.9115904896514989,4.961613336429655,21894.173444927892,8120.298117237392,10862.978020987417,4009.1723887265507,11033.866831231377,4111.126605318902,3.2428168941671576,1.1390711295284888,0.014842764287202218,0.005970178306893766,advance_eq19_20,1.7230567416917069,0.48975969768734134,1.7607459305172501,0.5277565515778142,1.021873446134188,1.0775826473062096,342.3331719804855,4.3933119652792434e-16,a1_station_hull_matched_sweep_free_surface_marching_not_benchmark_validated,41,8,24,10,3.0,2,16,15.0,False,none,0.0,1.0,1.0,1.0,trapezoid,1.0,1.0,-1.0,1.0,-1.0,1.0,1.0,True,False,True,3.0,11,9,40,True,True,True,True,A1_GRID_RECOMMENDED,"A1 Section 3.3 recommends control radius about 3B, inner free-surface panels greater than 10, outer/free-surface proxy panels greater than 8, and roughly 60 stations at Fn=0.2 or 40 at Fn=0.3."
32,st41_bp8_fs24_cp10_r3p0_h2_fsm_clipfs_onezonefs_noend_pr1p0_pl1p0_pf1p0_pm1p0_dt1p0_fv1p0_hr1p0_hqtrapezoid_hp1p0_hc1p0_cim1p0_cp1p0_cnm1p0_cd1p0_pg1p0,A35,OK,diagnostic_matched_wigley_sensitivity_not_hard_gate,wigley_iii,Fn0.4,0.4,2.1696064159197173,1.5,2.7120080198996463,-0.2,239.85000000000002,18,19,20,1.425,1.575,0.07500000000000007,-0.8687343749999998,0.868734375,0.06253124999999993,0.06253125000000004,pitch,heave_force,0.07499999999999996,-542.9858352212825,-2185.0844840981003,-40.72393764159622,-163.88133630735769,-0.023084905548989114,-0.012703771788217083,-0.010381133760772033,0.44675904433429675,0.42505752679368497,0.021701517540611708,0.0,0.44675904433429675,3.9186913269546513,1.4443082520712307,0.5749721519485337,0.2724407464610486,1.761406582454305,0.8621042354075088,4.537938224990836,20981.08676727582,7792.102133500206,10893.210363867507,4014.8999518950277,10091.678385187135,3777.8793481732932,3.214459321170054,1.2025210022017139,0.014382727633869389,0.005286894924992758,advance_eq19_20,1.673548371654943,0.46069405568096045,1.7213344047779393,0.4895181169289372,1.028553720903652,1.0625666011804111,342.3288541718238,5.855454133546602e-16,a1_station_hull_matched_sweep_free_surface_marching_not_benchmark_validated,41,8,24,10,3.0,2,16,15.0,False,none,0.0,1.0,1.0,1.0,trapezoid,1.0,1.0,-1.0,1.0,-1.0,1.0,1.0,True,False,True,3.0,11,9,40,True,True,True,True,A1_GRID_RECOMMENDED,"A1 Section 3.3 recommends control radius about 3B, inner free-surface panels greater than 10, outer/free-surface proxy panels greater than 8, and roughly 60 stations at Fn=0.2 or 40 at Fn=0.3."
32,st41_bp8_fs24_cp10_r3p0_h2_fsm_clipfs_onezonefs_noend_pr1p0_pl1p0_pf1p0_pm1p0_dt1p0_fv1p0_hr1p0_hqtrapezoid_hp1p0_hc1p0_cim1p0_cp1p0_cnm1p0_cd1p0_pg1p0,A35,OK,diagnostic_matched_wigley_sensitivity_not_hard_gate,wigley_iii,Fn0.4,0.4,2.1696064159197173,1.5,2.7120080198996463,-0.2,239.85000000000002,19,20,19,1.5,1.5,0.07499999999999996,-0.8687499999999999,0.8687499999999999,0.062499999999999944,0.06250000000000003,pitch,heave_force,0.0,-699.8446245511922,-2043.7681035553783,-52.48834684133938,-153.28260776665329,-0.02975371733251203,-0.016723924942432772,-0.01302979239007926,0.42033973289354626,0.41034367842836006,0.009996054465186067,0.0,0.42033973289354626,3.928714488370401,1.447975836058372,0.5047671971703261,0.24055850218366998,1.6118017644875557,0.7937740136190247,4.116958962028406,20074.28234511848,7469.739895450985,10921.072830365374,4025.095132011482,9155.485092547384,3445.618253380212,3.13220912309817,1.1475035129501543,0.013336174282956019,0.004739521455496677,advance_eq19_20,1.6124809718469537,0.44251860003436566,1.6729074443021459,0.4606476743350934,1.0374742235785759,1.0409679373913772,342.3274209292955,5.328047567485708e-16,a1_station_hull_matched_sweep_free_surface_marching_not_benchmark_validated,41,8,24,10,3.0,2,16,15.0,False,none,0.0,1.0,1.0,1.0,trapezoid,1.0,1.0,-1.0,1.0,-1.0,1.0,1.0,True,False,True,3.0,11,9,40,True,True,True,True,A1_GRID_RECOMMENDED,"A1 Section 3.3 recommends control radius about 3B, inner free-surface panels greater than 10, outer/free-surface proxy panels greater than 8, and roughly 60 stations at Fn=0.2 or 40 at Fn=0.3."
32,st41_bp8_fs24_cp10_r3p0_h2_fsm_clipfs_onezonefs_noend_pr1p0_pl1p0_pf1p0_pm1p0_dt1p0_fv1p0_hr1p0_hqtrapezoid_hp1p0_hc1p0_cim1p0_cp1p0_cnm1p0_cd1p0_pg1p0,A35,OK,diagnostic_matched_wigley_sensitivity_not_hard_gate,wigley_iii,Fn0.4,0.4,2.1696064159197173,1.5,2.7120080198996463,-0.2,239.85000000000002,20,21,18,1.575,1.425,0.07499999999999996,-0.8687343749999998,0.868734375,0.06253124999999993,0.06253125000000004,pitch,heave_force,-0.07499999999999996,-833.5813225820018,-1882.7899914173358,-62.5185991936501,-141.2092493563001,-0.03543949924838236,-0.02016821482920106,-0.015271284419181302,0.38774312460309907,0.3918976085425431,-0.004154483939444213,0.0,0.38774312460309907,3.931703683396769,1.450938107637775,0.4354712069707751,0.20826214163343312,1.4422987381099257,0.7119749255301197,3.7074526858263095,19172.081656656414,7152.529004694464,10929.382219272044,4033.3296788989537,8244.805962234737,3119.560899656233,3.0065748214568666,1.149875625010649,0.011744955590400443,0.0047083710944568966,advance_eq19_20,1.5390269318983951,0.43480501093952745,1.613473340200119,0.44271106302234015,1.0483723882660674,1.018182982909349,342.32885417182297,4.578487499892112e-16,a1_station_hull_matched_sweep_free_surface_marching_not_benchmark_validated,41,8,24,10,3.0,2,16,15.0,False,none,0.0,1.0,1.0,1.0,trapezoid,1.0,1.0,-1.0,1.0,-1.0,1.0,1.0,True,False,True,3.0,11,9,40,True,True,True,True,A1_GRID_RECOMMENDED,"A1 Section 3.3 recommends control radius about 3B, inner free-surface panels greater than 10, outer/free-surface proxy panels greater than 8, and roughly 60 stations at Fn=0.2 or 40 at Fn=0.3."
32,st41_bp8_fs24_cp10_r3p0_h2_fsm_clipfs_onezonefs_noend_pr1p0_pl1p0_pf1p0_pm1p0_dt1p0_fv1p0_hr1p0_hqtrapezoid_hp1p0_hc1p0_cim1p0_cp1p0_cnm1p0_cd1p0_pg1p0,A35,OK,diagnostic_matched_wigley_sensitivity_not_hard_gate,wigley_iii,Fn0.4,0.4,2.1696064159197173,1.5,2.7120080198996463,-0.2,239.85000000000002,21,22,17,1.65,1.35,0.07499999999999996,-0.8686874999999998,0.8686875,0.0626249999999999,0.06262500000000004,pitch,heave_force,-0.1499999999999999,-943.3339379747406,-1708.0964738129737,-70.7500453481055,-128.10723553597296,-0.04010560395268533,-0.022979025752443615,-0.017126578200241716,0.3499705730025653,0.3703239882517207,-0.02035341524915572,0.0,0.3499705730025653,3.923223033045746,1.451461197527099,0.3683226651941386,0.17642974958801366,1.2597069659985232,0.622127332220626,3.3284877454631254,18294.15088210989,6845.807283115511,10905.807637711954,4034.783768473303,7402.0460770636255,2811.1636544183707,2.851050527653653,1.1244076315476474,0.009764268609539793,0.004265223107788925,advance_eq19_20,1.453502110961149,0.4353238200326824,1.5422646448778738,0.4352889900164472,1.0610680460986943,0.9999199905572993,342.3331719804855,7.301743227119071e-16,a1_station_hull_matched_sweep_free_surface_marching_not_benchmark_validated,41,8,24,10,3.0,2,16,15.0,False,none,0.0,1.0,1.0,1.0,trapezoid,1.0,1.0,-1.0,1.0,-1.0,1.0,1.0,True,False,True,3.0,11,9,40,True,True,True,True,A1_GRID_RECOMMENDED,"A1 Section 3.3 recommends control radius about 3B, inner free-surface panels greater than 10, outer/free-surface proxy panels greater than 8, and roughly 60 stations at Fn=0.2 or 40 at Fn=0.3."
32,st41_bp8_fs24_cp10_r3p0_h2_fsm_clipfs_onezonefs_noend_pr1p0_pl1p0_pf1p0_pm1p0_dt1p0_fv1p0_hr1p0_hqtrapezoid_hp1p0_hc1p0_cim1p0_cp1p0_cnm1p0_cd1p0_pg1p0,A35,OK,diagnostic_matched_wigley_sensitivity_not_hard_gate,wigley_iii,Fn0.4,0.4,2.1696064159197173,1.5,2.7120080198996463,-0.2,239.85000000000002,22,23,16,1.7249999999999999,1.2750000000000001,0.07499999999999996,-0.8686093749999999,0.8686093749999999,0.0627812499999999,0.06278125000000001,pitch,heave_force,-0.22499999999999987,-1029.643367823086,-1524.5053514836666,-77.2232525867314,-114.33790136127493,-0.04377502754865109,-0.02512219514606408,-0.018652832402587007,0.3080302572518971,0.34627337780246686,-0.03824312055057009,0.0,0.3080302572518971,3.8986843237632165,1.4478167793205385,0.3046038457492095,0.14588121501918383,1.0718013805118956,0.5293286641005565,3.0013779937599936,17455.68765570021,6553.2587912984745,10837.594731930445,4024.6529847841416,6674.60417565848,2532.5459397102704,2.6763870348865177,1.0189620344179995,0.007600618198303552,0.003553527377565323,advance_eq19_20,1.356855279441166,0.44066755498142157,1.4593238160575785,0.43601912720914754,1.0755191346999182,0.9894513954573533,342.34042855322906,5.969744646329235e-16,a1_station_hull_matched_sweep_free_surface_marching_not_benchmark_validated,41,8,24,10,3.0,2,16,15.0,False,none,0.0,1.0,1.0,1.0,trapezoid,1.0,1.0,-1.0,1.0,-1.0,1.0,1.0,True,False,True,3.0,11,9,40,True,True,True,True,A1_GRID_RECOMMENDED,"A1 Section 3.3 recommends control radius about 3B, inner free-surface panels greater than 10, outer/free-surface proxy panels greater than 8, and roughly 60 stations at Fn=0.2 or 40 at Fn=0.3."
32,st41_bp8_fs24_cp10_r3p0_h2_fsm_clipfs_onezonefs_noend_pr1p0_pl1p0_pf1p0_pm1p0_dt1p0_fv1p0_hr1p0_hqtrapezoid_hp1p0_hc1p0_cim1p0_cp1p0_cnm1p0_cd1p0_pg1p0,A35,OK,diagnostic_matched_wigley_sensitivity_not_hard_gate,wigley_iii,Fn0.4,0.4,2.1696064159197173,1.5,2.7120080198996463,-0.2,239.85000000000002,23,24,15,1.7999999999999998,1.2000000000000002,0.07500000000000007,-0.8684999999999999,0.8684999999999998,0.06299999999999994,0.06300000000000008,pitch,heave_force,-0.2999999999999998,-1091.180106533424,-1336.8057109816823,-81.83850799000686,-100.26042832362626,-0.04639124644198941,-0.026585101650532787,-0.019806144791456617,0.2629471202565768,0.32041972940416846,-0.057472609147591884,0.0,0.2629471202565768,3.854892268023337,1.4387653908264244,0.24551365478025797,0.1173331637835312,0.8863390485908889,0.4380800840712743,2.7427958238998955,16659.99110695808,6275.302862952465,10715.861215396637,3999.4918606421948,6099.557102518294,2293.2354837461025,2.49297200321773,1.031386994749144,0.005493906771669821,0.0027084505070395296,advance_eq19_20,1.2507488251432926,0.4473361250813117,1.3655670002255222,0.4415805475592931,1.0917995466188628,0.987133662587674,342.35071396278477,4.275330235430144e-16,a1_station_hull_matched_sweep_free_surface_marching_not_benchmark_validated,41,8,24,10,3.0,2,16,15.0,False,none,0.0,1.0,1.0,1.0,trapezoid,1.0,1.0,-1.0,1.0,-1.0,1.0,1.0,True,False,True,3.0,11,9,40,True,True,True,True,A1_GRID_RECOMMENDED,"A1 Section 3.3 recommends control radius about 3B, inner free-surface panels greater than 10, outer/free-surface proxy panels greater than 8, and roughly 60 stations at Fn=0.2 or 40 at Fn=0.3."
32,st41_bp8_fs24_cp10_r3p0_h2_fsm_clipfs_onezonefs_noend_pr1p0_pl1p0_pf1p0_pm1p0_dt1p0_fv1p0_hr1p0_hqtrapezoid_hp1p0_hc1p0_cim1p0_cp1p0_cnm1p0_cd1p0_pg1p0,A35,OK,diagnostic_matched_wigley_sensitivity_not_hard_gate,wigley_iii,Fn0.4,0.4,2.1696064159197173,1.5,2.7120080198996463,-0.2,239.85000000000002,24,25,14,1.875,1.125,0.07500000000000007,-0.8683593749999999,0.8683593749999999,0.06328124999999996,0.06328125000000007,pitch,heave_force,-0.375,-1127.3426819474066,-1149.8884267368699,-84.55070114605557,-86.24163200526532,-0.04792868919590541,-0.027376793491179975,-0.020551895704725435,0.21578715243762936,0.29343878183331207,-0.07765162939568294,0.0,0.21578715243762936,3.789999858137032,1.4235415456677378,0.19206836199977767,0.09136750474896793,0.7103400186582066,0.35207877083590783,2.565435653714289,15908.866137216366,6011.984280317777,10535.472760953306,3957.172490724025,5705.135295275907,2101.4798342310114,2.310797962124684,0.965374177715615,0.0037538981431938182,0.001860553150963225,advance_eq19_20,1.1373680812138434,0.45232411070380596,1.262597560233709,0.44858517506883694,1.1101046188022226,0.9917339457559508,342.3641533741088,5.537018501005009e-16,a1_station_hull_matched_sweep_free_surface_marching_not_benchmark_validated,41,8,24,10,3.0,2,16,15.0,False,none,0.0,1.0,1.0,1.0,trapezoid,1.0,1.0,-1.0,1.0,-1.0,1.0,1.0,True,False,True,3.0,11,9,40,True,True,True,True,A1_GRID_RECOMMENDED,"A1 Section 3.3 recommends control radius about 3B, inner free-surface panels greater than 10, outer/free-surface proxy panels greater than 8, and roughly 60 stations at Fn=0.2 or 40 at Fn=0.3."
32,st41_bp8_fs24_cp10_r3p0_h2_fsm_clipfs_onezonefs_noend_pr1p0_pl1p0_pf1p0_pm1p0_dt1p0_fv1p0_hr1p0_hqtrapezoid_hp1p0_hc1p0_cim1p0_cp1p0_cnm1p0_cd1p0_pg1p0,A35,OK,diagnostic_matched_wigley_sensitivity_not_hard_gate,wigley_iii,Fn0.4,0.4,2.1696064159197173,1.5,2.7120080198996463,-0.2,239.85000000000002,25,26,13,1.95,1.05,0.07499999999999996,-0.8681874999999999,0.8681874999999999,0.0636249999999999,0.06362500000000004,pitch,heave_force,-0.44999999999999996,-1138.3247439335817,-968.4517699572123,-85.37435579501857,-72.63388274679087,-0.04839558878561688,-0.02752694342110723,-0.020868645364509643,0.16762501344686828,0.26598691337716845,-0.09836189993030046,0.0,0.16762501344686828,3.703418172714159,1.401823719821458,0.14503309377278506,0.06841171661615833,0.5496271873695486,0.2741094745618019,2.472286365130894,15201.435315421886,5762.613552241706,10294.792280078966,3896.8010999073826,5497.985568773294,1961.568954050069,2.140422163414027,0.9165697968742115,0.0028424996003067944,0.0011664565673634379,advance_eq19_20,1.0192352215548872,0.453341745058345,1.1525144864880625,0.45415463495570996,1.1307639906025344,1.0017931062079013,342.3809050598591,7.862505098025984e-16,a1_station_hull_matched_sweep_free_surface_marching_not_benchmark_validated,41,8,24,10,3.0,2,16,15.0,False,none,0.0,1.0,1.0,1.0,trapezoid,1.0,1.0,-1.0,1.0,-1.0,1.0,1.0,True,False,True,3.0,11,9,40,True,True,True,True,A1_GRID_RECOMMENDED,"A1 Section 3.3 recommends control radius about 3B, inner free-surface panels greater than 10, outer/free-surface proxy panels greater than 8, and roughly 60 stations at Fn=0.2 or 40 at Fn=0.3."
32,st41_bp8_fs24_cp10_r3p0_h2_fsm_clipfs_onezonefs_noend_pr1p0_pl1p0_pf1p0_pm1p0_dt1p0_fv1p0_hr1p0_hqtrapezoid_hp1p0_hc1p0_cim1p0_cp1p0_cnm1p0_cd1p0_pg1p0,A35,OK,diagnostic_matched_wigley_sensitivity_not_hard_gate,wigley_iii,Fn0.4,0.4,2.1696064159197173,1.5,2.7120080198996463,-0.2,239.85000000000002,26,27,12,2.025,0.9750000000000001,0.07500000000000007,-0.8679843749999999,0.8679843749999999,0.06403124999999998,0.0640312500000001,pitch,heave_force,-0.5249999999999999,-1125.141426209939,-796.6996030697776,-84.3856069657455,-59.75247023023337,-0.04783510336457723,-0.027083524675964307,-0.020751578688612927,0.11950966737177122,0.23868167932863268,-0.11917201195686175,0.0,0.11950966737177122,3.5956723352386026,1.3736905073428836,0.10488775929898941,0.04873121777482404,0.4086019352587832,0.2060235982633911,2.4535699468941328,14533.690998844386,5525.5840702610985,9995.27951535084,3818.596164593262,5456.363126156542,2022.2934841782176,1.9947670980349899,0.8733368645870743,0.002993488085140468,0.001003477731060874,advance_eq19_20,0.8990308671620937,0.4488219649523994,1.037726217986085,0.4561315783977002,1.154272067723104,1.0162862204082994,342.4011560901492,7.126585064564129e-16,a1_station_hull_matched_sweep_free_surface_marching_not_benchmark_validated,41,8,24,10,3.0,2,16,15.0,False,none,0.0,1.0,1.0,1.0,trapezoid,1.0,1.0,-1.0,1.0,-1.0,1.0,1.0,True,False,True,3.0,11,9,40,True,True,True,True,A1_GRID_RECOMMENDED,"A1 Section 3.3 recommends control radius about 3B, inner free-surface panels greater than 10, outer/free-surface proxy panels greater than 8, and roughly 60 stations at Fn=0.2 or 40 at Fn=0.3."
32,st41_bp8_fs24_cp10_r3p0_h2_fsm_clipfs_onezonefs_noend_pr1p0_pl1p0_pf1p0_pm1p0_dt1p0_fv1p0_hr1p0_hqtrapezoid_hp1p0_hc1p0_cim1p0_cp1p0_cnm1p0_cd1p0_pg1p0,A35,OK,diagnostic_matched_wigley_sensitivity_not_hard_gate,wigley_iii,Fn0.4,0.4,2.1696064159197173,1.5,2.7120080198996463,-0.2,239.85000000000002,27,28,11,2.1,0.8999999999999999,0.07499999999999996,-0.8677499999999999,0.8677499999999999,0.06449999999999989,0.06450000000000003,pitch,heave_force,-0.6000000000000001,-1089.5894778728916,-638.0979500755791,-81.71921084046683,-47.8573462556684,-0.046323621266505834,-0.026109361079925043,-0.02021426018658079,0.0724303050562296,0.21208523645068797,-0.13965493139445864,0.0,0.0724303050562296,3.4682035373837268,1.3395668263813212,0.07182993536913182,0.03243339841055404,0.2902392267882662,0.1487913211801952,2.4896603806346516,13899.07827341002,5298.416074093359,9640.940703229715,3723.7388757461013,5536.622713668216,2131.2830377102455,1.889630235352478,0.7896586600332699,0.003614363035477041,0.00120639031088639,advance_eq19_20,0.7794209103158523,0.4378638008162053,0.9207725636757843,0.45307353213314655,1.1813547102587365,1.034736215436374,342.4251138934241,5.501888257252497e-16,a1_station_hull_matched_sweep_free_surface_marching_not_benchmark_validated,41,8,24,10,3.0,2,16,15.0,False,none,0.0,1.0,1.0,1.0,trapezoid,1.0,1.0,-1.0,1.0,-1.0,1.0,1.0,True,False,True,3.0,11,9,40,True,True,True,True,A1_GRID_RECOMMENDED,"A1 Section 3.3 recommends control radius about 3B, inner free-surface panels greater than 10, outer/free-surface proxy panels greater than 8, and roughly 60 stations at Fn=0.2 or 40 at Fn=0.3."
32,st41_bp8_fs24_cp10_r3p0_h2_fsm_clipfs_onezonefs_noend_pr1p0_pl1p0_pf1p0_pm1p0_dt1p0_fv1p0_hr1p0_hqtrapezoid_hp1p0_hc1p0_cim1p0_cp1p0_cnm1p0_cd1p0_pg1p0,A35,OK,diagnostic_matched_wigley_sensitivity_not_hard_gate,wigley_iii,Fn0.4,0.4,2.1696064159197173,1.5,2.7120080198996463,-0.2,239.85000000000002,28,29,10,2.175,0.8250000000000002,0.07499999999999996,-0.8674843749999999,0.8674843749999999,0.06503124999999987,0.0650312500000001,pitch,heave_force,-0.6749999999999998,-1034.1170082720566,-495.26761444108047,-77.5587756204042,-37.145071083081014,-0.04396522324166128,-0.02467799281729225,-0.01928723042436903,0.027285882802146198,0.18669155950207938,-0.15940567669993352,0.0,0.027285882802146198,3.3231359715122877,1.3001711149394135,0.04582282271826443,0.020487847967998116,0.19630153215648283,0.1026110731752516,2.558008315893123,13289.930403918477,5077.954013633415,9237.680691107284,3614.226353231494,5688.618035491152,2254.529097487079,1.8392157376260805,0.6724606112467486,0.004157721023403507,0.0013636161201029178,advance_eq19_20,0.6628828684885532,0.4201819984442964,0.8041502435050164,0.4441824682046228,1.2131106138533474,1.0571192241675917,342.45299094219155,3.5288324437344184e-16,a1_station_hull_matched_sweep_free_surface_marching_not_benchmark_validated,41,8,24,10,3.0,2,16,15.0,False,none,0.0,1.0,1.0,1.0,trapezoid,1.0,1.0,-1.0,1.0,-1.0,1.0,1.0,True,False,True,3.0,11,9,40,True,True,True,True,A1_GRID_RECOMMENDED,"A1 Section 3.3 recommends control radius about 3B, inner free-surface panels greater than 10, outer/free-surface proxy panels greater than 8, and roughly 60 stations at Fn=0.2 or 40 at Fn=0.3."
32,st41_bp8_fs24_cp10_r3p0_h2_fsm_clipfs_onezonefs_noend_pr1p0_pl1p0_pf1p0_pm1p0_dt1p0_fv1p0_hr1p0_hqtrapezoid_hp1p0_hc1p0_cim1p0_cp1p0_cnm1p0_cd1p0_pg1p0,A35,OK,diagnostic_matched_wigley_sensitivity_not_hard_gate,wigley_iii,Fn0.4,0.4,2.1696064159197173,1.5,2.7120080198996463,-0.2,239.85000000000002,29,30,9,2.25,0.75,0.07499999999999996,-0.8671874999999999,0.8671874999999999,0.06562499999999982,0.0656250000000001,pitch,heave_force,-0.75,-961.5769468540481,-370.105106612467,-72.11827101405356,-27.75788299593501,-0.04088120086441058,-0.022869601869759747,-0.018011598994650827,-0.015137329250889855,0.16291776215855333,-0.1780550914094435,0.0,-0.015137329250889855,3.163061830284988,1.2564893614609627,0.02672361276018372,0.01181262955135376,0.1277519815684551,0.06706163871317011,2.6386936719635607,12698.940468070548,4860.462540940385,8792.705277450626,3492.799455830734,5868.049888347371,2376.9103557770873,1.8468120674102295,0.7501041693899693,0.004443511130636224,0.0015621160646399925,advance_eq19_20,0.5515305821113552,0.39604391376871767,0.6901326868378092,0.4292462180934942,1.2513044774341633,1.0838349061063115,342.4849787194831,8.24437755930517e-16,a1_station_hull_matched_sweep_free_surface_marching_not_benchmark_validated,41,8,24,10,3.0,2,16,15.0,False,none,0.0,1.0,1.0,1.0,trapezoid,1.0,1.0,-1.0,1.0,-1.0,1.0,1.0,True,False,True,3.0,11,9,40,True,True,True,True,A1_GRID_RECOMMENDED,"A1 Section 3.3 recommends control radius about 3B, inner free-surface panels greater than 10, outer/free-surface proxy panels greater than 8, and roughly 60 stations at Fn=0.2 or 40 at Fn=0.3."
32,st41_bp8_fs24_cp10_r3p0_h2_fsm_clipfs_onezonefs_noend_pr1p0_pl1p0_pf1p0_pm1p0_dt1p0_fv1p0_hr1p0_hqtrapezoid_hp1p0_hc1p0_cim1p0_cp1p0_cnm1p0_cd1p0_pg1p0,A35,OK,diagnostic_matched_wigley_sensitivity_not_hard_gate,wigley_iii,Fn0.4,0.4,2.1696064159197173,1.5,2.7120080198996463,-0.2,239.85000000000002,30,31,8,2.3249999999999997,0.6750000000000003,0.07499999999999996,-0.866859375,0.866859375,0.06628124999999996,0.06628125000000007,pitch,heave_force,-0.8249999999999997,-874.8264477935556,-264.25330762595684,-65.61198358451664,-19.81899807194675,-0.03719302532236719,-0.020768048474779196,-0.016424976847587994,-0.05417444234427862,0.14109893698628392,-0.19527337933056288,0.0,-0.05417444234427862,2.9909605565220887,1.209833514670814,0.014595602562145194,0.006474946556253239,0.08487088517884143,0.04128484883488121,2.7150629452317423,12118.986881261542,4641.097894201071,8314.2967419037,3363.10514939389,6037.883435240688,2488.807277942082,1.9003273532227007,0.8224982588105688,0.004469958760278168,0.001646408456987641,advance_eq19_20,0.44695653250386846,0.36610245881800285,0.5805796940431318,0.408566133972216,1.2989623192007085,1.115988500299373,342.52120658418943,5.937501069546062e-16,a1_station_hull_matched_sweep_free_surface_marching_not_benchmark_validated,41,8,24,10,3.0,2,16,15.0,False,none,0.0,1.0,1.0,1.0,trapezoid,1.0,1.0,-1.0,1.0,-1.0,1.0,1.0,True,False,True,3.0,11,9,40,True,True,True,True,A1_GRID_RECOMMENDED,"A1 Section 3.3 recommends control radius about 3B, inner free-surface panels greater than 10, outer/free-surface proxy panels greater than 8, and roughly 60 stations at Fn=0.2 or 40 at Fn=0.3."
32,st41_bp8_fs24_cp10_r3p0_h2_fsm_clipfs_onezonefs_noend_pr1p0_pl1p0_pf1p0_pm1p0_dt1p0_fv1p0_hr1p0_hqtrapezoid_hp1p0_hc1p0_cim1p0_cp1p0_cnm1p0_cd1p0_pg1p0,A35,OK,diagnostic_matched_wigley_sensitivity_not_hard_gate,wigley_iii,Fn0.4,0.4,2.1696064159197173,1.5,2.7120080198996463,-0.2,239.85000000000002,31,32,7,2.4,0.6000000000000001,0.07500000000000018,-0.8664999999999999,0.8664999999999998,0.06699999999999995,0.06700000000000006,pitch,heave_force,-0.8999999999999999,-776.0880955310688,-180.12924659951005,-58.206607164830295,-13.509693494963287,-0.032995189231277706,-0.01846041292869089,-0.01453477630258681,-0.08926854962110112,0.12148470628454885,-0.21075325590565028,0.0,-0.08926854962110112,2.8104977712775394,1.1621161238788176,0.009678537611228635,0.004101009270005985,0.06473038194077058,0.028830491735077426,2.7681041298527105,11538.220777562114,4411.901763352458,7812.644808005139,3230.459954214395,6155.8388920638645,2581.387039716952,1.98274145646654,0.9953731774765029,0.0043339082930959295,0.0016499060229876418,advance_eq19_20,0.3501516554321883,0.33101864260052816,0.4767602992369883,0.3827434863088741,1.3615823082387783,1.1562596091325505,342.56168396636383,4.446507149761547e-16,a1_station_hull_matched_sweep_free_surface_marching_not_benchmark_validated,41,8,24,10,3.0,2,16,15.0,False,none,0.0,1.0,1.0,1.0,trapezoid,1.0,1.0,-1.0,1.0,-1.0,1.0,1.0,True,False,True,3.0,11,9,40,True,True,True,True,A1_GRID_RECOMMENDED,"A1 Section 3.3 recommends control radius about 3B, inner free-surface panels greater than 10, outer/free-surface proxy panels greater than 8, and roughly 60 stations at Fn=0.2 or 40 at Fn=0.3."
32,st41_bp8_fs24_cp10_r3p0_h2_fsm_clipfs_onezonefs_noend_pr1p0_pl1p0_pf1p0_pm1p0_dt1p0_fv1p0_hr1p0_hqtrapezoid_hp1p0_hc1p0_cim1p0_cp1p0_cnm1p0_cd1p0_pg1p0,A35,OK,diagnostic_matched_wigley_sensitivity_not_hard_gate,wigley_iii,Fn0.4,0.4,2.1696064159197173,1.5,2.7120080198996463,-0.2,239.85000000000002,32,33,6,2.475,0.5249999999999999,0.07499999999999996,-0.866109375,0.866109375,0.06778124999999988,0.06778125000000013,pitch,heave_force,-0.9750000000000001,-665.7715299461222,-123.09367885877626,-49.93286474595914,-9.232025914408213,-0.02830510832708695,-0.01604099881877975,-0.01226410950830721,-0.1199186984002835,0.1042340004108135,-0.22415269881109734,0.0,-0.1199186984002835,2.627261864453699,1.1166722993830076,0.00900774718157954,0.0036504822083145688,0.05736709477273624,0.022491665665869326,2.7619686029151675,10924.95853992536,4158.34252895803,7303.284127944303,3104.134837314658,6142.194421489904,2637.557659771011,2.090792347604548,1.044753397624108,0.004252161424591432,0.001673757397772177,advance_eq19_20,0.2616085172940013,0.2908778042169853,0.3792706567667261,0.35216360954497417,1.449764176983938,1.2106926153852278,342.6062403202417,6.668366712778794e-16,a1_station_hull_matched_sweep_free_surface_marching_not_benchmark_validated,41,8,24,10,3.0,2,16,15.0,False,none,0.0,1.0,1.0,1.0,trapezoid,1.0,1.0,-1.0,1.0,-1.0,1.0,1.0,True,False,True,3.0,11,9,40,True,True,True,True,A1_GRID_RECOMMENDED,"A1 Section 3.3 recommends control radius about 3B, inner free-surface panels greater than 10, outer/free-surface proxy panels greater than 8, and roughly 60 stations at Fn=0.2 or 40 at Fn=0.3."
32,st41_bp8_fs24_cp10_r3p0_h2_fsm_clipfs_onezonefs_noend_pr1p0_pl1p0_pf1p0_pm1p0_dt1p0_fv1p0_hr1p0_hqtrapezoid_hp1p0_hc1p0_cim1p0_cp1p0_cnm1p0_cd1p0_pg1p0,A35,OK,diagnostic_matched_wigley_sensitivity_not_hard_gate,wigley_iii,Fn0.4,0.4,2.1696064159197173,1.5,2.7120080198996463,-0.2,239.85000000000002,33,34,5,2.55,0.4500000000000002,0.07499999999999996,-0.8656874999999999,0.8656874999999999,0.06862499999999994,0.06862500000000005,pitch,heave_force,-1.0499999999999998,-539.4065092638243,-107.17293742796255,-40.4554881947868,-8.037970307097186,-0.022932731410554526,-0.013623862880619127,-0.009308868529935396,-0.1455376182691042,0.08940156956111411,-0.2349391878302186,0.0,-0.1455376182691042,2.452506753355211,1.0806326033263676,0.007782307195343615,0.003604272254467966,0.05275628943357437,0.02019622665056151,2.6170692205159938,10202.220062457882,3875.044872850177,6817.498433556311,3003.9513939557955,5819.960426030951,2612.7094914355575,2.240570768302798,1.1392819228455793,0.004781464205755549,0.0019020801128023601,advance_eq19_20,0.18171959978911065,0.24465366329452312,0.2881968867867549,0.3161812645050915,1.5859427773405477,1.2923626821988796,342.6545414156471,5.536642802791991e-16,a1_station_hull_matched_sweep_free_surface_marching_not_benchmark_validated,41,8,24,10,3.0,2,16,15.0,False,none,0.0,1.0,1.0,1.0,trapezoid,1.0,1.0,-1.0,1.0,-1.0,1.0,1.0,True,False,True,3.0,11,9,40,True,True,True,True,A1_GRID_RECOMMENDED,"A1 Section 3.3 recommends control radius about 3B, inner free-surface panels greater than 10, outer/free-surface proxy panels greater than 8, and roughly 60 stations at Fn=0.2 or 40 at Fn=0.3."
32,st41_bp8_fs24_cp10_r3p0_h2_fsm_clipfs_onezonefs_noend_pr1p0_pl1p0_pf1p0_pm1p0_dt1p0_fv1p0_hr1p0_hqtrapezoid_hp1p0_hc1p0_cim1p0_cp1p0_cnm1p0_cd1p0_pg1p0,A35,OK,diagnostic_matched_wigley_sensitivity_not_hard_gate,wigley_iii,Fn0.4,0.4,2.1696064159197173,1.5,2.7120080198996463,-0.2,239.85000000000002,34,35,4,2.625,0.375,0.07499999999999996,-0.8652343749999999,0.8652343749999999,0.06953124999999993,0.06953125000000009,pitch,heave_force,-1.125,-369.17883277298597,-187.28368717155777,-27.688412457973932,-14.046276537866826,-0.015695544768266866,-0.011378165813574547,-0.004317378954692321,-0.16485175635851496,0.07690055521401723,-0.2417523115725325,0.0,-0.16485175635851496,2.3152769679084533,1.072756894998762,0.00441418170184799,0.0017917883480221054,0.050195293167188494,0.018719244533759064,2.3129979427053895,9441.47266226594,4003.4834117321834,6436.025947888078,2982.0584352052674,5143.752555915288,2339.8179196598244,2.443959547147478,1.5094673463439137,0.009246460353448064,0.0036849502332164325,advance_eq19_20,0.11149764219404466,0.19014699763571727,0.2036809653427356,0.27240878738457625,1.8267737445807142,1.432622080662329,342.70650863905854,5.111232448329737e-16,a1_station_hull_matched_sweep_free_surface_marching_not_benchmark_validated,41,8,24,10,3.0,2,16,15.0,False,none,0.0,1.0,1.0,1.0,trapezoid,1.0,1.0,-1.0,1.0,-1.0,1.0,1.0,True,False,True,3.0,11,9,40,True,True,True,True,A1_GRID_RECOMMENDED,"A1 Section 3.3 recommends control radius about 3B, inner free-surface panels greater than 10, outer/free-surface proxy panels greater than 8, and roughly 60 stations at Fn=0.2 or 40 at Fn=0.3."
32,st41_bp8_fs24_cp10_r3p0_h2_fsm_clipfs_onezonefs_noend_pr1p0_pl1p0_pf1p0_pm1p0_dt1p0_fv1p0_hr1p0_hqtrapezoid_hp1p0_hc1p0_cim1p0_cp1p0_cnm1p0_cd1p0_pg1p0,A35,OK,diagnostic_matched_wigley_sensitivity_not_hard_gate,wigley_iii,Fn0.4,0.4,2.1696064159197173,1.5,2.7120080198996463,-0.2,239.85000000000002,35,36,3,2.6999999999999997,0.30000000000000027,0.07499999999999996,-0.8647499999999999,0.8647499999999999,0.0704999999999999,0.07050000000000001,pitch,heave_force,-1.1999999999999997,105.24583391761705,-813.6915394018115,7.893437543821274,-61.02686545513583,0.004474500028942103,-0.009725924133181064,0.014200424162123165,-0.1704622787281773,0.06634851024063947,-0.23681078896881708,0.0,-0.1704622787281773,2.329322855429956,1.166134946568141,0.010211830498284679,0.005432770999810395,0.07075277359097458,0.03704653506523145,8.9936338712748,21635.89323996648,14287.071041014571,6475.070821483125,3241.631510562495,20000.46189328946,13653.044081581527,2.7050208167651055,1.8381219196048317,0.0002697281532268968,9.810359847367634e-05,advance_eq19_20,0.053505133819959014,0.12354599408398755,0.12692006298966477,0.21677122841039267,2.372110000074793,1.7545791752910247,342.76452809793597,6.626532624461959e-16,a1_station_hull_matched_sweep_free_surface_marching_not_benchmark_validated,41,8,24,10,3.0,2,16,15.0,False,none,0.0,1.0,1.0,1.0,trapezoid,1.0,1.0,-1.0,1.0,-1.0,1.0,1.0,True,False,True,3.0,11,9,40,True,True,True,True,A1_GRID_RECOMMENDED,"A1 Section 3.3 recommends control radius about 3B, inner free-surface panels greater than 10, outer/free-surface proxy panels greater than 8, and roughly 60 stations at Fn=0.2 or 40 at Fn=0.3."
32,st41_bp8_fs24_cp10_r3p0_h2_fsm_clipfs_onezonefs_noend_pr1p0_pl1p0_pf1p0_pm1p0_dt1p0_fv1p0_hr1p0_hqtrapezoid_hp1p0_hc1p0_cim1p0_cp1p0_cnm1p0_cd1p0_pg1p0,A35,OK,diagnostic_matched_wigley_sensitivity_not_hard_gate,wigley_iii,Fn0.4,0.4,2.1696064159197173,1.5,2.7120080198996463,-0.2,239.85000000000002,36,37,2,2.775,0.2250000000000001,0.07500000000000018,-0.8642343749999999,0.8642343749999999,0.07153124999999994,0.07153125000000005,pitch,heave_force,-1.275,-1155.8009504498127,1222.1679263899941,-86.68507128373616,91.66259447924978,-0.04913858528867941,-0.011428783654299295,-0.03770980163438011,-0.19279432135804594,0.055771156346899275,-0.24856547770494553,0.0,-0.19279432135804594,3.4673948105946337,1.9908894361873282,0.04830045340311834,0.024652799122842788,0.22495737752736833,0.13277426791175753,23.110827714715125,52366.68034884728,32672.05447899979,9638.69259785334,5534.290820615358,51394.935089237675,32189.53369464637,3.3967787544527193,2.393641850343752,0.0073239102970635295,0.00298478890567208,advance_eq19_20,0.013386940697839795,0.030031660023000114,0.061418799033764356,0.14335347741897472,4.587963779033943,4.77341170315546,342.84460969129094,8.402312269550334e-16,a1_station_hull_matched_sweep_free_surface_marching_not_benchmark_validated,41,8,24,10,3.0,2,16,15.0,False,none,0.0,1.0,1.0,1.0,trapezoid,1.0,1.0,-1.0,1.0,-1.0,1.0,1.0,True,False,True,3.0,11,9,40,True,True,True,True,A1_GRID_RECOMMENDED,"A1 Section 3.3 recommends control radius about 3B, inner free-surface panels greater than 10, outer/free-surface proxy panels greater than 8, and roughly 60 stations at Fn=0.2 or 40 at Fn=0.3."
32,st41_bp8_fs24_cp10_r3p0_h2_fsm_clipfs_onezonefs_noend_pr1p0_pl1p0_pf1p0_pm1p0_dt1p0_fv1p0_hr1p0_hqtrapezoid_hp1p0_hc1p0_cim1p0_cp1p0_cnm1p0_cd1p0_pg1p0,A35,OK,diagnostic_matched_wigley_sensitivity_not_hard_gate,wigley_iii,Fn0.4,0.4,2.1696064159197173,1.5,2.7120080198996463,-0.2,239.85000000000002,37,38,1,2.85,0.1499999999999999,0.07499999999999996,-0.8636874999999999,0.8636874999999999,0.07262499999999994,0.07262500000000005,pitch,heave_force,-1.35,-402.58720695115795,742.4965613677828,-30.194040521336827,55.687242102583674,-0.017115893352745295,0.0024756955306668173,-0.019591588883412114,-0.22592156067875832,0.05129461228508304,-0.27721617296384166,0.0,-0.22592156067875832,1.427374668176646,1.005718879511741,0.06291454086130466,0.030443089365573137,0.25787788927724625,0.15432228265835202,20.112573052767623,44820.59141293186,31382.952642546592,3967.8278361840767,2795.705608675337,44727.27672433712,31318.849249457882,0.6514357231836957,0.27322960286950565,0.0008610600653629852,0.00034591142323837253,advance_eq19_20,0.00442150523315828,0.013042749728511186,0.014875009187121717,0.03234383832156165,3.364241000003635,2.479832780265551,343.0542195004204,1.0225043257370335e-15,a1_station_hull_matched_sweep_free_surface_marching_not_benchmark_validated,41,8,24,10,3.0,2,16,15.0,False,none,0.0,1.0,1.0,1.0,trapezoid,1.0,1.0,-1.0,1.0,-1.0,1.0,1.0,True,False,True,3.0,11,9,40,True,True,True,True,A1_GRID_RECOMMENDED,"A1 Section 3.3 recommends control radius about 3B, inner free-surface panels greater than 10, outer/free-surface proxy panels greater than 8, and roughly 60 stations at Fn=0.2 or 40 at Fn=0.3."
32,st41_bp8_fs24_cp10_r3p0_h2_fsm_clipfs_onezonefs_noend_pr1p0_pl1p0_pf1p0_pm1p0_dt1p0_fv1p0_hr1p0_hqtrapezoid_hp1p0_hc1p0_cim1p0_cp1p0_cnm1p0_cd1p0_pg1p0,A35,OK,diagnostic_matched_wigley_sensitivity_not_hard_gate,wigley_iii,Fn0.4,0.4,2.1696064159197173,1.5,2.7120080198996463,-0.2,239.85000000000002,38,39,0,2.925,0.07500000000000018,0.03749999999999987,-0.8631093749999998,0.8631093749999998,0.07378124999999991,0.07378125000000002,pitch,heave_force,-1.4249999999999998,916.2881172615924,-1601.101509139557,34.36080439730959,-60.04130659273318,0.019477878860343203,-0.0005693499033246251,0.02004722876366783,-0.21500162849478777,0.05196311014709182,-0.2669647386418799,0.0,-0.21500162849478777,1.6599922639270084,0.9678890504724025,0.013756018040883288,0.006243706383095017,0.05096139181591215,0.0285920995772383,70.29921112704056,156373.990658531,83753.09794453476,4614.460141059953,2690.5459389355647,156334.65998270502,83741.20500899457,0.9229848093892771,0.6511884412031526,0.0,0.0,initialize_eq21_22,0.0,0.0,0.005408114117515288,0.01595309181339489,,,418.23117884841605,1.0574049402996793e-15,a1_station_hull_matched_sweep_free_surface_marching_not_benchmark_validated,41,8,24,10,3.0,2,16,15.0,False,none,0.0,1.0,1.0,1.0,trapezoid,1.0,1.0,-1.0,1.0,-1.0,1.0,1.0,True,False,True,3.0,11,9,40,True,True,True,True,A1_GRID_RECOMMENDED,"A1 Section 3.3 recommends control radius about 3B, inner free-surface panels greater than 10, outer/free-surface proxy panels greater than 8, and roughly 60 stations at Fn=0.2 or 40 at Fn=0.3."
32,st41_bp8_fs24_cp10_r3p0_h2_fsm_clipfs_onezonefs_noend_pr1p0_pl1p0_pf1p0_pm1p0_dt1p0_fv1p0_hr1p0_hqtrapezoid_hp1p0_hc1p0_cim1p0_cp1p0_cn1p0_cd1p0_pg1p0,A35,OK,diagnostic_matched_wigley_sensitivity_not_hard_gate,wigley_iii,Fn0.4,0.4,2.1696064159197173,1.5,2.7120080198996463,-0.2,239.85000000000002,0,1,38,0.075,2.925,0.0375,-0.8631093749999998,0.8631093749999998,0.07378124999999991,0.07378125000000002,pitch,heave_force,1.425,-5461.965892316644,-19149.083248470444,-204.82372096187416,-718.0906218176416,-0.11610704972123698,0.014440220041117984,-0.13054726976235498,0.0,0.0,0.0,0.0,0.0,37.157379942736796,20.289559296008246,0.18905233177949923,0.11347024528107458,1.3262013281955753,0.5930054381228661,831.1445603192476,1850773.3158150446,969788.4221763968,103290.39021323947,56401.08371927888,1848337.9848910475,968822.5544949734,6.745095149177274,4.182201585604647,0.09916022999195558,0.04521420241906828,advance_eq19_20,2.4301672186048786,0.6470019196352165,2.446763719882573,0.6424901733471261,1.0068293659591137,0.9930266879414607,113.95001957184003,2.275403776696845e-15,a1_station_hull_matched_sweep_free_surface_marching_not_benchmark_validated,41,8,24,10,3.0,2,16,15.0,False,none,0.0,1.0,1.0,1.0,trapezoid,1.0,1.0,-1.0,1.0,1.0,1.0,1.0,True,False,True,3.0,11,9,40,True,True,True,True,A1_GRID_RECOMMENDED,"A1 Section 3.3 recommends control radius about 3B, inner free-surface panels greater than 10, outer/free-surface proxy panels greater than 8, and roughly 60 stations at Fn=0.2 or 40 at Fn=0.3."
32,st41_bp8_fs24_cp10_r3p0_h2_fsm_clipfs_onezonefs_noend_pr1p0_pl1p0_pf1p0_pm1p0_dt1p0_fv1p0_hr1p0_hqtrapezoid_hp1p0_hc1p0_cim1p0_cp1p0_cn1p0_cd1p0_pg1p0,A35,OK,diagnostic_matched_wigley_sensitivity_not_hard_gate,wigley_iii,Fn0.4,0.4,2.1696064159197173,1.5,2.7120080198996463,-0.2,239.85000000000002,1,2,37,0.15,2.85,0.07499999999999998,-0.8636874999999999,0.8636874999999999,0.07262499999999991,0.07262500000000005,pitch,heave_force,1.35,364.6794147002553,-558.028841254792,27.350956102519138,-41.85216309410939,0.015504253146097626,-0.018162625407220315,0.03366687855331794,-0.10835492314818816,0.0053589073375078225,-0.113713830485696,0.0,-0.10835492314818816,12.527700193139195,8.317458027888168,0.1830149278009073,0.088810775639644,1.824999545553274,0.6706041554005501,202.57604351774697,451860.2149036645,201290.98160440256,34824.60397955914,23120.938198731696,450498.0408209291,201071.53502969112,12.415539910011768,8.660301413613505,0.05170737423238463,0.02473861156620285,advance_eq19_20,2.345399695487946,0.7811950672616907,2.3909942494429948,0.645539200020809,1.0194399931247382,0.826348279801108,94.99248929002052,8.552687813633225e-16,a1_station_hull_matched_sweep_free_surface_marching_not_benchmark_validated,41,8,24,10,3.0,2,16,15.0,False,none,0.0,1.0,1.0,1.0,trapezoid,1.0,1.0,-1.0,1.0,1.0,1.0,1.0,True,False,True,3.0,11,9,40,True,True,True,True,A1_GRID_RECOMMENDED,"A1 Section 3.3 recommends control radius about 3B, inner free-surface panels greater than 10, outer/free-surface proxy panels greater than 8, and roughly 60 stations at Fn=0.2 or 40 at Fn=0.3."
32,st41_bp8_fs24_cp10_r3p0_h2_fsm_clipfs_onezonefs_noend_pr1p0_pl1p0_pf1p0_pm1p0_dt1p0_fv1p0_hr1p0_hqtrapezoid_hp1p0_hc1p0_cim1p0_cp1p0_cn1p0_cd1p0_pg1p0,A35,OK,diagnostic_matched_wigley_sensitivity_not_hard_gate,wigley_iii,Fn0.4,0.4,2.1696064159197173,1.5,2.7120080198996463,-0.2,239.85000000000002,2,3,36,0.22499999999999998,2.775,0.075,-0.8642343749999999,0.8642343749999999,0.07153124999999994,0.07153125000000006,pitch,heave_force,1.275,5291.858702275329,7099.766854432028,396.88940267064964,532.4825140824021,0.22498203525113575,0.07435277824364465,0.1506292570074911,0.011888221050428508,0.033453983755719986,-0.021565762705291494,0.0,0.011888221050428508,20.937632997302792,11.333263859932426,0.16537854561093843,0.0917268659776962,0.5685130499595201,0.3226489510357065,130.2397259181753,296286.95920455456,198904.448135723,58202.60432156066,31504.30004176995,289633.1685836911,196918.86799377738,6.790892007178658,3.855794857310932,0.0599631392629411,0.027791834257428844,advance_eq19_20,2.2030679771274957,0.7374961912794381,2.3052581659503923,0.7830335416349078,1.0463853997624435,1.0617458786823966,96.31469922371299,1.710403477237278e-15,a1_station_hull_matched_sweep_free_surface_marching_not_benchmark_validated,41,8,24,10,3.0,2,16,15.0,False,none,0.0,1.0,1.0,1.0,trapezoid,1.0,1.0,-1.0,1.0,1.0,1.0,1.0,True,False,True,3.0,11,9,40,True,True,True,True,A1_GRID_RECOMMENDED,"A1 Section 3.3 recommends control radius about 3B, inner free-surface panels greater than 10, outer/free-surface proxy panels greater than 8, and roughly 60 stations at Fn=0.2 or 40 at Fn=0.3."
32,st41_bp8_fs24_cp10_r3p0_h2_fsm_clipfs_onezonefs_noend_pr1p0_pl1p0_pf1p0_pm1p0_dt1p0_fv1p0_hr1p0_hqtrapezoid_hp1p0_hc1p0_cim1p0_cp1p0_cn1p0_cd1p0_pg1p0,A35,OK,diagnostic_matched_wigley_sensitivity_not_hard_gate,wigley_iii,Fn0.4,0.4,2.1696064159197173,1.5,2.7120080198996463,-0.2,239.85000000000002,3,4,35,0.3,2.7,0.07500000000000001,-0.8647499999999999,0.8647499999999999,0.0704999999999999,0.07050000000000001,pitch,heave_force,1.2,-1333.0416419668618,-8160.994776277266,-99.97812314751465,-612.0746082207951,-0.05667392849232135,0.04767809679245531,-0.10435202528477665,0.09604227442983573,0.09446942127376998,0.0015728531560657403,0.0,0.09604227442983573,11.00967921213576,4.996210575186559,0.1299094827937628,0.07518648075674328,0.7417017028777917,0.34370176648831263,85.78295141487632,198090.45977709716,117656.67119280573,30604.796777830466,13888.50722773871,190768.12281040117,114909.43159501872,2.9539582102777753,1.2039385512639549,0.056207208787517456,0.02602484070056289,advance_eq19_20,2.090877668264948,0.7531634945460953,2.170303988256603,0.737363640122687,1.0379870717436877,0.9790220124344577,97.66111149943426,1.481241559053141e-15,a1_station_hull_matched_sweep_free_surface_marching_not_benchmark_validated,41,8,24,10,3.0,2,16,15.0,False,none,0.0,1.0,1.0,1.0,trapezoid,1.0,1.0,-1.0,1.0,1.0,1.0,1.0,True,False,True,3.0,11,9,40,True,True,True,True,A1_GRID_RECOMMENDED,"A1 Section 3.3 recommends control radius about 3B, inner free-surface panels greater than 10, outer/free-surface proxy panels greater than 8, and roughly 60 stations at Fn=0.2 or 40 at Fn=0.3."
32,st41_bp8_fs24_cp10_r3p0_h2_fsm_clipfs_onezonefs_noend_pr1p0_pl1p0_pf1p0_pm1p0_dt1p0_fv1p0_hr1p0_hqtrapezoid_hp1p0_hc1p0_cim1p0_cp1p0_cn1p0_cd1p0_pg1p0,A35,OK,diagnostic_matched_wigley_sensitivity_not_hard_gate,wigley_iii,Fn0.4,0.4,2.1696064159197173,1.5,2.7120080198996463,-0.2,239.85000000000002,4,5,34,0.375,2.625,0.07499999999999998,-0.8652343749999999,0.8652343749999999,0.06953124999999993,0.06953125000000009,pitch,heave_force,1.125,410.0928662637639,-3521.77977923574,30.756964969782285,-264.1334834426805,0.01743499456142377,0.042813871912456156,-0.0253788773510324,0.07642280746438694,0.13971540562622572,-0.06329259816183878,0.0,0.07642280746438694,8.645019558804117,3.6391765903381796,0.11848013814670477,0.06866044680484686,0.7034801627514602,0.31856326411880187,26.189515271963174,70402.2472809055,35016.4818116269,24031.49643505772,10116.213001298898,58241.46387297569,30728.409206044205,2.593700422038339,1.0138956265721406,0.05306866000712533,0.0247525480401004,advance_eq19_20,1.9880906440184427,0.7651061281899848,2.06126266409559,0.7524016695835356,1.0368051729921366,0.9833951681494119,98.98004886155589,1.0779162776663917e-15,a1_station_hull_matched_sweep_free_surface_marching_not_benchmark_validated,41,8,24,10,3.0,2,16,15.0,False,none,0.0,1.0,1.0,1.0,trapezoid,1.0,1.0,-1.0,1.0,1.0,1.0,1.0,True,False,True,3.0,11,9,40,True,True,True,True,A1_GRID_RECOMMENDED,"A1 Section 3.3 recommends control radius about 3B, inner free-surface panels greater than 10, outer/free-surface proxy panels greater than 8, and roughly 60 stations at Fn=0.2 or 40 at Fn=0.3."
32,st41_bp8_fs24_cp10_r3p0_h2_fsm_clipfs_onezonefs_noend_pr1p0_pl1p0_pf1p0_pm1p0_dt1p0_fv1p0_hr1p0_hqtrapezoid_hp1p0_hc1p0_cim1p0_cp1p0_cn1p0_cd1p0_pg1p0,A35,OK,diagnostic_matched_wigley_sensitivity_not_hard_gate,wigley_iii,Fn0.4,0.4,2.1696064159197173,1.5,2.7120080198996463,-0.2,239.85000000000002,5,6,33,0.44999999999999996,2.55,0.07500000000000001,-0.8656874999999999,0.8656874999999999,0.06862499999999994,0.06862500000000005,pitch,heave_force,1.05,704.9565568601139,-2742.5953995301425,52.87174176450855,-205.6946549647607,0.029971049842624758,0.04022288398867734,-0.010251834146052585,0.10012582966641118,0.18123378357679246,-0.08110795391038127,0.0,0.10012582966641118,7.422415716423105,3.007130888718159,0.1172187968510741,0.06891519897320261,0.6617101003366317,0.30903077980124316,15.923409232347236,49179.237592070414,21697.58079954139,20632.892223717856,8359.247164268889,35411.21910466122,16724.514939307683,2.5241195474485005,0.8771254031348581,0.05205982819869344,0.024541468011273947,advance_eq19_20,1.8962744187326457,0.7684971634583678,1.960954809565725,0.7638643551422802,1.0341091933710247,0.9939715999793166,100.2548122089833,8.664525646280999e-16,a1_station_hull_matched_sweep_free_surface_marching_not_benchmark_validated,41,8,24,10,3.0,2,16,15.0,False,none,0.0,1.0,1.0,1.0,trapezoid,1.0,1.0,-1.0,1.0,1.0,1.0,1.0,True,False,True,3.0,11,9,40,True,True,True,True,A1_GRID_RECOMMENDED,"A1 Section 3.3 recommends control radius about 3B, inner free-surface panels greater than 10, outer/free-surface proxy panels greater than 8, and roughly 60 stations at Fn=0.2 or 40 at Fn=0.3."
32,st41_bp8_fs24_cp10_r3p0_h2_fsm_clipfs_onezonefs_noend_pr1p0_pl1p0_pf1p0_pm1p0_dt1p0_fv1p0_hr1p0_hqtrapezoid_hp1p0_hc1p0_cim1p0_cp1p0_cn1p0_cd1p0_pg1p0,A35,OK,diagnostic_matched_wigley_sensitivity_not_hard_gate,wigley_iii,Fn0.4,0.4,2.1696064159197173,1.5,2.7120080198996463,-0.2,239.85000000000002,6,7,32,0.525,2.475,0.07500000000000001,-0.866109375,0.866109375,0.0677812499999999,0.06778125000000006,pitch,heave_force,0.975,782.8420156147458,-2510.512202325478,58.71315117110595,-188.2884151744109,0.03328233043663443,0.03775537923729414,-0.00447304880065972,0.13175251980604077,0.22022291518977824,-0.08847039538373742,0.0,0.13175251980604077,6.612655595545772,2.620351820315327,0.12292139830628751,0.07357223711937934,0.6438272311054459,0.31766964452432994,12.089442195232664,40918.16404417271,16895.638925631552,18381.914383153267,7284.0755304451495,26885.06463545902,11720.04556326928,2.541853332000031,0.7629117721122352,0.052911407011266745,0.02516592893360504,advance_eq19_20,1.8190938357710003,0.7628191124602687,1.871590126253141,0.7668012561395258,1.0288584840703892,1.0052202987762247,101.47605820213124,7.803894842649146e-16,a1_station_hull_matched_sweep_free_surface_marching_not_benchmark_validated,41,8,24,10,3.0,2,16,15.0,False,none,0.0,1.0,1.0,1.0,trapezoid,1.0,1.0,-1.0,1.0,1.0,1.0,1.0,True,False,True,3.0,11,9,40,True,True,True,True,A1_GRID_RECOMMENDED,"A1 Section 3.3 recommends control radius about 3B, inner free-surface panels greater than 10, outer/free-surface proxy panels greater than 8, and roughly 60 stations at Fn=0.2 or 40 at Fn=0.3."
32,st41_bp8_fs24_cp10_r3p0_h2_fsm_clipfs_onezonefs_noend_pr1p0_pl1p0_pf1p0_pm1p0_dt1p0_fv1p0_hr1p0_hqtrapezoid_hp1p0_hc1p0_cim1p0_cp1p0_cn1p0_cd1p0_pg1p0,A35,OK,diagnostic_matched_wigley_sensitivity_not_hard_gate,wigley_iii,Fn0.4,0.4,2.1696064159197173,1.5,2.7120080198996463,-0.2,239.85000000000002,7,8,31,0.6,2.4,0.07499999999999996,-0.8664999999999999,0.8664999999999998,0.06699999999999995,0.06700000000000006,pitch,heave_force,0.9,775.2123871838819,-2447.6666950307354,58.14092903879111,-183.57500212730505,0.03295795871222543,0.034896497426829154,-0.0019385387146037298,0.1648726643804707,0.25654885352183987,-0.09167618914136914,0.0,0.1648726643804707,6.012008940817409,2.3491289797896995,0.13166164232480254,0.07978042626457198,0.6498051751684731,0.33668324609385,10.16385399261988,36402.35911441319,14478.27040066537,16712.23187478532,6530.128048792548,22602.851903680807,9329.239289331192,2.5972495667154356,0.8048750228570808,0.054739356762203206,0.02616261114156902,advance_eq19_20,1.7595526114443425,0.7486817023876183,1.7970162749735885,0.7607103315931244,1.0212915847389716,1.0160664126919967,102.63663006147286,8.359181361058104e-16,a1_station_hull_matched_sweep_free_surface_marching_not_benchmark_validated,41,8,24,10,3.0,2,16,15.0,False,none,0.0,1.0,1.0,1.0,trapezoid,1.0,1.0,-1.0,1.0,1.0,1.0,1.0,True,False,True,3.0,11,9,40,True,True,True,True,A1_GRID_RECOMMENDED,"A1 Section 3.3 recommends control radius about 3B, inner free-surface panels greater than 10, outer/free-surface proxy panels greater than 8, and roughly 60 stations at Fn=0.2 or 40 at Fn=0.3."
32,st41_bp8_fs24_cp10_r3p0_h2_fsm_clipfs_onezonefs_noend_pr1p0_pl1p0_pf1p0_pm1p0_dt1p0_fv1p0_hr1p0_hqtrapezoid_hp1p0_hc1p0_cim1p0_cp1p0_cn1p0_cd1p0_pg1p0,A35,OK,diagnostic_matched_wigley_sensitivity_not_hard_gate,wigley_iii,Fn0.4,0.4,2.1696064159197173,1.5,2.7120080198996463,-0.2,239.85000000000002,8,9,30,0.6749999999999999,2.325,0.07500000000000001,-0.866859375,0.866859375,0.06628124999999993,0.06628125000000007,pitch,heave_force,0.8250000000000001,718.5221702959345,-2448.883512931091,53.8891627721951,-183.66626346983185,0.03054778846924546,0.03151975781397226,-0.000971969344726796,0.19662553797120613,0.28975698114224063,-0.0931314431710344,0.0,0.19662553797120613,5.5414399161209635,2.144628358299092,0.14020299886076545,0.08542336211533083,0.6699016699689352,0.3572888045495945,9.00344783354351,33427.10745133544,12995.36092696444,15404.140231669877,5961.655540096633,20022.28663968084,7964.957339735403,2.6649294956777876,0.8426076532004199,0.05665011318248358,0.027108492014054877,advance_eq19_20,1.7189446486049333,0.7271072272917928,1.7402281593793412,0.746241433288955,1.0123817313091967,1.0263155216713085,103.73019523740942,6.665584677861838e-16,a1_station_hull_matched_sweep_free_surface_marching_not_benchmark_validated,41,8,24,10,3.0,2,16,15.0,False,none,0.0,1.0,1.0,1.0,trapezoid,1.0,1.0,-1.0,1.0,1.0,1.0,1.0,True,False,True,3.0,11,9,40,True,True,True,True,A1_GRID_RECOMMENDED,"A1 Section 3.3 recommends control radius about 3B, inner free-surface panels greater than 10, outer/free-surface proxy panels greater than 8, and roughly 60 stations at Fn=0.2 or 40 at Fn=0.3."
32,st41_bp8_fs24_cp10_r3p0_h2_fsm_clipfs_onezonefs_noend_pr1p0_pl1p0_pf1p0_pm1p0_dt1p0_fv1p0_hr1p0_hqtrapezoid_hp1p0_hc1p0_cim1p0_cp1p0_cn1p0_cd1p0_pg1p0,A35,OK,diagnostic_matched_wigley_sensitivity_not_hard_gate,wigley_iii,Fn0.4,0.4,2.1696064159197173,1.5,2.7120080198996463,-0.2,239.85000000000002,9,10,29,0.75,2.25,0.07500000000000001,-0.8671874999999999,0.8671874999999999,0.06562499999999982,0.0656250000000001,pitch,heave_force,0.75,628.7295915893789,-2472.583563051593,47.15471936920342,-185.44376722886952,0.026730279679911647,0.027633499273551115,-0.0009032195936394725,0.22526457204578473,0.3193336096860023,-0.09406903764021753,0.0,0.22526457204578473,5.164577599728897,1.9847987491629149,0.14652344544610468,0.08930006753396683,0.6930432204183161,0.3733485266670821,8.202893037756485,31227.733313989123,11961.80513904131,14356.535266605304,5517.359878757027,18241.97559791514,7077.015864855124,2.7316481894763895,0.8918988845549732,0.0579935593103548,0.027715458791641744,advance_eq19_20,1.6964668861229222,0.6992474954732302,1.7024061020731511,0.7244486310322676,1.0035009324371797,1.0360403658535553,104.75084920458065,9.600177971475902e-16,a1_station_hull_matched_sweep_free_surface_marching_not_benchmark_validated,41,8,24,10,3.0,2,16,15.0,False,none,0.0,1.0,1.0,1.0,trapezoid,1.0,1.0,-1.0,1.0,1.0,1.0,1.0,True,False,True,3.0,11,9,40,True,True,True,True,A1_GRID_RECOMMENDED,"A1 Section 3.3 recommends control radius about 3B, inner free-surface panels greater than 10, outer/free-surface proxy panels greater than 8, and roughly 60 stations at Fn=0.2 or 40 at Fn=0.3."
32,st41_bp8_fs24_cp10_r3p0_h2_fsm_clipfs_onezonefs_noend_pr1p0_pl1p0_pf1p0_pm1p0_dt1p0_fv1p0_hr1p0_hqtrapezoid_hp1p0_hc1p0_cim1p0_cp1p0_cn1p0_cd1p0_pg1p0,A35,OK,diagnostic_matched_wigley_sensitivity_not_hard_gate,wigley_iii,Fn0.4,0.4,2.1696064159197173,1.5,2.7120080198996463,-0.2,239.85000000000002,10,11,28,0.825,2.175,0.07499999999999996,-0.8674843749999999,0.8674843749999999,0.06503124999999987,0.0650312500000001,pitch,heave_force,0.675,515.2503476941787,-2498.9302991817854,38.64377607706338,-187.4197724386338,0.021905738306702865,0.023303423613416273,-0.0013976853067134071,0.24958258103909195,0.3448020711294859,-0.09521949009039396,0.0,0.24958258103909195,4.862582542184333,1.8583664866984069,0.1496034471050651,0.09087344435293018,0.7107543397840157,0.38154354204068497,7.588637582226451,29474.586129362226,11176.816590274804,13517.046923123617,5165.90243623478,16875.9657061502,6435.2653785222365,2.792927795067426,0.930033447341031,0.058385994315341035,0.027824957893963147,advance_eq19_20,1.6893492416092841,0.6662744803736882,1.6825915302511052,0.6964966517653055,0.9959998138977222,1.0453599414083319,105.69301673551143,5.714153417128882e-16,a1_station_hull_matched_sweep_free_surface_marching_not_benchmark_validated,41,8,24,10,3.0,2,16,15.0,False,none,0.0,1.0,1.0,1.0,trapezoid,1.0,1.0,-1.0,1.0,1.0,1.0,1.0,True,False,True,3.0,11,9,40,True,True,True,True,A1_GRID_RECOMMENDED,"A1 Section 3.3 recommends control radius about 3B, inner free-surface panels greater than 10, outer/free-surface proxy panels greater than 8, and roughly 60 stations at Fn=0.2 or 40 at Fn=0.3."
32,st41_bp8_fs24_cp10_r3p0_h2_fsm_clipfs_onezonefs_noend_pr1p0_pl1p0_pf1p0_pm1p0_dt1p0_fv1p0_hr1p0_hqtrapezoid_hp1p0_hc1p0_cim1p0_cp1p0_cn1p0_cd1p0_pg1p0,A35,OK,diagnostic_matched_wigley_sensitivity_not_hard_gate,wigley_iii,Fn0.4,0.4,2.1696064159197173,1.5,2.7120080198996463,-0.2,239.85000000000002,11,12,27,0.8999999999999999,2.1,0.07500000000000001,-0.8677499999999999,0.8677499999999999,0.06449999999999989,0.0645,pitch,heave_force,0.6000000000000001,384.6422887568528,-2517.39133086966,28.848171656763963,-188.80434981522453,0.01635296969115283,0.01862198341623795,-0.0022690137250851177,0.2687119350380198,0.36576477464431306,-0.09705283960629323,0.0,0.2687119350380198,4.624320547388344,1.7588631586096688,0.14910897142660207,0.09003202207471442,0.7178523077534873,0.3806013518550435,7.076776454592177,28003.085248123425,10543.818905915112,12854.724271381512,4889.302266856831,15737.665089910595,5930.55563843367,2.8496023890183286,0.949640492098138,0.05765502944784362,0.027376064859263086,advance_eq19_20,1.693369927064566,0.6293924873653772,1.6778738098423402,0.6635526775493298,0.990848947430472,1.0542748616637392,106.55145429053391,5.926809791790616e-16,a1_station_hull_matched_sweep_free_surface_marching_not_benchmark_validated,41,8,24,10,3.0,2,16,15.0,False,none,0.0,1.0,1.0,1.0,trapezoid,1.0,1.0,-1.0,1.0,1.0,1.0,1.0,True,False,True,3.0,11,9,40,True,True,True,True,A1_GRID_RECOMMENDED,"A1 Section 3.3 recommends control radius about 3B, inner free-surface panels greater than 10, outer/free-surface proxy panels greater than 8, and roughly 60 stations at Fn=0.2 or 40 at Fn=0.3."
32,st41_bp8_fs24_cp10_r3p0_h2_fsm_clipfs_onezonefs_noend_pr1p0_pl1p0_pf1p0_pm1p0_dt1p0_fv1p0_hr1p0_hqtrapezoid_hp1p0_hc1p0_cim1p0_cp1p0_cn1p0_cd1p0_pg1p0,A35,OK,diagnostic_matched_wigley_sensitivity_not_hard_gate,wigley_iii,Fn0.4,0.4,2.1696064159197173,1.5,2.7120080198996463,-0.2,239.85000000000002,12,13,26,0.975,2.025,0.07500000000000007,-0.8679843749999999,0.8679843749999999,0.06403124999999998,0.0640312500000001,pitch,heave_force,0.525,241.76477981637944,-2521.9689502339206,18.132358486228476,-189.1476712675442,0.010278568509726966,0.013694094051331214,-0.003415525541604249,0.28202770413845973,0.38192281337809764,-0.0998951092396379,0.0,0.28202770413845973,4.44180860136207,1.682006065506669,0.1451506426876776,0.08693086382043363,0.7118590551074593,0.37058535291004674,6.622941234676409,26720.884207295345,10010.566928998922,12347.376063496993,4675.654287653285,14728.40518988852,5506.010784625192,2.903865704111421,1.0097000469760302,0.05577953761414301,0.02637577495192354,advance_eq19_20,1.703539619702973,0.5899435448673076,1.6839460266896884,0.6268066444335615,0.988498305066306,1.0624858088320048,107.32128791426383,3.9467258913727084e-16,a1_station_hull_matched_sweep_free_surface_marching_not_benchmark_validated,41,8,24,10,3.0,2,16,15.0,False,none,0.0,1.0,1.0,1.0,trapezoid,1.0,1.0,-1.0,1.0,1.0,1.0,1.0,True,False,True,3.0,11,9,40,True,True,True,True,A1_GRID_RECOMMENDED,"A1 Section 3.3 recommends control radius about 3B, inner free-surface panels greater than 10, outer/free-surface proxy panels greater than 8, and roughly 60 stations at Fn=0.2 or 40 at Fn=0.3."
32,st41_bp8_fs24_cp10_r3p0_h2_fsm_clipfs_onezonefs_noend_pr1p0_pl1p0_pf1p0_pm1p0_dt1p0_fv1p0_hr1p0_hqtrapezoid_hp1p0_hc1p0_cim1p0_cp1p0_cn1p0_cd1p0_pg1p0,A35,OK,diagnostic_matched_wigley_sensitivity_not_hard_gate,wigley_iii,Fn0.4,0.4,2.1696064159197173,1.5,2.7120080198996463,-0.2,239.85000000000002,13,14,25,1.05,1.95,0.07500000000000001,-0.8681874999999999,0.8681874999999999,0.06362499999999982,0.0636250000000001,pitch,heave_force,0.44999999999999996,90.27358523788277,-2509.0038283890754,6.770518892841209,-188.17528712918067,0.0038379586604425277,0.00862990159827402,-0.0047919429378314934,0.2890859677235445,0.3930848112029003,-0.10399884347935578,0.0,0.2890859677235445,4.307871310559818,1.6244163411232209,0.13811813119638505,0.08188725762625247,0.6922345100755514,0.3523937725550833,6.201856987263683,25570.526705633863,9545.870123562696,11975.056081507173,4515.56589840177,13791.978427938408,5129.6510923964115,2.95538561149083,1.0233425074977296,0.05284257859499625,0.02487671096254749,advance_eq19_20,1.7147441858482495,0.549557390398855,1.6958041235681875,0.5875879014112806,0.9889545843418663,1.0692020736629964,107.99806268512654,5.401397638252672e-16,a1_station_hull_matched_sweep_free_surface_marching_not_benchmark_validated,41,8,24,10,3.0,2,16,15.0,False,none,0.0,1.0,1.0,1.0,trapezoid,1.0,1.0,-1.0,1.0,1.0,1.0,1.0,True,False,True,3.0,11,9,40,True,True,True,True,A1_GRID_RECOMMENDED,"A1 Section 3.3 recommends control radius about 3B, inner free-surface panels greater than 10, outer/free-surface proxy panels greater than 8, and roughly 60 stations at Fn=0.2 or 40 at Fn=0.3."
32,st41_bp8_fs24_cp10_r3p0_h2_fsm_clipfs_onezonefs_noend_pr1p0_pl1p0_pf1p0_pm1p0_dt1p0_fv1p0_hr1p0_hqtrapezoid_hp1p0_hc1p0_cim1p0_cp1p0_cn1p0_cd1p0_pg1p0,A35,OK,diagnostic_matched_wigley_sensitivity_not_hard_gate,wigley_iii,Fn0.4,0.4,2.1696064159197173,1.5,2.7120080198996463,-0.2,239.85000000000002,14,15,24,1.125,1.875,0.07499999999999996,-0.8683593749999999,0.8683593749999999,0.06328124999999996,0.06328125000000007,pitch,heave_force,0.375,-66.96004050811155,-2476.072125028969,-5.022003038108363,-185.70540937717257,-0.0028467891985732804,0.003541030881418621,-0.006387820079991901,0.2895815524544791,0.3991702774427465,-0.10958872498826747,0.0,0.2895815524544791,4.214954985058291,1.5829728060179997,0.12856417375010437,0.07530840630774592,0.659757358614459,0.32741695081434435,5.798370241472341,24513.256770820906,9129.587337199922,11716.76651606893,4400.3608188339595,12894.685809720759,4782.450811132762,2.999222346908846,1.0956042447160632,0.048996456525933596,0.02296080541500821,advance_eq19_20,1.722230330113322,0.5102556125330946,1.7083819821428414,0.5475226105989232,0.9919590616142677,1.0730359395378752,108.57779417676022,5.62401654905748e-16,a1_station_hull_matched_sweep_free_surface_marching_not_benchmark_validated,41,8,24,10,3.0,2,16,15.0,False,none,0.0,1.0,1.0,1.0,trapezoid,1.0,1.0,-1.0,1.0,1.0,1.0,1.0,True,False,True,3.0,11,9,40,True,True,True,True,A1_GRID_RECOMMENDED,"A1 Section 3.3 recommends control radius about 3B, inner free-surface panels greater than 10, outer/free-surface proxy panels greater than 8, and roughly 60 stations at Fn=0.2 or 40 at Fn=0.3."
32,st41_bp8_fs24_cp10_r3p0_h2_fsm_clipfs_onezonefs_noend_pr1p0_pl1p0_pf1p0_pm1p0_dt1p0_fv1p0_hr1p0_hqtrapezoid_hp1p0_hc1p0_cim1p0_cp1p0_cn1p0_cd1p0_pg1p0,A35,OK,diagnostic_matched_wigley_sensitivity_not_hard_gate,wigley_iii,Fn0.4,0.4,2.1696064159197173,1.5,2.7120080198996463,-0.2,239.85000000000002,15,16,23,1.2,1.8,0.07499999999999996,-0.8684999999999999,0.8684999999999998,0.06299999999999994,0.06300000000000008,pitch,heave_force,0.30000000000000004,-227.337977736237,-2421.482008849246,-17.050348330217766,-181.61115066369334,-0.009665216665551635,-0.0014615452495087239,-0.008203671416042913,0.2833255495224167,0.4002100202587015,-0.11688447073628486,0.0,0.2833255495224167,4.154706767116016,1.5545300718238724,0.11712040926293349,0.06763870512239091,0.6160739509507439,0.29729641520299177,5.403582356981681,23521.957255641577,8748.065945189246,11549.28802456872,4321.295472510553,12016.738124424493,4452.905996480206,3.0277078894204474,1.0969201202911525,0.04443592277971238,0.020726878159027556,advance_eq19_20,1.721917670917694,0.4744007589266543,1.7170174824094122,0.5086295016197229,0.997154226017281,1.0721515344336972,109.05701762428855,5.942337184572417e-16,a1_station_hull_matched_sweep_free_surface_marching_not_benchmark_validated,41,8,24,10,3.0,2,16,15.0,False,none,0.0,1.0,1.0,1.0,trapezoid,1.0,1.0,-1.0,1.0,1.0,1.0,1.0,True,False,True,3.0,11,9,40,True,True,True,True,A1_GRID_RECOMMENDED,"A1 Section 3.3 recommends control radius about 3B, inner free-surface panels greater than 10, outer/free-surface proxy panels greater than 8, and roughly 60 stations at Fn=0.2 or 40 at Fn=0.3."
32,st41_bp8_fs24_cp10_r3p0_h2_fsm_clipfs_onezonefs_noend_pr1p0_pl1p0_pf1p0_pm1p0_dt1p0_fv1p0_hr1p0_hqtrapezoid_hp1p0_hc1p0_cim1p0_cp1p0_cn1p0_cd1p0_pg1p0,A35,OK,diagnostic_matched_wigley_sensitivity_not_hard_gate,wigley_iii,Fn0.4,0.4,2.1696064159197173,1.5,2.7120080198996463,-0.2,239.85000000000002,16,17,22,1.275,1.725,0.07499999999999996,-0.8686093749999999,0.8686093749999999,0.0627812499999999,0.06278125000000001,pitch,heave_force,0.2250000000000001,-387.9791033101448,-2344.155111980289,-29.098432748260844,-175.81163339852156,-0.016494833518532124,-0.006269229655016653,-0.010225603863515469,0.2702455244303748,0.3963446328064389,-0.12609910837606406,0.0,0.2702455244303748,4.118115172588905,1.5358728191200182,0.10443516889680711,0.059320530507632016,0.5633672679751982,0.26374978032419516,5.0133615924480015,22577.924810280056,8391.910997440535,11447.570409304817,4269.431888074353,11148.947013208191,4134.529740263007,3.0347403557320405,1.160251447650895,0.03937675790156661,0.01828080769468351,advance_eq19_20,1.7105689087404337,0.4444418063195034,1.7177423931564693,0.4732443005619157,1.0041936249275791,1.0648059967196393,109.43283246067818,4.627326177757347e-16,a1_station_hull_matched_sweep_free_surface_marching_not_benchmark_validated,41,8,24,10,3.0,2,16,15.0,False,none,0.0,1.0,1.0,1.0,trapezoid,1.0,1.0,-1.0,1.0,1.0,1.0,1.0,True,False,True,3.0,11,9,40,True,True,True,True,A1_GRID_RECOMMENDED,"A1 Section 3.3 recommends control radius about 3B, inner free-surface panels greater than 10, outer/free-surface proxy panels greater than 8, and roughly 60 stations at Fn=0.2 or 40 at Fn=0.3."
32,st41_bp8_fs24_cp10_r3p0_h2_fsm_clipfs_onezonefs_noend_pr1p0_pl1p0_pf1p0_pm1p0_dt1p0_fv1p0_hr1p0_hqtrapezoid_hp1p0_hc1p0_cim1p0_cp1p0_cn1p0_cd1p0_pg1p0,A35,OK,diagnostic_matched_wigley_sensitivity_not_hard_gate,wigley_iii,Fn0.4,0.4,2.1696064159197173,1.5,2.7120080198996463,-0.2,239.85000000000002,17,18,21,1.3499999999999999,1.6500000000000001,0.07500000000000007,-0.8686874999999998,0.8686875,0.0626249999999999,0.06262500000000004,pitch,heave_force,0.15000000000000013,-545.2832918506514,-2243.7353915968324,-40.89624688879889,-168.28015436976258,-0.023182581336922452,-0.010777875551518646,-0.012404705785403803,0.2504068170026475,0.3878210802031712,-0.13741426320052366,0.0,0.2504068170026475,4.096016818213963,1.5238168549235536,0.09112785808835468,0.050765508732189546,0.5041021495229411,0.22844136171814164,4.627731265027797,21668.703995183874,8054.659711863276,11386.1412221561,4235.918619696207,10291.364329850492,3824.5825355235393,3.016854378336365,1.1102788578094056,0.03403845913389585,0.01572770336888984,advance_eq19_20,1.6858553689368854,0.4224918623605302,1.7074316065022834,0.4437516541611614,1.012798391821123,1.0503200030453825,109.70294068380586,6.292722781223936e-16,a1_station_hull_matched_sweep_free_surface_marching_not_benchmark_validated,41,8,24,10,3.0,2,16,15.0,False,none,0.0,1.0,1.0,1.0,trapezoid,1.0,1.0,-1.0,1.0,1.0,1.0,1.0,True,False,True,3.0,11,9,40,True,True,True,True,A1_GRID_RECOMMENDED,"A1 Section 3.3 recommends control radius about 3B, inner free-surface panels greater than 10, outer/free-surface proxy panels greater than 8, and roughly 60 stations at Fn=0.2 or 40 at Fn=0.3."
32,st41_bp8_fs24_cp10_r3p0_h2_fsm_clipfs_onezonefs_noend_pr1p0_pl1p0_pf1p0_pm1p0_dt1p0_fv1p0_hr1p0_hqtrapezoid_hp1p0_hc1p0_cim1p0_cp1p0_cn1p0_cd1p0_pg1p0,A35,OK,diagnostic_matched_wigley_sensitivity_not_hard_gate,wigley_iii,Fn0.4,0.4,2.1696064159197173,1.5,2.7120080198996463,-0.2,239.85000000000002,18,19,20,1.425,1.575,0.07500000000000007,-0.8687343749999998,0.868734375,0.06253124999999993,0.06253125000000004,pitch,heave_force,0.07499999999999996,-694.7908355940726,-2120.7710856149533,-52.10931266955549,-159.05783142112165,-0.029538856772305964,-0.014890478058340564,-0.014648378713965399,0.22404609794803323,0.3749869033982416,-0.1509408054502083,0.0,0.22404609794803323,4.079743896882169,1.5153746515359774,0.07775651549402991,0.04233437697463784,0.44082381058209424,0.19288933974815234,4.250218159289271,20785.69630458358,7731.722190568272,11340.905621668106,4212.450913321158,9451.833102138806,3523.162074652972,2.9699378037804296,1.17324929147514,0.028626632728622994,0.013164068079242907,advance_eq19_20,1.646352203933169,0.40978222453831936,1.6838504881814078,0.4221852826436405,1.0227765870259442,1.0302674380746872,109.86567790060892,4.782273829116528e-16,a1_station_hull_matched_sweep_free_surface_marching_not_benchmark_validated,41,8,24,10,3.0,2,16,15.0,False,none,0.0,1.0,1.0,1.0,trapezoid,1.0,1.0,-1.0,1.0,1.0,1.0,1.0,True,False,True,3.0,11,9,40,True,True,True,True,A1_GRID_RECOMMENDED,"A1 Section 3.3 recommends control radius about 3B, inner free-surface panels greater than 10, outer/free-surface proxy panels greater than 8, and roughly 60 stations at Fn=0.2 or 40 at Fn=0.3."
32,st41_bp8_fs24_cp10_r3p0_h2_fsm_clipfs_onezonefs_noend_pr1p0_pl1p0_pf1p0_pm1p0_dt1p0_fv1p0_hr1p0_hqtrapezoid_hp1p0_hc1p0_cim1p0_cp1p0_cn1p0_cd1p0_pg1p0,A35,OK,diagnostic_matched_wigley_sensitivity_not_hard_gate,wigley_iii,Fn0.4,0.4,2.1696064159197173,1.5,2.7120080198996463,-0.2,239.85000000000002,19,20,19,1.5,1.5,0.07499999999999996,-0.8687499999999999,0.8687499999999999,0.062499999999999944,0.06250000000000003,pitch,heave_force,0.0,-828.8057057278478,-1977.2131747893905,-62.16042792958855,-148.2909881092042,-0.035236465104827995,-0.018520291000244903,-0.016716174104583096,0.19165843700946628,0.3582815188689489,-0.16662308185948252,0.0,0.19165843700946628,4.061695676055736,1.507913449184961,0.06479706684402073,0.03432462983732499,0.37599927855580517,0.15840275667500447,3.8832548845705848,19914.609576153176,7417.6524323579015,11290.735029051244,4191.710201691756,8635.76308002132,3230.211006276024,2.8891094769607344,1.1226430096175684,0.023323212240101886,0.010673579664143335,advance_eq19_20,1.5914949599238872,0.4061237146942675,1.6456376326116613,0.4097194457332931,1.0340200088917426,1.0088537825025374,109.92003615667433,4.879521414326864e-16,a1_station_hull_matched_sweep_free_surface_marching_not_benchmark_validated,41,8,24,10,3.0,2,16,15.0,False,none,0.0,1.0,1.0,1.0,trapezoid,1.0,1.0,-1.0,1.0,1.0,1.0,1.0,True,False,True,3.0,11,9,40,True,True,True,True,A1_GRID_RECOMMENDED,"A1 Section 3.3 recommends control radius about 3B, inner free-surface panels greater than 10, outer/free-surface proxy panels greater than 8, and roughly 60 stations at Fn=0.2 or 40 at Fn=0.3."
32,st41_bp8_fs24_cp10_r3p0_h2_fsm_clipfs_onezonefs_noend_pr1p0_pl1p0_pf1p0_pm1p0_dt1p0_fv1p0_hr1p0_hqtrapezoid_hp1p0_hc1p0_cim1p0_cp1p0_cn1p0_cd1p0_pg1p0,A35,OK,diagnostic_matched_wigley_sensitivity_not_hard_gate,wigley_iii,Fn0.4,0.4,2.1696064159197173,1.5,2.7120080198996463,-0.2,239.85000000000002,20,21,18,1.575,1.425,0.07499999999999996,-0.8687343749999998,0.868734375,0.06253124999999993,0.06253125000000004,pitch,heave_force,-0.07499999999999996,-940.2431524170211,-1817.567117477357,-70.51823643127653,-136.3175338108017,-0.03997419998587087,-0.021596893280148185,-0.018377306705722685,0.15405310446411685,0.3382229267287523,-0.1841698222646354,0.0,0.15405310446411685,4.037358369251968,1.4997722551251098,0.052624511460497285,0.026959729523740497,0.31181225031654425,0.12725801141518106,3.531030307800502,19048.487360370593,7109.910687328062,11223.081983535802,4169.079243520333,7852.469660876216,2947.577956592222,2.7779400005564674,1.109448620253896,0.01828970356324173,0.008328840804713664,advance_eq19_20,1.521840646265371,0.4099717911758784,1.592567002330932,0.40632132257837433,1.0464742193863232,0.9910958054283837,109.86567790060924,6.95535949144619e-16,a1_station_hull_matched_sweep_free_surface_marching_not_benchmark_validated,41,8,24,10,3.0,2,16,15.0,False,none,0.0,1.0,1.0,1.0,trapezoid,1.0,1.0,-1.0,1.0,1.0,1.0,1.0,True,False,True,3.0,11,9,40,True,True,True,True,A1_GRID_RECOMMENDED,"A1 Section 3.3 recommends control radius about 3B, inner free-surface panels greater than 10, outer/free-surface proxy panels greater than 8, and roughly 60 stations at Fn=0.2 or 40 at Fn=0.3."
32,st41_bp8_fs24_cp10_r3p0_h2_fsm_clipfs_onezonefs_noend_pr1p0_pl1p0_pf1p0_pm1p0_dt1p0_fv1p0_hr1p0_hqtrapezoid_hp1p0_hc1p0_cim1p0_cp1p0_cn1p0_cd1p0_pg1p0,A35,OK,diagnostic_matched_wigley_sensitivity_not_hard_gate,wigley_iii,Fn0.4,0.4,2.1696064159197173,1.5,2.7120080198996463,-0.2,239.85000000000002,21,22,17,1.65,1.35,0.07499999999999996,-0.8686874999999998,0.8686875,0.0626249999999999,0.06262500000000004,pitch,heave_force,-0.1499999999999999,-1029.0900290904283,-1646.8645685211766,-77.18175218178207,-123.51484263908817,-0.043751502492284204,-0.02407402358564985,-0.019677478906634353,0.11219025322503931,0.31538746829585335,-0.20319721507081392,0.0,0.11219025322503931,4.003533432289056,1.4897316874920123,0.04151766831114226,0.02039415614491851,0.2501695090931774,0.10499985424687042,3.2091539945382768,18202.97832361063,6812.368022274121,11129.055145711887,4141.168391076396,7136.66612363025,2684.189437833495,2.645153422277061,1.090328691603693,0.013666551470830186,0.0061914139445947555,advance_eq19_20,1.4387145384180227,0.4187649345914808,1.5252610770884902,0.4104716651040443,1.0601554626435012,0.9801958836512259,109.70294068380586,5.360148439152821e-16,a1_station_hull_matched_sweep_free_surface_marching_not_benchmark_validated,41,8,24,10,3.0,2,16,15.0,False,none,0.0,1.0,1.0,1.0,trapezoid,1.0,1.0,-1.0,1.0,1.0,1.0,1.0,True,False,True,3.0,11,9,40,True,True,True,True,A1_GRID_RECOMMENDED,"A1 Section 3.3 recommends control radius about 3B, inner free-surface panels greater than 10, outer/free-surface proxy panels greater than 8, and roughly 60 stations at Fn=0.2 or 40 at Fn=0.3."
32,st41_bp8_fs24_cp10_r3p0_h2_fsm_clipfs_onezonefs_noend_pr1p0_pl1p0_pf1p0_pm1p0_dt1p0_fv1p0_hr1p0_hqtrapezoid_hp1p0_hc1p0_cim1p0_cp1p0_cn1p0_cd1p0_pg1p0,A35,OK,diagnostic_matched_wigley_sensitivity_not_hard_gate,wigley_iii,Fn0.4,0.4,2.1696064159197173,1.5,2.7120080198996463,-0.2,239.85000000000002,22,23,16,1.7249999999999999,1.2750000000000001,0.07499999999999996,-0.8686093749999999,0.8686093749999999,0.0627812499999999,0.06278125000000001,pitch,heave_force,-0.22499999999999987,-1096.429580955648,-1469.087628651744,-82.23221857167354,-110.18157214888073,-0.04661442652028639,-0.025924133802166262,-0.02069029271812013,0.06700728871875401,0.2903883896019453,-0.22338110088319116,0.0,0.06700728871875401,3.9563983847259148,1.4764234914876102,0.031676224355882285,0.01472425420840906,0.1927958436087379,0.08346447955147286,2.935785681514937,17391.046071142133,6527.810506351438,10998.028753027054,4104.174158424702,6528.736936639548,2449.9253398345472,2.4980518673471166,0.9726263954113809,0.009571705872382026,0.004311465554414181,advance_eq19_20,1.3437335440686082,0.4294651235512357,1.4447603262745938,0.41949480130472444,1.0751836423611878,0.9767843261309163,109.43283246067818,6.344747123216591e-16,a1_station_hull_matched_sweep_free_surface_marching_not_benchmark_validated,41,8,24,10,3.0,2,16,15.0,False,none,0.0,1.0,1.0,1.0,trapezoid,1.0,1.0,-1.0,1.0,1.0,1.0,1.0,True,False,True,3.0,11,9,40,True,True,True,True,A1_GRID_RECOMMENDED,"A1 Section 3.3 recommends control radius about 3B, inner free-surface panels greater than 10, outer/free-surface proxy panels greater than 8, and roughly 60 stations at Fn=0.2 or 40 at Fn=0.3."
32,st41_bp8_fs24_cp10_r3p0_h2_fsm_clipfs_onezonefs_noend_pr1p0_pl1p0_pf1p0_pm1p0_dt1p0_fv1p0_hr1p0_hqtrapezoid_hp1p0_hc1p0_cim1p0_cp1p0_cn1p0_cd1p0_pg1p0,A35,OK,diagnostic_matched_wigley_sensitivity_not_hard_gate,wigley_iii,Fn0.4,0.4,2.1696064159197173,1.5,2.7120080198996463,-0.2,239.85000000000002,23,24,15,1.7999999999999998,1.2000000000000002,0.07500000000000007,-0.8684999999999999,0.8684999999999998,0.06299999999999994,0.06300000000000008,pitch,heave_force,-0.2999999999999998,-1141.235280205775,-1288.4142653364124,-85.5926460154332,-96.63106990023101,-0.048519329499613864,-0.027138341519530065,-0.0213809879800838,0.019440410708803917,0.2638571519410971,-0.24441674123229307,0.0,0.019440410708803917,3.893196372550173,1.4588458005356473,0.023225110315494957,0.010688461289286532,0.1411651006647,0.06334677728581657,2.723194253645303,16614.67360480343,6256.024834712654,10822.339280035289,4055.3115486208353,6055.966217617169,2251.2110098495796,2.344611963191748,0.9933324418018059,0.006115057485463983,0.0027344776134476147,advance_eq19_20,1.2389808345459872,0.4392907497498601,1.3526647119015855,0.43043682371590575,1.0917559611785737,0.9798449522577111,109.05701762428855,4.3186506238779046e-16,a1_station_hull_matched_sweep_free_surface_marching_not_benchmark_validated,41,8,24,10,3.0,2,16,15.0,False,none,0.0,1.0,1.0,1.0,trapezoid,1.0,1.0,-1.0,1.0,1.0,1.0,1.0,True,False,True,3.0,11,9,40,True,True,True,True,A1_GRID_RECOMMENDED,"A1 Section 3.3 recommends control radius about 3B, inner free-surface panels greater than 10, outer/free-surface proxy panels greater than 8, and roughly 60 stations at Fn=0.2 or 40 at Fn=0.3."
32,st41_bp8_fs24_cp10_r3p0_h2_fsm_clipfs_onezonefs_noend_pr1p0_pl1p0_pf1p0_pm1p0_dt1p0_fv1p0_hr1p0_hqtrapezoid_hp1p0_hc1p0_cim1p0_cp1p0_cn1p0_cd1p0_pg1p0,A35,OK,diagnostic_matched_wigley_sensitivity_not_hard_gate,wigley_iii,Fn0.4,0.4,2.1696064159197173,1.5,2.7120080198996463,-0.2,239.85000000000002,24,25,14,1.875,1.125,0.07500000000000007,-0.8683593749999999,0.8683593749999999,0.06328124999999996,0.06328125000000007,pitch,heave_force,-0.375,-1163.0821725877522,-1109.1538116601719,-87.23116294408149,-83.18653587451297,-0.04944814460760161,-0.0277267563734271,-0.021721388234174514,-0.02954332634480389,0.23642460299461848,-0.26596792933942226,0.0,-0.02954332634480389,3.812249101989653,1.4363633704392513,0.0162341145288966,0.007674625756655452,0.09659384491122487,0.04522247167282401,2.579640527868124,15875.207007640198,5996.6944581639855,10597.321391912443,3992.8147046243694,5736.7247560299365,2092.9288993554537,2.1928559807243957,0.9360923337725618,0.0034667744634391353,0.0015321887661334935,advance_eq19_20,1.1268787436433074,0.44598722454682166,1.251013349455572,0.4406190780182684,1.1101579087479505,0.9879634522401219,108.57779417676022,5.33330288791825e-16,a1_station_hull_matched_sweep_free_surface_marching_not_benchmark_validated,41,8,24,10,3.0,2,16,15.0,False,none,0.0,1.0,1.0,1.0,trapezoid,1.0,1.0,-1.0,1.0,1.0,1.0,1.0,True,False,True,3.0,11,9,40,True,True,True,True,A1_GRID_RECOMMENDED,"A1 Section 3.3 recommends control radius about 3B, inner free-surface panels greater than 10, outer/free-surface proxy panels greater than 8, and roughly 60 stations at Fn=0.2 or 40 at Fn=0.3."
32,st41_bp8_fs24_cp10_r3p0_h2_fsm_clipfs_onezonefs_noend_pr1p0_pl1p0_pf1p0_pm1p0_dt1p0_fv1p0_hr1p0_hqtrapezoid_hp1p0_hc1p0_cim1p0_cp1p0_cn1p0_cd1p0_pg1p0,A35,OK,diagnostic_matched_wigley_sensitivity_not_hard_gate,wigley_iii,Fn0.4,0.4,2.1696064159197173,1.5,2.7120080198996463,-0.2,239.85000000000002,25,26,13,1.95,1.05,0.07499999999999996,-0.8681874999999999,0.8681874999999999,0.0636249999999999,0.06362500000000004,pitch,heave_force,-0.44999999999999996,-1162.2184121385853,-935.4814294311412,-87.16638091039385,-70.16110720733555,-0.04941142205041395,-0.02771775740149746,-0.02169366464891648,-0.07897310967381162,0.2087023461071562,-0.28767545578096776,0.0,-0.07897310967381162,3.7129246745438484,1.4086952841593787,0.010754177443729026,0.00511627845861112,0.06062787741928428,0.02956042104165251,2.5054048592119047,15172.200421916634,5749.073868588276,10321.218532012355,3915.902730940922,5571.636018448148,1982.8771092938093,2.051429432215522,0.8740650625659636,0.0021366460206148344,0.0009328290933499498,advance_eq19_20,1.0100567304753936,0.44788275366542807,1.1421559186625738,0.44790597984617037,1.1307839294581072,1.0000518577251574,107.99806268512636,5.871720953147328e-16,a1_station_hull_matched_sweep_free_surface_marching_not_benchmark_validated,41,8,24,10,3.0,2,16,15.0,False,none,0.0,1.0,1.0,1.0,trapezoid,1.0,1.0,-1.0,1.0,1.0,1.0,1.0,True,False,True,3.0,11,9,40,True,True,True,True,A1_GRID_RECOMMENDED,"A1 Section 3.3 recommends control radius about 3B, inner free-surface panels greater than 10, outer/free-surface proxy panels greater than 8, and roughly 60 stations at Fn=0.2 or 40 at Fn=0.3."
32,st41_bp8_fs24_cp10_r3p0_h2_fsm_clipfs_onezonefs_noend_pr1p0_pl1p0_pf1p0_pm1p0_dt1p0_fv1p0_hr1p0_hqtrapezoid_hp1p0_hc1p0_cim1p0_cp1p0_cn1p0_cd1p0_pg1p0,A35,OK,diagnostic_matched_wigley_sensitivity_not_hard_gate,wigley_iii,Fn0.4,0.4,2.1696064159197173,1.5,2.7120080198996463,-0.2,239.85000000000002,26,27,12,2.025,0.9750000000000001,0.07500000000000007,-0.8679843749999999,0.8679843749999999,0.06403124999999998,0.0640312500000001,pitch,heave_force,-0.5249999999999999,-1139.601995122458,-771.1594761846552,-85.47014963418442,-57.836960713849194,-0.048449890797096724,-0.02715608805333409,-0.021293802743762642,-0.12790376609756693,0.18126542337974047,-0.3091691894773073,0.0,-0.12790376609756693,3.5955471079718597,1.375889010302246,0.006889172001018165,0.003035636182786004,0.036464693708968265,0.01683192800766211,2.4913396157188603,14502.874495165594,5511.797761602378,9994.931407565331,3824.707581192265,5540.357074861066,2050.355705948013,1.9313076984018243,0.841530357021761,0.0025034985272458505,0.0011052144977500918,advance_eq19_20,0.8912163048465959,0.44385175023789675,1.0286198235896848,0.4507548702756657,1.154175274841656,1.0155527606550363,107.32128791426383,5.736652347245188e-16,a1_station_hull_matched_sweep_free_surface_marching_not_benchmark_validated,41,8,24,10,3.0,2,16,15.0,False,none,0.0,1.0,1.0,1.0,trapezoid,1.0,1.0,-1.0,1.0,1.0,1.0,1.0,True,False,True,3.0,11,9,40,True,True,True,True,A1_GRID_RECOMMENDED,"A1 Section 3.3 recommends control radius about 3B, inner free-surface panels greater than 10, outer/free-surface proxy panels greater than 8, and roughly 60 stations at Fn=0.2 or 40 at Fn=0.3."
32,st41_bp8_fs24_cp10_r3p0_h2_fsm_clipfs_onezonefs_noend_pr1p0_pl1p0_pf1p0_pm1p0_dt1p0_fv1p0_hr1p0_hqtrapezoid_hp1p0_hc1p0_cim1p0_cp1p0_cn1p0_cd1p0_pg1p0,A35,OK,diagnostic_matched_wigley_sensitivity_not_hard_gate,wigley_iii,Fn0.4,0.4,2.1696064159197173,1.5,2.7120080198996463,-0.2,239.85000000000002,27,28,11,2.1,0.8999999999999999,0.07499999999999996,-0.8677499999999999,0.8677499999999999,0.06449999999999989,0.06450000000000003,pitch,heave_force,-0.6000000000000001,-1096.8762597283721,-619.3103289944966,-82.26571947962786,-46.44827467458722,-0.04663341695541418,-0.026099889605287006,-0.020533527350127173,-0.1754454199738225,0.15463743455042983,-0.33008285452425223,0.0,-0.1754454199738225,3.4612458301869413,1.3382836268746405,0.004849752076193218,0.002448028291210619,0.02999666115335877,0.011582446511233491,2.5215266545820705,13862.464768607997,5282.866905030331,9621.599611568974,3720.171827209021,5607.488417886187,2148.9774488879625,1.8464565953184806,0.7681535414847814,0.0033061536297956753,0.0014637777817966277,advance_eq19_20,0.7729915324880248,0.43327316788626846,0.9129747522490493,0.44816635518101866,1.1810928242777268,1.0343736663117333,106.55145429053415,5.965555553280454e-16,a1_station_hull_matched_sweep_free_surface_marching_not_benchmark_validated,41,8,24,10,3.0,2,16,15.0,False,none,0.0,1.0,1.0,1.0,trapezoid,1.0,1.0,-1.0,1.0,1.0,1.0,1.0,True,False,True,3.0,11,9,40,True,True,True,True,A1_GRID_RECOMMENDED,"A1 Section 3.3 recommends control radius about 3B, inner free-surface panels greater than 10, outer/free-surface proxy panels greater than 8, and roughly 60 stations at Fn=0.2 or 40 at Fn=0.3."
32,st41_bp8_fs24_cp10_r3p0_h2_fsm_clipfs_onezonefs_noend_pr1p0_pl1p0_pf1p0_pm1p0_dt1p0_fv1p0_hr1p0_hqtrapezoid_hp1p0_hc1p0_cim1p0_cp1p0_cn1p0_cd1p0_pg1p0,A35,OK,diagnostic_matched_wigley_sensitivity_not_hard_gate,wigley_iii,Fn0.4,0.4,2.1696064159197173,1.5,2.7120080198996463,-0.2,239.85000000000002,28,29,10,2.175,0.8250000000000002,0.07499999999999996,-0.8674843749999999,0.8674843749999999,0.06503124999999987,0.0650312500000001,pitch,heave_force,-0.6749999999999998,-1036.258934256014,-482.31745022684026,-77.719420069201,-36.173808767013,-0.0440562866835141,-0.024617079094514483,-0.019439207588999616,-0.22079027179328647,0.12927895020052918,-0.3500692219938156,0.0,-0.22079027179328647,3.311763884319608,1.2964727254363033,0.0044861210763434065,0.0021160761767985937,0.03645347148338274,0.013970006378910877,2.5782456186067386,13245.32473314266,5059.747534095781,9206.068469646003,3603.945539688517,5733.622691844733,2260.9816393483534,1.8098058388058438,0.6684631133359644,0.003855190587905859,0.0017035033838581346,advance_eq19_20,0.6578012055435761,0.41601322718377515,0.7976914530186076,0.43962725131152164,1.2126634100030764,1.056762676243741,105.69301673551156,6.057500941769881e-16,a1_station_hull_matched_sweep_free_surface_marching_not_benchmark_validated,41,8,24,10,3.0,2,16,15.0,False,none,0.0,1.0,1.0,1.0,trapezoid,1.0,1.0,-1.0,1.0,1.0,1.0,1.0,True,False,True,3.0,11,9,40,True,True,True,True,A1_GRID_RECOMMENDED,"A1 Section 3.3 recommends control radius about 3B, inner free-surface panels greater than 10, outer/free-surface proxy panels greater than 8, and roughly 60 stations at Fn=0.2 or 40 at Fn=0.3."
32,st41_bp8_fs24_cp10_r3p0_h2_fsm_clipfs_onezonefs_noend_pr1p0_pl1p0_pf1p0_pm1p0_dt1p0_fv1p0_hr1p0_hqtrapezoid_hp1p0_hc1p0_cim1p0_cp1p0_cn1p0_cd1p0_pg1p0,A35,OK,diagnostic_matched_wigley_sensitivity_not_hard_gate,wigley_iii,Fn0.4,0.4,2.1696064159197173,1.5,2.7120080198996463,-0.2,239.85000000000002,29,30,9,2.25,0.75,0.07499999999999996,-0.8671874999999999,0.8671874999999999,0.06562499999999982,0.0656250000000001,pitch,heave_force,-0.75,-960.3175785806441,-361.94664193709514,-72.02381839354827,-27.145998145282118,-0.040827659140562335,-0.022781779084105322,-0.018045880056457013,-0.2632322447053248,0.1055795211112192,-0.36881176581654396,0.0,-0.2632322447053248,3.149278401733312,1.251292634804422,0.004812269933922305,0.002054103043320625,0.04377799979894953,0.016284753158995535,2.645703407856639,12646.055174700297,4839.357382941035,8754.38998945742,3478.353552351725,5883.638465514084,2373.5906927318492,1.8246483002389342,0.7445898231376658,0.004059317569241284,0.0017880167454738883,advance_eq19_20,0.5476932476424181,0.3923958804119639,0.6849872641515122,0.4250832138729719,1.2506768471221534,1.083301928212627,104.75084920458065,7.616579695528518e-16,a1_station_hull_matched_sweep_free_surface_marching_not_benchmark_validated,41,8,24,10,3.0,2,16,15.0,False,none,0.0,1.0,1.0,1.0,trapezoid,1.0,1.0,-1.0,1.0,1.0,1.0,1.0,True,False,True,3.0,11,9,40,True,True,True,True,A1_GRID_RECOMMENDED,"A1 Section 3.3 recommends control radius about 3B, inner free-surface panels greater than 10, outer/free-surface proxy panels greater than 8, and roughly 60 stations at Fn=0.2 or 40 at Fn=0.3."
32,st41_bp8_fs24_cp10_r3p0_h2_fsm_clipfs_onezonefs_noend_pr1p0_pl1p0_pf1p0_pm1p0_dt1p0_fv1p0_hr1p0_hqtrapezoid_hp1p0_hc1p0_cim1p0_cp1p0_cn1p0_cd1p0_pg1p0,A35,OK,diagnostic_matched_wigley_sensitivity_not_hard_gate,wigley_iii,Fn0.4,0.4,2.1696064159197173,1.5,2.7120080198996463,-0.2,239.85000000000002,30,31,8,2.3249999999999997,0.6750000000000003,0.07499999999999996,-0.866859375,0.866859375,0.06628124999999996,0.06628125000000007,pitch,heave_force,-0.8249999999999997,-871.5926022964462,-259.80867438976213,-65.36944517223343,-19.48565057923215,-0.03705553919838686,-0.02067181595382721,-0.01638372324455965,-0.3021738438747993,0.08385272359225299,-0.3860265674670523,0.0,-0.3021738438747993,2.97635001509385,1.203893360761639,0.005056983122687294,0.0021536459759863235,0.047821911412346346,0.01699605602592625,2.7099685126543203,12059.077775981767,4617.455069786444,8273.682238737028,3346.592660726741,6026.554198795107,2478.185034450418,1.8805256909448145,0.8169002258589478,0.003967219552958163,0.0017408590902618988,advance_eq19_20,0.44420220221338175,0.36306381734133475,0.5766558342988967,0.40489815379938854,1.2981831954581082,1.1152258486246323,103.73019523740956,6.18567891807895e-16,a1_station_hull_matched_sweep_free_surface_marching_not_benchmark_validated,41,8,24,10,3.0,2,16,15.0,False,none,0.0,1.0,1.0,1.0,trapezoid,1.0,1.0,-1.0,1.0,1.0,1.0,1.0,True,False,True,3.0,11,9,40,True,True,True,True,A1_GRID_RECOMMENDED,"A1 Section 3.3 recommends control radius about 3B, inner free-surface panels greater than 10, outer/free-surface proxy panels greater than 8, and roughly 60 stations at Fn=0.2 or 40 at Fn=0.3."
32,st41_bp8_fs24_cp10_r3p0_h2_fsm_clipfs_onezonefs_noend_pr1p0_pl1p0_pf1p0_pm1p0_dt1p0_fv1p0_hr1p0_hqtrapezoid_hp1p0_hc1p0_cim1p0_cp1p0_cn1p0_cd1p0_pg1p0,A35,OK,diagnostic_matched_wigley_sensitivity_not_hard_gate,wigley_iii,Fn0.4,0.4,2.1696064159197173,1.5,2.7120080198996463,-0.2,239.85000000000002,31,32,7,2.4,0.6000000000000001,0.07500000000000018,-0.8664999999999999,0.8664999999999998,0.06699999999999995,0.06700000000000006,pitch,heave_force,-0.8999999999999999,-771.9799505955034,-178.3751867514532,-57.89849629466289,-13.378139006359023,-0.0328205324876438,-0.018368646399854787,-0.014451886087789013,-0.33711187971781464,0.06433249241541196,-0.4014443721332266,0.0,-0.33711187971781464,2.7962463908301434,1.1560236542937419,0.005003453830250261,0.002022634667897908,0.0481971577464219,0.016379863592534745,2.753448482595109,11473.624986771916,4386.626089633755,7773.028703485459,3213.5240571792824,6123.246981086327,2566.044688903951,1.9630419736142573,0.9884550374977477,0.0036772313636798076,0.001605839984787216,advance_eq19_20,0.3482808466664383,0.328623756798113,0.4739060302315865,0.37966662034248155,1.3607008101868552,1.1553231088394083,102.63663006147284,5.573537620289097e-16,a1_station_hull_matched_sweep_free_surface_marching_not_benchmark_validated,41,8,24,10,3.0,2,16,15.0,False,none,0.0,1.0,1.0,1.0,trapezoid,1.0,1.0,-1.0,1.0,1.0,1.0,1.0,True,False,True,3.0,11,9,40,True,True,True,True,A1_GRID_RECOMMENDED,"A1 Section 3.3 recommends control radius about 3B, inner free-surface panels greater than 10, outer/free-surface proxy panels greater than 8, and roughly 60 stations at Fn=0.2 or 40 at Fn=0.3."
32,st41_bp8_fs24_cp10_r3p0_h2_fsm_clipfs_onezonefs_noend_pr1p0_pl1p0_pf1p0_pm1p0_dt1p0_fv1p0_hr1p0_hqtrapezoid_hp1p0_hc1p0_cim1p0_cp1p0_cn1p0_cd1p0_pg1p0,A35,OK,diagnostic_matched_wigley_sensitivity_not_hard_gate,wigley_iii,Fn0.4,0.4,2.1696064159197173,1.5,2.7120080198996463,-0.2,239.85000000000002,32,33,6,2.475,0.5249999999999999,0.07499999999999996,-0.866109375,0.866109375,0.06778124999999988,0.06778125000000013,pitch,heave_force,-0.9750000000000001,-661.5748039773357,-123.12866086793315,-49.618110298300145,-9.234649565094982,-0.02812668558321382,-0.015961671711518695,-0.012165013871695125,-0.3675854887532435,0.04716733335972519,-0.41475282211296866,0.0,-0.3675854887532435,2.6142013997674654,1.1108627930508514,0.004687407855709847,0.0017392914992108055,0.04567303197300738,0.01484231394267647,2.7408383700402497,10858.79910568984,4133.0058592854375,7266.978540847304,3087.9855238560813,6095.204025454223,2619.66019071161,2.071490806792606,1.0374361945421853,0.0033202817941602593,0.0014388993290180578,advance_eq19_20,0.2604118617882218,0.28908464716096244,0.37729307894826924,0.34971849346081213,1.4488321551769416,1.2097442631261173,101.4760582021312,4.840987271197632e-16,a1_station_hull_matched_sweep_free_surface_marching_not_benchmark_validated,41,8,24,10,3.0,2,16,15.0,False,none,0.0,1.0,1.0,1.0,trapezoid,1.0,1.0,-1.0,1.0,1.0,1.0,1.0,True,False,True,3.0,11,9,40,True,True,True,True,A1_GRID_RECOMMENDED,"A1 Section 3.3 recommends control radius about 3B, inner free-surface panels greater than 10, outer/free-surface proxy panels greater than 8, and roughly 60 stations at Fn=0.2 or 40 at Fn=0.3."
32,st41_bp8_fs24_cp10_r3p0_h2_fsm_clipfs_onezonefs_noend_pr1p0_pl1p0_pf1p0_pm1p0_dt1p0_fv1p0_hr1p0_hqtrapezoid_hp1p0_hc1p0_cim1p0_cp1p0_cn1p0_cd1p0_pg1p0,A35,OK,diagnostic_matched_wigley_sensitivity_not_hard_gate,wigley_iii,Fn0.4,0.4,2.1696064159197173,1.5,2.7120080198996463,-0.2,239.85000000000002,33,34,5,2.55,0.4500000000000002,0.07499999999999996,-0.8656874999999999,0.8656874999999999,0.06862499999999994,0.06862500000000005,pitch,heave_force,-1.0499999999999998,-535.4665415472147,-108.51889638198736,-40.15999061604108,-8.138917228649047,-0.02276522467887904,-0.013560943445079139,-0.0092042812337999,-0.39303144388428984,0.03240602578142632,-0.4254374696657162,0.0,-0.39303144388428984,2.4411727952221063,1.0754000973102749,0.0043094786025963715,0.0013814825016681674,0.04161069943138206,0.013282430190883574,2.5914792042790267,10137.331026031781,3852.730511611655,6785.99220356827,2989.406030718984,5763.052156034458,2592.838101587772,2.2234795172090025,1.1328671883162935,0.0033839266315128834,0.0014497802487300256,advance_eq19_20,0.181009764246672,0.2433492050193594,0.28689169801753966,0.31432604602137615,1.584951503646933,1.291666623675102,100.2548122089833,6.385831148317449e-16,a1_station_hull_matched_sweep_free_surface_marching_not_benchmark_validated,41,8,24,10,3.0,2,16,15.0,False,none,0.0,1.0,1.0,1.0,trapezoid,1.0,1.0,-1.0,1.0,1.0,1.0,1.0,True,False,True,3.0,11,9,40,True,True,True,True,A1_GRID_RECOMMENDED,"A1 Section 3.3 recommends control radius about 3B, inner free-surface panels greater than 10, outer/free-surface proxy panels greater than 8, and roughly 60 stations at Fn=0.2 or 40 at Fn=0.3."
32,st41_bp8_fs24_cp10_r3p0_h2_fsm_clipfs_onezonefs_noend_pr1p0_pl1p0_pf1p0_pm1p0_dt1p0_fv1p0_hr1p0_hqtrapezoid_hp1p0_hc1p0_cim1p0_cp1p0_cn1p0_cd1p0_pg1p0,A35,OK,diagnostic_matched_wigley_sensitivity_not_hard_gate,wigley_iii,Fn0.4,0.4,2.1696064159197173,1.5,2.7120080198996463,-0.2,239.85000000000002,34,35,4,2.625,0.375,0.07499999999999996,-0.8652343749999999,0.8652343749999999,0.06953124999999993,0.06953125000000009,pitch,heave_force,-1.125,-367.0586878498036,-187.3505631485901,-27.529401588735254,-14.051292236144251,-0.015605407342707898,-0.011334368423978454,-0.004271038918729442,-0.41221675989508333,0.019958369846897486,-0.43217512974198086,0.0,-0.41221675989508333,2.3063199994396806,1.0684473202148472,0.004420539595168939,0.0016457122443100634,0.038052506560219426,0.012696697293640471,2.3000143735019454,9398.64088466455,3989.442381028441,6411.127293308746,2970.078643794525,5114.879089993823,2325.791975265587,2.4313311735772185,1.50431968399341,0.005799307579510723,0.0024450948887866377,advance_eq19_20,0.1111375817174205,0.18915753381051786,0.20286696482277786,0.2710237275598285,1.8253678160695397,1.4327937254210414,98.98004886155589,4.716025080066101e-16,a1_station_hull_matched_sweep_free_surface_marching_not_benchmark_validated,41,8,24,10,3.0,2,16,15.0,False,none,0.0,1.0,1.0,1.0,trapezoid,1.0,1.0,-1.0,1.0,1.0,1.0,1.0,True,False,True,3.0,11,9,40,True,True,True,True,A1_GRID_RECOMMENDED,"A1 Section 3.3 recommends control radius about 3B, inner free-surface panels greater than 10, outer/free-surface proxy panels greater than 8, and roughly 60 stations at Fn=0.2 or 40 at Fn=0.3."
32,st41_bp8_fs24_cp10_r3p0_h2_fsm_clipfs_onezonefs_noend_pr1p0_pl1p0_pf1p0_pm1p0_dt1p0_fv1p0_hr1p0_hqtrapezoid_hp1p0_hc1p0_cim1p0_cp1p0_cn1p0_cd1p0_pg1p0,A35,OK,diagnostic_matched_wigley_sensitivity_not_hard_gate,wigley_iii,Fn0.4,0.4,2.1696064159197173,1.5,2.7120080198996463,-0.2,239.85000000000002,35,36,3,2.6999999999999997,0.30000000000000027,0.07499999999999996,-0.8647499999999999,0.8647499999999999,0.0704999999999999,0.07050000000000001,pitch,heave_force,-1.1999999999999997,101.63605576970141,-805.1374855329525,7.622704182727602,-60.385311414971405,0.004321031223326803,-0.009686289595888027,0.014007320819214825,-0.41785894795477396,0.009448040836964275,-0.42730698879173823,0.0,-0.41785894795477396,2.319841785371325,1.1612114561321432,0.0044547168252008365,0.0020576609111189648,0.043531884908802,0.015356572492848821,8.897613088194662,21424.083603859468,14148.139371041621,6448.715264995982,3227.9451513754616,19786.92640358135,13513.861770476216,2.6908472779869324,1.830555606095144,0.000476356197048093,0.00022317374673216597,advance_eq19_20,0.05343648484185685,0.12291582386586873,0.126469858181422,0.21567205716758064,2.3667323656431467,1.754632157068171,97.66111149943443,8.089683959090505e-16,a1_station_hull_matched_sweep_free_surface_marching_not_benchmark_validated,41,8,24,10,3.0,2,16,15.0,False,none,0.0,1.0,1.0,1.0,trapezoid,1.0,1.0,-1.0,1.0,1.0,1.0,1.0,True,False,True,3.0,11,9,40,True,True,True,True,A1_GRID_RECOMMENDED,"A1 Section 3.3 recommends control radius about 3B, inner free-surface panels greater than 10, outer/free-surface proxy panels greater than 8, and roughly 60 stations at Fn=0.2 or 40 at Fn=0.3."
32,st41_bp8_fs24_cp10_r3p0_h2_fsm_clipfs_onezonefs_noend_pr1p0_pl1p0_pf1p0_pm1p0_dt1p0_fv1p0_hr1p0_hqtrapezoid_hp1p0_hc1p0_cim1p0_cp1p0_cn1p0_cd1p0_pg1p0,A35,OK,diagnostic_matched_wigley_sensitivity_not_hard_gate,wigley_iii,Fn0.4,0.4,2.1696064159197173,1.5,2.7120080198996463,-0.2,239.85000000000002,36,37,2,2.775,0.2250000000000001,0.07500000000000018,-0.8642343749999999,0.8642343749999999,0.07153124999999994,0.07153125000000005,pitch,heave_force,-1.275,-1152.2715025318703,1220.8915827483763,-86.42036268989048,91.56686870612845,-0.04898853170248858,-0.011351359123946893,-0.03763717257854168,-0.4401926981943548,-0.0010707835229531982,-0.4391219146714016,0.0,-0.4401926981943548,3.4438952755167986,1.9772008830508165,0.011126108779935261,0.005715078814808086,0.09685806665590409,0.036795915579093494,23.077286468759876,52279.965705837945,32642.801218360826,9573.368397068461,5496.239268081139,51320.34450425467,32167.025814747576,3.3688690076165853,2.3755036895973722,0.003956258840799364,0.0016388387162935992,advance_eq19_20,0.013573482482118624,0.030649823166016294,0.06128873640579116,0.14260278193852186,4.515328802798504,4.6526461561003725,96.3146992237131,7.389491343030744e-16,a1_station_hull_matched_sweep_free_surface_marching_not_benchmark_validated,41,8,24,10,3.0,2,16,15.0,False,none,0.0,1.0,1.0,1.0,trapezoid,1.0,1.0,-1.0,1.0,1.0,1.0,1.0,True,False,True,3.0,11,9,40,True,True,True,True,A1_GRID_RECOMMENDED,"A1 Section 3.3 recommends control radius about 3B, inner free-surface panels greater than 10, outer/free-surface proxy panels greater than 8, and roughly 60 stations at Fn=0.2 or 40 at Fn=0.3."
32,st41_bp8_fs24_cp10_r3p0_h2_fsm_clipfs_onezonefs_noend_pr1p0_pl1p0_pf1p0_pm1p0_dt1p0_fv1p0_hr1p0_hqtrapezoid_hp1p0_hc1p0_cim1p0_cp1p0_cn1p0_cd1p0_pg1p0,A35,OK,diagnostic_matched_wigley_sensitivity_not_hard_gate,wigley_iii,Fn0.4,0.4,2.1696064159197173,1.5,2.7120080198996463,-0.2,239.85000000000002,37,38,1,2.85,0.1499999999999999,0.07499999999999996,-0.8636874999999999,0.8636874999999999,0.07262499999999994,0.07262500000000005,pitch,heave_force,-1.35,-398.40013057583326,736.2399959866037,-29.880009793187476,55.21799969899525,-0.016937880858899333,0.002483763687333398,-0.019421644546232728,-0.4731559044750488,-0.005504581241259941,-0.46765132323378883,0.0,-0.4731559044750488,1.43221353413533,1.0091236506415462,0.012135893198767404,0.006338434019683901,0.0882244513306176,0.035375632981503716,19.97339276698417,44513.25057355882,31178.440974890753,3981.278955553427,2805.170219450539,44417.761122306656,31112.840214142565,0.6708003811281759,0.27559739916633275,0.00040155465276365843,0.000162958408037045,advance_eq19_20,0.0044184454098644185,0.013033723727787267,0.015038579612258024,0.03290814614517553,3.4035906789033947,2.524846071043915,94.99248929002074,6.842242642825246e-16,a1_station_hull_matched_sweep_free_surface_marching_not_benchmark_validated,41,8,24,10,3.0,2,16,15.0,False,none,0.0,1.0,1.0,1.0,trapezoid,1.0,1.0,-1.0,1.0,1.0,1.0,1.0,True,False,True,3.0,11,9,40,True,True,True,True,A1_GRID_RECOMMENDED,"A1 Section 3.3 recommends control radius about 3B, inner free-surface panels greater than 10, outer/free-surface proxy panels greater than 8, and roughly 60 stations at Fn=0.2 or 40 at Fn=0.3."
32,st41_bp8_fs24_cp10_r3p0_h2_fsm_clipfs_onezonefs_noend_pr1p0_pl1p0_pf1p0_pm1p0_dt1p0_fv1p0_hr1p0_hqtrapezoid_hp1p0_hc1p0_cim1p0_cp1p0_cn1p0_cd1p0_pg1p0,A35,OK,diagnostic_matched_wigley_sensitivity_not_hard_gate,wigley_iii,Fn0.4,0.4,2.1696064159197173,1.5,2.7120080198996463,-0.2,239.85000000000002,38,39,0,2.925,0.07500000000000018,0.03749999999999987,-0.8631093749999998,0.8631093749999998,0.07378124999999991,0.07378125000000002,pitch,heave_force,-1.4249999999999998,915.1251129473937,-1599.2219772863662,34.317191735527146,-59.97082414823852,0.019453156443104268,-0.000568670766354187,0.020021827209458453,-0.46217168846139417,-0.004831370163947433,-0.45734031829744665,0.0,-0.46217168846139417,1.6579032830058398,0.9666532910825475,0.0018833720719516652,0.001009887824274259,0.01043859296252593,0.004723054311447162,70.21411167344492,156184.91062045572,83761.24366607491,4608.653174723036,2687.1107648252128,156145.41185417984,83749.3917286762,0.9221464228664561,0.6503798542164918,0.0,0.0,initialize_eq21_22,0.0,0.0,0.005403201696483133,0.01593860093874818,,,113.95001957184003,1.8064376541675327e-15,a1_station_hull_matched_sweep_free_surface_marching_not_benchmark_validated,41,8,24,10,3.0,2,16,15.0,False,none,0.0,1.0,1.0,1.0,trapezoid,1.0,1.0,-1.0,1.0,1.0,1.0,1.0,True,False,True,3.0,11,9,40,True,True,True,True,A1_GRID_RECOMMENDED,"A1 Section 3.3 recommends control radius about 3B, inner free-surface panels greater than 10, outer/free-surface proxy panels greater than 8, and roughly 60 stations at Fn=0.2 or 40 at Fn=0.3."
32,st41_bp8_fs24_cp10_r3p0_h2_fsm_clipfs_onezonefs_noend_pr1p0_pl1p0_pf1p0_pm1p0_dt1p0_fv1p0_hr1p0_hqtrapezoid_hp1p0_hc1p0_ci1p0_cp1p0_cnm1p0_cd1p0_pg1p0,A35,OK,diagnostic_matched_wigley_sensitivity_not_hard_gate,wigley_iii,Fn0.4,0.4,2.1696064159197173,1.5,2.7120080198996463,-0.2,239.85000000000002,0,1,38,0.075,2.925,0.0375,-0.8631093749999998,0.8631093749999998,0.07378124999999991,0.07378125000000002,pitch,heave_force,1.425,-1044616071700497.9,1754137262472421.2,-39173102688768.67,65780147342715.8,-22205794134.882458,-1432957529.0168998,-20772836605.86556,0.0,0.0,0.0,0.0,0.0,4184058478966.2837,2428341660834.198,4390805204225.1313,2818128485057.268,25659632496233.402,18124780194551.55,90565247110002.66,2.0173877235744406e+17,1.1366323593965109e+17,1.163088015445282e+16,6750324110719741.0,2.0140321471894678e+17,1.1346261203000725e+17,38130069004077.54,17592555620439.496,505593111254.2111,266366222037.64062,advance_eq19_20,527602650993.60754,923190128692.3367,1287220744287.2124,2240842958118.8086,2.439754125312021,2.4272821908233317,690.6987294891596,4.701326154795784e-15,a1_station_hull_matched_sweep_free_surface_marching_not_benchmark_validated,41,8,24,10,3.0,2,16,15.0,False,none,0.0,1.0,1.0,1.0,trapezoid,1.0,1.0,1.0,1.0,-1.0,1.0,1.0,True,False,True,3.0,11,9,40,True,True,True,True,A1_GRID_RECOMMENDED,"A1 Section 3.3 recommends control radius about 3B, inner free-surface panels greater than 10, outer/free-surface proxy panels greater than 8, and roughly 60 stations at Fn=0.2 or 40 at Fn=0.3."
32,st41_bp8_fs24_cp10_r3p0_h2_fsm_clipfs_onezonefs_noend_pr1p0_pl1p0_pf1p0_pm1p0_dt1p0_fv1p0_hr1p0_hqtrapezoid_hp1p0_hc1p0_ci1p0_cp1p0_cnm1p0_cd1p0_pg1p0,A35,OK,diagnostic_matched_wigley_sensitivity_not_hard_gate,wigley_iii,Fn0.4,0.4,2.1696064159197173,1.5,2.7120080198996463,-0.2,239.85000000000002,1,2,37,0.15,2.85,0.07499999999999998,-0.8636874999999999,0.8636874999999999,0.07262499999999991,0.07262500000000005,pitch,heave_force,1.35,-263345755865801.0,622181375601880.8,-19750931689935.07,46663603170141.05,-11196078252.044382,2494559723.0779066,-13690637975.12229,-27803833260.90465,-185677667.47794592,-27618155593.426704,0.0,-27803833260.90465,1358726822479.3613,957791218050.7094,1919349298324.93,1162367561259.9731,10407311338921.725,7356425896671.6045,26693565997664.06,5.948243195302133e+16,3.411661013072574e+16,3776999990402210.5,2662475901361549.0,5.936239535361605e+16,3.4116199277077896e+16,16099439670089.588,7232351410416.0,198908885137.9998,107003796751.43245,advance_eq19_20,216342223859.1589,374282173568.4861,531549827749.443,930140136559.6569,2.456986057864911,2.4851307442497257,467.1647912208976,6.2083782775360115e-15,a1_station_hull_matched_sweep_free_surface_marching_not_benchmark_validated,41,8,24,10,3.0,2,16,15.0,False,none,0.0,1.0,1.0,1.0,trapezoid,1.0,1.0,1.0,1.0,-1.0,1.0,1.0,True,False,True,3.0,11,9,40,True,True,True,True,A1_GRID_RECOMMENDED,"A1 Section 3.3 recommends control radius about 3B, inner free-surface panels greater than 10, outer/free-surface proxy panels greater than 8, and roughly 60 stations at Fn=0.2 or 40 at Fn=0.3."
32,st41_bp8_fs24_cp10_r3p0_h2_fsm_clipfs_onezonefs_noend_pr1p0_pl1p0_pf1p0_pm1p0_dt1p0_fv1p0_hr1p0_hqtrapezoid_hp1p0_hc1p0_ci1p0_cp1p0_cnm1p0_cd1p0_pg1p0,A35,OK,diagnostic_matched_wigley_sensitivity_not_hard_gate,wigley_iii,Fn0.4,0.4,2.1696064159197173,1.5,2.7120080198996463,-0.2,239.85000000000002,2,3,36,0.22499999999999998,2.775,0.075,-0.8642343749999999,0.8642343749999999,0.07153124999999994,0.07153125000000006,pitch,heave_force,1.275,236008571439750.03,-508918489407417.75,17700642857981.25,-38168886705556.33,10033844765.431421,-1365483376.6239078,11399328142.05533,-28384950004.211132,378860505.74905384,-28763810509.960182,0.0,-28384950004.211132,400492266254.63824,230253708694.15414,716298740865.2399,470515423693.8188,4342214809623.1904,3063234780372.011,9563761666745.494,2.1297456347497492e+16,1.4981810012084352e+16,1113291693940122.4,640061152204937.6,2.1268338639310524e+16,1.496813124471191e+16,6389378940646.288,2929497539179.389,82627700520.71483,44317178154.73831,advance_eq19_20,90104978178.89262,156115824532.84155,217892210877.04483,376968895106.5363,2.418203913711027,2.4146744651579803,461.5326042201192,5.575372359820875e-15,a1_station_hull_matched_sweep_free_surface_marching_not_benchmark_validated,41,8,24,10,3.0,2,16,15.0,False,none,0.0,1.0,1.0,1.0,trapezoid,1.0,1.0,1.0,1.0,-1.0,1.0,1.0,True,False,True,3.0,11,9,40,True,True,True,True,A1_GRID_RECOMMENDED,"A1 Section 3.3 recommends control radius about 3B, inner free-surface panels greater than 10, outer/free-surface proxy panels greater than 8, and roughly 60 stations at Fn=0.2 or 40 at Fn=0.3."
32,st41_bp8_fs24_cp10_r3p0_h2_fsm_clipfs_onezonefs_noend_pr1p0_pl1p0_pf1p0_pm1p0_dt1p0_fv1p0_hr1p0_hqtrapezoid_hp1p0_hc1p0_ci1p0_cp1p0_cnm1p0_cd1p0_pg1p0,A35,OK,diagnostic_matched_wigley_sensitivity_not_hard_gate,wigley_iii,Fn0.4,0.4,2.1696064159197173,1.5,2.7120080198996463,-0.2,239.85000000000002,3,4,35,0.3,2.7,0.07500000000000001,-0.8647499999999999,0.8647499999999999,0.0704999999999999,0.07050000000000001,pitch,heave_force,1.2,-120400808103348.44,195753662706796.12,-9030060607751.135,14681524703009.71,-5118809926.146706,-445180944.1372656,-4673628982.009439,-25927432584.56877,-526471654.6315328,-25400960929.937237,0.0,-25927432584.56877,101184857895.12508,51819656465.85277,297680609758.44775,194634172399.05154,1788962148577.5269,1262651939418.556,2447552200318.3623,5450243384414565.0,3172142603064618.5,281274499756584.88,144048707021933.2,5442980581036868.0,3168870250466267.5,2670605088976.0444,1210552226869.4338,34098955992.449017,18284769294.836597,advance_eq19_20,37437020537.897446,64872314776.68191,90723638309.38219,157189346181.93018,2.4233669508379485,2.423057458687003,463.56398367166815,5.844301061238019e-15,a1_station_hull_matched_sweep_free_surface_marching_not_benchmark_validated,41,8,24,10,3.0,2,16,15.0,False,none,0.0,1.0,1.0,1.0,trapezoid,1.0,1.0,1.0,1.0,-1.0,1.0,1.0,True,False,True,3.0,11,9,40,True,True,True,True,A1_GRID_RECOMMENDED,"A1 Section 3.3 recommends control radius about 3B, inner free-surface panels greater than 10, outer/free-surface proxy panels greater than 8, and roughly 60 stations at Fn=0.2 or 40 at Fn=0.3."
32,st41_bp8_fs24_cp10_r3p0_h2_fsm_clipfs_onezonefs_noend_pr1p0_pl1p0_pf1p0_pm1p0_dt1p0_fv1p0_hr1p0_hqtrapezoid_hp1p0_hc1p0_ci1p0_cp1p0_cnm1p0_cd1p0_pg1p0,A35,OK,diagnostic_matched_wigley_sensitivity_not_hard_gate,wigley_iii,Fn0.4,0.4,2.1696064159197173,1.5,2.7120080198996463,-0.2,239.85000000000002,4,5,34,0.375,2.625,0.07499999999999998,-0.8652343749999999,0.8652343749999999,0.06953124999999993,0.06953125000000009,pitch,heave_force,1.125,-36523411665504.805,56845476147100.22,-2739255874912.86,4263410711032.5156,-1552783615.950904,-180380140.1110169,-1372403475.8398871,-29263229355.61758,-839252196.7556741,-28423977158.861904,0.0,-29263229355.61758,34092841527.057972,16511203868.573051,122866530557.46655,80299965034.31055,737826535225.9185,520790307564.68695,591813673418.1416,1319510613455638.8,683092233351483.1,94771561133612.66,45897980242512.39,1316102811448941.8,681548512354596.9,1109727186880.786,498979822536.6993,14058276234.554272,7540448598.624113,advance_eq19_20,15546388491.678972,26936608523.86069,37682180983.60218,65297740079.409584,2.423854324994589,2.424126260051196,465.55753958209425,6.8233487628707825e-15,a1_station_hull_matched_sweep_free_surface_marching_not_benchmark_validated,41,8,24,10,3.0,2,16,15.0,False,none,0.0,1.0,1.0,1.0,trapezoid,1.0,1.0,1.0,1.0,-1.0,1.0,1.0,True,False,True,3.0,11,9,40,True,True,True,True,A1_GRID_RECOMMENDED,"A1 Section 3.3 recommends control radius about 3B, inner free-surface panels greater than 10, outer/free-surface proxy panels greater than 8, and roughly 60 stations at Fn=0.2 or 40 at Fn=0.3."
32,st41_bp8_fs24_cp10_r3p0_h2_fsm_clipfs_onezonefs_noend_pr1p0_pl1p0_pf1p0_pm1p0_dt1p0_fv1p0_hr1p0_hqtrapezoid_hp1p0_hc1p0_ci1p0_cp1p0_cnm1p0_cd1p0_pg1p0,A35,OK,diagnostic_matched_wigley_sensitivity_not_hard_gate,wigley_iii,Fn0.4,0.4,2.1696064159197173,1.5,2.7120080198996463,-0.2,239.85000000000002,5,6,33,0.44999999999999996,2.55,0.07500000000000001,-0.8656874999999999,0.8656874999999999,0.06862499999999994,0.06862500000000005,pitch,heave_force,1.05,-14127247134917.68,21626830922416.812,-1059543535118.8262,1622012319181.2612,-600616341.389266,-76223917.35129757,-524392424.0379684,-30339929334.287663,-967554225.4868313,-29372375108.80083,0.0,-30339929334.287663,12467527549.966478,5848734756.645732,50653118438.0309,33120403364.546474,304414307242.7449,214867255092.97137,195759827971.61874,436717176858552.25,213147012357914.62,34657335571424.6,16258360955446.256,435339823215228.25,212526032713005.75,460607370508.8594,205631265750.67026,5795555695.263187,3109840311.0491095,advance_eq19_20,6454705865.035587,11181868096.627316,15642995536.834068,27104220427.70619,2.4235024591237235,2.423943852090456,467.4627559098952,5.198600033820741e-15,a1_station_hull_matched_sweep_free_surface_marching_not_benchmark_validated,41,8,24,10,3.0,2,16,15.0,False,none,0.0,1.0,1.0,1.0,trapezoid,1.0,1.0,1.0,1.0,-1.0,1.0,1.0,True,False,True,3.0,11,9,40,True,True,True,True,A1_GRID_RECOMMENDED,"A1 Section 3.3 recommends control radius about 3B, inner free-surface panels greater than 10, outer/free-surface proxy panels greater than 8, and roughly 60 stations at Fn=0.2 or 40 at Fn=0.3."
32,st41_bp8_fs24_cp10_r3p0_h2_fsm_clipfs_onezonefs_noend_pr1p0_pl1p0_pf1p0_pm1p0_dt1p0_fv1p0_hr1p0_hqtrapezoid_hp1p0_hc1p0_ci1p0_cp1p0_cnm1p0_cd1p0_pg1p0,A35,OK,diagnostic_matched_wigley_sensitivity_not_hard_gate,wigley_iii,Fn0.4,0.4,2.1696064159197173,1.5,2.7120080198996463,-0.2,239.85000000000002,6,7,32,0.525,2.475,0.07500000000000001,-0.866109375,0.866109375,0.0677812499999999,0.06778125000000006,pitch,heave_force,0.975,-5781343513478.822,8774397020405.568,-433600763510.91174,658079776530.4177,-245792358.285976,-32552443.549930222,-213239914.73604584,-30763133684.125286,-1021942405.9374453,-29741191278.187836,0.0,-30763133684.125286,4735784622.490445,2176174983.7402782,20880056823.00343,13662656630.982374,125635445456.47932,88675802651.12102,70866712765.51917,158145580848823.25,74613952490841.55,13164573023629.295,6049349108823.833,157596696558490.34,74368321770860.27,191108719833.8353,84757070195.26527,2389719839.564814,1282872954.200147,advance_eq19_20,2679656641.115065,4641225611.108513,6492551953.760098,11247514595.625946,2.422904432658358,2.4233932021545455,469.26868604625724,5.131207902641606e-15,a1_station_hull_matched_sweep_free_surface_marching_not_benchmark_validated,41,8,24,10,3.0,2,16,15.0,False,none,0.0,1.0,1.0,1.0,trapezoid,1.0,1.0,1.0,1.0,-1.0,1.0,1.0,True,False,True,3.0,11,9,40,True,True,True,True,A1_GRID_RECOMMENDED,"A1 Section 3.3 recommends control radius about 3B, inner free-surface panels greater than 10, outer/free-surface proxy panels greater than 8, and roughly 60 stations at Fn=0.2 or 40 at Fn=0.3."
32,st41_bp8_fs24_cp10_r3p0_h2_fsm_clipfs_onezonefs_noend_pr1p0_pl1p0_pf1p0_pm1p0_dt1p0_fv1p0_hr1p0_hqtrapezoid_hp1p0_hc1p0_ci1p0_cp1p0_cnm1p0_cd1p0_pg1p0,A35,OK,diagnostic_matched_wigley_sensitivity_not_hard_gate,wigley_iii,Fn0.4,0.4,2.1696064159197173,1.5,2.7120080198996463,-0.2,239.85000000000002,7,8,31,0.6,2.4,0.07499999999999996,-0.8664999999999999,0.8664999999999998,0.06699999999999995,0.06700000000000006,pitch,heave_force,0.9,-2411563558481.1807,3640712077046.074,-180867266886.08844,273053405778.4554,-102527015.1849074,-13924265.649310924,-88602749.53559649,-30937293370.860725,-1045180760.5370659,-29892112610.323658,0.0,-30937293370.860725,1838722437.5216472,832539671.7761035,8608887592.859716,5637478285.447739,51866895552.15434,36607324714.55411,26745773504.69668,59697712922506.75,27553926143282.25,5111295746851.336,2314300623409.9473,59478496839388.63,27456563130908.945,79278485772.19801,34945825569.87201,985664210.112623,529367718.50165766,advance_eq19_20,1112355391.0500011,1926249104.9268248,2694386663.5616903,4666768982.979227,2.4222354521232106,2.422723504993665,470.9710640470017,6.296754828983825e-15,a1_station_hull_matched_sweep_free_surface_marching_not_benchmark_validated,41,8,24,10,3.0,2,16,15.0,False,none,0.0,1.0,1.0,1.0,trapezoid,1.0,1.0,1.0,1.0,-1.0,1.0,1.0,True,False,True,3.0,11,9,40,True,True,True,True,A1_GRID_RECOMMENDED,"A1 Section 3.3 recommends control radius about 3B, inner free-surface panels greater than 10, outer/free-surface proxy panels greater than 8, and roughly 60 stations at Fn=0.2 or 40 at Fn=0.3."
32,st41_bp8_fs24_cp10_r3p0_h2_fsm_clipfs_onezonefs_noend_pr1p0_pl1p0_pf1p0_pm1p0_dt1p0_fv1p0_hr1p0_hqtrapezoid_hp1p0_hc1p0_ci1p0_cp1p0_cnm1p0_cd1p0_pg1p0,A35,OK,diagnostic_matched_wigley_sensitivity_not_hard_gate,wigley_iii,Fn0.4,0.4,2.1696064159197173,1.5,2.7120080198996463,-0.2,239.85000000000002,8,9,30,0.6749999999999999,2.325,0.07500000000000001,-0.866859375,0.866859375,0.06628124999999993,0.06628125000000007,pitch,heave_force,0.8250000000000001,-1013043780907.0597,1523897858755.1177,-75978283568.0295,114292339406.63385,-43069300.30633266,-5947296.586768393,-37122003.719564274,-31010091528.60635,-1055116541.6551055,-29954974986.951237,0.0,-31010091528.60635,724174374.121048,324210683.0123886,3550579603.662232,2326806940.559112,21418713280.865425,15116636236.019735,10337881459.23558,23077829220620.504,10486717490861.812,2013065878182.6414,901243521778.4083,22989862289499.38,10447918643892.11,32883807868.12794,14413318148.118721,406681712.9458515,218506876.068367,advance_eq19_20,461704015.6204728,799377039.2186089,1118045994.5427234,1936114494.9713404,2.4215643717982585,2.4220291551830067,472.56584172229344,3.9856122283165315e-15,a1_station_hull_matched_sweep_free_surface_marching_not_benchmark_validated,41,8,24,10,3.0,2,16,15.0,False,none,0.0,1.0,1.0,1.0,trapezoid,1.0,1.0,1.0,1.0,-1.0,1.0,1.0,True,False,True,3.0,11,9,40,True,True,True,True,A1_GRID_RECOMMENDED,"A1 Section 3.3 recommends control radius about 3B, inner free-surface panels greater than 10, outer/free-surface proxy panels greater than 8, and roughly 60 stations at Fn=0.2 or 40 at Fn=0.3."
32,st41_bp8_fs24_cp10_r3p0_h2_fsm_clipfs_onezonefs_noend_pr1p0_pl1p0_pf1p0_pm1p0_dt1p0_fv1p0_hr1p0_hqtrapezoid_hp1p0_hc1p0_ci1p0_cp1p0_cnm1p0_cd1p0_pg1p0,A35,OK,diagnostic_matched_wigley_sensitivity_not_hard_gate,wigley_iii,Fn0.4,0.4,2.1696064159197173,1.5,2.7120080198996463,-0.2,239.85000000000002,9,10,29,0.75,2.25,0.07500000000000001,-0.8671874999999999,0.8671874999999999,0.06562499999999982,0.0656250000000001,pitch,heave_force,0.75,-426485246824.4005,639883911508.9856,-31986393511.830044,47991293363.17393,-18131912.47791264,-2533588.4910835437,-15598323.986829096,-31040692134.99847,-1059356984.1940315,-29981335150.80444,0.0,-31040692134.99847,288102289.8730006,127820284.53366324,1464882612.7639422,960646379.0894804,8847364218.075571,6243958794.732968,4058056986.781699,9059962559695.105,4068240941429.4834,800869113704.206,355315877680.1782,9024496136556.645,4052694786564.2085,13638433101.500648,5946821859.831622,167851582.78786984,90220269.29391938,advance_eq19_20,191614307.32232195,331696594.66691256,463883561.33202857,803154528.650568,2.4209234050133417,2.4213529519562607,474.0481182363453,4.708082919406277e-15,a1_station_hull_matched_sweep_free_surface_marching_not_benchmark_validated,41,8,24,10,3.0,2,16,15.0,False,none,0.0,1.0,1.0,1.0,trapezoid,1.0,1.0,1.0,1.0,-1.0,1.0,1.0,True,False,True,3.0,11,9,40,True,True,True,True,A1_GRID_RECOMMENDED,"A1 Section 3.3 recommends control radius about 3B, inner free-surface panels greater than 10, outer/free-surface proxy panels greater than 8, and roughly 60 stations at Fn=0.2 or 40 at Fn=0.3."
32,st41_bp8_fs24_cp10_r3p0_h2_fsm_clipfs_onezonefs_noend_pr1p0_pl1p0_pf1p0_pm1p0_dt1p0_fv1p0_hr1p0_hqtrapezoid_hp1p0_hc1p0_ci1p0_cp1p0_cnm1p0_cd1p0_pg1p0,A35,OK,diagnostic_matched_wigley_sensitivity_not_hard_gate,wigley_iii,Fn0.4,0.4,2.1696064159197173,1.5,2.7120080198996463,-0.2,239.85000000000002,10,11,28,0.825,2.175,0.07499999999999996,-0.8674843749999999,0.8674843749999999,0.06503124999999987,0.0650312500000001,pitch,heave_force,0.675,-179539264329.5327,268841697251.50073,-13465444824.714945,20163127293.86254,-7633066.445818394,-1076101.0339196145,-6556965.411898779,-31053574624.46034,-1061161828.956533,-29992412795.503803,0.0,-31053574624.46034,115482207.63690442,50853597.83468188,604586453.9885405,396725600.13143665,3655465944.113962,2579728698.7321053,1610304627.9512913,3595430177482.7197,1599200682253.3894,321018390098.676,141363249297.61877,3581070433698.043,1592940447973.4329,5655829609.552939,2454452979.510667,69300578.16146238,37262143.6789434,advance_eq19_20,79510090.27877973,137615571.01713544,192440626.89012504,333128349.88095963,2.420329623767074,2.4207169829603044,475.4122985160682,5.140023802667745e-15,a1_station_hull_matched_sweep_free_surface_marching_not_benchmark_validated,41,8,24,10,3.0,2,16,15.0,False,none,0.0,1.0,1.0,1.0,trapezoid,1.0,1.0,1.0,1.0,-1.0,1.0,1.0,True,False,True,3.0,11,9,40,True,True,True,True,A1_GRID_RECOMMENDED,"A1 Section 3.3 recommends control radius about 3B, inner free-surface panels greater than 10, outer/free-surface proxy panels greater than 8, and roughly 60 stations at Fn=0.2 or 40 at Fn=0.3."
32,st41_bp8_fs24_cp10_r3p0_h2_fsm_clipfs_onezonefs_noend_pr1p0_pl1p0_pf1p0_pm1p0_dt1p0_fv1p0_hr1p0_hqtrapezoid_hp1p0_hc1p0_ci1p0_cp1p0_cnm1p0_cd1p0_pg1p0,A35,OK,diagnostic_matched_wigley_sensitivity_not_hard_gate,wigley_iii,Fn0.4,0.4,2.1696064159197173,1.5,2.7120080198996463,-0.2,239.85000000000002,11,12,27,0.8999999999999999,2.1,0.07500000000000001,-0.8677499999999999,0.8677499999999999,0.06449999999999989,0.0645,pitch,heave_force,0.6000000000000001,-75494617547.23036,112868760897.17828,-5662096316.042278,8465157067.288373,-3209634.5843434976,-455649.4721020296,-2753985.1122414684,-31058995974.975414,-1061927704.2095438,-29997068270.765873,0.0,-31058995974.975414,46561143.70599345,20375342.17992495,249608909.67610046,163882593.33657768,1510670268.980489,1066073861.8896006,644146604.7111244,1438318651040.428,634746706008.1808,129431050025.01303,56639543685.15991,1432483221533.5112,632214638304.8442,2345129052.029806,1013366187.6396756,28620754.27604667,15393849.187584065,advance_eq19_20,32986106.603353042,57084290.95301836,79819548.78356124,138151626.82881653,2.419792967486729,2.420133884863673,476.65246731613325,4.287720902816544e-15,a1_station_hull_matched_sweep_free_surface_marching_not_benchmark_validated,41,8,24,10,3.0,2,16,15.0,False,none,0.0,1.0,1.0,1.0,trapezoid,1.0,1.0,1.0,1.0,-1.0,1.0,1.0,True,False,True,3.0,11,9,40,True,True,True,True,A1_GRID_RECOMMENDED,"A1 Section 3.3 recommends control radius about 3B, inner free-surface panels greater than 10, outer/free-surface proxy panels greater than 8, and roughly 60 stations at Fn=0.2 or 40 at Fn=0.3."
32,st41_bp8_fs24_cp10_r3p0_h2_fsm_clipfs_onezonefs_noend_pr1p0_pl1p0_pf1p0_pm1p0_dt1p0_fv1p0_hr1p0_hqtrapezoid_hp1p0_hc1p0_ci1p0_cp1p0_cnm1p0_cd1p0_pg1p0,A35,OK,diagnostic_matched_wigley_sensitivity_not_hard_gate,wigley_iii,Fn0.4,0.4,2.1696064159197173,1.5,2.7120080198996463,-0.2,239.85000000000002,12,13,26,0.975,2.025,0.07500000000000007,-0.8679843749999999,0.8679843749999999,0.06403124999999998,0.0640312500000001,pitch,heave_force,0.525,-31690105689.2042,47318150137.95198,-2376757926.690317,3548861260.3464017,-1347296.8339489524,-192345.40313612163,-1154951.4308128308,-31061274440.68456,-1062251701.6471629,-29999022739.0374,0.0,-31061274440.68456,18861512.149635397,8210280.280486513,103085711.23745489,67714528.33987123,624429855.6349068,440645095.75143784,259273563.57916462,578963616657.9193,253823956384.1707,52431386522.67696,22823004615.460922,576584626695.2174,252795793981.71802,972215371.0189285,418514980.2569364,11823560.746475406,6361093.142674385,advance_eq19_20,13681640.725416496,23674042.160366554,33100261.275957283,57281984.509029284,2.419319578715925,2.419611493508566,477.76272938128045,4.382529178819213e-15,a1_station_hull_matched_sweep_free_surface_marching_not_benchmark_validated,41,8,24,10,3.0,2,16,15.0,False,none,0.0,1.0,1.0,1.0,trapezoid,1.0,1.0,1.0,1.0,-1.0,1.0,1.0,True,False,True,3.0,11,9,40,True,True,True,True,A1_GRID_RECOMMENDED,"A1 Section 3.3 recommends control radius about 3B, inner free-surface panels greater than 10, outer/free-surface proxy panels greater than 8, and roughly 60 stations at Fn=0.2 or 40 at Fn=0.3."
32,st41_bp8_fs24_cp10_r3p0_h2_fsm_clipfs_onezonefs_noend_pr1p0_pl1p0_pf1p0_pm1p0_dt1p0_fv1p0_hr1p0_hqtrapezoid_hp1p0_hc1p0_ci1p0_cp1p0_cnm1p0_cd1p0_pg1p0,A35,OK,diagnostic_matched_wigley_sensitivity_not_hard_gate,wigley_iii,Fn0.4,0.4,2.1696064159197173,1.5,2.7120080198996463,-0.2,239.85000000000002,13,14,25,1.05,1.95,0.07500000000000001,-0.8681874999999999,0.8681874999999999,0.06362499999999982,0.0636250000000001,pitch,heave_force,0.44999999999999996,-13275358966.065552,19800982470.40091,-995651922.4549165,1485073685.2800684,-564398.531198622,-80953.76975097257,-483444.76144764945,-31062230288.367134,-1062388351.2336065,-29999841937.13353,0.0,-31062230288.367134,7670479.605449616,3324089.8583530267,42585554.10024893,27985078.86986815,258150452.3790462,182165998.39193004,104879200.05451848,234207866228.5826,102107333084.13309,21322462261.617435,9240332313.5885,233235249968.18112,101688369604.00478,402966531.2806316,172893307.5287959,4885706.76548628,2629116.505040222,advance_eq19_20,5673188.754027352,9815645.779182881,13722951.441467904,23745567.18656345,2.418913249048181,2.419154859573609,478.7374711729425,4.251709820336834e-15,a1_station_hull_matched_sweep_free_surface_marching_not_benchmark_validated,41,8,24,10,3.0,2,16,15.0,False,none,0.0,1.0,1.0,1.0,trapezoid,1.0,1.0,1.0,1.0,-1.0,1.0,1.0,True,False,True,3.0,11,9,40,True,True,True,True,A1_GRID_RECOMMENDED,"A1 Section 3.3 recommends control radius about 3B, inner free-surface panels greater than 10, outer/free-surface proxy panels greater than 8, and roughly 60 stations at Fn=0.2 or 40 at Fn=0.3."
32,st41_bp8_fs24_cp10_r3p0_h2_fsm_clipfs_onezonefs_noend_pr1p0_pl1p0_pf1p0_pm1p0_dt1p0_fv1p0_hr1p0_hqtrapezoid_hp1p0_hc1p0_ci1p0_cp1p0_cnm1p0_cd1p0_pg1p0,A35,OK,diagnostic_matched_wigley_sensitivity_not_hard_gate,wigley_iii,Fn0.4,0.4,2.1696064159197173,1.5,2.7120080198996463,-0.2,239.85000000000002,14,15,24,1.125,1.875,0.07499999999999996,-0.8683593749999999,0.8683593749999999,0.06328124999999996,0.06328125000000007,pitch,heave_force,0.375,-5548890760.322922,8268916972.345947,-416166807.02421886,620168772.9259456,-235909.68823617685,-33972.89233063509,-201936.79590554175,-31062630442.476856,-1062445814.5646472,-30000184627.91221,0.0,-31062630442.476856,3129736.390134911,1351328.9467770807,17597022.077710547,11567916.38908925,106739444.32676157,75319960.09882218,42598718.2252168,95131663197.12463,41279104535.08212,8700066944.97309,3756435314.711535,94733013680.67122,41107833220.36377,166982531.3927224,71442511.6786393,2019325.9920456144,1086848.687203147,advance_eq19_20,2351700.293333338,4068551.838714597,5687765.991112972,9840879.021397518,2.418576043570178,2.4187670236264234,479.5715522185469,4.228955407821194e-15,a1_station_hull_matched_sweep_free_surface_marching_not_benchmark_validated,41,8,24,10,3.0,2,16,15.0,False,none,0.0,1.0,1.0,1.0,trapezoid,1.0,1.0,1.0,1.0,-1.0,1.0,1.0,True,False,True,3.0,11,9,40,True,True,True,True,A1_GRID_RECOMMENDED,"A1 Section 3.3 recommends control radius about 3B, inner free-surface panels greater than 10, outer/free-surface proxy panels greater than 8, and roughly 60 stations at Fn=0.2 or 40 at Fn=0.3."
32,st41_bp8_fs24_cp10_r3p0_h2_fsm_clipfs_onezonefs_noend_pr1p0_pl1p0_pf1p0_pm1p0_dt1p0_fv1p0_hr1p0_hqtrapezoid_hp1p0_hc1p0_ci1p0_cp1p0_cnm1p0_cd1p0_pg1p0,A35,OK,diagnostic_matched_wigley_sensitivity_not_hard_gate,wigley_iii,Fn0.4,0.4,2.1696064159197173,1.5,2.7120080198996463,-0.2,239.85000000000002,15,16,23,1.2,1.8,0.07499999999999996,-0.8684999999999999,0.8684999999999998,0.06299999999999994,0.06300000000000008,pitch,heave_force,0.30000000000000004,-2313964919.7292376,3445474258.5396576,-173547368.97969273,258410569.39047417,-98377.63372566487,-14216.82683641243,-84160.80688925246,-31062797586.137833,-1062469909.4242308,-30000327676.713604,0.0,-31062797586.137833,1280700.0676331695,551337.8849402766,7273041.128006511,4782502.339321661,44139427.99466283,31146137.208880045,17362143.124492824,38774516440.728516,16758651508.510517,3560100575.8698545,1532613584.7733521,38610742544.94144,16688427179.571524,69175650.6732435,29528044.38234017,834781.6169539882,449362.20468523836,advance_eq19_20,974510.6181465668,1685852.4032506985,2356667.5095161735,4077148.313409595,2.4183087034991444,2.4184491510335935,480.2604432484979,5.26518164489273e-15,a1_station_hull_matched_sweep_free_surface_marching_not_benchmark_validated,41,8,24,10,3.0,2,16,15.0,False,none,0.0,1.0,1.0,1.0,trapezoid,1.0,1.0,1.0,1.0,-1.0,1.0,1.0,True,False,True,3.0,11,9,40,True,True,True,True,A1_GRID_RECOMMENDED,"A1 Section 3.3 recommends control radius about 3B, inner free-surface panels greater than 10, outer/free-surface proxy panels greater than 8, and roughly 60 stations at Fn=0.2 or 40 at Fn=0.3."
32,st41_bp8_fs24_cp10_r3p0_h2_fsm_clipfs_onezonefs_noend_pr1p0_pl1p0_pf1p0_pm1p0_dt1p0_fv1p0_hr1p0_hqtrapezoid_hp1p0_hc1p0_ci1p0_cp1p0_cnm1p0_cd1p0_pg1p0,A35,OK,diagnostic_matched_wigley_sensitivity_not_hard_gate,wigley_iii,Fn0.4,0.4,2.1696064159197173,1.5,2.7120080198996463,-0.2,239.85000000000002,16,17,22,1.275,1.725,0.07499999999999996,-0.8686093749999999,0.8686093749999999,0.0627812499999999,0.06278125000000001,pitch,heave_force,0.2250000000000001,-962649115.9501212,1432333831.275137,-72198683.69625905,107425037.3456352,-40926.78386254774,-5933.0527882854185,-34993.731074262316,-31062867238.346622,-1062479984.3640432,-30000387253.982586,0.0,-31062867238.346622,525422.0058370739,225682.91364301174,3006626.798265505,1977486.4748562984,18254263.92876275,12880592.490251174,7097538.836692203,15851263729.043602,6829025759.931953,1460572411.0034506,627355218.5480213,15783837442.259937,6800151276.499583,28648397.656091936,12206727.02525785,345154.8678861652,185814.17433010926,advance_eq19_20,403669.327454271,698301.3075108773,976117.4135138796,1688632.6658314406,2.4181114271667257,2.418200635841051,480.80032593830697,4.678033766110186e-15,a1_station_hull_matched_sweep_free_surface_marching_not_benchmark_validated,41,8,24,10,3.0,2,16,15.0,False,none,0.0,1.0,1.0,1.0,trapezoid,1.0,1.0,1.0,1.0,-1.0,1.0,1.0,True,False,True,3.0,11,9,40,True,True,True,True,A1_GRID_RECOMMENDED,"A1 Section 3.3 recommends control radius about 3B, inner free-surface panels greater than 10, outer/free-surface proxy panels greater than 8, and roughly 60 stations at Fn=0.2 or 40 at Fn=0.3."
32,st41_bp8_fs24_cp10_r3p0_h2_fsm_clipfs_onezonefs_noend_pr1p0_pl1p0_pf1p0_pm1p0_dt1p0_fv1p0_hr1p0_hqtrapezoid_hp1p0_hc1p0_ci1p0_cp1p0_cnm1p0_cd1p0_pg1p0,A35,OK,diagnostic_matched_wigley_sensitivity_not_hard_gate,wigley_iii,Fn0.4,0.4,2.1696064159197173,1.5,2.7120080198996463,-0.2,239.85000000000002,17,18,21,1.3499999999999999,1.6500000000000001,0.07500000000000007,-0.8686874999999998,0.8686875,0.0626249999999999,0.06262500000000004,pitch,heave_force,0.15000000000000013,-399501731.0932548,594021918.7215554,-29962629.83199414,44551643.90411669,-16984.715126476578,-2469.357675167873,-14515.357451308706,-31062896194.09612,-1062484185.5692749,-30000412008.526848,0.0,-31062896194.09612,216070.7942477291,92662.9465126232,1243129.2911014818,817742.0640679136,7549584.250419795,5327092.98027501,2909132.9194478965,6497280712.587421,2792090136.880758,600635370.037576,257585220.44201025,6469465282.967349,2780185553.0314665,11860354.026981378,5047025.09507254,142730.66898678298,76842.68747721108,advance_eq19_20,167141.60038318438,289131.54165202164,404145.9858696218,699125.9431697861,2.4179856178419223,2.418020321045446,481.18816478284884,4.193540601198928e-15,a1_station_hull_matched_sweep_free_surface_marching_not_benchmark_validated,41,8,24,10,3.0,2,16,15.0,False,none,0.0,1.0,1.0,1.0,trapezoid,1.0,1.0,1.0,1.0,-1.0,1.0,1.0,True,False,True,3.0,11,9,40,True,True,True,True,A1_GRID_RECOMMENDED,"A1 Section 3.3 recommends control radius about 3B, inner free-surface panels greater than 10, outer/free-surface proxy panels greater than 8, and roughly 60 stations at Fn=0.2 or 40 at Fn=0.3."
32,st41_bp8_fs24_cp10_r3p0_h2_fsm_clipfs_onezonefs_noend_pr1p0_pl1p0_pf1p0_pm1p0_dt1p0_fv1p0_hr1p0_hqtrapezoid_hp1p0_hc1p0_ci1p0_cp1p0_cnm1p0_cd1p0_pg1p0,A35,OK,diagnostic_matched_wigley_sensitivity_not_hard_gate,wigley_iii,Fn0.4,0.4,2.1696064159197173,1.5,2.7120080198996463,-0.2,239.85000000000002,18,19,20,1.425,1.575,0.07500000000000007,-0.8687343749999998,0.868734375,0.06253124999999993,0.06253125000000004,pitch,heave_force,0.07499999999999996,-165382807.21553487,245751928.7263748,-12403710.541165126,18431394.654478125,-7031.20824955114,-1025.0276958167476,-6006.1805537343935,-31062908202.05781,-1062485932.7619603,-30000422269.29585,0.0,-31062908202.05781,89052.32122459068,38157.46230296015,514059.746570041,338181.15468741296,3122389.855145294,2203189.2865791204,1195271.6861973652,2669596940.1322603,1145093361.3646407,247548374.58556363,106070427.37926252,2658100847.119507,1140172475.0010967,4908309.767480585,2087010.2747832139,59029.690044223,31780.072610254385,advance_eq19_20,69174.77485428166,119663.88720453912,167260.2023290583,289336.702625973,2.417936345747362,2.417911613813911,481.4217579468673,4.210507853241755e-15,a1_station_hull_matched_sweep_free_surface_marching_not_benchmark_validated,41,8,24,10,3.0,2,16,15.0,False,none,0.0,1.0,1.0,1.0,trapezoid,1.0,1.0,1.0,1.0,-1.0,1.0,1.0,True,False,True,3.0,11,9,40,True,True,True,True,A1_GRID_RECOMMENDED,"A1 Section 3.3 recommends control radius about 3B, inner free-surface panels greater than 10, outer/free-surface proxy panels greater than 8, and roughly 60 stations at Fn=0.2 or 40 at Fn=0.3."
32,st41_bp8_fs24_cp10_r3p0_h2_fsm_clipfs_onezonefs_noend_pr1p0_pl1p0_pf1p0_pm1p0_dt1p0_fv1p0_hr1p0_hqtrapezoid_hp1p0_hc1p0_ci1p0_cp1p0_cnm1p0_cd1p0_pg1p0,A35,OK,diagnostic_matched_wigley_sensitivity_not_hard_gate,wigley_iii,Fn0.4,0.4,2.1696064159197173,1.5,2.7120080198996463,-0.2,239.85000000000002,19,20,19,1.5,1.5,0.07499999999999996,-0.8687499999999999,0.8687499999999999,0.062499999999999944,0.06250000000000003,pitch,heave_force,0.0,-68290645.48292774,101414091.81571245,-5121798.411219577,7606056.886178429,-2903.3595327775392,-424.3623298048626,-2478.997202972677,-31062913169.3417,-1062486657.4569731,-30000426511.884727,0.0,-31062913169.3417,36780.05791640043,15757.519208293887,212598.14338120926,139861.56285696934,1291339.3431298852,911180.1020715795,492200.13632301637,1099336767.2804399,471006182.6960301,102241507.34269273,43802881.42828114,1094577588.02505,468967103.02177167,2030447.8502863403,863064.6151072562,24415.237570761852,13143.90310341732,advance_eq19_20,28615.375733965237,49502.706203229536,69191.14416329747,119692.20173150593,2.417970842199025,2.4178920893762625,481.49977128544,4.1323679114886934e-15,a1_station_hull_matched_sweep_free_surface_marching_not_benchmark_validated,41,8,24,10,3.0,2,16,15.0,False,none,0.0,1.0,1.0,1.0,trapezoid,1.0,1.0,1.0,1.0,-1.0,1.0,1.0,True,False,True,3.0,11,9,40,True,True,True,True,A1_GRID_RECOMMENDED,"A1 Section 3.3 recommends control radius about 3B, inner free-surface panels greater than 10, outer/free-surface proxy panels greater than 8, and roughly 60 stations at Fn=0.2 or 40 at Fn=0.3."
32,st41_bp8_fs24_cp10_r3p0_h2_fsm_clipfs_onezonefs_noend_pr1p0_pl1p0_pf1p0_pm1p0_dt1p0_fv1p0_hr1p0_hqtrapezoid_hp1p0_hc1p0_ci1p0_cp1p0_cnm1p0_cd1p0_pg1p0,A35,OK,diagnostic_matched_wigley_sensitivity_not_hard_gate,wigley_iii,Fn0.4,0.4,2.1696064159197173,1.5,2.7120080198996463,-0.2,239.85000000000002,20,21,18,1.575,1.425,0.07499999999999996,-0.8687343749999998,0.868734375,0.06253124999999993,0.06253125000000004,pitch,heave_force,-0.07499999999999996,-28125251.513914883,41740939.72512177,-2109393.863543615,3130570.479384131,-1195.7379596756725,-175.21801658382518,-1020.5199430918473,-31062915218.89045,-1062486957.2471464,-30000428261.643303,0.0,-31062915218.89045,15222.303808309309,6525.304704953459,87930.77774707106,57843.26408405467,534040.2772311515,376824.1659572128,203108.94917536966,453655956.878423,194288108.2862175,42315085.25972086,18139095.659425743,451683141.2431336,193441444.19736674,839582.5677313729,356931.696965674,10098.921940018334,5436.236740359082,advance_eq19_20,11831.173221022344,20468.173216041432,28608.750742706045,49491.25937048664,2.4180823159509055,2.417961722724677,481.4217579468676,5.575504759208385e-15,a1_station_hull_matched_sweep_free_surface_marching_not_benchmark_validated,41,8,24,10,3.0,2,16,15.0,False,none,0.0,1.0,1.0,1.0,trapezoid,1.0,1.0,1.0,1.0,-1.0,1.0,1.0,True,False,True,3.0,11,9,40,True,True,True,True,A1_GRID_RECOMMENDED,"A1 Section 3.3 recommends control radius about 3B, inner free-surface panels greater than 10, outer/free-surface proxy panels greater than 8, and roughly 60 stations at Fn=0.2 or 40 at Fn=0.3."
32,st41_bp8_fs24_cp10_r3p0_h2_fsm_clipfs_onezonefs_noend_pr1p0_pl1p0_pf1p0_pm1p0_dt1p0_fv1p0_hr1p0_hqtrapezoid_hp1p0_hc1p0_ci1p0_cp1p0_cnm1p0_cd1p0_pg1p0,A35,OK,diagnostic_matched_wigley_sensitivity_not_hard_gate,wigley_iii,Fn0.4,0.4,2.1696064159197173,1.5,2.7120080198996463,-0.2,239.85000000000002,21,22,17,1.65,1.35,0.07499999999999996,-0.8686874999999998,0.8686875,0.0626249999999999,0.06262500000000004,pitch,heave_force,-0.1499999999999999,-11551630.682126962,17132242.5141038,-866372.3011595216,1284918.1885577843,-491.11465886588024,-72.15526399602591,-418.95939486985435,-31062916062.31676,-1062487080.9337866,-30000428981.382965,0.0,-31062916062.31676,6313.727317197109,2709.759175403436,36370.04789218893,23922.258081021108,220841.2114879126,155828.71116091375,83980.7869231124,187578798.66375157,80359428.65854988,17550951.09769049,7532610.831083041,186760385.47543064,80007357.70410174,347001.55233380693,147621.30215162676,4177.325661684322,2248.342646342025,advance_eq19_20,4889.045076032754,8458.681636440771,11822.96101490115,20453.98984597826,2.4182556779564335,2.4181061216278206,481.18816478284884,4.536571716883565e-15,a1_station_hull_matched_sweep_free_surface_marching_not_benchmark_validated,41,8,24,10,3.0,2,16,15.0,False,none,0.0,1.0,1.0,1.0,trapezoid,1.0,1.0,1.0,1.0,-1.0,1.0,1.0,True,False,True,3.0,11,9,40,True,True,True,True,A1_GRID_RECOMMENDED,"A1 Section 3.3 recommends control radius about 3B, inner free-surface panels greater than 10, outer/free-surface proxy panels greater than 8, and roughly 60 stations at Fn=0.2 or 40 at Fn=0.3."
32,st41_bp8_fs24_cp10_r3p0_h2_fsm_clipfs_onezonefs_noend_pr1p0_pl1p0_pf1p0_pm1p0_dt1p0_fv1p0_hr1p0_hqtrapezoid_hp1p0_hc1p0_ci1p0_cp1p0_cnm1p0_cd1p0_pg1p0,A35,OK,diagnostic_matched_wigley_sensitivity_not_hard_gate,wigley_iii,Fn0.4,0.4,2.1696064159197173,1.5,2.7120080198996463,-0.2,239.85000000000002,22,23,16,1.7249999999999999,1.2750000000000001,0.07499999999999996,-0.8686093749999999,0.8686093749999999,0.0627812499999999,0.06278125000000001,pitch,heave_force,-0.22499999999999987,-4731036.946384374,7010767.689987123,-354827.77097882784,525807.5767490339,-201.13884004276554,-29.63924694338272,-171.49959309938282,-31062916408.443512,-1062487131.8310422,-30000429276.612465,0.0,-31062916408.443512,2625.199149261962,1128.7528528184278,15043.701601206183,9893.093231274426,91315.41350753167,64434.10175842978,34791.47533835718,77710303.53136092,33323577.51133104,7297550.175297974,3137716.4590613856,77370903.31624766,33177097.49778479,143345.0821768284,61054.95195466749,1727.8901896374346,929.8266527340609,advance_eq19_20,2019.2065850389022,3493.7174308403683,4883.398566921952,8448.932705739584,2.4184739704718563,2.4183217083206707,480.80032593830697,3.522250378492577e-15,a1_station_hull_matched_sweep_free_surface_marching_not_benchmark_validated,41,8,24,10,3.0,2,16,15.0,False,none,0.0,1.0,1.0,1.0,trapezoid,1.0,1.0,1.0,1.0,-1.0,1.0,1.0,True,False,True,3.0,11,9,40,True,True,True,True,A1_GRID_RECOMMENDED,"A1 Section 3.3 recommends control radius about 3B, inner free-surface panels greater than 10, outer/free-surface proxy panels greater than 8, and roughly 60 stations at Fn=0.2 or 40 at Fn=0.3."
32,st41_bp8_fs24_cp10_r3p0_h2_fsm_clipfs_onezonefs_noend_pr1p0_pl1p0_pf1p0_pm1p0_dt1p0_fv1p0_hr1p0_hqtrapezoid_hp1p0_hc1p0_ci1p0_cp1p0_cnm1p0_cd1p0_pg1p0,A35,OK,diagnostic_matched_wigley_sensitivity_not_hard_gate,wigley_iii,Fn0.4,0.4,2.1696064159197173,1.5,2.7120080198996463,-0.2,239.85000000000002,23,24,15,1.7999999999999998,1.2000000000000002,0.07500000000000007,-0.8684999999999999,0.8684999999999998,0.06299999999999994,0.06300000000000008,pitch,heave_force,-0.2999999999999998,-1932063.7173333797,2859679.711547302,-144904.7788000036,214475.97836604784,-82.14120062836163,-12.149401305502609,-69.99179932285902,-31062916550.08353,-1062487152.7253662,-30000429397.35816,0.0,-31062916550.08353,1095.0167395121653,471.941103896948,6222.428305260736,4090.9850957830017,37752.95793074431,26639.65871220423,14441.810029855022,32256749.164618,13854749.849681154,3043936.5339683876,1311905.7601560357,32116369.790723853,13793903.752756277,59184.111393354666,25251.4469770909,714.6818418349351,384.5045434149658,advance_eq19_20,833.4851357135552,1442.196579939643,2015.9507801884522,3488.097129233197,2.418700338863963,2.418600333512909,480.2604432484979,3.917998622708809e-15,a1_station_hull_matched_sweep_free_surface_marching_not_benchmark_validated,41,8,24,10,3.0,2,16,15.0,False,none,0.0,1.0,1.0,1.0,trapezoid,1.0,1.0,1.0,1.0,-1.0,1.0,1.0,True,False,True,3.0,11,9,40,True,True,True,True,A1_GRID_RECOMMENDED,"A1 Section 3.3 recommends control radius about 3B, inner free-surface panels greater than 10, outer/free-surface proxy panels greater than 8, and roughly 60 stations at Fn=0.2 or 40 at Fn=0.3."
32,st41_bp8_fs24_cp10_r3p0_h2_fsm_clipfs_onezonefs_noend_pr1p0_pl1p0_pf1p0_pm1p0_dt1p0_fv1p0_hr1p0_hqtrapezoid_hp1p0_hc1p0_ci1p0_cp1p0_cnm1p0_cd1p0_pg1p0,A35,OK,diagnostic_matched_wigley_sensitivity_not_hard_gate,wigley_iii,Fn0.4,0.4,2.1696064159197173,1.5,2.7120080198996463,-0.2,239.85000000000002,24,25,14,1.875,1.125,0.07500000000000007,-0.8683593749999999,0.8683593749999999,0.06328124999999996,0.06328125000000007,pitch,heave_force,-0.375,-786834.1435682012,1162327.4410424375,-59012.56076761514,87174.55807818289,-33.452054747596335,-4.975003760195569,-28.477050987400776,-31062916607.880157,-1062487161.2875688,-30000429446.592583,0.0,-31062916607.880157,458.9350668977071,198.34492412406905,2573.6284462714793,1691.5098180236225,15605.783800877165,11012.116367073912,6007.218520023556,13416772.67652021,5775805.529671951,1275751.4715907567,551360.8505541336,13359132.338946726,5750680.203485549,24422.306392170954,10443.11835727495,295.57681265007164,158.9807170258638,advance_eq19_20,343.86709858473745,594.9860328380623,831.7642526188206,1439.2255065564739,2.418853842202798,2.4189231799130124,479.5715522185469,6.013658712978804e-15,a1_station_hull_matched_sweep_free_surface_marching_not_benchmark_validated,41,8,24,10,3.0,2,16,15.0,False,none,0.0,1.0,1.0,1.0,trapezoid,1.0,1.0,1.0,1.0,-1.0,1.0,1.0,True,False,True,3.0,11,9,40,True,True,True,True,A1_GRID_RECOMMENDED,"A1 Section 3.3 recommends control radius about 3B, inner free-surface panels greater than 10, outer/free-surface proxy panels greater than 8, and roughly 60 stations at Fn=0.2 or 40 at Fn=0.3."
32,st41_bp8_fs24_cp10_r3p0_h2_fsm_clipfs_onezonefs_noend_pr1p0_pl1p0_pf1p0_pm1p0_dt1p0_fv1p0_hr1p0_hqtrapezoid_hp1p0_hc1p0_ci1p0_cp1p0_cnm1p0_cd1p0_pg1p0,A35,OK,diagnostic_matched_wigley_sensitivity_not_hard_gate,wigley_iii,Fn0.4,0.4,2.1696064159197173,1.5,2.7120080198996463,-0.2,239.85000000000002,25,26,13,1.95,1.05,0.07499999999999996,-0.8681874999999999,0.8681874999999999,0.0636249999999999,0.06362500000000004,pitch,heave_force,-0.44999999999999996,-319697.5308424196,470526.11479004944,-23977.314813181456,35289.458609253685,-13.591859722702784,-2.040366780994403,-11.551492941708378,-31062916631.402115,-1062487164.7952541,-30000429466.606857,0.0,-31062916631.402115,193.93931982111621,84.05461814416455,1064.3839149321723,699.2887474421042,6449.599914485987,4551.209794313177,2504.5476363747343,5593010.357392719,2414710.691575255,539114.1154969684,233655.718479491,5569729.686376566,2404485.984006889,10072.01718434904,4318.5365038555465,122.22678815022311,65.72221875502228,advance_eq19_20,141.8104808244461,245.32246084882775,343.00439772216953,593.4953479898359,2.4187520959525615,2.4192458608816856,478.73747117294215,5.155961834149525e-15,a1_station_hull_matched_sweep_free_surface_marching_not_benchmark_validated,41,8,24,10,3.0,2,16,15.0,False,none,0.0,1.0,1.0,1.0,trapezoid,1.0,1.0,1.0,1.0,-1.0,1.0,1.0,True,False,True,3.0,11,9,40,True,True,True,True,A1_GRID_RECOMMENDED,"A1 Section 3.3 recommends control radius about 3B, inner free-surface panels greater than 10, outer/free-surface proxy panels greater than 8, and roughly 60 stations at Fn=0.2 or 40 at Fn=0.3."
32,st41_bp8_fs24_cp10_r3p0_h2_fsm_clipfs_onezonefs_noend_pr1p0_pl1p0_pf1p0_pm1p0_dt1p0_fv1p0_hr1p0_hqtrapezoid_hp1p0_hc1p0_ci1p0_cp1p0_cnm1p0_cd1p0_pg1p0,A35,OK,diagnostic_matched_wigley_sensitivity_not_hard_gate,wigley_iii,Fn0.4,0.4,2.1696064159197173,1.5,2.7120080198996463,-0.2,239.85000000000002,26,27,12,2.025,0.9750000000000001,0.07500000000000007,-0.8679843749999999,0.8679843749999999,0.06403124999999998,0.0640312500000001,pitch,heave_force,-0.5249999999999999,-129765.5892199973,189555.09001770403,-9732.419191499806,14216.631751327815,-5.516951228445495,-0.8431568682028853,-4.67379436024261,-31062916640.956524,-1062487166.237016,-30000429474.719498,0.0,-31062916640.956524,83.2582533120108,36.162284947145885,440.15006800278735,289.0401064108343,2664.886529544322,1880.5400290460402,1047.1186833633647,2337719.590819453,1012732.3426538917,231441.9769726348,100524.2169644198,2328631.2989959265,1008700.6763755798,4151.303690138488,1785.611046702724,50.53212129603989,27.16323139201482,advance_eq19_20,58.47637115250804,101.09715126496468,141.39370431891746,244.60051283199815,2.417963042716154,2.419459992407963,477.76272938128045,4.8183305280086045e-15,a1_station_hull_matched_sweep_free_surface_marching_not_benchmark_validated,41,8,24,10,3.0,2,16,15.0,False,none,0.0,1.0,1.0,1.0,trapezoid,1.0,1.0,1.0,1.0,-1.0,1.0,1.0,True,False,True,3.0,11,9,40,True,True,True,True,A1_GRID_RECOMMENDED,"A1 Section 3.3 recommends control radius about 3B, inner free-surface panels greater than 10, outer/free-surface proxy panels greater than 8, and roughly 60 stations at Fn=0.2 or 40 at Fn=0.3."
32,st41_bp8_fs24_cp10_r3p0_h2_fsm_clipfs_onezonefs_noend_pr1p0_pl1p0_pf1p0_pm1p0_dt1p0_fv1p0_hr1p0_hqtrapezoid_hp1p0_hc1p0_ci1p0_cp1p0_cnm1p0_cd1p0_pg1p0,A35,OK,diagnostic_matched_wigley_sensitivity_not_hard_gate,wigley_iii,Fn0.4,0.4,2.1696064159197173,1.5,2.7120080198996463,-0.2,239.85000000000002,27,28,11,2.1,0.8999999999999999,0.07499999999999996,-0.8677499999999999,0.8677499999999999,0.06449999999999989,0.06450000000000003,pitch,heave_force,-0.6000000000000001,-52793.004810390106,75892.61326508726,-3959.4753607792554,5691.945994881541,-2.244481256492662,-0.3557028891026639,-1.8887783673899978,-31062916644.83724,-1062487166.8364458,-30000429478.000786,0.0,-31062916644.83724,36.87918818335479,16.019807204929833,181.98314168777537,119.44379348397372,1100.814889020437,776.8334515671106,439.45657609588125,980610.5212715621,426369.2927510396,102517.07047366262,44531.99175744125,977284.0021911287,424876.2555791559,1709.9493231655847,738.1725084258007,20.884232461916817,11.223286070911954,advance_eq19_20,24.129145208713254,41.64716068227268,58.28104870300115,100.75654763838821,2.4153797492152904,2.419289718381108,476.6524673161357,4.200779890853889e-15,a1_station_hull_matched_sweep_free_surface_marching_not_benchmark_validated,41,8,24,10,3.0,2,16,15.0,False,none,0.0,1.0,1.0,1.0,trapezoid,1.0,1.0,1.0,1.0,-1.0,1.0,1.0,True,False,True,3.0,11,9,40,True,True,True,True,A1_GRID_RECOMMENDED,"A1 Section 3.3 recommends control radius about 3B, inner free-surface panels greater than 10, outer/free-surface proxy panels greater than 8, and roughly 60 stations at Fn=0.2 or 40 at Fn=0.3."
32,st41_bp8_fs24_cp10_r3p0_h2_fsm_clipfs_onezonefs_noend_pr1p0_pl1p0_pf1p0_pm1p0_dt1p0_fv1p0_hr1p0_hqtrapezoid_hp1p0_hc1p0_ci1p0_cp1p0_cnm1p0_cd1p0_pg1p0,A35,OK,diagnostic_matched_wigley_sensitivity_not_hard_gate,wigley_iii,Fn0.4,0.4,2.1696064159197173,1.5,2.7120080198996463,-0.2,239.85000000000002,28,29,10,2.175,0.8250000000000002,0.07499999999999996,-0.8674843749999999,0.8674843749999999,0.06503124999999987,0.0650312500000001,pitch,heave_force,-0.6749999999999998,-21692.607136756822,30128.78845581779,-1626.9455352567606,2259.6591341863327,-0.922255709781598,-0.15719994635284867,-0.7650557634287495,-31062916646.42061,-1062487167.0928972,-30000429479.3277,0.0,-31062916646.42061,17.35173518321926,7.5083503550703234,75.22338903990399,49.346588102161185,454.6113509065933,320.8201793617385,185.56383283048928,413782.8336008033,180465.38546668104,48234.496100467135,20871.774038646254,412665.4943284755,179964.71648071666,703.8986258581963,305.08250409696564,8.626068330055514,4.63522670121281,advance_eq19_20,9.984099876313406,17.159166440339934,24.04067308111586,41.489952345671234,2.407895892362887,2.417946844325224,475.4122985160682,5.254198459049713e-15,a1_station_hull_matched_sweep_free_surface_marching_not_benchmark_validated,41,8,24,10,3.0,2,16,15.0,False,none,0.0,1.0,1.0,1.0,trapezoid,1.0,1.0,1.0,1.0,-1.0,1.0,1.0,True,False,True,3.0,11,9,40,True,True,True,True,A1_GRID_RECOMMENDED,"A1 Section 3.3 recommends control radius about 3B, inner free-surface panels greater than 10, outer/free-surface proxy panels greater than 8, and roughly 60 stations at Fn=0.2 or 40 at Fn=0.3."
32,st41_bp8_fs24_cp10_r3p0_h2_fsm_clipfs_onezonefs_noend_pr1p0_pl1p0_pf1p0_pm1p0_dt1p0_fv1p0_hr1p0_hqtrapezoid_hp1p0_hc1p0_ci1p0_cp1p0_cnm1p0_cd1p0_pg1p0,A35,OK,diagnostic_matched_wigley_sensitivity_not_hard_gate,wigley_iii,Fn0.4,0.4,2.1696064159197173,1.5,2.7120080198996463,-0.2,239.85000000000002,29,30,9,2.25,0.75,0.07499999999999996,-0.8671874999999999,0.8671874999999999,0.06562499999999982,0.0656250000000001,pitch,heave_force,-0.75,-9150.73007468021,11814.925001889726,-686.3047556010154,886.1193751417289,-0.38904097634922374,-0.07587513477297024,-0.3131658415762534,-31062916647.076256,-1062487167.2094347,-30000429479.866814,0.0,-31062916647.076256,9.06048420341084,3.8866422945869163,31.0817852313429,20.38113918164269,187.70833247546898,132.466657540069,79.26804727509257,176736.00903886318,77092.64958259604,25186.408469419865,10804.120200235904,176279.97554410502,76908.75877900928,289.59259458545233,126.04606165687235,3.559257440870107,1.9131158605069325,advance_eq19_20,4.168103664999594,7.082020921982045,9.946616927927979,17.088339949169704,2.386365054077643,2.4129185916591713,474.0481182363453,3.867327728881144e-15,a1_station_hull_matched_sweep_free_surface_marching_not_benchmark_validated,41,8,24,10,3.0,2,16,15.0,False,none,0.0,1.0,1.0,1.0,trapezoid,1.0,1.0,1.0,1.0,-1.0,1.0,1.0,True,False,True,3.0,11,9,40,True,True,True,True,A1_GRID_RECOMMENDED,"A1 Section 3.3 recommends control radius about 3B, inner free-surface panels greater than 10, outer/free-surface proxy panels greater than 8, and roughly 60 stations at Fn=0.2 or 40 at Fn=0.3."
32,st41_bp8_fs24_cp10_r3p0_h2_fsm_clipfs_onezonefs_noend_pr1p0_pl1p0_pf1p0_pm1p0_dt1p0_fv1p0_hr1p0_hqtrapezoid_hp1p0_hc1p0_ci1p0_cp1p0_cnm1p0_cd1p0_pg1p0,A35,OK,diagnostic_matched_wigley_sensitivity_not_hard_gate,wigley_iii,Fn0.4,0.4,2.1696064159197173,1.5,2.7120080198996463,-0.2,239.85000000000002,30,31,8,2.3249999999999997,0.6750000000000003,0.07499999999999996,-0.866859375,0.866859375,0.06628124999999996,0.06628125000000007,pitch,heave_force,-0.8249999999999997,-4084.7541466600564,4549.008900250816,-306.35656099950404,341.175667518811,-0.17366229015543372,-0.04184448237561264,-0.1318178077798211,-31062916647.3576,-1062487167.2682946,-30000429480.089306,0.0,-31062916647.3576,5.47655658299093,2.326303004220993,12.833764559708017,8.414711630277388,77.49559214157328,54.68731007183669,34.69564734686517,77715.76579491366,33598.969972767445,15223.777008868245,6466.676214268075,77157.79656545275,33395.9639272216,119.090011615614,52.05116790853167,1.4653575120437747,0.7885275678817285,advance_eq19_20,1.7867694184040865,2.9446074898167245,4.155717570180648,7.051614087066019,2.3258275675506397,2.3947551962196902,472.56584172230123,3.5688606546230145e-15,a1_station_hull_matched_sweep_free_surface_marching_not_benchmark_validated,41,8,24,10,3.0,2,16,15.0,False,none,0.0,1.0,1.0,1.0,trapezoid,1.0,1.0,1.0,1.0,-1.0,1.0,1.0,True,False,True,3.0,11,9,40,True,True,True,True,A1_GRID_RECOMMENDED,"A1 Section 3.3 recommends control radius about 3B, inner free-surface panels greater than 10, outer/free-surface proxy panels greater than 8, and roughly 60 stations at Fn=0.2 or 40 at Fn=0.3."
32,st41_bp8_fs24_cp10_r3p0_h2_fsm_clipfs_onezonefs_noend_pr1p0_pl1p0_pf1p0_pm1p0_dt1p0_fv1p0_hr1p0_hqtrapezoid_hp1p0_hc1p0_ci1p0_cp1p0_cnm1p0_cd1p0_pg1p0,A35,OK,diagnostic_matched_wigley_sensitivity_not_hard_gate,wigley_iii,Fn0.4,0.4,2.1696064159197173,1.5,2.7120080198996463,-0.2,239.85000000000002,31,32,7,2.4,0.6000000000000001,0.07500000000000018,-0.8664999999999999,0.8664999999999998,0.06699999999999995,0.06700000000000006,pitch,heave_force,-0.8999999999999999,-2015.2743623416893,1704.8846563227546,-151.14557717562707,127.8663492242069,-0.08567888017004716,-0.02679673844649661,-0.05888214172355054,-31062916647.487274,-1062487167.302615,-30000429480.184654,0.0,-31062916647.487274,3.8641816235944852,1.6374943163349778,5.294047726465183,3.473168700989297,32.00313063601156,22.58154830838177,16.009376472028862,36742.704830469505,15399.446698158174,10741.683842375507,4551.920161401562,35602.39705630269,14944.027699511289,49.00135440948733,21.49032168369701,0.6010206734879738,0.3243832313555275,advance_eq19_20,0.8199063373007859,1.2589167659462868,1.7884481889528578,2.933934474726224,2.1812835290926147,2.3305229973014785,470.9710640469985,2.027227794796542e-15,a1_station_hull_matched_sweep_free_surface_marching_not_benchmark_validated,41,8,24,10,3.0,2,16,15.0,False,none,0.0,1.0,1.0,1.0,trapezoid,1.0,1.0,1.0,1.0,-1.0,1.0,1.0,True,False,True,3.0,11,9,40,True,True,True,True,A1_GRID_RECOMMENDED,"A1 Section 3.3 recommends control radius about 3B, inner free-surface panels greater than 10, outer/free-surface proxy panels greater than 8, and roughly 60 stations at Fn=0.2 or 40 at Fn=0.3."
32,st41_bp8_fs24_cp10_r3p0_h2_fsm_clipfs_onezonefs_noend_pr1p0_pl1p0_pf1p0_pm1p0_dt1p0_fv1p0_hr1p0_hqtrapezoid_hp1p0_hc1p0_ci1p0_cp1p0_cnm1p0_cd1p0_pg1p0,A35,OK,diagnostic_matched_wigley_sensitivity_not_hard_gate,wigley_iii,Fn0.4,0.4,2.1696064159197173,1.5,2.7120080198996463,-0.2,239.85000000000002,32,33,6,2.475,0.5249999999999999,0.07499999999999996,-0.866109375,0.866109375,0.06778124999999988,0.06778125000000013,pitch,heave_force,-0.9750000000000001,-1135.3339081247689,609.5685284441158,-85.15004310935761,45.71763963330866,-0.04826843415711568,-0.01931682808459678,-0.028951606072518895,-31062916647.554245,-1062487167.3256719,-30000429480.22857,0.0,-31062916647.554245,3.0768129843430465,1.3191734214294228,2.17793092390765,1.4310835804380144,13.208307383154187,9.31695903901429,8.171517168005836,20171.72840166932,7919.750688389671,8552.95002650145,3667.0491210189275,18172.200477391172,6991.174626727769,20.22243921209105,8.864490257344837,0.24298892000796096,0.13231814789203092,advance_eq19_20,0.42518303791182827,0.590132846976409,0.8309949822063137,1.2602088022312499,1.9544405776098719,2.1354662915105074,469.2686860462597,1.0634782257191215e-15,a1_station_hull_matched_sweep_free_surface_marching_not_benchmark_validated,41,8,24,10,3.0,2,16,15.0,False,none,0.0,1.0,1.0,1.0,trapezoid,1.0,1.0,1.0,1.0,-1.0,1.0,1.0,True,False,True,3.0,11,9,40,True,True,True,True,A1_GRID_RECOMMENDED,"A1 Section 3.3 recommends control radius about 3B, inner free-surface panels greater than 10, outer/free-surface proxy panels greater than 8, and roughly 60 stations at Fn=0.2 or 40 at Fn=0.3."
32,st41_bp8_fs24_cp10_r3p0_h2_fsm_clipfs_onezonefs_noend_pr1p0_pl1p0_pf1p0_pm1p0_dt1p0_fv1p0_hr1p0_hqtrapezoid_hp1p0_hc1p0_ci1p0_cp1p0_cnm1p0_cd1p0_pg1p0,A35,OK,diagnostic_matched_wigley_sensitivity_not_hard_gate,wigley_iii,Fn0.4,0.4,2.1696064159197173,1.5,2.7120080198996463,-0.2,239.85000000000002,33,34,5,2.55,0.4500000000000002,0.07499999999999996,-0.8656874999999999,0.8656874999999999,0.06862499999999994,0.06862500000000005,pitch,heave_force,-1.0499999999999998,-723.5307594066276,192.63994288838063,-54.264806955497036,14.447995716628538,-0.030760727369404637,-0.014895103543506441,-0.015865623825898196,-31062916647.593765,-1062487167.342778,-30000429480.25098,0.0,-31062916647.593765,2.6445684857158356,1.1659804554502684,0.8983312576362524,0.5909859958483769,5.47957905221006,3.861911690884858,4.879745933136314,13620.313058918204,5175.805864377371,7351.3932159960905,3241.202054883055,10851.806286705461,4097.233798495746,8.601020295633083,3.6838774628897926,0.09799174546446165,0.05447813785610629,advance_eq19_20,0.2469928261761554,0.33210138664693445,0.4414219355687299,0.6019964960140854,1.7871852490724065,1.812688896279989,467.4627559098952,6.074387091027762e-16,a1_station_hull_matched_sweep_free_surface_marching_not_benchmark_validated,41,8,24,10,3.0,2,16,15.0,False,none,0.0,1.0,1.0,1.0,trapezoid,1.0,1.0,1.0,1.0,-1.0,1.0,1.0,True,False,True,3.0,11,9,40,True,True,True,True,A1_GRID_RECOMMENDED,"A1 Section 3.3 recommends control radius about 3B, inner free-surface panels greater than 10, outer/free-surface proxy panels greater than 8, and roughly 60 stations at Fn=0.2 or 40 at Fn=0.3."
32,st41_bp8_fs24_cp10_r3p0_h2_fsm_clipfs_onezonefs_noend_pr1p0_pl1p0_pf1p0_pm1p0_dt1p0_fv1p0_hr1p0_hqtrapezoid_hp1p0_hc1p0_ci1p0_cp1p0_cnm1p0_cd1p0_pg1p0,A35,OK,diagnostic_matched_wigley_sensitivity_not_hard_gate,wigley_iii,Fn0.4,0.4,2.1696064159197173,1.5,2.7120080198996463,-0.2,239.85000000000002,34,35,4,2.625,0.375,0.07499999999999996,-0.8652343749999999,0.8652343749999999,0.06953124999999993,0.06953125000000009,pitch,heave_force,-1.125,-443.52408854488465,-54.43390771487695,-33.26430664086633,-4.082543078615769,-0.018856314527224378,-0.011740536172298935,-0.0071157783549254455,-31062916647.618572,-1062487167.3560958,-30000429480.262474,0.0,-31062916647.618572,2.373560782904178,1.095754950473389,0.37004247989150896,0.23915869473470866,2.2571491756244946,1.5851761799943882,2.97701160377352,10193.3230868159,3783.367162449974,6598.0437759293,3045.988618866785,6620.417062709837,2922.8405553275447,4.1245317733527544,1.6120158889584277,0.03358773324865781,0.021084302253114105,advance_eq19_20,0.1462242247631625,0.21993664434443858,0.2627642373746246,0.3522554511452777,1.7969952502755306,1.6016223771861189,465.55753958209425,6.598623594475772e-16,a1_station_hull_matched_sweep_free_surface_marching_not_benchmark_validated,41,8,24,10,3.0,2,16,15.0,False,none,0.0,1.0,1.0,1.0,trapezoid,1.0,1.0,1.0,1.0,-1.0,1.0,1.0,True,False,True,3.0,11,9,40,True,True,True,True,A1_GRID_RECOMMENDED,"A1 Section 3.3 recommends control radius about 3B, inner free-surface panels greater than 10, outer/free-surface proxy panels greater than 8, and roughly 60 stations at Fn=0.2 or 40 at Fn=0.3."
32,st41_bp8_fs24_cp10_r3p0_h2_fsm_clipfs_onezonefs_noend_pr1p0_pl1p0_pf1p0_pm1p0_dt1p0_fv1p0_hr1p0_hqtrapezoid_hp1p0_hc1p0_ci1p0_cp1p0_cnm1p0_cd1p0_pg1p0,A35,OK,diagnostic_matched_wigley_sensitivity_not_hard_gate,wigley_iii,Fn0.4,0.4,2.1696064159197173,1.5,2.7120080198996463,-0.2,239.85000000000002,35,36,3,2.6999999999999997,0.30000000000000027,0.07499999999999996,-0.8647499999999999,0.8647499999999999,0.0704999999999999,0.07050000000000001,pitch,heave_force,-1.1999999999999997,-103.96654465839626,-461.70017443086704,-7.797490849379715,-34.627513082315005,-0.004420111369416736,-0.009743783100280061,0.005323671730863326,-31062916647.630215,-1062487167.3668379,-30000429480.263367,0.0,-31062916647.630215,2.3252423813876053,1.1587394270938483,0.18968873424215826,0.10603458909374405,1.0325110975673604,0.7160844279997818,5.32513709285207,14209.511885484473,8992.850614751196,6463.727886197083,3221.0733847337488,11842.287892361517,8070.255170441216,3.0485560438790165,1.8465235259509354,0.040544516850727616,0.014921587889388514,advance_eq19_20,0.0779850808520491,0.1401192137316002,0.15727550793794068,0.2411084264058066,2.016738409700683,1.7207377916611228,463.5639836716682,4.1062774564660497e-16,a1_station_hull_matched_sweep_free_surface_marching_not_benchmark_validated,41,8,24,10,3.0,2,16,15.0,False,none,0.0,1.0,1.0,1.0,trapezoid,1.0,1.0,1.0,1.0,-1.0,1.0,1.0,True,False,True,3.0,11,9,40,True,True,True,True,A1_GRID_RECOMMENDED,"A1 Section 3.3 recommends control radius about 3B, inner free-surface panels greater than 10, outer/free-surface proxy panels greater than 8, and roughly 60 stations at Fn=0.2 or 40 at Fn=0.3."
32,st41_bp8_fs24_cp10_r3p0_h2_fsm_clipfs_onezonefs_noend_pr1p0_pl1p0_pf1p0_pm1p0_dt1p0_fv1p0_hr1p0_hqtrapezoid_hp1p0_hc1p0_ci1p0_cp1p0_cnm1p0_cd1p0_pg1p0,A35,OK,diagnostic_matched_wigley_sensitivity_not_hard_gate,wigley_iii,Fn0.4,0.4,2.1696064159197173,1.5,2.7120080198996463,-0.2,239.85000000000002,36,37,2,2.775,0.2250000000000001,0.07500000000000018,-0.8642343749999999,0.8642343749999999,0.07153124999999994,0.07153125000000005,pitch,heave_force,-1.275,-1336.5586280457728,1648.992073399749,-100.2418971034332,123.67440550498146,-0.05682345226657552,-0.009488031675844066,-0.047335420590731446,-31062916647.660835,-1062487167.3764538,-30000429480.28437,0.0,-31062916647.660835,2.8723840742566433,1.6373209063702534,0.31788680563820565,0.15543996104008928,0.6128776260588618,0.3377072532774294,30.46746503232157,68225.1015777975,44786.526907295076,7984.676861756439,4551.438114956122,67754.96780120787,44579.12429614819,2.793214552345682,1.9256718353093822,0.04323699856361009,0.014898451116731949,advance_eq19_20,0.03361007265272935,0.0912369888745213,0.08296165643402836,0.15416354363528623,2.4683569503468883,1.6897044229211482,461.53260422011545,1.4620666493193597e-15,a1_station_hull_matched_sweep_free_surface_marching_not_benchmark_validated,41,8,24,10,3.0,2,16,15.0,False,none,0.0,1.0,1.0,1.0,trapezoid,1.0,1.0,1.0,1.0,-1.0,1.0,1.0,True,False,True,3.0,11,9,40,True,True,True,True,A1_GRID_RECOMMENDED,"A1 Section 3.3 recommends control radius about 3B, inner free-surface panels greater than 10, outer/free-surface proxy panels greater than 8, and roughly 60 stations at Fn=0.2 or 40 at Fn=0.3."
32,st41_bp8_fs24_cp10_r3p0_h2_fsm_clipfs_onezonefs_noend_pr1p0_pl1p0_pf1p0_pm1p0_dt1p0_fv1p0_hr1p0_hqtrapezoid_hp1p0_hc1p0_ci1p0_cp1p0_cnm1p0_cd1p0_pg1p0,A35,OK,diagnostic_matched_wigley_sensitivity_not_hard_gate,wigley_iii,Fn0.4,0.4,2.1696064159197173,1.5,2.7120080198996463,-0.2,239.85000000000002,37,38,1,2.85,0.1499999999999999,0.07499999999999996,-0.8636874999999999,0.8636874999999999,0.07262499999999994,0.07262500000000005,pitch,heave_force,-1.35,-227.7220295828244,578.8153731229283,-17.07915221871182,43.4111529842196,-0.009681544532743181,0.004677204536398342,-0.014358749069141526,-31062916647.69409,-1062487167.3788593,-30000429480.315216,0.0,-31062916647.69409,2.6216106909427794,1.8487987740343326,0.8996260302935029,0.41867794624532545,1.0069114233940566,0.4914048970593963,16.774502129389713,37875.28101861802,26675.46784599394,7287.574949363758,5139.306029920787,37303.91912987745,26270.332754168234,2.446816579260712,0.7206855345612737,0.0021570567565268365,0.0008502206953130906,advance_eq19_20,0.0049814542151550845,0.01469451175248197,0.03437190961417153,0.09220268818098386,6.899975013240477,6.274634348801035,467.16479122089714,1.2559681465685163e-15,a1_station_hull_matched_sweep_free_surface_marching_not_benchmark_validated,41,8,24,10,3.0,2,16,15.0,False,none,0.0,1.0,1.0,1.0,trapezoid,1.0,1.0,1.0,1.0,-1.0,1.0,1.0,True,False,True,3.0,11,9,40,True,True,True,True,A1_GRID_RECOMMENDED,"A1 Section 3.3 recommends control radius about 3B, inner free-surface panels greater than 10, outer/free-surface proxy panels greater than 8, and roughly 60 stations at Fn=0.2 or 40 at Fn=0.3."
32,st41_bp8_fs24_cp10_r3p0_h2_fsm_clipfs_onezonefs_noend_pr1p0_pl1p0_pf1p0_pm1p0_dt1p0_fv1p0_hr1p0_hqtrapezoid_hp1p0_hc1p0_ci1p0_cp1p0_cnm1p0_cd1p0_pg1p0,A35,OK,diagnostic_matched_wigley_sensitivity_not_hard_gate,wigley_iii,Fn0.4,0.4,2.1696064159197173,1.5,2.7120080198996463,-0.2,239.85000000000002,38,39,0,2.925,0.07500000000000018,0.03749999999999987,-0.8631093749999998,0.8631093749999998,0.07378124999999991,0.07378125000000002,pitch,heave_force,-1.4249999999999998,1220.0974159906839,-2130.0028360550323,45.753653099650485,-79.87510635206343,0.025936066635359006,-0.0006222512402381453,0.026558317875597152,-31062916647.672997,-1062487167.3771429,-30000429480.295837,0.0,-31062916647.672997,1.8172533615687345,1.0601250348376259,0.071063200284345,0.035909931438496794,0.09644802035470261,0.04903020684047806,94.819715019049,210909.63986096298,127927.97012548699,5051.6158330331,2946.9442864904345,210864.4986125331,127916.90362879734,1.0283560373449359,0.7179510615143506,0.0,0.0,initialize_eq21_22,0.0,0.0,0.006025523656317975,0.01777435350369191,,,690.6987294891596,1.0145519239978086e-15,a1_station_hull_matched_sweep_free_surface_marching_not_benchmark_validated,41,8,24,10,3.0,2,16,15.0,False,none,0.0,1.0,1.0,1.0,trapezoid,1.0,1.0,1.0,1.0,-1.0,1.0,1.0,True,False,True,3.0,11,9,40,True,True,True,True,A1_GRID_RECOMMENDED,"A1 Section 3.3 recommends control radius about 3B, inner free-surface panels greater than 10, outer/free-surface proxy panels greater than 8, and roughly 60 stations at Fn=0.2 or 40 at Fn=0.3."
32,st41_bp8_fs24_cp10_r3p0_h2_fsm_clipfs_onezonefs_noend_pr1p0_pl1p0_pf1p0_pm1p0_dt1p0_fv1p0_hr1p0_hqtrapezoid_hp1p0_hc1p0_ci1p0_cp1p0_cn1p0_cd1p0_pg1p0,A35,OK,diagnostic_matched_wigley_sensitivity_not_hard_gate,wigley_iii,Fn0.4,0.4,2.1696064159197173,1.5,2.7120080198996463,-0.2,239.85000000000002,0,1,38,0.075,2.925,0.0375,-0.8631093749999998,0.8631093749999998,0.07378124999999991,0.07378125000000002,pitch,heave_force,1.425,-9260.283031765217,-18876.77016955358,-347.2606136911956,-707.8788813582593,-0.19684929631551787,0.014052589008335456,-0.21090188532385334,0.0,0.0,0.0,0.0,0.0,38.813393141825415,21.23425044917347,0.5239003398819716,0.17693413483011022,0.9949767171201136,0.6115534169698443,873.8486824325682,1945963.1810900676,1016474.4576513921,107893.78931715216,59027.14395258402,1943305.4006474088,1015361.0766011684,6.4511870883833025,4.139459466836523,0.05489935702384576,0.030479157688945296,advance_eq19_20,2.450591203059643,0.6978950123700114,2.4982582742709947,0.6944338821389661,1.0194512537023057,0.9950406147490701,113.94877021527233,2.339341845947872e-15,a1_station_hull_matched_sweep_free_surface_marching_not_benchmark_validated,41,8,24,10,3.0,2,16,15.0,False,none,0.0,1.0,1.0,1.0,trapezoid,1.0,1.0,1.0,1.0,1.0,1.0,1.0,True,False,True,3.0,11,9,40,True,True,True,True,A1_GRID_RECOMMENDED,"A1 Section 3.3 recommends control radius about 3B, inner free-surface panels greater than 10, outer/free-surface proxy panels greater than 8, and roughly 60 stations at Fn=0.2 or 40 at Fn=0.3."
32,st41_bp8_fs24_cp10_r3p0_h2_fsm_clipfs_onezonefs_noend_pr1p0_pl1p0_pf1p0_pm1p0_dt1p0_fv1p0_hr1p0_hqtrapezoid_hp1p0_hc1p0_ci1p0_cp1p0_cn1p0_cd1p0_pg1p0,A35,OK,diagnostic_matched_wigley_sensitivity_not_hard_gate,wigley_iii,Fn0.4,0.4,2.1696064159197173,1.5,2.7120080198996463,-0.2,239.85000000000002,1,2,37,0.15,2.85,0.07499999999999998,-0.8636874999999999,0.8636874999999999,0.07262499999999991,0.07262500000000005,pitch,heave_force,1.35,75.48074447746092,-705.5449254211567,5.6610558358095675,-52.91586940658674,0.003209044774288559,-0.018587587891780766,0.021796632666069335,-0.1952447739283736,0.004758795062445073,-0.20000356899081867,0.0,-0.1952447739283736,13.485019324335333,9.018582241681322,0.7976625706440024,0.30854933223511694,1.1244111392329754,0.5686382626245131,211.83422500913622,472570.22066827165,212871.5648977178,37485.76757000161,25069.929051753385,471086.816033483,212661.72868694298,12.474592596460678,8.705621467104104,0.039070201746675165,0.022159333544536038,advance_eq19_20,2.347235631950034,0.8094658301762298,2.4096908886524226,0.6974480751709772,1.026608004689543,0.8616152148375861,77.78531556101733,1.0514948140587375e-15,a1_station_hull_matched_sweep_free_surface_marching_not_benchmark_validated,41,8,24,10,3.0,2,16,15.0,False,none,0.0,1.0,1.0,1.0,trapezoid,1.0,1.0,1.0,1.0,1.0,1.0,1.0,True,False,True,3.0,11,9,40,True,True,True,True,A1_GRID_RECOMMENDED,"A1 Section 3.3 recommends control radius about 3B, inner free-surface panels greater than 10, outer/free-surface proxy panels greater than 8, and roughly 60 stations at Fn=0.2 or 40 at Fn=0.3."
32,st41_bp8_fs24_cp10_r3p0_h2_fsm_clipfs_onezonefs_noend_pr1p0_pl1p0_pf1p0_pm1p0_dt1p0_fv1p0_hr1p0_hqtrapezoid_hp1p0_hc1p0_ci1p0_cp1p0_cn1p0_cd1p0_pg1p0,A35,OK,diagnostic_matched_wigley_sensitivity_not_hard_gate,wigley_iii,Fn0.4,0.4,2.1696064159197173,1.5,2.7120080198996463,-0.2,239.85000000000002,2,3,36,0.22499999999999998,2.775,0.075,-0.8642343749999999,0.8642343749999999,0.07153124999999994,0.07153125000000006,pitch,heave_force,1.275,6716.93147319525,6537.816798709806,503.76986048964375,490.33625990323543,0.2855686439307448,0.06934223502839318,0.21622640890235162,-0.05085592957585694,0.030136118630751267,-0.0809920482066082,0.0,-0.05085592957585694,21.396492311414445,11.592023039855869,0.18107834957984098,0.08945171916841949,0.6751178596833123,0.4489517613623583,138.57096244142812,314544.6157548318,211794.4728981752,59478.14521493403,32223.60093722436,308160.5604024199,209862.90047629853,6.756728441610659,3.9660323405606737,0.04005078857178789,0.022504822253646282,advance_eq19_20,2.204597809710139,0.753021612431548,2.3053506530756884,0.8108662578417076,1.045701235355394,1.076816713431871,77.91010290862684,2.0439045992429246e-15,a1_station_hull_matched_sweep_free_surface_marching_not_benchmark_validated,41,8,24,10,3.0,2,16,15.0,False,none,0.0,1.0,1.0,1.0,trapezoid,1.0,1.0,1.0,1.0,1.0,1.0,1.0,True,False,True,3.0,11,9,40,True,True,True,True,A1_GRID_RECOMMENDED,"A1 Section 3.3 recommends control radius about 3B, inner free-surface panels greater than 10, outer/free-surface proxy panels greater than 8, and roughly 60 stations at Fn=0.2 or 40 at Fn=0.3."
32,st41_bp8_fs24_cp10_r3p0_h2_fsm_clipfs_onezonefs_noend_pr1p0_pl1p0_pf1p0_pm1p0_dt1p0_fv1p0_hr1p0_hqtrapezoid_hp1p0_hc1p0_ci1p0_cp1p0_cn1p0_cd1p0_pg1p0,A35,OK,diagnostic_matched_wigley_sensitivity_not_hard_gate,wigley_iii,Fn0.4,0.4,2.1696064159197173,1.5,2.7120080198996463,-0.2,239.85000000000002,3,4,35,0.3,2.7,0.07500000000000001,-0.8647499999999999,0.8647499999999999,0.0704999999999999,0.07050000000000001,pitch,heave_force,1.2,-2739.4504782329573,-7936.413974001323,-205.45878586747182,-595.2310480500994,-0.11646704470728729,0.0442418317976574,-0.1607088765049447,0.03369487003587187,0.08692815204377656,-0.053233282007904704,0.0,0.03369487003587187,11.340937032451912,5.165749175248885,0.28229610203609357,0.09971047914811271,0.6608668681574744,0.4208703107667499,87.1415140289674,201166.3701839825,119637.06765832065,31525.62998981614,14359.792021866582,193789.3576284609,116875.20872650835,2.554059882169172,1.0777806602069753,0.039397911667152584,0.0221691785250249,advance_eq19_20,2.0995072059021394,0.7499029724070825,2.170599431565333,0.7529876197044136,1.0338613868356055,1.0041133952135566,78.9850404442889,1.168450408996696e-15,a1_station_hull_matched_sweep_free_surface_marching_not_benchmark_validated,41,8,24,10,3.0,2,16,15.0,False,none,0.0,1.0,1.0,1.0,trapezoid,1.0,1.0,1.0,1.0,1.0,1.0,1.0,True,False,True,3.0,11,9,40,True,True,True,True,A1_GRID_RECOMMENDED,"A1 Section 3.3 recommends control radius about 3B, inner free-surface panels greater than 10, outer/free-surface proxy panels greater than 8, and roughly 60 stations at Fn=0.2 or 40 at Fn=0.3."
32,st41_bp8_fs24_cp10_r3p0_h2_fsm_clipfs_onezonefs_noend_pr1p0_pl1p0_pf1p0_pm1p0_dt1p0_fv1p0_hr1p0_hqtrapezoid_hp1p0_hc1p0_ci1p0_cp1p0_cn1p0_cd1p0_pg1p0,A35,OK,diagnostic_matched_wigley_sensitivity_not_hard_gate,wigley_iii,Fn0.4,0.4,2.1696064159197173,1.5,2.7120080198996463,-0.2,239.85000000000002,4,5,34,0.375,2.625,0.07499999999999998,-0.8652343749999999,0.8652343749999999,0.06953124999999993,0.06953125000000009,pitch,heave_force,1.125,-213.838518456955,-3620.560491183944,-16.03788888427162,-271.54203683879575,-0.00909129056617623,0.039103152419459684,-0.048194442985635924,-0.02908429760085989,0.1286006441523351,-0.157684941753195,0.0,-0.02908429760085989,8.897315901821193,3.761475279029848,0.28172506782983237,0.09721365761367756,0.6434901030471315,0.40888212211782776,26.866646616678445,71950.72408652576,35979.774684752025,24732.83188335272,10456.179901467789,59747.30009563815,31669.66372769841,2.196972916424718,0.8854905234467098,0.04005317835588224,0.02261034667782364,advance_eq19_20,2.0129753590044377,0.7420428467657609,2.0691724918269068,0.74934616462676,1.0279174469628196,1.0098421781071416,80.04292683338196,1.0651533849687634e-15,a1_station_hull_matched_sweep_free_surface_marching_not_benchmark_validated,41,8,24,10,3.0,2,16,15.0,False,none,0.0,1.0,1.0,1.0,trapezoid,1.0,1.0,1.0,1.0,1.0,1.0,1.0,True,False,True,3.0,11,9,40,True,True,True,True,A1_GRID_RECOMMENDED,"A1 Section 3.3 recommends control radius about 3B, inner free-surface panels greater than 10, outer/free-surface proxy panels greater than 8, and roughly 60 stations at Fn=0.2 or 40 at Fn=0.3."
32,st41_bp8_fs24_cp10_r3p0_h2_fsm_clipfs_onezonefs_noend_pr1p0_pl1p0_pf1p0_pm1p0_dt1p0_fv1p0_hr1p0_hqtrapezoid_hp1p0_hc1p0_ci1p0_cp1p0_cn1p0_cd1p0_pg1p0,A35,OK,diagnostic_matched_wigley_sensitivity_not_hard_gate,wigley_iii,Fn0.4,0.4,2.1696064159197173,1.5,2.7120080198996463,-0.2,239.85000000000002,5,6,33,0.44999999999999996,2.55,0.07500000000000001,-0.8656874999999999,0.8656874999999999,0.06862499999999994,0.06862500000000005,pitch,heave_force,1.05,234.32208488124235,-2860.1687082832314,17.574156366093177,-214.51265312124238,0.00996214421564282,0.03611905452556868,-0.02615691030992586,-0.028648870776126597,0.16621174762484928,-0.19486061840097588,0.0,-0.028648870776126597,7.638834692600941,3.1075967965697604,0.2728635926871984,0.09398321885827246,0.6529812498272336,0.42096343115990403,16.11941655438178,49761.88722839529,22118.916161917474,21234.495472746938,8638.52312078443,35847.10931670094,17090.560139705787,2.251769915167419,0.7580561818273293,0.0416816211721111,0.02359397540683029,advance_eq19_20,1.944153383572615,0.7262256415520443,1.985619890783094,0.741026860780392,1.0213288249583885,1.020381019866932,81.06571677861561,8.696939023993065e-16,a1_station_hull_matched_sweep_free_surface_marching_not_benchmark_validated,41,8,24,10,3.0,2,16,15.0,False,none,0.0,1.0,1.0,1.0,trapezoid,1.0,1.0,1.0,1.0,1.0,1.0,1.0,True,False,True,3.0,11,9,40,True,True,True,True,A1_GRID_RECOMMENDED,"A1 Section 3.3 recommends control radius about 3B, inner free-surface panels greater than 10, outer/free-surface proxy panels greater than 8, and roughly 60 stations at Fn=0.2 or 40 at Fn=0.3."
32,st41_bp8_fs24_cp10_r3p0_h2_fsm_clipfs_onezonefs_noend_pr1p0_pl1p0_pf1p0_pm1p0_dt1p0_fv1p0_hr1p0_hqtrapezoid_hp1p0_hc1p0_ci1p0_cp1p0_cn1p0_cd1p0_pg1p0,A35,OK,diagnostic_matched_wigley_sensitivity_not_hard_gate,wigley_iii,Fn0.4,0.4,2.1696064159197173,1.5,2.7120080198996463,-0.2,239.85000000000002,6,7,32,0.525,2.475,0.07500000000000001,-0.866109375,0.866109375,0.0677812499999999,0.06778125000000006,pitch,heave_force,0.975,371.85653300217444,-2614.0774368497555,27.889239975163086,-196.05580776373168,0.015809386516742935,0.03331226449696087,-0.017502877980217938,-0.015763105409933708,0.2009274071361141,-0.21669051254604782,0.0,-0.015763105409933708,6.8150476767568415,2.710471006674538,0.26808181477641374,0.09487394425768368,0.6827953234404895,0.44729802313424527,12.014093396236522,41011.542689484,17066.347592255323,18944.52555424708,7534.589585501985,26717.5004667818,11794.875871920778,2.39767681812283,0.7912205191132028,0.043572002971332215,0.024702512789182528,advance_eq19_20,1.8930229665930178,0.7033569574260123,1.9196938239348762,0.7247540707722541,1.0140890299867094,1.0304214142198096,82.0454186369934,6.138947308299273e-16,a1_station_hull_matched_sweep_free_surface_marching_not_benchmark_validated,41,8,24,10,3.0,2,16,15.0,False,none,0.0,1.0,1.0,1.0,trapezoid,1.0,1.0,1.0,1.0,1.0,1.0,1.0,True,False,True,3.0,11,9,40,True,True,True,True,A1_GRID_RECOMMENDED,"A1 Section 3.3 recommends control radius about 3B, inner free-surface panels greater than 10, outer/free-surface proxy panels greater than 8, and roughly 60 stations at Fn=0.2 or 40 at Fn=0.3."
32,st41_bp8_fs24_cp10_r3p0_h2_fsm_clipfs_onezonefs_noend_pr1p0_pl1p0_pf1p0_pm1p0_dt1p0_fv1p0_hr1p0_hqtrapezoid_hp1p0_hc1p0_ci1p0_cp1p0_cn1p0_cd1p0_pg1p0,A35,OK,diagnostic_matched_wigley_sensitivity_not_hard_gate,wigley_iii,Fn0.4,0.4,2.1696064159197173,1.5,2.7120080198996463,-0.2,239.85000000000002,7,8,31,0.6,2.4,0.07499999999999996,-0.8664999999999999,0.8664999999999998,0.06699999999999995,0.06700000000000006,pitch,heave_force,0.9,395.8704177975273,-2527.195730239854,29.69028133481453,-189.53967976798896,0.01683033075949487,0.030218350962852348,-0.013388020203357479,0.0005567532281851869,0.2326927148660207,-0.2321359616378355,0.0,0.0005567532281851869,6.212331773169972,2.4349195542117394,0.26846309711550376,0.09967056993680252,0.7192197158852739,0.4764317254100031,9.916293677223228,36201.71636937354,14509.33769071548,17269.090930892213,6768.609392803528,22052.315743853833,9230.490771543566,2.5489651367940547,0.8631375906914511,0.04512422062305913,0.025595344844138036,advance_eq19_20,1.8584090797346347,0.6753726394314906,1.871500148236421,0.7014630054445745,1.0070442340411163,1.0386310674874926,82.97650322796618,9.123864339433793e-16,a1_station_hull_matched_sweep_free_surface_marching_not_benchmark_validated,41,8,24,10,3.0,2,16,15.0,False,none,0.0,1.0,1.0,1.0,trapezoid,1.0,1.0,1.0,1.0,1.0,1.0,1.0,True,False,True,3.0,11,9,40,True,True,True,True,A1_GRID_RECOMMENDED,"A1 Section 3.3 recommends control radius about 3B, inner free-surface panels greater than 10, outer/free-surface proxy panels greater than 8, and roughly 60 stations at Fn=0.2 or 40 at Fn=0.3."
32,st41_bp8_fs24_cp10_r3p0_h2_fsm_clipfs_onezonefs_noend_pr1p0_pl1p0_pf1p0_pm1p0_dt1p0_fv1p0_hr1p0_hqtrapezoid_hp1p0_hc1p0_ci1p0_cp1p0_cn1p0_cd1p0_pg1p0,A35,OK,diagnostic_matched_wigley_sensitivity_not_hard_gate,wigley_iii,Fn0.4,0.4,2.1696064159197173,1.5,2.7120080198996463,-0.2,239.85000000000002,8,9,30,0.6749999999999999,2.325,0.07500000000000001,-0.866859375,0.866859375,0.06628124999999993,0.06628125000000007,pitch,heave_force,0.8250000000000001,361.2020864807831,-2500.765652051303,27.09015648605874,-187.55742390384773,0.015356415415714416,0.026728073577077228,-0.011371658161362808,0.016650126315789823,0.26116592713598547,-0.24451580082019567,0.0,0.016650126315789823,5.745572297436634,2.2292175528219498,0.27193746088478726,0.10390367816713918,0.7505923687018945,0.5000158275209544,8.641502614849644,33033.874566851984,12938.839756859763,15971.58910330042,6196.797278388047,19217.376004273923,7754.385024424126,2.670499303476183,0.8986708227970196,0.045955160680645694,0.02605994039951755,advance_eq19_20,1.8377563288639458,0.6444550601386833,1.8398096083565483,0.6731377891892367,1.0011172751579487,1.0445069498630069,83.85411691935546,1.0317113044619607e-15,a1_station_hull_matched_sweep_free_surface_marching_not_benchmark_validated,41,8,24,10,3.0,2,16,15.0,False,none,0.0,1.0,1.0,1.0,trapezoid,1.0,1.0,1.0,1.0,1.0,1.0,1.0,True,False,True,3.0,11,9,40,True,True,True,True,A1_GRID_RECOMMENDED,"A1 Section 3.3 recommends control radius about 3B, inner free-surface panels greater than 10, outer/free-surface proxy panels greater than 8, and roughly 60 stations at Fn=0.2 or 40 at Fn=0.3."
32,st41_bp8_fs24_cp10_r3p0_h2_fsm_clipfs_onezonefs_noend_pr1p0_pl1p0_pf1p0_pm1p0_dt1p0_fv1p0_hr1p0_hqtrapezoid_hp1p0_hc1p0_ci1p0_cp1p0_cn1p0_cd1p0_pg1p0,A35,OK,diagnostic_matched_wigley_sensitivity_not_hard_gate,wigley_iii,Fn0.4,0.4,2.1696064159197173,1.5,2.7120080198996463,-0.2,239.85000000000002,9,10,29,0.75,2.25,0.07500000000000001,-0.8671874999999999,0.8671874999999999,0.06562499999999982,0.0656250000000001,pitch,heave_force,0.75,290.8260165153623,-2496.274207591111,21.811951238652178,-187.22056556933336,0.01236439458813849,0.022851523401055427,-0.010487128812916937,0.030510531317716288,0.2859557256250518,-0.25544519430733553,0.0,0.030510531317716288,5.374052367168239,2.0694556190166917,0.275830050295556,0.10652642365014955,0.76950789469289,0.5132698252454928,7.765614762182606,30706.174661055167,11847.070979004517,14938.834947098967,5752.6897414896475,17269.53580188206,6792.666131002083,2.7491718617320315,0.9340033247399065,0.045874572686231394,0.02599412039961388,advance_eq19_20,1.8275078647129879,0.6126046558289622,1.8219464745688072,0.6420027916464908,0.9969568447547807,1.0479887567582191,84.67363722110893,6.8884993689596265e-16,a1_station_hull_matched_sweep_free_surface_marching_not_benchmark_validated,41,8,24,10,3.0,2,16,15.0,False,none,0.0,1.0,1.0,1.0,trapezoid,1.0,1.0,1.0,1.0,1.0,1.0,1.0,True,False,True,3.0,11,9,40,True,True,True,True,A1_GRID_RECOMMENDED,"A1 Section 3.3 recommends control radius about 3B, inner free-surface panels greater than 10, outer/free-surface proxy panels greater than 8, and roughly 60 stations at Fn=0.2 or 40 at Fn=0.3."
32,st41_bp8_fs24_cp10_r3p0_h2_fsm_clipfs_onezonefs_noend_pr1p0_pl1p0_pf1p0_pm1p0_dt1p0_fv1p0_hr1p0_hqtrapezoid_hp1p0_hc1p0_ci1p0_cp1p0_cn1p0_cd1p0_pg1p0,A35,OK,diagnostic_matched_wigley_sensitivity_not_hard_gate,wigley_iii,Fn0.4,0.4,2.1696064159197173,1.5,2.7120080198996463,-0.2,239.85000000000002,10,11,28,0.825,2.175,0.07499999999999996,-0.8674843749999999,0.8674843749999999,0.06503124999999987,0.0650312500000001,pitch,heave_force,0.675,197.1674539584289,-2495.7728724136114,14.787559046882158,-187.18296543102073,0.008382524472503188,0.01864684231726699,-0.0102643178447638,0.04088399084803713,0.306704908484213,-0.2658209176361759,0.0,0.04088399084803713,5.075690099790435,1.9430486224154249,0.2779096353412097,0.10699642708511506,0.7723180985197403,0.51413719994108,7.105146656925091,28871.11053276891,11023.094299769491,14109.445063585821,5401.302533221732,15800.756067238086,6103.440091378532,2.7853642958298077,0.9490181558822629,0.04483530231332247,0.025376504236272898,advance_eq19_20,1.8236745872056663,0.5813600297960407,1.814235316572644,0.6100808037367473,0.994824037852342,1.0494027323322912,85.43060038090825,7.510863360934729e-16,a1_station_hull_matched_sweep_free_surface_marching_not_benchmark_validated,41,8,24,10,3.0,2,16,15.0,False,none,0.0,1.0,1.0,1.0,trapezoid,1.0,1.0,1.0,1.0,1.0,1.0,1.0,True,False,True,3.0,11,9,40,True,True,True,True,A1_GRID_RECOMMENDED,"A1 Section 3.3 recommends control radius about 3B, inner free-surface panels greater than 10, outer/free-surface proxy panels greater than 8, and roughly 60 stations at Fn=0.2 or 40 at Fn=0.3."
32,st41_bp8_fs24_cp10_r3p0_h2_fsm_clipfs_onezonefs_noend_pr1p0_pl1p0_pf1p0_pm1p0_dt1p0_fv1p0_hr1p0_hqtrapezoid_hp1p0_hc1p0_ci1p0_cp1p0_cn1p0_cd1p0_pg1p0,A35,OK,diagnostic_matched_wigley_sensitivity_not_hard_gate,wigley_iii,Fn0.4,0.4,2.1696064159197173,1.5,2.7120080198996463,-0.2,239.85000000000002,11,12,27,0.8999999999999999,2.1,0.07500000000000001,-0.8677499999999999,0.8677499999999999,0.06449999999999989,0.0645,pitch,heave_force,0.6000000000000001,88.01367538164668,-2489.991469819944,6.601025653623502,-186.74936023649585,0.0037418791640792767,0.014192885300503342,-0.010451006136424064,0.04694619266632836,0.3231247722930982,-0.27617857962676984,0.0,0.04694619266632836,4.837047484967394,1.8426009777304437,0.2766809829639377,0.10514714296253104,0.7581141835076323,0.502428332390636,6.5702025881751664,27353.6761988677,10365.04586478258,13446.064361163664,5122.077344806891,14611.122531427101,5571.039253268505,2.7884467400157127,0.9510310857923737,0.04288929969494351,0.02424121928873252,advance_eq19_20,1.8223415537805527,0.5516817360490501,1.8126091455032858,0.5789081616169603,0.9946593939774482,1.0493516891874948,86.12073569235693,7.82573959019993e-16,a1_station_hull_matched_sweep_free_surface_marching_not_benchmark_validated,41,8,24,10,3.0,2,16,15.0,False,none,0.0,1.0,1.0,1.0,trapezoid,1.0,1.0,1.0,1.0,1.0,1.0,1.0,True,False,True,3.0,11,9,40,True,True,True,True,A1_GRID_RECOMMENDED,"A1 Section 3.3 recommends control radius about 3B, inner free-surface panels greater than 10, outer/free-surface proxy panels greater than 8, and roughly 60 stations at Fn=0.2 or 40 at Fn=0.3."
32,st41_bp8_fs24_cp10_r3p0_h2_fsm_clipfs_onezonefs_noend_pr1p0_pl1p0_pf1p0_pm1p0_dt1p0_fv1p0_hr1p0_hqtrapezoid_hp1p0_hc1p0_ci1p0_cp1p0_cn1p0_cd1p0_pg1p0,A35,OK,diagnostic_matched_wigley_sensitivity_not_hard_gate,wigley_iii,Fn0.4,0.4,2.1696064159197173,1.5,2.7120080198996463,-0.2,239.85000000000002,12,13,26,0.975,2.025,0.07500000000000007,-0.8679843749999999,0.8679843749999999,0.06403124999999998,0.0640312500000001,pitch,heave_force,0.525,-31.455649170196118,-2473.759791606377,-2.359173687764711,-185.53198437047843,-0.0013373289743003846,0.009577199861810371,-0.010914528836110753,0.048148467761217804,0.3350098148742551,-0.2868613471130372,0.0,0.048148467761217804,4.648759563021761,1.7632367923802317,0.27134325662788056,0.10107196267162488,0.7278448311848945,0.479181951244493,6.112393634800556,26054.381458039854,9817.506220039531,12922.660047937696,4901.460129965249,13593.02565785738,5134.615995337108,2.772609298439647,0.9756294922314508,0.04015379735597247,0.02265863515513634,advance_eq19_20,1.8199909974034185,0.5240314136708274,1.8131296868136195,0.5494227986009709,0.9962300304783991,1.0484539366681807,86.74002633334426,5.38414171246375e-16,a1_station_hull_matched_sweep_free_surface_marching_not_benchmark_validated,41,8,24,10,3.0,2,16,15.0,False,none,0.0,1.0,1.0,1.0,trapezoid,1.0,1.0,1.0,1.0,1.0,1.0,1.0,True,False,True,3.0,11,9,40,True,True,True,True,A1_GRID_RECOMMENDED,"A1 Section 3.3 recommends control radius about 3B, inner free-surface panels greater than 10, outer/free-surface proxy panels greater than 8, and roughly 60 stations at Fn=0.2 or 40 at Fn=0.3."
32,st41_bp8_fs24_cp10_r3p0_h2_fsm_clipfs_onezonefs_noend_pr1p0_pl1p0_pf1p0_pm1p0_dt1p0_fv1p0_hr1p0_hqtrapezoid_hp1p0_hc1p0_ci1p0_cp1p0_cn1p0_cd1p0_pg1p0,A35,OK,diagnostic_matched_wigley_sensitivity_not_hard_gate,wigley_iii,Fn0.4,0.4,2.1696064159197173,1.5,2.7120080198996463,-0.2,239.85000000000002,13,14,25,1.05,1.95,0.07500000000000001,-0.8681874999999999,0.8681874999999999,0.06362499999999982,0.0636250000000001,pitch,heave_force,0.44999999999999996,-157.75727643043768,-2443.9085892874523,-11.831795732282828,-183.29314419655896,-0.006707010735516284,0.004890552190612347,-0.011597562926128636,0.04412629790630947,0.3422436909004664,-0.2981173929941569,0.0,0.04412629790630947,4.503181718632692,1.70129966431813,0.261652566007384,0.09529049436879865,0.683648464224348,0.44620435034512307,5.703514258036953,24910.31473783973,9347.135836366735,12517.981559397265,4729.2867922304295,12683.740655714722,4759.5570215861835,2.7516920169357078,0.9568828509211165,0.036785706871156135,0.02072080713667138,advance_eq19_20,1.8136368294405658,0.49861362771407275,1.8123068876345072,0.5220564276895788,0.9992666989418886,1.0470159632077871,87.28477208365122,5.759215703869515e-16,a1_station_hull_matched_sweep_free_surface_marching_not_benchmark_validated,41,8,24,10,3.0,2,16,15.0,False,none,0.0,1.0,1.0,1.0,trapezoid,1.0,1.0,1.0,1.0,1.0,1.0,1.0,True,False,True,3.0,11,9,40,True,True,True,True,A1_GRID_RECOMMENDED,"A1 Section 3.3 recommends control radius about 3B, inner free-surface panels greater than 10, outer/free-surface proxy panels greater than 8, and roughly 60 stations at Fn=0.2 or 40 at Fn=0.3."
32,st41_bp8_fs24_cp10_r3p0_h2_fsm_clipfs_onezonefs_noend_pr1p0_pl1p0_pf1p0_pm1p0_dt1p0_fv1p0_hr1p0_hqtrapezoid_hp1p0_hc1p0_ci1p0_cp1p0_cn1p0_cd1p0_pg1p0,A35,OK,diagnostic_matched_wigley_sensitivity_not_hard_gate,wigley_iii,Fn0.4,0.4,2.1696064159197173,1.5,2.7120080198996463,-0.2,239.85000000000002,14,15,24,1.125,1.875,0.07499999999999996,-0.8683593749999999,0.8683593749999999,0.06328124999999996,0.06328125000000007,pitch,heave_force,0.375,-288.4554534496035,-2398.2390919345125,-21.63415900872025,-179.86793189508833,-0.01226361069853911,0.00022455702760966977,-0.01248816772614878,0.034640987189281776,0.3448012455095774,-0.3101602583202956,0.0,0.034640987189281776,4.393127055616126,1.6536817952348826,0.24778365378309733,0.09062860955315481,0.6283554655590343,0.40572768917121355,5.326084656009606,23878.197629779526,8932.174297910386,12212.050702450779,4596.9182483150225,11844.395127445248,4424.914263893723,2.734296426857401,1.0189845945199911,0.03296188647334893,0.018530268460593503,advance_eq19_20,1.8008314843523583,0.4756540624710238,1.8072212421572391,0.49698970870848536,1.0035482263945306,1.0448553852911984,87.75164677623461,4.507628270775083e-16,a1_station_hull_matched_sweep_free_surface_marching_not_benchmark_validated,41,8,24,10,3.0,2,16,15.0,False,none,0.0,1.0,1.0,1.0,trapezoid,1.0,1.0,1.0,1.0,1.0,1.0,1.0,True,False,True,3.0,11,9,40,True,True,True,True,A1_GRID_RECOMMENDED,"A1 Section 3.3 recommends control radius about 3B, inner free-surface panels greater than 10, outer/free-surface proxy panels greater than 8, and roughly 60 stations at Fn=0.2 or 40 at Fn=0.3."
32,st41_bp8_fs24_cp10_r3p0_h2_fsm_clipfs_onezonefs_noend_pr1p0_pl1p0_pf1p0_pm1p0_dt1p0_fv1p0_hr1p0_hqtrapezoid_hp1p0_hc1p0_ci1p0_cp1p0_cn1p0_cd1p0_pg1p0,A35,OK,diagnostic_matched_wigley_sensitivity_not_hard_gate,wigley_iii,Fn0.4,0.4,2.1696064159197173,1.5,2.7120080198996463,-0.2,239.85000000000002,15,16,23,1.2,1.8,0.07499999999999996,-0.8684999999999999,0.8684999999999998,0.06299999999999994,0.06300000000000008,pitch,heave_force,0.30000000000000004,-421.5155075383233,-2335.0816048592196,-31.613663065374226,-175.13112036444136,-0.017920625268227977,-0.004329403990420018,-0.013591221277807961,0.019548869205898236,0.3427488220281722,-0.323199952822274,0.0,0.019548869205898236,4.3112745467025375,1.617493640732171,0.23021378818362145,0.08451908765052346,0.5651138349104613,0.36015032733717756,4.96913086086985,22926.832914457802,8557.605043119442,11984.516425312657,4496.3221189473825,11050.584652220092,4117.581997665371,2.7226842451149365,1.0053268142885832,0.028863665791235463,0.016191269078058065,advance_eq19_20,1.7796190549130744,0.45556459100894703,1.7955160352999922,0.4744277789243187,1.0089327996028308,1.0414061766161304,88.13774872231025,4.3617608643493575e-16,a1_station_hull_matched_sweep_free_surface_marching_not_benchmark_validated,41,8,24,10,3.0,2,16,15.0,False,none,0.0,1.0,1.0,1.0,trapezoid,1.0,1.0,1.0,1.0,1.0,1.0,1.0,True,False,True,3.0,11,9,40,True,True,True,True,A1_GRID_RECOMMENDED,"A1 Section 3.3 recommends control radius about 3B, inner free-surface panels greater than 10, outer/free-surface proxy panels greater than 8, and roughly 60 stations at Fn=0.2 or 40 at Fn=0.3."
32,st41_bp8_fs24_cp10_r3p0_h2_fsm_clipfs_onezonefs_noend_pr1p0_pl1p0_pf1p0_pm1p0_dt1p0_fv1p0_hr1p0_hqtrapezoid_hp1p0_hc1p0_ci1p0_cp1p0_cn1p0_cd1p0_pg1p0,A35,OK,diagnostic_matched_wigley_sensitivity_not_hard_gate,wigley_iii,Fn0.4,0.4,2.1696064159197173,1.5,2.7120080198996463,-0.2,239.85000000000002,16,17,22,1.275,1.725,0.07499999999999996,-0.8686093749999999,0.8686093749999999,0.0627812499999999,0.06278125000000001,pitch,heave_force,0.2250000000000001,-554.6706529670832,-2253.2261018448744,-41.60029897253122,-168.99195763836548,-0.023581682622205058,-0.008681144096670692,-0.014900538525534369,-0.001202284739318283,0.3362435479846268,-0.3374458327239452,0.0,-0.001202284739318283,4.2500654924469385,1.5899458173954961,0.2096267680867901,0.07721984527372358,0.4971066205587774,0.31183888475454286,4.626402439495225,22033.529477997894,8212.754763055475,11814.366993130208,4419.7444531820465,10288.409225739357,3829.5124727281773,2.7154786780025724,1.0686101554056682,0.024664819787142946,0.01380300840808865,advance_eq19_20,1.7484860768336639,0.4389522999688864,1.7753361063886326,0.4547467587094566,1.0153561586281497,1.0359821756069845,88.44064379627237,5.128627821938965e-16,a1_station_hull_matched_sweep_free_surface_marching_not_benchmark_validated,41,8,24,10,3.0,2,16,15.0,False,none,0.0,1.0,1.0,1.0,trapezoid,1.0,1.0,1.0,1.0,1.0,1.0,1.0,True,False,True,3.0,11,9,40,True,True,True,True,A1_GRID_RECOMMENDED,"A1 Section 3.3 recommends control radius about 3B, inner free-surface panels greater than 10, outer/free-surface proxy panels greater than 8, and roughly 60 stations at Fn=0.2 or 40 at Fn=0.3."
32,st41_bp8_fs24_cp10_r3p0_h2_fsm_clipfs_onezonefs_noend_pr1p0_pl1p0_pf1p0_pm1p0_dt1p0_fv1p0_hr1p0_hqtrapezoid_hp1p0_hc1p0_ci1p0_cp1p0_cn1p0_cd1p0_pg1p0,A35,OK,diagnostic_matched_wigley_sensitivity_not_hard_gate,wigley_iii,Fn0.4,0.4,2.1696064159197173,1.5,2.7120080198996463,-0.2,239.85000000000002,17,18,21,1.3499999999999999,1.6500000000000001,0.07500000000000007,-0.8686874999999998,0.8686875,0.0626249999999999,0.06262500000000004,pitch,heave_force,0.15000000000000013,-684.9449189693305,-2152.0621655421323,-51.370868922699835,-161.40466241566006,-0.02912026011548385,-0.012743199733809168,-0.016377060381674677,-0.027553256108162717,0.3255313760693869,-0.3530846321775497,0.0,-0.027553256108162717,4.201947178588188,1.5683664812634048,0.18683089445826304,0.06904027373515126,0.4273415608149924,0.26298099267041664,4.295526050333197,21181.76677610763,7889.881775000154,11680.607308714005,4359.758037211346,9552.590900517014,3556.247238394204,2.70841343891641,1.022515343251791,0.020522572680392738,0.011454622890171972,advance_eq19_20,1.7063304860023008,0.426525022304178,1.7452643354050517,0.4384981658196719,1.0228172969551566,1.0280713742204677,88.65840109908919,6.33056409066553e-16,a1_station_hull_matched_sweep_free_surface_marching_not_benchmark_validated,41,8,24,10,3.0,2,16,15.0,False,none,0.0,1.0,1.0,1.0,trapezoid,1.0,1.0,1.0,1.0,1.0,1.0,1.0,True,False,True,3.0,11,9,40,True,True,True,True,A1_GRID_RECOMMENDED,"A1 Section 3.3 recommends control radius about 3B, inner free-surface panels greater than 10, outer/free-surface proxy panels greater than 8, and roughly 60 stations at Fn=0.2 or 40 at Fn=0.3."
32,st41_bp8_fs24_cp10_r3p0_h2_fsm_clipfs_onezonefs_noend_pr1p0_pl1p0_pf1p0_pm1p0_dt1p0_fv1p0_hr1p0_hqtrapezoid_hp1p0_hc1p0_ci1p0_cp1p0_cn1p0_cd1p0_pg1p0,A35,OK,diagnostic_matched_wigley_sensitivity_not_hard_gate,wigley_iii,Fn0.4,0.4,2.1696064159197173,1.5,2.7120080198996463,-0.2,239.85000000000002,18,19,20,1.425,1.575,0.07500000000000007,-0.8687343749999998,0.868734375,0.06253124999999993,0.06253125000000004,pitch,heave_force,0.07499999999999996,-808.490892125734,-2031.7742811294775,-60.63681690943011,-152.38307108471093,-0.03437278593894521,-0.0164331066230533,-0.01793967931589191,-0.05929977913537729,0.3109432228909557,-0.370243002026333,0.0,-0.05929977913537729,4.159795372541977,1.550289092403553,0.1626878648448904,0.060312889631581434,0.3585031377512598,0.21548358411858914,3.9772075992468587,20358.872780763457,7583.118844242338,11563.433371762161,4309.506363055415,8844.699502889907,3295.8992045540504,2.691841496862963,1.0877461161168165,0.01656929413213269,0.009220640607998237,advance_eq19_20,1.6524536348316705,0.4188773824729547,1.7042768216820128,0.42633964336138264,1.0313613560816315,1.017814905269825,88.78962105356729,3.939980793686992e-16,a1_station_hull_matched_sweep_free_surface_marching_not_benchmark_validated,41,8,24,10,3.0,2,16,15.0,False,none,0.0,1.0,1.0,1.0,trapezoid,1.0,1.0,1.0,1.0,1.0,1.0,1.0,True,False,True,3.0,11,9,40,True,True,True,True,A1_GRID_RECOMMENDED,"A1 Section 3.3 recommends control radius about 3B, inner free-surface panels greater than 10, outer/free-surface proxy panels greater than 8, and roughly 60 stations at Fn=0.2 or 40 at Fn=0.3."
32,st41_bp8_fs24_cp10_r3p0_h2_fsm_clipfs_onezonefs_noend_pr1p0_pl1p0_pf1p0_pm1p0_dt1p0_fv1p0_hr1p0_hqtrapezoid_hp1p0_hc1p0_ci1p0_cp1p0_cn1p0_cd1p0_pg1p0,A35,OK,diagnostic_matched_wigley_sensitivity_not_hard_gate,wigley_iii,Fn0.4,0.4,2.1696064159197173,1.5,2.7120080198996463,-0.2,239.85000000000002,19,20,19,1.5,1.5,0.07499999999999996,-0.8687499999999999,0.8687499999999999,0.062499999999999944,0.06250000000000003,pitch,heave_force,0.0,-918.238900011108,-1893.9014635736278,-68.86791750083306,-142.042609768022,-0.03903869475623701,-0.019676165565855306,-0.019362529190381707,-0.09600551948296837,0.29288858679650137,-0.3888941062794698,0.0,-0.09600551948296837,4.117331008490371,1.5335510536149939,0.13805468947122393,0.05136918145545028,0.2928574100513038,0.17090976610619538,3.6697534947533943,19546.112788286904,7285.619560587565,11445.390583497569,4262.977825237651,8160.968745237289,3045.5635332855836,2.653278800437818,1.0464312451840323,0.012909013295003435,0.007159128804131815,advance_eq19_20,1.5865760002886333,0.4161262645291717,1.6517250681070306,0.4188442487601479,1.0410626832919099,1.0065316334551762,88.83345571237246,4.3071225805182673e-16,a1_station_hull_matched_sweep_free_surface_marching_not_benchmark_validated,41,8,24,10,3.0,2,16,15.0,False,none,0.0,1.0,1.0,1.0,trapezoid,1.0,1.0,1.0,1.0,1.0,1.0,1.0,True,False,True,3.0,11,9,40,True,True,True,True,A1_GRID_RECOMMENDED,"A1 Section 3.3 recommends control radius about 3B, inner free-surface panels greater than 10, outer/free-surface proxy panels greater than 8, and roughly 60 stations at Fn=0.2 or 40 at Fn=0.3."
32,st41_bp8_fs24_cp10_r3p0_h2_fsm_clipfs_onezonefs_noend_pr1p0_pl1p0_pf1p0_pm1p0_dt1p0_fv1p0_hr1p0_hqtrapezoid_hp1p0_hc1p0_ci1p0_cp1p0_cn1p0_cd1p0_pg1p0,A35,OK,diagnostic_matched_wigley_sensitivity_not_hard_gate,wigley_iii,Fn0.4,0.4,2.1696064159197173,1.5,2.7120080198996463,-0.2,239.85000000000002,20,21,18,1.575,1.425,0.07499999999999996,-0.8687343749999998,0.868734375,0.06253124999999993,0.06253125000000004,pitch,heave_force,-0.07499999999999996,-1007.7334926250379,-1742.305279133392,-75.5800119468778,-130.67289593500433,-0.04284353474215651,-0.02241166218910332,-0.02043187255305319,-0.13694663423216513,0.27184467291902203,-0.4087913071511873,0.0,-0.13694663423216513,4.071047375466054,1.5168642203221723,0.11370808317913703,0.042509363767426575,0.23214666983730603,0.1304161166921961,3.3731114260228727,18732.81233153835,6993.599482739952,11316.730959946728,4216.591628877869,7501.282296299115,2804.1330694757007,2.5897435475184096,1.0397890420033793,0.009621321484385903,0.0053139328400041265,advance_eq19_20,1.5091950883003857,0.4178181696870053,1.5876628677573412,0.4162927089434011,1.051993132011398,0.9963489841891104,88.78962105356736,5.104464067542969e-16,a1_station_hull_matched_sweep_free_surface_marching_not_benchmark_validated,41,8,24,10,3.0,2,16,15.0,False,none,0.0,1.0,1.0,1.0,trapezoid,1.0,1.0,1.0,1.0,1.0,1.0,1.0,True,False,True,3.0,11,9,40,True,True,True,True,A1_GRID_RECOMMENDED,"A1 Section 3.3 recommends control radius about 3B, inner free-surface panels greater than 10, outer/free-surface proxy panels greater than 8, and roughly 60 stations at Fn=0.2 or 40 at Fn=0.3."
32,st41_bp8_fs24_cp10_r3p0_h2_fsm_clipfs_onezonefs_noend_pr1p0_pl1p0_pf1p0_pm1p0_dt1p0_fv1p0_hr1p0_hqtrapezoid_hp1p0_hc1p0_ci1p0_cp1p0_cn1p0_cd1p0_pg1p0,A35,OK,diagnostic_matched_wigley_sensitivity_not_hard_gate,wigley_iii,Fn0.4,0.4,2.1696064159197173,1.5,2.7120080198996463,-0.2,239.85000000000002,21,22,17,1.65,1.35,0.07499999999999996,-0.8686874999999998,0.8686875,0.0626249999999999,0.06262500000000004,pitch,heave_force,-0.1499999999999999,-1077.3761974869913,-1581.1090808960193,-80.8032148115243,-118.58318106720138,-0.04580437673771084,-0.02459902209598493,-0.0212053546417259,-0.1812705899720988,0.24833933077647793,-0.4296099207485768,0.0,-0.1812705899720988,4.018380054619063,1.4992671842885437,0.0903511074842687,0.03399884591339236,0.17764534323599435,0.09479017180040161,3.1005839314995147,17932.873626231456,6710.233539029258,11170.32590850997,4167.675243456964,6895.222960650902,2578.852277832003,2.504480591227717,1.0321641306097815,0.006763942092720647,0.003716238321927694,advance_eq19_20,1.4213272861069104,0.4228273669019852,1.5126491174801608,0.41825981905049725,1.0642510928101476,0.9891976059048545,88.65840109908919,5.304896938373224e-16,a1_station_hull_matched_sweep_free_surface_marching_not_benchmark_validated,41,8,24,10,3.0,2,16,15.0,False,none,0.0,1.0,1.0,1.0,trapezoid,1.0,1.0,1.0,1.0,1.0,1.0,1.0,True,False,True,3.0,11,9,40,True,True,True,True,A1_GRID_RECOMMENDED,"A1 Section 3.3 recommends control radius about 3B, inner free-surface panels greater than 10, outer/free-surface proxy panels greater than 8, and roughly 60 stations at Fn=0.2 or 40 at Fn=0.3."
32,st41_bp8_fs24_cp10_r3p0_h2_fsm_clipfs_onezonefs_noend_pr1p0_pl1p0_pf1p0_pm1p0_dt1p0_fv1p0_hr1p0_hqtrapezoid_hp1p0_hc1p0_ci1p0_cp1p0_cn1p0_cd1p0_pg1p0,A35,OK,diagnostic_matched_wigley_sensitivity_not_hard_gate,wigley_iii,Fn0.4,0.4,2.1696064159197173,1.5,2.7120080198996463,-0.2,239.85000000000002,22,23,16,1.7249999999999999,1.2750000000000001,0.07499999999999996,-0.8686093749999999,0.8686093749999999,0.0627812499999999,0.06278125000000001,pitch,heave_force,-0.22499999999999987,-1128.4193085218826,-1413.5088774828632,-84.63144813914114,-106.01316581121468,-0.0479744617026102,-0.026212337216809944,-0.021762124485800262,-0.22816000919225932,0.22293365112008048,-0.4510936603123399,0.0,-0.22816000919225932,3.955814804376235,1.4795506087129768,0.06864927546202061,0.026076335382826353,0.1302867860965922,0.06452721218813194,2.8682701679444595,17158.507527796937,6437.924320251664,10996.406511573752,4112.866944593922,6378.592792937509,2378.1039672690795,2.400348943123057,0.920728296331572,0.004376632098458234,0.0023869656937576277,advance_eq19_20,1.3241203351950344,0.42940957887277936,1.4274104158464782,0.42350590576364894,1.0780065662508158,0.9862516501736458,88.44064379627237,6.734728534416205e-16,a1_station_hull_matched_sweep_free_surface_marching_not_benchmark_validated,41,8,24,10,3.0,2,16,15.0,False,none,0.0,1.0,1.0,1.0,trapezoid,1.0,1.0,1.0,1.0,1.0,1.0,1.0,True,False,True,3.0,11,9,40,True,True,True,True,A1_GRID_RECOMMENDED,"A1 Section 3.3 recommends control radius about 3B, inner free-surface panels greater than 10, outer/free-surface proxy panels greater than 8, and roughly 60 stations at Fn=0.2 or 40 at Fn=0.3."
32,st41_bp8_fs24_cp10_r3p0_h2_fsm_clipfs_onezonefs_noend_pr1p0_pl1p0_pf1p0_pm1p0_dt1p0_fv1p0_hr1p0_hqtrapezoid_hp1p0_hc1p0_ci1p0_cp1p0_cn1p0_cd1p0_pg1p0,A35,OK,diagnostic_matched_wigley_sensitivity_not_hard_gate,wigley_iii,Fn0.4,0.4,2.1696064159197173,1.5,2.7120080198996463,-0.2,239.85000000000002,23,24,15,1.7999999999999998,1.2000000000000002,0.07500000000000007,-0.8684999999999999,0.8684999999999998,0.06299999999999994,0.06300000000000008,pitch,heave_force,-0.2999999999999998,-1159.8755600388588,-1243.0787405086749,-86.99066700291449,-93.2309055381507,-0.04931181628553177,-0.02724160082606117,-0.022070215459470598,-0.2768031481863303,0.19620668209864495,-0.4730098302849753,0.0,-0.2768031481863303,3.880638497807558,1.4567798985382683,0.04921188608798659,0.018940335071031426,0.09071763830396769,0.04251997134552578,2.686040414401867,16411.476827481318,6176.238149660535,10787.43079659505,4049.5687372659863,5973.341779418595,2206.5027646803956,2.2822651627282546,0.9529209672620912,0.002500913958985599,0.001348397601770398,advance_eq19_20,1.2191160970374326,0.4356573493814731,1.3330795293966375,0.4303507075660558,1.0934803770011297,0.9878192303585572,88.13774872231025,7.393788644334076e-16,a1_station_hull_matched_sweep_free_surface_marching_not_benchmark_validated,41,8,24,10,3.0,2,16,15.0,False,none,0.0,1.0,1.0,1.0,trapezoid,1.0,1.0,1.0,1.0,1.0,1.0,1.0,True,False,True,3.0,11,9,40,True,True,True,True,A1_GRID_RECOMMENDED,"A1 Section 3.3 recommends control radius about 3B, inner free-surface panels greater than 10, outer/free-surface proxy panels greater than 8, and roughly 60 stations at Fn=0.2 or 40 at Fn=0.3."
32,st41_bp8_fs24_cp10_r3p0_h2_fsm_clipfs_onezonefs_noend_pr1p0_pl1p0_pf1p0_pm1p0_dt1p0_fv1p0_hr1p0_hqtrapezoid_hp1p0_hc1p0_ci1p0_cp1p0_cn1p0_cd1p0_pg1p0,A35,OK,diagnostic_matched_wigley_sensitivity_not_hard_gate,wigley_iii,Fn0.4,0.4,2.1696064159197173,1.5,2.7120080198996463,-0.2,239.85000000000002,24,25,14,1.875,1.125,0.07500000000000007,-0.8683593749999999,0.8683593749999999,0.06328124999999996,0.06328125000000007,pitch,heave_force,-0.375,-1171.2345151891363,-1073.615485717739,-87.84258863918531,-80.5211614288305,-0.04979473939285832,-0.027693509684010523,-0.022101229708847796,-0.3263564260255254,0.16873912684360906,-0.49509555286913454,0.0,-0.3263564260255254,3.791011280763937,1.430310955234846,0.03267026865478462,0.012754099526803966,0.05952867701351354,0.03063777895232436,2.5608030723921438,15693.645491239957,5924.857120288577,10538.284321885874,3975.990151085907,5694.833145163142,2067.550715915402,2.1565201447283875,0.9066279755074997,0.001277025154324248,0.0006824255249734327,advance_eq19_20,1.1081896297139255,0.439751992393824,1.2311581145894925,0.4369739971348422,1.1109633961358316,0.9936828137062903,87.75164677623461,4.907990426622958e-16,a1_station_hull_matched_sweep_free_surface_marching_not_benchmark_validated,41,8,24,10,3.0,2,16,15.0,False,none,0.0,1.0,1.0,1.0,trapezoid,1.0,1.0,1.0,1.0,1.0,1.0,1.0,True,False,True,3.0,11,9,40,True,True,True,True,A1_GRID_RECOMMENDED,"A1 Section 3.3 recommends control radius about 3B, inner free-surface panels greater than 10, outer/free-surface proxy panels greater than 8, and roughly 60 stations at Fn=0.2 or 40 at Fn=0.3."
32,st41_bp8_fs24_cp10_r3p0_h2_fsm_clipfs_onezonefs_noend_pr1p0_pl1p0_pf1p0_pm1p0_dt1p0_fv1p0_hr1p0_hqtrapezoid_hp1p0_hc1p0_ci1p0_cp1p0_cn1p0_cd1p0_pg1p0,A35,OK,diagnostic_matched_wigley_sensitivity_not_hard_gate,wigley_iii,Fn0.4,0.4,2.1696064159197173,1.5,2.7120080198996463,-0.2,239.85000000000002,25,26,13,1.95,1.05,0.07499999999999996,-0.8681874999999999,0.8681874999999999,0.0636249999999999,0.06362500000000004,pitch,heave_force,-0.44999999999999996,-1162.553480702273,-908.8886632343592,-87.19151105267042,-68.16664974257691,-0.04942566740571314,-0.027591276334204547,-0.0218343910715086,-0.3759666294248111,0.14109673383450153,-0.5170633632593127,0.0,-0.3759666294248111,3.6859913127780985,1.3997941894491894,0.02000183255091455,0.0076799542237180616,0.03778708880560246,0.020390412967060876,2.493410602389384,15005.741952051128,5683.243607077211,10246.348951572994,3891.1593946950047,5544.962631477911,1975.1532700578628,2.031281750151542,0.8417230548895934,0.0011121253471210076,0.0006180781620414035,advance_eq19_20,0.9934641600901021,0.4401256159639828,1.1234530778783403,0.44166863338532353,1.1308440938387236,1.003505856885792,87.28477208365148,5.880334866866967e-16,a1_station_hull_matched_sweep_free_surface_marching_not_benchmark_validated,41,8,24,10,3.0,2,16,15.0,False,none,0.0,1.0,1.0,1.0,trapezoid,1.0,1.0,1.0,1.0,1.0,1.0,1.0,True,False,True,3.0,11,9,40,True,True,True,True,A1_GRID_RECOMMENDED,"A1 Section 3.3 recommends control radius about 3B, inner free-surface panels greater than 10, outer/free-surface proxy panels greater than 8, and roughly 60 stations at Fn=0.2 or 40 at Fn=0.3."
32,st41_bp8_fs24_cp10_r3p0_h2_fsm_clipfs_onezonefs_noend_pr1p0_pl1p0_pf1p0_pm1p0_dt1p0_fv1p0_hr1p0_hqtrapezoid_hp1p0_hc1p0_ci1p0_cp1p0_cn1p0_cd1p0_pg1p0,A35,OK,diagnostic_matched_wigley_sensitivity_not_hard_gate,wigley_iii,Fn0.4,0.4,2.1696064159197173,1.5,2.7120080198996463,-0.2,239.85000000000002,26,27,12,2.025,0.9750000000000001,0.07500000000000007,-0.8679843749999999,0.8679843749999999,0.06403124999999998,0.0640312500000001,pitch,heave_force,-0.5249999999999999,-1134.5164679086092,-752.370765706381,-85.08873509314577,-56.42780742797863,-0.04823368089292737,-0.026973286165767836,-0.02126039472715953,-0.4247963035741314,0.11381445258451538,-0.5386107561586467,0.0,-0.4247963035741314,3.565495286051731,1.3651642606168575,0.01343414067300646,0.005290215532385679,0.027404894385600485,0.011979005587296292,2.4774057974265267,14346.644216891877,5450.414195278172,9911.393105953844,3794.894833855121,5509.3704007566275,2035.8416531056023,1.9181911148858322,0.820906738199325,0.001544971427483713,0.0008626738298964415,advance_eq19_20,0.8772052145250002,0.4355525448391939,1.011989612376242,0.44299547488531793,1.1536520709401237,1.0170884779214686,86.74002633334426,6.463368940326296e-16,a1_station_hull_matched_sweep_free_surface_marching_not_benchmark_validated,41,8,24,10,3.0,2,16,15.0,False,none,0.0,1.0,1.0,1.0,trapezoid,1.0,1.0,1.0,1.0,1.0,1.0,1.0,True,False,True,3.0,11,9,40,True,True,True,True,A1_GRID_RECOMMENDED,"A1 Section 3.3 recommends control radius about 3B, inner free-surface panels greater than 10, outer/free-surface proxy panels greater than 8, and roughly 60 stations at Fn=0.2 or 40 at Fn=0.3."
32,st41_bp8_fs24_cp10_r3p0_h2_fsm_clipfs_onezonefs_noend_pr1p0_pl1p0_pf1p0_pm1p0_dt1p0_fv1p0_hr1p0_hqtrapezoid_hp1p0_hc1p0_ci1p0_cp1p0_cn1p0_cd1p0_pg1p0,A35,OK,diagnostic_matched_wigley_sensitivity_not_hard_gate,wigley_iii,Fn0.4,0.4,2.1696064159197173,1.5,2.7120080198996463,-0.2,239.85000000000002,27,28,11,2.1,0.8999999999999999,0.07499999999999996,-0.8677499999999999,0.8677499999999999,0.06449999999999989,0.06450000000000003,pitch,heave_force,-0.6000000000000001,-1088.4333006536679,-607.0123210275922,-81.63249754902505,-45.525924077069384,-0.04627446668424533,-0.02589069003453938,-0.020383776649705945,-0.4720503773627178,0.08738246448436172,-0.5594328418470796,0.0,-0.4720503773627178,3.43019195109572,1.3266177235812484,0.014314218997387603,0.006290474363615492,0.027128252355229202,0.015088502063927423,2.5007440607494282,13713.4718918205,5224.864153213334,9535.275783195977,3687.742853335692,5561.271117744464,2126.5613392308155,1.832894302399316,0.7570879893737579,0.0018864831519674117,0.001046392096593353,advance_eq19_20,0.7616953843855719,0.4252111378209104,0.898904032574854,0.43985870223436113,1.180135853520975,1.0344477439808266,86.12073569235677,6.686619402623713e-16,a1_station_hull_matched_sweep_free_surface_marching_not_benchmark_validated,41,8,24,10,3.0,2,16,15.0,False,none,0.0,1.0,1.0,1.0,trapezoid,1.0,1.0,1.0,1.0,1.0,1.0,1.0,True,False,True,3.0,11,9,40,True,True,True,True,A1_GRID_RECOMMENDED,"A1 Section 3.3 recommends control radius about 3B, inner free-surface panels greater than 10, outer/free-surface proxy panels greater than 8, and roughly 60 stations at Fn=0.2 or 40 at Fn=0.3."
32,st41_bp8_fs24_cp10_r3p0_h2_fsm_clipfs_onezonefs_noend_pr1p0_pl1p0_pf1p0_pm1p0_dt1p0_fv1p0_hr1p0_hqtrapezoid_hp1p0_hc1p0_ci1p0_cp1p0_cn1p0_cd1p0_pg1p0,A35,OK,diagnostic_matched_wigley_sensitivity_not_hard_gate,wigley_iii,Fn0.4,0.4,2.1696064159197173,1.5,2.7120080198996463,-0.2,239.85000000000002,28,29,10,2.175,0.8250000000000002,0.07499999999999996,-0.8674843749999999,0.8674843749999999,0.06503124999999987,0.0650312500000001,pitch,heave_force,-0.6749999999999998,-1026.152650858026,-475.1384700461018,-76.9614488143519,-35.63538525345761,-0.04362662059913311,-0.02440430985815084,-0.019222310740982275,-0.5170009210044069,0.06223496453801669,-0.5792358855424238,0.0,-0.5170009210044069,3.2813476851463714,1.2845888427838994,0.017895831888451424,0.007501235808201865,0.030168615321685698,0.017804661146477524,2.549365875229782,13102.397340157228,5004.590866796389,9121.517269151002,3570.9106250011296,5669.398573410952,2232.1837062616373,1.7908893738349423,0.6621333033794633,0.0020253752126810085,0.0011162818262824468,advance_eq19_20,0.6490896211461393,0.4087349630513635,0.7863161597429985,0.43154958032895974,1.2114138543065123,1.0558176308365606,85.43060038090854,5.682657991638033e-16,a1_station_hull_matched_sweep_free_surface_marching_not_benchmark_validated,41,8,24,10,3.0,2,16,15.0,False,none,0.0,1.0,1.0,1.0,trapezoid,1.0,1.0,1.0,1.0,1.0,1.0,1.0,True,False,True,3.0,11,9,40,True,True,True,True,A1_GRID_RECOMMENDED,"A1 Section 3.3 recommends control radius about 3B, inner free-surface panels greater than 10, outer/free-surface proxy panels greater than 8, and roughly 60 stations at Fn=0.2 or 40 at Fn=0.3."
32,st41_bp8_fs24_cp10_r3p0_h2_fsm_clipfs_onezonefs_noend_pr1p0_pl1p0_pf1p0_pm1p0_dt1p0_fv1p0_hr1p0_hqtrapezoid_hp1p0_hc1p0_ci1p0_cp1p0_cn1p0_cd1p0_pg1p0,A35,OK,diagnostic_matched_wigley_sensitivity_not_hard_gate,wigley_iii,Fn0.4,0.4,2.1696064159197173,1.5,2.7120080198996463,-0.2,239.85000000000002,29,30,9,2.25,0.75,0.07499999999999996,-0.8671874999999999,0.8671874999999999,0.06562499999999982,0.0656250000000001,pitch,heave_force,-0.75,-949.8615243129834,-358.5580693562579,-71.23961432347372,-26.891855201719324,-0.040383122636059074,-0.022581535297123985,-0.017801587338935096,-0.5590057926220031,0.03874204196037921,-0.5977478345823825,0.0,-0.5590057926220031,3.12067832107329,1.2397489872878493,0.02068899024008611,0.008316461506047274,0.03215960031307755,0.01840224770015211,2.610035148843758,12509.51973790458,4787.012457451959,8674.88725013467,3446.2644260917905,5804.317729825076,2341.0769297676084,1.7985935443325034,0.7347723045826785,0.001983033544570738,0.001086482763121654,advance_eq19_20,0.5412561357872506,0.3862195134588891,0.6761777064917193,0.4177856952851981,1.2492749029223047,1.0817311935992302,84.67363722110893,4.3138788948291684e-16,a1_station_hull_matched_sweep_free_surface_marching_not_benchmark_validated,41,8,24,10,3.0,2,16,15.0,False,none,0.0,1.0,1.0,1.0,trapezoid,1.0,1.0,1.0,1.0,1.0,1.0,1.0,True,False,True,3.0,11,9,40,True,True,True,True,A1_GRID_RECOMMENDED,"A1 Section 3.3 recommends control radius about 3B, inner free-surface panels greater than 10, outer/free-surface proxy panels greater than 8, and roughly 60 stations at Fn=0.2 or 40 at Fn=0.3."
32,st41_bp8_fs24_cp10_r3p0_h2_fsm_clipfs_onezonefs_noend_pr1p0_pl1p0_pf1p0_pm1p0_dt1p0_fv1p0_hr1p0_hqtrapezoid_hp1p0_hc1p0_ci1p0_cp1p0_cn1p0_cd1p0_pg1p0,A35,OK,diagnostic_matched_wigley_sensitivity_not_hard_gate,wigley_iii,Fn0.4,0.4,2.1696064159197173,1.5,2.7120080198996463,-0.2,239.85000000000002,30,31,8,2.3249999999999997,0.6750000000000003,0.07499999999999996,-0.866859375,0.866859375,0.06628124999999996,0.06628125000000007,pitch,heave_force,-0.8249999999999997,-861.7332603849283,-259.00383125884935,-64.62999452886959,-19.42528734441369,-0.03663637176889061,-0.020494195229641722,-0.016142176539248883,-0.5975155398244778,0.017204176696996417,-0.6147197165214744,0.0,-0.5975155398244778,2.950323765374253,1.1930863817847586,0.021901917706449416,0.008602148975196847,0.03204685154987612,0.01732892418597233,2.6701369910148607,11930.299428473942,4568.331782474753,8201.334255820384,3316.5513317291498,5937.97500576767,2444.65916293815,1.848571790326026,0.8081228075479949,0.0018068147434470855,0.0009839512188739561,advance_eq19_20,0.43962847166950625,0.3580955214765168,0.5700988950542037,0.39870432332706374,1.296774280540182,1.1134021494686859,83.85411691935549,8.333276837332878e-16,a1_station_hull_matched_sweep_free_surface_marching_not_benchmark_validated,41,8,24,10,3.0,2,16,15.0,False,none,0.0,1.0,1.0,1.0,trapezoid,1.0,1.0,1.0,1.0,1.0,1.0,1.0,True,False,True,3.0,11,9,40,True,True,True,True,A1_GRID_RECOMMENDED,"A1 Section 3.3 recommends control radius about 3B, inner free-surface panels greater than 10, outer/free-surface proxy panels greater than 8, and roughly 60 stations at Fn=0.2 or 40 at Fn=0.3."
32,st41_bp8_fs24_cp10_r3p0_h2_fsm_clipfs_onezonefs_noend_pr1p0_pl1p0_pf1p0_pm1p0_dt1p0_fv1p0_hr1p0_hqtrapezoid_hp1p0_hc1p0_ci1p0_cp1p0_cn1p0_cd1p0_pg1p0,A35,OK,diagnostic_matched_wigley_sensitivity_not_hard_gate,wigley_iii,Fn0.4,0.4,2.1696064159197173,1.5,2.7120080198996463,-0.2,239.85000000000002,31,32,7,2.4,0.6000000000000001,0.07500000000000018,-0.8664999999999999,0.8664999999999998,0.06699999999999995,0.06700000000000006,pitch,heave_force,-0.8999999999999999,-763.3393963979912,-179.10859614852183,-57.25045472984947,-13.43314471113917,-0.03245318150976939,-0.01821871934445761,-0.014234462165311785,-0.6320603164638079,-0.0021522805900532774,-0.6299080358737547,0.0,-0.6320603164638079,2.773187332183444,1.1461956408449507,0.021602351159694114,0.008400782785922156,0.030003761677575774,0.01511885347881807,2.712511636501581,11354.626033527076,4341.590264986583,7708.928942704745,3186.2040646041596,6032.209716055989,2533.591321272304,1.9288490371874223,0.9767414919624166,0.0015498188562258495,0.0008381352320208844,advance_eq19_20,0.3451332338241413,0.3247775959699493,0.4691835967703931,0.3746829843893159,1.3594274639151682,1.153660194048558,82.97650322796612,5.293936276040225e-16,a1_station_hull_matched_sweep_free_surface_marching_not_benchmark_validated,41,8,24,10,3.0,2,16,15.0,False,none,0.0,1.0,1.0,1.0,trapezoid,1.0,1.0,1.0,1.0,1.0,1.0,1.0,True,False,True,3.0,11,9,40,True,True,True,True,A1_GRID_RECOMMENDED,"A1 Section 3.3 recommends control radius about 3B, inner free-surface panels greater than 10, outer/free-surface proxy panels greater than 8, and roughly 60 stations at Fn=0.2 or 40 at Fn=0.3."
32,st41_bp8_fs24_cp10_r3p0_h2_fsm_clipfs_onezonefs_noend_pr1p0_pl1p0_pf1p0_pm1p0_dt1p0_fv1p0_hr1p0_hqtrapezoid_hp1p0_hc1p0_ci1p0_cp1p0_cn1p0_cd1p0_pg1p0,A35,OK,diagnostic_matched_wigley_sensitivity_not_hard_gate,wigley_iii,Fn0.4,0.4,2.1696064159197173,1.5,2.7120080198996463,-0.2,239.85000000000002,32,33,6,2.475,0.5249999999999999,0.07499999999999996,-0.866109375,0.866109375,0.06778124999999988,0.06778125000000013,pitch,heave_force,-0.9750000000000001,-654.5261542074977,-124.49713458752365,-49.0894615655623,-9.337285094064267,-0.027827014019740526,-0.015840478612296337,-0.011986535407444186,-0.6622004142285629,-0.019181879568430274,-0.6430185346601326,0.0,-0.6622004142285629,2.5941891936564447,1.102103534420597,0.020188736869163514,0.00785519321439749,0.026632434280449143,0.012275073757946519,2.7020259203586248,10752.29847386435,4093.612090247315,7211.3484457916065,3063.636464711115,6008.8910921112365,2589.5163268700917,2.0401158895729297,1.023567931514988,0.001263642469899046,0.0006772726073877979,advance_eq19_20,0.25829886830689597,0.28611834913695144,0.37395992360859576,0.345843742826863,1.4477799537405558,1.2087436680313146,82.0454186369934,4.305977342823365e-16,a1_station_hull_matched_sweep_free_surface_marching_not_benchmark_validated,41,8,24,10,3.0,2,16,15.0,False,none,0.0,1.0,1.0,1.0,trapezoid,1.0,1.0,1.0,1.0,1.0,1.0,1.0,True,False,True,3.0,11,9,40,True,True,True,True,A1_GRID_RECOMMENDED,"A1 Section 3.3 recommends control radius about 3B, inner free-surface panels greater than 10, outer/free-surface proxy panels greater than 8, and roughly 60 stations at Fn=0.2 or 40 at Fn=0.3."
32,st41_bp8_fs24_cp10_r3p0_h2_fsm_clipfs_onezonefs_noend_pr1p0_pl1p0_pf1p0_pm1p0_dt1p0_fv1p0_hr1p0_hqtrapezoid_hp1p0_hc1p0_ci1p0_cp1p0_cn1p0_cd1p0_pg1p0,A35,OK,diagnostic_matched_wigley_sensitivity_not_hard_gate,wigley_iii,Fn0.4,0.4,2.1696064159197173,1.5,2.7120080198996463,-0.2,239.85000000000002,33,34,5,2.55,0.4500000000000002,0.07499999999999996,-0.8656874999999999,0.8656874999999999,0.06862499999999994,0.06862500000000005,pitch,heave_force,-1.0499999999999998,-530.274802256987,-109.61990457389534,-39.770610169274,-8.221492843042146,-0.02254449919512671,-0.013466286680139264,-0.009078212514987447,-0.6873861708359963,-0.033835262214648026,-0.6535509086213485,0.0,-0.6873861708359963,2.423976805275771,1.0676212883530238,0.01834420875303869,0.007219713011881248,0.022750153825386723,0.009180147014621129,2.559080283300884,10047.898082376252,3821.729713188703,6738.190649357581,2967.782433634719,5691.001926540826,2565.786306623807,2.1990258156949634,1.1296773317191846,0.001123267938963209,0.0005912936694537983,advance_eq19_20,0.17964926771801748,0.24094261911445058,0.28455471322910064,0.31128037349129256,1.5839458565216402,1.2919274084234584,81.06571677861561,7.961408117734549e-16,a1_station_hull_matched_sweep_free_surface_marching_not_benchmark_validated,41,8,24,10,3.0,2,16,15.0,False,none,0.0,1.0,1.0,1.0,trapezoid,1.0,1.0,1.0,1.0,1.0,1.0,1.0,True,False,True,3.0,11,9,40,True,True,True,True,A1_GRID_RECOMMENDED,"A1 Section 3.3 recommends control radius about 3B, inner free-surface panels greater than 10, outer/free-surface proxy panels greater than 8, and roughly 60 stations at Fn=0.2 or 40 at Fn=0.3."
32,st41_bp8_fs24_cp10_r3p0_h2_fsm_clipfs_onezonefs_noend_pr1p0_pl1p0_pf1p0_pm1p0_dt1p0_fv1p0_hr1p0_hqtrapezoid_hp1p0_hc1p0_ci1p0_cp1p0_cn1p0_cd1p0_pg1p0,A35,OK,diagnostic_matched_wigley_sensitivity_not_hard_gate,wigley_iii,Fn0.4,0.4,2.1696064159197173,1.5,2.7120080198996463,-0.2,239.85000000000002,34,35,4,2.625,0.375,0.07499999999999996,-0.8652343749999999,0.8652343749999999,0.06953124999999993,0.06953125000000009,pitch,heave_force,-1.125,-365.2601506999943,-185.07433333244668,-27.394511302499556,-13.880574999933494,-0.01552894299035002,-0.011260852205891235,-0.0042680907844587865,-0.7064228919287348,-0.046198831657663315,-0.6602240602710716,0.0,-0.7064228919287348,2.2912035613097546,1.0612467108195471,0.017263803219604627,0.00696432094187059,0.019591525822702512,0.006423300539623821,2.2837468041297826,9334.489882315791,3956.9787221451957,6369.1064943320525,2950.062330605601,5078.7025115405295,2310.1498252998977,2.413314456080304,1.5002019719120547,0.0016507397113739652,0.0008440721381374227,advance_eq19_20,0.11039777256022633,0.18705092187636307,0.2012584466666792,0.26843783701724716,1.8230299579358342,1.4351056617335423,80.04292683338196,4.90441655990592e-16,a1_station_hull_matched_sweep_free_surface_marching_not_benchmark_validated,41,8,24,10,3.0,2,16,15.0,False,none,0.0,1.0,1.0,1.0,trapezoid,1.0,1.0,1.0,1.0,1.0,1.0,1.0,True,False,True,3.0,11,9,40,True,True,True,True,A1_GRID_RECOMMENDED,"A1 Section 3.3 recommends control radius about 3B, inner free-surface panels greater than 10, outer/free-surface proxy panels greater than 8, and roughly 60 stations at Fn=0.2 or 40 at Fn=0.3."
32,st41_bp8_fs24_cp10_r3p0_h2_fsm_clipfs_onezonefs_noend_pr1p0_pl1p0_pf1p0_pm1p0_dt1p0_fv1p0_hr1p0_hqtrapezoid_hp1p0_hc1p0_ci1p0_cp1p0_cn1p0_cd1p0_pg1p0,A35,OK,diagnostic_matched_wigley_sensitivity_not_hard_gate,wigley_iii,Fn0.4,0.4,2.1696064159197173,1.5,2.7120080198996463,-0.2,239.85000000000002,35,36,3,2.6999999999999997,0.30000000000000027,0.07499999999999996,-0.8647499999999999,0.8647499999999999,0.0704999999999999,0.07050000000000001,pitch,heave_force,-1.1999999999999997,84.28351758742619,-772.4550318899126,6.32126381905696,-57.93412739174341,0.0035832924482263402,-0.00961189201640718,0.013195184464633523,-0.7123957171997966,-0.05663520376881249,-0.6557605134309843,0.0,-0.7123957171997966,2.3019446195468185,1.1518695703674238,0.019398818720475157,0.008186722320626874,0.021365420929749607,0.008149200221393973,8.523985738162194,20628.259457779102,13622.631405176237,6398.9645763152075,3201.976500532684,18956.036500392987,12976.283535738801,2.667768309803864,1.818256832217999,0.00016995520641100613,9.627098906464061e-05,advance_eq19_20,0.05333806691568058,0.12126960275723758,0.12549506955114687,0.21325668103896525,2.352823729992607,1.7585336818977724,78.98504044428888,7.268344373324935e-16,a1_station_hull_matched_sweep_free_surface_marching_not_benchmark_validated,41,8,24,10,3.0,2,16,15.0,False,none,0.0,1.0,1.0,1.0,trapezoid,1.0,1.0,1.0,1.0,1.0,1.0,1.0,True,False,True,3.0,11,9,40,True,True,True,True,A1_GRID_RECOMMENDED,"A1 Section 3.3 recommends control radius about 3B, inner free-surface panels greater than 10, outer/free-surface proxy panels greater than 8, and roughly 60 stations at Fn=0.2 or 40 at Fn=0.3."
32,st41_bp8_fs24_cp10_r3p0_h2_fsm_clipfs_onezonefs_noend_pr1p0_pl1p0_pf1p0_pm1p0_dt1p0_fv1p0_hr1p0_hqtrapezoid_hp1p0_hc1p0_ci1p0_cp1p0_cn1p0_cd1p0_pg1p0,A35,OK,diagnostic_matched_wigley_sensitivity_not_hard_gate,wigley_iii,Fn0.4,0.4,2.1696064159197173,1.5,2.7120080198996463,-0.2,239.85000000000002,36,37,2,2.775,0.2250000000000001,0.07500000000000018,-0.8642343749999999,0.8642343749999999,0.07153124999999994,0.07153125000000005,pitch,heave_force,-1.275,-1150.2927731824677,1231.8392033108994,-86.27195798868529,92.38794024831768,-0.04890440652430717,-0.01110856122816125,-0.03779584529614592,-0.7350562742378369,-0.06699543039109672,-0.6680608438467405,0.0,-0.7350562742378369,3.3699877810986645,1.9337157937578482,0.04389280795625705,0.019285288289219684,0.047398367053416685,0.020569145840751587,23.229288767581384,52569.64321403161,32938.74620989271,9367.919736535978,5375.359059399842,51658.374296081296,32490.20311698476,3.2907408388235235,2.3198760754236454,0.0009999948060402223,0.0004954744601385003,advance_eq19_20,0.014194117441031166,0.03258691536150957,0.06102450183223359,0.14056492555274266,4.299281169523726,4.31353885427194,77.91010290862681,9.303247461527092e-16,a1_station_hull_matched_sweep_free_surface_marching_not_benchmark_validated,41,8,24,10,3.0,2,16,15.0,False,none,0.0,1.0,1.0,1.0,trapezoid,1.0,1.0,1.0,1.0,1.0,1.0,1.0,True,False,True,3.0,11,9,40,True,True,True,True,A1_GRID_RECOMMENDED,"A1 Section 3.3 recommends control radius about 3B, inner free-surface panels greater than 10, outer/free-surface proxy panels greater than 8, and roughly 60 stations at Fn=0.2 or 40 at Fn=0.3."
32,st41_bp8_fs24_cp10_r3p0_h2_fsm_clipfs_onezonefs_noend_pr1p0_pl1p0_pf1p0_pm1p0_dt1p0_fv1p0_hr1p0_hqtrapezoid_hp1p0_hc1p0_ci1p0_cp1p0_cn1p0_cd1p0_pg1p0,A35,OK,diagnostic_matched_wigley_sensitivity_not_hard_gate,wigley_iii,Fn0.4,0.4,2.1696064159197173,1.5,2.7120080198996463,-0.2,239.85000000000002,37,38,1,2.85,0.1499999999999999,0.07499999999999996,-0.8636874999999999,0.8636874999999999,0.07262499999999994,0.07262500000000005,pitch,heave_force,-1.35,-382.4439062336855,714.8737847478999,-28.683292967526395,53.61553385609246,-0.016259506013804433,0.0025649900000013874,-0.018824496013805817,-0.7676382305068927,-0.07126721600517665,-0.6963710145017163,0.0,-0.7676382305068927,1.4762822119009797,1.0402696095703787,0.04397943080537163,0.019748783146148016,0.0471486363033278,0.021851678156914505,19.535846018296265,43553.11168552727,30553.695949563156,4103.781428268412,2891.7500121130593,43444.72428325812,30478.938509632648,0.7301071006382219,0.29146348545742495,7.250582356130644e-05,3.303783544314916e-05,advance_eq19_20,0.004448788567111881,0.01312323130158444,0.015617372529073248,0.034748298277357835,3.5104775813636664,2.6478462109528222,77.78531556101758,4.47862540595961e-16,a1_station_hull_matched_sweep_free_surface_marching_not_benchmark_validated,41,8,24,10,3.0,2,16,15.0,False,none,0.0,1.0,1.0,1.0,trapezoid,1.0,1.0,1.0,1.0,1.0,1.0,1.0,True,False,True,3.0,11,9,40,True,True,True,True,A1_GRID_RECOMMENDED,"A1 Section 3.3 recommends control radius about 3B, inner free-surface panels greater than 10, outer/free-surface proxy panels greater than 8, and roughly 60 stations at Fn=0.2 or 40 at Fn=0.3."
32,st41_bp8_fs24_cp10_r3p0_h2_fsm_clipfs_onezonefs_noend_pr1p0_pl1p0_pf1p0_pm1p0_dt1p0_fv1p0_hr1p0_hqtrapezoid_hp1p0_hc1p0_ci1p0_cp1p0_cn1p0_cd1p0_pg1p0,A35,OK,diagnostic_matched_wigley_sensitivity_not_hard_gate,wigley_iii,Fn0.4,0.4,2.1696064159197173,1.5,2.7120080198996463,-0.2,239.85000000000002,38,39,0,2.925,0.07500000000000018,0.03749999999999987,-0.8631093749999998,0.8631093749999998,0.07378124999999991,0.07378125000000002,pitch,heave_force,-1.4249999999999998,921.9608036920579,-1611.870448885857,34.57353013845205,-60.445141833219424,0.01959846527527515,-0.0005716336923791553,0.020170098967654305,-0.7561695182385197,-0.07055635469755513,-0.6856131635409649,0.0,-0.7561695182385197,1.6667077056119042,0.9718167809140048,0.0052765130549472265,0.0025203690242007314,0.005969867956544595,0.0031156307378392392,70.75972675252868,157399.38404461573,84931.15958081374,4633.127781059224,2701.464276304635,157358.77607978758,84919.35509651375,0.9278945369312968,0.6541187767910056,0.0,0.0,initialize_eq21_22,0.0,0.0,0.005436882052331808,0.016037952727095538,,,113.94877021527233,1.3444644144965517e-15,a1_station_hull_matched_sweep_free_surface_marching_not_benchmark_validated,41,8,24,10,3.0,2,16,15.0,False,none,0.0,1.0,1.0,1.0,trapezoid,1.0,1.0,1.0,1.0,1.0,1.0,1.0,True,False,True,3.0,11,9,40,True,True,True,True,A1_GRID_RECOMMENDED,"A1 Section 3.3 recommends control radius about 3B, inner free-surface panels greater than 10, outer/free-surface proxy panels greater than 8, and roughly 60 stations at Fn=0.2 or 40 at Fn=0.3."
42,st41_bp8_fs24_cp10_r3p0_h2_fsm_clipfs_onezonefs_noend_pr1p0_pl1p0_pf1p0_pm1p0_dt1p0_fv0p0_hr1p0_hqtrapezoid_hp1p0_hc1p0_cim1p0_cp1p0_cnm1p0_cd1p0_pg1p0,A55,OK,diagnostic_matched_wigley_sensitivity_not_hard_gate,wigley_iii,Fn0.4,0.4,2.1696064159197173,1.0,1.808005346599764,0.063,719.5500000000001,0,1,38,0.075,2.925,0.0375,-0.8631093749999998,0.8631093749999998,0.07378124999999991,0.07378125000000002,pitch,pitch_moment,1.425,-1302.6428852188928,-1493.0960855938956,-48.84910819570848,-55.99110320977108,-0.02076807488708648,0.00027044691475696726,-0.021038521801843447,0.0,0.0,0.0,0.0,0.0,1.261535587935078,0.735561477744544,0.010523151947551145,0.004760362259319934,0.0391558414055776,0.02201536696087909,52.99285177911677,117854.4615414179,62894.06234924984,2337.88466511031,1363.1465616278326,117847.9719983007,62887.23518086926,0.701426160916938,0.4948785839999911,0.0002203215230792386,0.00011395046542451783,advance_eq19_20,0.0,0.0,0.0,0.0,,,418.23117884841605,1.1491845618026963e-15,a1_station_hull_matched_sweep_free_surface_marching_not_benchmark_validated,41,8,24,10,3.0,2,16,15.0,False,none,0.0,1.0,0.0,1.0,trapezoid,1.0,1.0,-1.0,1.0,-1.0,1.0,1.0,True,False,True,3.0,11,9,40,True,True,True,True,A1_GRID_RECOMMENDED,"A1 Section 3.3 recommends control radius about 3B, inner free-surface panels greater than 10, outer/free-surface proxy panels greater than 8, and roughly 60 stations at Fn=0.2 or 40 at Fn=0.3."
42,st41_bp8_fs24_cp10_r3p0_h2_fsm_clipfs_onezonefs_noend_pr1p0_pl1p0_pf1p0_pm1p0_dt1p0_fv0p0_hr1p0_hqtrapezoid_hp1p0_hc1p0_cim1p0_cp1p0_cnm1p0_cd1p0_pg1p0,A55,OK,diagnostic_matched_wigley_sensitivity_not_hard_gate,wigley_iii,Fn0.4,0.4,2.1696064159197173,1.0,1.808005346599764,0.063,719.5500000000001,1,2,37,0.15,2.85,0.07499999999999998,-0.8636874999999999,0.8636874999999999,0.07262499999999991,0.07262500000000005,pitch,pitch_moment,1.35,555.3713454064274,630.7711115053418,41.65285090548205,47.307833362900624,0.01770860428812692,-0.0011001076811668745,0.018808711969293797,-0.011913772743023021,-0.0002796069258264701,-0.011634165817196552,0.0,-0.011913772743023021,1.0760543775143427,0.7585220150783201,0.04697561419629798,0.023126850020953917,0.19525437317310268,0.11654215970434874,14.99222954877214,33351.130241735336,23398.384659512638,1994.149869472463,1405.6971552446105,33340.41835340613,23391.65945423336,0.5140273382494898,0.2500623157936676,0.007055654174228226,0.0028980406802572387,advance_eq19_20,0.0,0.0,0.0,0.0,,,343.0542195004202,5.181270915974265e-16,a1_station_hull_matched_sweep_free_surface_marching_not_benchmark_validated,41,8,24,10,3.0,2,16,15.0,False,none,0.0,1.0,0.0,1.0,trapezoid,1.0,1.0,-1.0,1.0,-1.0,1.0,1.0,True,False,True,3.0,11,9,40,True,True,True,True,A1_GRID_RECOMMENDED,"A1 Section 3.3 recommends control radius about 3B, inner free-surface panels greater than 10, outer/free-surface proxy panels greater than 8, and roughly 60 stations at Fn=0.2 or 40 at Fn=0.3."
42,st41_bp8_fs24_cp10_r3p0_h2_fsm_clipfs_onezonefs_noend_pr1p0_pl1p0_pf1p0_pm1p0_dt1p0_fv0p0_hr1p0_hqtrapezoid_hp1p0_hc1p0_cim1p0_cp1p0_cnm1p0_cd1p0_pg1p0,A55,OK,diagnostic_matched_wigley_sensitivity_not_hard_gate,wigley_iii,Fn0.4,0.4,2.1696064159197173,1.0,1.808005346599764,0.063,719.5500000000001,2,3,36,0.22499999999999998,2.775,0.075,-0.8642343749999999,0.8642343749999999,0.07153124999999994,0.07153125000000006,pitch,pitch_moment,1.275,1180.953846250402,939.1206686438682,88.57153846878015,70.43405014829011,0.037655965722332034,0.004654481912992337,0.03300148380933969,0.01576851226220645,0.0014975801900862606,0.014270932072120192,0.0,0.01576851226220645,2.578969008360238,1.4854154418987313,0.036440646679511156,0.01819289593032388,0.16615116751062683,0.09860158790819805,16.51273766358686,37075.97200289692,23505.790223555287,4779.359499726162,2752.780037396626,36721.795118800146,23338.59673457291,2.678506212038289,1.8892694779184307,0.0036266710059129686,0.001499654544552,advance_eq19_20,0.0,0.0,0.0,0.0,,,342.8446096912935,6.93520040938989e-16,a1_station_hull_matched_sweep_free_surface_marching_not_benchmark_validated,41,8,24,10,3.0,2,16,15.0,False,none,0.0,1.0,0.0,1.0,trapezoid,1.0,1.0,-1.0,1.0,-1.0,1.0,1.0,True,False,True,3.0,11,9,40,True,True,True,True,A1_GRID_RECOMMENDED,"A1 Section 3.3 recommends control radius about 3B, inner free-surface panels greater than 10, outer/free-surface proxy panels greater than 8, and roughly 60 stations at Fn=0.2 or 40 at Fn=0.3."
42,st41_bp8_fs24_cp10_r3p0_h2_fsm_clipfs_onezonefs_noend_pr1p0_pl1p0_pf1p0_pm1p0_dt1p0_fv0p0_hr1p0_hqtrapezoid_hp1p0_hc1p0_cim1p0_cp1p0_cnm1p0_cd1p0_pg1p0,A55,OK,diagnostic_matched_wigley_sensitivity_not_hard_gate,wigley_iii,Fn0.4,0.4,2.1696064159197173,1.0,1.808005346599764,0.063,719.5500000000001,3,4,35,0.3,2.7,0.07500000000000001,-0.8647499999999999,0.8647499999999999,0.0704999999999999,0.07050000000000001,pitch,pitch_moment,1.2,-426.1541069351661,-772.4706372475335,-31.961558020137463,-57.93529779356503,-0.013588375611911155,0.0034019952917874667,-0.01699037090369862,0.027802307317416893,0.005525818792476163,0.02227648852494073,0.0,0.027802307317416893,1.596972263463433,0.8163622944766268,0.006650467790769149,0.0036230106592725873,0.048735405066978196,0.02499171210146873,7.998834717720863,18331.95285447483,11887.523384843355,2959.5177504812486,1512.887078005597,17788.18120153478,11661.526601179492,2.514889787204397,1.7596518104587948,0.003252697573938223,0.0013486957611450825,advance_eq19_20,0.0,0.0,0.0,0.0,,,342.76452809793557,5.231579925121153e-16,a1_station_hull_matched_sweep_free_surface_marching_not_benchmark_validated,41,8,24,10,3.0,2,16,15.0,False,none,0.0,1.0,0.0,1.0,trapezoid,1.0,1.0,-1.0,1.0,-1.0,1.0,1.0,True,False,True,3.0,11,9,40,True,True,True,True,A1_GRID_RECOMMENDED,"A1 Section 3.3 recommends control radius about 3B, inner free-surface panels greater than 10, outer/free-surface proxy panels greater than 8, and roughly 60 stations at Fn=0.2 or 40 at Fn=0.3."
42,st41_bp8_fs24_cp10_r3p0_h2_fsm_clipfs_onezonefs_noend_pr1p0_pl1p0_pf1p0_pm1p0_dt1p0_fv0p0_hr1p0_hqtrapezoid_hp1p0_hc1p0_cim1p0_cp1p0_cnm1p0_cd1p0_pg1p0,A55,OK,diagnostic_matched_wigley_sensitivity_not_hard_gate,wigley_iii,Fn0.4,0.4,2.1696064159197173,1.0,1.808005346599764,0.063,719.5500000000001,4,5,34,0.375,2.625,0.07499999999999998,-0.8652343749999999,0.8652343749999999,0.06953124999999993,0.06953125000000009,pitch,pitch_moment,1.125,42.026931760516746,-289.28548448351046,3.152019882038755,-21.696411336263278,0.0013400732863638504,0.0033721753100750453,-0.002032102023711195,0.021678156154643243,0.00891290409340742,0.012765252061235825,0.0,0.021678156154643243,1.451166080773213,0.7014317897790012,0.0032349684680447297,0.0016900049923309996,0.03595735523979699,0.013231092958846884,1.6499957117955548,5352.884033589057,3064.1355727312007,2689.3089336632493,1299.8972368503628,3669.3373146154477,2410.419623153275,2.765969218342993,1.9268014151493063,0.0034430013334721646,0.0014285171087887725,advance_eq19_20,0.0,0.0,0.0,0.0,,,342.70650863905854,4.89235276745967e-16,a1_station_hull_matched_sweep_free_surface_marching_not_benchmark_validated,41,8,24,10,3.0,2,16,15.0,False,none,0.0,1.0,0.0,1.0,trapezoid,1.0,1.0,-1.0,1.0,-1.0,1.0,1.0,True,False,True,3.0,11,9,40,True,True,True,True,A1_GRID_RECOMMENDED,"A1 Section 3.3 recommends control radius about 3B, inner free-surface panels greater than 10, outer/free-surface proxy panels greater than 8, and roughly 60 stations at Fn=0.2 or 40 at Fn=0.3."
42,st41_bp8_fs24_cp10_r3p0_h2_fsm_clipfs_onezonefs_noend_pr1p0_pl1p0_pf1p0_pm1p0_dt1p0_fv0p0_hr1p0_hqtrapezoid_hp1p0_hc1p0_cim1p0_cp1p0_cnm1p0_cd1p0_pg1p0,A55,OK,diagnostic_matched_wigley_sensitivity_not_hard_gate,wigley_iii,Fn0.4,0.4,2.1696064159197173,1.0,1.808005346599764,0.063,719.5500000000001,5,6,33,0.44999999999999996,2.55,0.07500000000000001,-0.8656874999999999,0.8656874999999999,0.06862499999999994,0.06862500000000005,pitch,pitch_moment,1.05,125.89009032801239,-228.52581353856627,9.44175677460093,-17.139436015392473,0.004014139029416201,0.003404937644445364,0.0006092013849708377,0.024355262312533266,0.012301460570667623,0.012053801741865646,0.0,0.024355262312533266,1.41056001238367,0.6613059556510479,0.005888833656398399,0.0034344512683657353,0.03985120670267486,0.018144139639206493,0.8798796617558617,4297.990072270048,2115.8895105342945,2614.057545191742,1225.5358211442451,1956.7173733673578,1116.9493760813937,3.032612668321513,2.1067497232447705,0.003839440642089107,0.0015926223064254782,advance_eq19_20,0.0,0.0,0.0,0.0,,,342.6545414156471,4.708237936518674e-16,a1_station_hull_matched_sweep_free_surface_marching_not_benchmark_validated,41,8,24,10,3.0,2,16,15.0,False,none,0.0,1.0,0.0,1.0,trapezoid,1.0,1.0,-1.0,1.0,-1.0,1.0,1.0,True,False,True,3.0,11,9,40,True,True,True,True,A1_GRID_RECOMMENDED,"A1 Section 3.3 recommends control radius about 3B, inner free-surface panels greater than 10, outer/free-surface proxy panels greater than 8, and roughly 60 stations at Fn=0.2 or 40 at Fn=0.3."
42,st41_bp8_fs24_cp10_r3p0_h2_fsm_clipfs_onezonefs_noend_pr1p0_pl1p0_pf1p0_pm1p0_dt1p0_fv0p0_hr1p0_hqtrapezoid_hp1p0_hc1p0_cim1p0_cp1p0_cnm1p0_cd1p0_pg1p0,A55,OK,diagnostic_matched_wigley_sensitivity_not_hard_gate,wigley_iii,Fn0.4,0.4,2.1696064159197173,1.0,1.808005346599764,0.063,719.5500000000001,6,7,32,0.525,2.475,0.07500000000000001,-0.866109375,0.866109375,0.0677812499999999,0.06778125000000006,pitch,pitch_moment,0.975,152.60758191973312,-222.75405642477367,11.445568643979986,-16.70655423185803,0.004866054581204165,0.003373381594893974,0.0014926729863101915,0.02879535911784345,0.015690620190337297,0.013104738927506162,0.0,0.02879535911784345,1.3973479787879726,0.6429999078969431,0.008002725873927561,0.004598628109179016,0.04661227680149613,0.022212738656100708,0.7632592188360267,4205.62409539097,1959.9273162368768,2589.572932126753,1191.6109531243496,1697.3714006514276,837.2863893738393,3.2746809579445406,2.2705449203933297,0.004317564992931748,0.001790030862929318,advance_eq19_20,0.0,0.0,0.0,0.0,,,342.6062403202438,4.4839070435855e-16,a1_station_hull_matched_sweep_free_surface_marching_not_benchmark_validated,41,8,24,10,3.0,2,16,15.0,False,none,0.0,1.0,0.0,1.0,trapezoid,1.0,1.0,-1.0,1.0,-1.0,1.0,1.0,True,False,True,3.0,11,9,40,True,True,True,True,A1_GRID_RECOMMENDED,"A1 Section 3.3 recommends control radius about 3B, inner free-surface panels greater than 10, outer/free-surface proxy panels greater than 8, and roughly 60 stations at Fn=0.2 or 40 at Fn=0.3."
42,st41_bp8_fs24_cp10_r3p0_h2_fsm_clipfs_onezonefs_noend_pr1p0_pl1p0_pf1p0_pm1p0_dt1p0_fv0p0_hr1p0_hqtrapezoid_hp1p0_hc1p0_cim1p0_cp1p0_cnm1p0_cd1p0_pg1p0,A55,OK,diagnostic_matched_wigley_sensitivity_not_hard_gate,wigley_iii,Fn0.4,0.4,2.1696064159197173,1.0,1.808005346599764,0.063,719.5500000000001,7,8,31,0.6,2.4,0.07499999999999996,-0.8664999999999999,0.8664999999999998,0.06699999999999995,0.06700000000000006,pitch,pitch_moment,0.9,158.09957539147547,-230.06266726443542,11.857468154360653,-17.254700044832646,0.005041172616998553,0.0032530776861009318,0.0017880949308976214,0.033748972716944804,0.019003849830834744,0.014745122886110068,0.0,0.033748972716944804,1.3921638185786347,0.6327263874521641,0.00953760144109893,0.005450866518416571,0.05350438245902657,0.025732596906468137,0.7671029284524326,4253.236565064892,1941.8230155963684,2579.9656180162383,1172.5720087344732,1705.9192211222316,795.1025472429246,3.4845474515532575,2.4126034569471577,0.0048173188837307875,0.0019961236094746125,advance_eq19_20,0.0,0.0,0.0,0.0,,,342.56168396636383,4.67887156483559e-16,a1_station_hull_matched_sweep_free_surface_marching_not_benchmark_validated,41,8,24,10,3.0,2,16,15.0,False,none,0.0,1.0,0.0,1.0,trapezoid,1.0,1.0,-1.0,1.0,-1.0,1.0,1.0,True,False,True,3.0,11,9,40,True,True,True,True,A1_GRID_RECOMMENDED,"A1 Section 3.3 recommends control radius about 3B, inner free-surface panels greater than 10, outer/free-surface proxy panels greater than 8, and roughly 60 stations at Fn=0.2 or 40 at Fn=0.3."
42,st41_bp8_fs24_cp10_r3p0_h2_fsm_clipfs_onezonefs_noend_pr1p0_pl1p0_pf1p0_pm1p0_dt1p0_fv0p0_hr1p0_hqtrapezoid_hp1p0_hc1p0_cim1p0_cp1p0_cnm1p0_cd1p0_pg1p0,A55,OK,diagnostic_matched_wigley_sensitivity_not_hard_gate,wigley_iii,Fn0.4,0.4,2.1696064159197173,1.0,1.808005346599764,0.063,719.5500000000001,8,9,30,0.6749999999999999,2.325,0.07500000000000001,-0.866859375,0.866859375,0.06628124999999993,0.06628125000000007,pitch,pitch_moment,0.8250000000000001,152.46780445942554,-238.73537791244095,11.435085334456916,-17.905153343433074,0.004861597628656182,0.0030465317672982795,0.0018150658613579032,0.03870035783977217,0.02215365455753435,0.01654670328223783,0.0,0.03870035783977217,1.3886199210155217,0.6256301339179154,0.010686276307353361,0.006103658088575797,0.060006061495522144,0.028812375805356304,0.7979062582443723,4331.309792601851,1956.663347360235,2573.3980476307806,1159.4211927954555,1774.421100619222,811.0046653773503,3.661858933296953,2.5325691999794975,0.005304960539481483,0.002197067133118775,advance_eq19_20,0.0,0.0,0.0,0.0,,,342.5212065841895,3.506475963752285e-16,a1_station_hull_matched_sweep_free_surface_marching_not_benchmark_validated,41,8,24,10,3.0,2,16,15.0,False,none,0.0,1.0,0.0,1.0,trapezoid,1.0,1.0,-1.0,1.0,-1.0,1.0,1.0,True,False,True,3.0,11,9,40,True,True,True,True,A1_GRID_RECOMMENDED,"A1 Section 3.3 recommends control radius about 3B, inner free-surface panels greater than 10, outer/free-surface proxy panels greater than 8, and roughly 60 stations at Fn=0.2 or 40 at Fn=0.3."
42,st41_bp8_fs24_cp10_r3p0_h2_fsm_clipfs_onezonefs_noend_pr1p0_pl1p0_pf1p0_pm1p0_dt1p0_fv0p0_hr1p0_hqtrapezoid_hp1p0_hc1p0_cim1p0_cp1p0_cnm1p0_cd1p0_pg1p0,A55,OK,diagnostic_matched_wigley_sensitivity_not_hard_gate,wigley_iii,Fn0.4,0.4,2.1696064159197173,1.0,1.808005346599764,0.063,719.5500000000001,9,10,29,0.75,2.25,0.07500000000000001,-0.8671874999999999,0.8671874999999999,0.06562499999999982,0.0656250000000001,pitch,pitch_moment,0.75,140.11245890168297,-244.178630845878,10.508434417626225,-18.313397313440852,0.004467634333403683,0.002766726501562585,0.001700907831841098,0.04336497382080211,0.025060283691964787,0.018304690128837328,0.0,0.04336497382080211,1.3844489971910583,0.6197602066479915,0.01156715862273182,0.006615019657044522,0.06598533554929645,0.03150250417717357,0.8371134340311557,4416.644604496437,1981.4362371020059,2565.6684687415177,1148.5430114100768,1861.6118442597467,842.7423921921262,3.8085781061374986,2.631741854217967,0.0057603754022695075,0.0023846182349287833,advance_eq19_20,0.0,0.0,0.0,0.0,,,342.4849787194831,4.458848412288635e-16,a1_station_hull_matched_sweep_free_surface_marching_not_benchmark_validated,41,8,24,10,3.0,2,16,15.0,False,none,0.0,1.0,0.0,1.0,trapezoid,1.0,1.0,-1.0,1.0,-1.0,1.0,1.0,True,False,True,3.0,11,9,40,True,True,True,True,A1_GRID_RECOMMENDED,"A1 Section 3.3 recommends control radius about 3B, inner free-surface panels greater than 10, outer/free-surface proxy panels greater than 8, and roughly 60 stations at Fn=0.2 or 40 at Fn=0.3."
42,st41_bp8_fs24_cp10_r3p0_h2_fsm_clipfs_onezonefs_noend_pr1p0_pl1p0_pf1p0_pm1p0_dt1p0_fv0p0_hr1p0_hqtrapezoid_hp1p0_hc1p0_cim1p0_cp1p0_cnm1p0_cd1p0_pg1p0,A55,OK,diagnostic_matched_wigley_sensitivity_not_hard_gate,wigley_iii,Fn0.4,0.4,2.1696064159197173,1.0,1.808005346599764,0.063,719.5500000000001,10,11,28,0.825,2.175,0.07499999999999996,-0.8674843749999999,0.8674843749999999,0.06503124999999987,0.0650312500000001,pitch,pitch_moment,0.675,123.60032435882549,-244.32102290564103,9.270024326911907,-18.324076717923067,0.003941127413321608,0.0024314499818649284,0.001509677431456678,0.04756935469416475,0.02765937193367854,0.01990998276048622,0.0,0.04756935469416475,1.378979587389702,0.614317949443684,0.012252558523005845,0.007019379250438975,0.07138695991699584,0.03383328300807999,0.8790008598192518,4501.43021771349,2009.1118382580955,2555.5325285238305,1138.4573905340437,1954.7630526893665,878.9702961410992,3.927561553254037,2.7120568427888387,0.0061716275633779735,0.0025538899383750124,advance_eq19_20,0.0,0.0,0.0,0.0,,,342.4529909421924,3.197524250815333e-16,a1_station_hull_matched_sweep_free_surface_marching_not_benchmark_validated,41,8,24,10,3.0,2,16,15.0,False,none,0.0,1.0,0.0,1.0,trapezoid,1.0,1.0,-1.0,1.0,-1.0,1.0,1.0,True,False,True,3.0,11,9,40,True,True,True,True,A1_GRID_RECOMMENDED,"A1 Section 3.3 recommends control radius about 3B, inner free-surface panels greater than 10, outer/free-surface proxy panels greater than 8, and roughly 60 stations at Fn=0.2 or 40 at Fn=0.3."
42,st41_bp8_fs24_cp10_r3p0_h2_fsm_clipfs_onezonefs_noend_pr1p0_pl1p0_pf1p0_pm1p0_dt1p0_fv0p0_hr1p0_hqtrapezoid_hp1p0_hc1p0_cim1p0_cp1p0_cnm1p0_cd1p0_pg1p0,A55,OK,diagnostic_matched_wigley_sensitivity_not_hard_gate,wigley_iii,Fn0.4,0.4,2.1696064159197173,1.0,1.808005346599764,0.063,719.5500000000001,11,12,27,0.8999999999999999,2.1,0.07500000000000001,-0.8677499999999999,0.8677499999999999,0.06449999999999989,0.0645,pitch,pitch_moment,0.6000000000000001,104.74433288578193,-238.25520257925822,7.855824966433646,-17.86914019344437,0.0033398841294930907,0.002060627103941894,0.0012792570255511964,0.0512098604655721,0.029905410476581948,0.021304449988990153,0.0,0.0512098604655721,1.3722356944655063,0.6090222563537782,0.012789193233975066,0.007339445726444023,0.0761798007283526,0.03582856369056744,0.9206636786565103,4581.889544907623,2036.7881191924373,2543.0347091983926,1128.6433830780302,2047.4147697203489,915.572514866353,4.0220337932285615,2.7757114960378018,0.006532117698475556,0.0027021849664214644,advance_eq19_20,0.0,0.0,0.0,0.0,,,342.4251138934239,3.5732173413668723e-16,a1_station_hull_matched_sweep_free_surface_marching_not_benchmark_validated,41,8,24,10,3.0,2,16,15.0,False,none,0.0,1.0,0.0,1.0,trapezoid,1.0,1.0,-1.0,1.0,-1.0,1.0,1.0,True,False,True,3.0,11,9,40,True,True,True,True,A1_GRID_RECOMMENDED,"A1 Section 3.3 recommends control radius about 3B, inner free-surface panels greater than 10, outer/free-surface proxy panels greater than 8, and roughly 60 stations at Fn=0.2 or 40 at Fn=0.3."
42,st41_bp8_fs24_cp10_r3p0_h2_fsm_clipfs_onezonefs_noend_pr1p0_pl1p0_pf1p0_pm1p0_dt1p0_fv0p0_hr1p0_hqtrapezoid_hp1p0_hc1p0_cim1p0_cp1p0_cnm1p0_cd1p0_pg1p0,A55,OK,diagnostic_matched_wigley_sensitivity_not_hard_gate,wigley_iii,Fn0.4,0.4,2.1696064159197173,1.0,1.808005346599764,0.063,719.5500000000001,12,13,26,0.975,2.025,0.07500000000000007,-0.8679843749999999,0.8679843749999999,0.06403124999999998,0.0640312500000001,pitch,pitch_moment,0.525,84.97454518524079,-225.72521057624186,6.373090888893064,-16.929390793218154,0.0027095034839216903,0.0016747515857902869,0.0010347518981314034,0.05423455427227948,0.031773099821448034,0.02246145445083145,0.0,0.05423455427227948,1.3645615305115777,0.6038425352404923,0.013209114679799367,0.007591508287452067,0.08034923657784039,0.0375109707352236,0.960208836512541,4655.787289554501,2062.9623084417076,2528.8129065025214,1119.0442955246456,2135.357133628426,950.4899864924802,4.095338619100974,2.824990233392609,0.0068388446564280085,0.0028282815393862715,advance_eq19_20,0.0,0.0,0.0,0.0,,,342.4011560901492,4.020103559218125e-16,a1_station_hull_matched_sweep_free_surface_marching_not_benchmark_validated,41,8,24,10,3.0,2,16,15.0,False,none,0.0,1.0,0.0,1.0,trapezoid,1.0,1.0,-1.0,1.0,-1.0,1.0,1.0,True,False,True,3.0,11,9,40,True,True,True,True,A1_GRID_RECOMMENDED,"A1 Section 3.3 recommends control radius about 3B, inner free-surface panels greater than 10, outer/free-surface proxy panels greater than 8, and roughly 60 stations at Fn=0.2 or 40 at Fn=0.3."
42,st41_bp8_fs24_cp10_r3p0_h2_fsm_clipfs_onezonefs_noend_pr1p0_pl1p0_pf1p0_pm1p0_dt1p0_fv0p0_hr1p0_hqtrapezoid_hp1p0_hc1p0_cim1p0_cp1p0_cnm1p0_cd1p0_pg1p0,A55,OK,diagnostic_matched_wigley_sensitivity_not_hard_gate,wigley_iii,Fn0.4,0.4,2.1696064159197173,1.0,1.808005346599764,0.063,719.5500000000001,13,14,25,1.05,1.95,0.07500000000000001,-0.8681874999999999,0.8681874999999999,0.06362499999999982,0.0636250000000001,pitch,pitch_moment,0.44999999999999996,65.48166419168251,-206.8938845941031,4.911124814376189,-15.517041344557734,0.0020879523023463074,0.0012938174962912122,0.0007941348060550952,0.05663328216541349,0.03325738436248878,0.023375897802924702,0.0,0.05663328216541349,1.3564441278843333,0.5988726105468481,0.01353558619361117,0.007788031701236282,0.08389565287278668,0.03890361341459275,0.9963115787636815,4721.6754793760165,2086.7375235948743,2513.7696914681965,1109.8340038458812,2215.6440933793056,982.451149799608,4.150785786388246,2.862157633349474,0.007091196934339589,0.0029319365111584016,advance_eq19_20,0.0,0.0,0.0,0.0,,,342.3809050598612,3.6366386289733107e-16,a1_station_hull_matched_sweep_free_surface_marching_not_benchmark_validated,41,8,24,10,3.0,2,16,15.0,False,none,0.0,1.0,0.0,1.0,trapezoid,1.0,1.0,-1.0,1.0,-1.0,1.0,1.0,True,False,True,3.0,11,9,40,True,True,True,True,A1_GRID_RECOMMENDED,"A1 Section 3.3 recommends control radius about 3B, inner free-surface panels greater than 10, outer/free-surface proxy panels greater than 8, and roughly 60 stations at Fn=0.2 or 40 at Fn=0.3."
42,st41_bp8_fs24_cp10_r3p0_h2_fsm_clipfs_onezonefs_noend_pr1p0_pl1p0_pf1p0_pm1p0_dt1p0_fv0p0_hr1p0_hqtrapezoid_hp1p0_hc1p0_cim1p0_cp1p0_cnm1p0_cd1p0_pg1p0,A55,OK,diagnostic_matched_wigley_sensitivity_not_hard_gate,wigley_iii,Fn0.4,0.4,2.1696064159197173,1.0,1.808005346599764,0.063,719.5500000000001,14,15,24,1.125,1.875,0.07499999999999996,-0.8683593749999999,0.8683593749999999,0.06328124999999996,0.06328125000000007,pitch,pitch_moment,0.375,47.27515618389991,-182.21958600474812,3.545636713792491,-13.666468950356101,0.0015074184875480449,0.0009365228622734168,0.0005708956252746282,0.05843096756036066,0.0343725545417711,0.024058413018589568,0.0,0.05843096756036066,1.3484187725324077,0.5942647246503313,0.013786304420501822,0.007938982841550748,0.08683217014015907,0.0400301289346329,1.0280325242555752,4778.580389084096,2107.5342942556667,2498.8970589489363,1101.2946444500215,2286.186609409014,1010.5895851446656,4.1915318739259995,2.889375651124247,0.007290032156098615,0.0030135067967834925,advance_eq19_20,0.0,0.0,0.0,0.0,,,342.3641533741088,3.6923197133173657e-16,a1_station_hull_matched_sweep_free_surface_marching_not_benchmark_validated,41,8,24,10,3.0,2,16,15.0,False,none,0.0,1.0,0.0,1.0,trapezoid,1.0,1.0,-1.0,1.0,-1.0,1.0,1.0,True,False,True,3.0,11,9,40,True,True,True,True,A1_GRID_RECOMMENDED,"A1 Section 3.3 recommends control radius about 3B, inner free-surface panels greater than 10, outer/free-surface proxy panels greater than 8, and roughly 60 stations at Fn=0.2 or 40 at Fn=0.3."
42,st41_bp8_fs24_cp10_r3p0_h2_fsm_clipfs_onezonefs_noend_pr1p0_pl1p0_pf1p0_pm1p0_dt1p0_fv0p0_hr1p0_hqtrapezoid_hp1p0_hc1p0_cim1p0_cp1p0_cnm1p0_cd1p0_pg1p0,A55,OK,diagnostic_matched_wigley_sensitivity_not_hard_gate,wigley_iii,Fn0.4,0.4,2.1696064159197173,1.0,1.808005346599764,0.063,719.5500000000001,15,16,23,1.2,1.8,0.07499999999999996,-0.8684999999999999,0.8684999999999998,0.06299999999999994,0.06300000000000008,pitch,pitch_moment,0.30000000000000004,31.205840939874605,-152.3808685052206,2.340438070490594,-11.428565137891539,0.0009950313303940122,0.0006196475210259028,0.0003753838093681092,0.05968219246933169,0.03515063973342076,0.024531552735910934,0.0,0.05968219246933169,1.3410118722218427,0.5901912885390378,0.013975152906615983,0.008052501842938086,0.08918101270663163,0.0409138689283125,1.0547066951664694,4825.838180830057,2124.962667521006,2485.1705507016222,1093.745730325064,2345.50587306532,1034.2928734710404,4.220473937558411,2.908629865751632,0.007436940498552707,0.003073646541990398,advance_eq19_20,0.0,0.0,0.0,0.0,,,342.35071396278477,2.753979938520263e-16,a1_station_hull_matched_sweep_free_surface_marching_not_benchmark_validated,41,8,24,10,3.0,2,16,15.0,False,none,0.0,1.0,0.0,1.0,trapezoid,1.0,1.0,-1.0,1.0,-1.0,1.0,1.0,True,False,True,3.0,11,9,40,True,True,True,True,A1_GRID_RECOMMENDED,"A1 Section 3.3 recommends control radius about 3B, inner free-surface panels greater than 10, outer/free-surface proxy panels greater than 8, and roughly 60 stations at Fn=0.2 or 40 at Fn=0.3."
42,st41_bp8_fs24_cp10_r3p0_h2_fsm_clipfs_onezonefs_noend_pr1p0_pl1p0_pf1p0_pm1p0_dt1p0_fv0p0_hr1p0_hqtrapezoid_hp1p0_hc1p0_cim1p0_cp1p0_cnm1p0_cd1p0_pg1p0,A55,OK,diagnostic_matched_wigley_sensitivity_not_hard_gate,wigley_iii,Fn0.4,0.4,2.1696064159197173,1.0,1.808005346599764,0.063,719.5500000000001,16,17,22,1.275,1.725,0.07499999999999996,-0.8686093749999999,0.8686093749999999,0.0627812499999999,0.06278125000000001,pitch,pitch_moment,0.2250000000000001,17.972904173768185,-118.22397189375042,1.3479678130326131,-8.866797892031276,0.000573085108827082,0.000357559217324979,0.00021552589150210312,0.06046625068894224,0.0356392431025962,0.02482700758634604,0.0,0.06046625068894224,1.3347020645404224,0.5868204059113731,0.014113108992817565,0.008135213049832637,0.09096905651316822,0.04157665884856931,1.0758677461135717,4862.996619143169,2138.7562723646606,2473.4771805269975,1087.4987921661464,2392.5648037653173,1053.1257951987852,4.2401498936668185,2.9216605128851967,0.007533652392245068,0.0031130638809711182,advance_eq19_20,0.0,0.0,0.0,0.0,,,342.34042855322906,2.4942149345838144e-16,a1_station_hull_matched_sweep_free_surface_marching_not_benchmark_validated,41,8,24,10,3.0,2,16,15.0,False,none,0.0,1.0,0.0,1.0,trapezoid,1.0,1.0,-1.0,1.0,-1.0,1.0,1.0,True,False,True,3.0,11,9,40,True,True,True,True,A1_GRID_RECOMMENDED,"A1 Section 3.3 recommends control radius about 3B, inner free-surface panels greater than 10, outer/free-surface proxy panels greater than 8, and roughly 60 stations at Fn=0.2 or 40 at Fn=0.3."
42,st41_bp8_fs24_cp10_r3p0_h2_fsm_clipfs_onezonefs_noend_pr1p0_pl1p0_pf1p0_pm1p0_dt1p0_fv0p0_hr1p0_hqtrapezoid_hp1p0_hc1p0_cim1p0_cp1p0_cnm1p0_cd1p0_pg1p0,A55,OK,diagnostic_matched_wigley_sensitivity_not_hard_gate,wigley_iii,Fn0.4,0.4,2.1696064159197173,1.0,1.808005346599764,0.063,719.5500000000001,17,18,21,1.3499999999999999,1.6500000000000001,0.07500000000000007,-0.8686874999999998,0.8686875,0.0626249999999999,0.06262500000000004,pitch,pitch_moment,0.15000000000000013,8.124171296660386,-80.72181641260349,0.6093128472495295,-6.054136230945267,0.0002590478170173396,0.00016182500677869841,9.72228102386411e-05,0.06088231715186446,0.03589893521464804,0.02498338193721641,0.0,0.06088231715186446,1.329891360180031,0.5842989154909424,0.014208655897679084,0.008192334317108361,0.09222319425845034,0.042037407810447625,1.0911960294815723,4889.7529088060355,2148.734887736269,2464.5619568423867,1082.825952300569,2426.652554254073,1066.784901657501,4.2526464345316395,2.92989884523147,0.0075815826113958705,0.003132334142030319,advance_eq19_20,0.0,0.0,0.0,0.0,,,342.3331719804855,3.0920964354461234e-16,a1_station_hull_matched_sweep_free_surface_marching_not_benchmark_validated,41,8,24,10,3.0,2,16,15.0,False,none,0.0,1.0,0.0,1.0,trapezoid,1.0,1.0,-1.0,1.0,-1.0,1.0,1.0,True,False,True,3.0,11,9,40,True,True,True,True,A1_GRID_RECOMMENDED,"A1 Section 3.3 recommends control radius about 3B, inner free-surface panels greater than 10, outer/free-surface proxy panels greater than 8, and roughly 60 stations at Fn=0.2 or 40 at Fn=0.3."
42,st41_bp8_fs24_cp10_r3p0_h2_fsm_clipfs_onezonefs_noend_pr1p0_pl1p0_pf1p0_pm1p0_dt1p0_fv0p0_hr1p0_hqtrapezoid_hp1p0_hc1p0_cim1p0_cp1p0_cnm1p0_cd1p0_pg1p0,A55,OK,diagnostic_matched_wigley_sensitivity_not_hard_gate,wigley_iii,Fn0.4,0.4,2.1696064159197173,1.0,1.808005346599764,0.063,719.5500000000001,18,19,20,1.425,1.575,0.07500000000000007,-0.8687343749999998,0.868734375,0.06253124999999993,0.06253125000000004,pitch,pitch_moment,0.07499999999999996,2.0538688902607145,-40.93900428559764,0.15404016676955373,-3.0704253214198256,6.548978757754339e-05,4.091611091717004e-05,2.4573676660373353e-05,0.06104458595416189,0.03600030577349597,0.025044280180665922,0.0,0.06104458595416189,1.3268831254726383,0.5827402090623302,0.014267915029506141,0.008227678957089342,0.09296607911139305,0.04231077995903889,1.1004840394750652,4905.9139868637385,2154.7821911637097,2458.9870797967237,1079.937349004941,2447.3076634789077,1075.070103196367,4.259518644282376,2.934411669621992,0.007581517304710262,0.0031317722387673324,advance_eq19_20,0.0,0.0,0.0,0.0,,,342.3288541718238,5.883146366943598e-16,a1_station_hull_matched_sweep_free_surface_marching_not_benchmark_validated,41,8,24,10,3.0,2,16,15.0,False,none,0.0,1.0,0.0,1.0,trapezoid,1.0,1.0,-1.0,1.0,-1.0,1.0,1.0,True,False,True,3.0,11,9,40,True,True,True,True,A1_GRID_RECOMMENDED,"A1 Section 3.3 recommends control radius about 3B, inner free-surface panels greater than 10, outer/free-surface proxy panels greater than 8, and roughly 60 stations at Fn=0.2 or 40 at Fn=0.3."
42,st41_bp8_fs24_cp10_r3p0_h2_fsm_clipfs_onezonefs_noend_pr1p0_pl1p0_pf1p0_pm1p0_dt1p0_fv0p0_hr1p0_hqtrapezoid_hp1p0_hc1p0_cim1p0_cp1p0_cnm1p0_cd1p0_pg1p0,A55,OK,diagnostic_matched_wigley_sensitivity_not_hard_gate,wigley_iii,Fn0.4,0.4,2.1696064159197173,1.0,1.808005346599764,0.063,719.5500000000001,19,20,19,1.5,1.5,0.07499999999999996,-0.8687499999999999,0.8687499999999999,0.062499999999999944,0.06250000000000003,pitch,pitch_moment,0.0,0.0,0.0,0.0,0.0,0.0,0.0,0.0,0.06107733084795067,0.03602076382895456,0.02505656701899611,0.0,0.06107733084795067,1.3258660574728245,0.5822157507430841,0.014294637640639301,0.00824361093248781,0.09321271216482027,0.04240609935019971,1.1036147127469271,4911.372024557167,2156.832637858016,2457.102243805667,1078.9654199735437,2454.269800516107,1077.867222701009,4.261726859906874,2.9358578400167326,0.007533454152116102,0.0031113684210841387,advance_eq19_20,0.0,0.0,0.0,0.0,,,342.3274209292955,2.8240537902789497e-16,a1_station_hull_matched_sweep_free_surface_marching_not_benchmark_validated,41,8,24,10,3.0,2,16,15.0,False,none,0.0,1.0,0.0,1.0,trapezoid,1.0,1.0,-1.0,1.0,-1.0,1.0,1.0,True,False,True,3.0,11,9,40,True,True,True,True,A1_GRID_RECOMMENDED,"A1 Section 3.3 recommends control radius about 3B, inner free-surface panels greater than 10, outer/free-surface proxy panels greater than 8, and roughly 60 stations at Fn=0.2 or 40 at Fn=0.3."
42,st41_bp8_fs24_cp10_r3p0_h2_fsm_clipfs_onezonefs_noend_pr1p0_pl1p0_pf1p0_pm1p0_dt1p0_fv0p0_hr1p0_hqtrapezoid_hp1p0_hc1p0_cim1p0_cp1p0_cnm1p0_cd1p0_pg1p0,A55,OK,diagnostic_matched_wigley_sensitivity_not_hard_gate,wigley_iii,Fn0.4,0.4,2.1696064159197173,1.0,1.808005346599764,0.063,719.5500000000001,20,21,18,1.575,1.425,0.07499999999999996,-0.8687343749999998,0.868734375,0.06253124999999993,0.06253125000000004,pitch,pitch_moment,-0.07499999999999996,2.042418926846226,40.941062055856406,0.15318141951346687,3.0705796541892285,6.512469335203492e-05,4.081647591370028e-05,2.430821743833464e-05,0.06110989319462668,0.03604117206691141,0.025068721127715275,0.0,0.06110989319462668,1.3269042989803908,0.5827499902879649,0.014290146488752748,0.008240992973728054,0.09296823227397258,0.04232662268682638,1.1005495582380633,4906.0911101433785,2154.8645121385744,2459.026318657327,1079.955475625891,2447.4533671556856,1075.138512403429,4.2595961378169935,2.9344603545091505,0.0074366025328569466,0.003070790159131241,advance_eq19_20,0.0,0.0,0.0,0.0,,,342.32885417182297,5.005493905123145e-16,a1_station_hull_matched_sweep_free_surface_marching_not_benchmark_validated,41,8,24,10,3.0,2,16,15.0,False,none,0.0,1.0,0.0,1.0,trapezoid,1.0,1.0,-1.0,1.0,-1.0,1.0,1.0,True,False,True,3.0,11,9,40,True,True,True,True,A1_GRID_RECOMMENDED,"A1 Section 3.3 recommends control radius about 3B, inner free-surface panels greater than 10, outer/free-surface proxy panels greater than 8, and roughly 60 stations at Fn=0.2 or 40 at Fn=0.3."
42,st41_bp8_fs24_cp10_r3p0_h2_fsm_clipfs_onezonefs_noend_pr1p0_pl1p0_pf1p0_pm1p0_dt1p0_fv0p0_hr1p0_hqtrapezoid_hp1p0_hc1p0_cim1p0_cp1p0_cnm1p0_cd1p0_pg1p0,A55,OK,diagnostic_matched_wigley_sensitivity_not_hard_gate,wigley_iii,Fn0.4,0.4,2.1696064159197173,1.0,1.808005346599764,0.063,719.5500000000001,21,22,17,1.65,1.35,0.07499999999999996,-0.8686874999999998,0.8686875,0.0626249999999999,0.06262500000000004,pitch,pitch_moment,-0.1499999999999999,8.102123122924688,80.72988379095096,0.6076592342193512,6.054741284321318,0.0002583447876169376,0.00016163622409016943,9.670856352676816e-05,0.06127162793511117,0.03614239841691334,0.025129229518197824,0.0,0.06127162793511117,1.3299340647932993,0.5843186510559183,0.014253281012379963,0.008219151083013972,0.09222713924414613,0.04206926760621376,1.0913248956205268,4890.103042274963,2148.8977569066224,2464.641097265728,1082.8625263577387,2426.939132775991,1066.9196540514185,4.252802178996054,2.9299966763838072,0.0072895437664548665,0.0030094501117427356,advance_eq19_20,0.0,0.0,0.0,0.0,,,342.3331719804855,3.430401890700044e-16,a1_station_hull_matched_sweep_free_surface_marching_not_benchmark_validated,41,8,24,10,3.0,2,16,15.0,False,none,0.0,1.0,0.0,1.0,trapezoid,1.0,1.0,-1.0,1.0,-1.0,1.0,1.0,True,False,True,3.0,11,9,40,True,True,True,True,A1_GRID_RECOMMENDED,"A1 Section 3.3 recommends control radius about 3B, inner free-surface panels greater than 10, outer/free-surface proxy panels greater than 8, and roughly 60 stations at Fn=0.2 or 40 at Fn=0.3."
42,st41_bp8_fs24_cp10_r3p0_h2_fsm_clipfs_onezonefs_noend_pr1p0_pl1p0_pf1p0_pm1p0_dt1p0_fv0p0_hr1p0_hqtrapezoid_hp1p0_hc1p0_cim1p0_cp1p0_cnm1p0_cd1p0_pg1p0,A55,OK,diagnostic_matched_wigley_sensitivity_not_hard_gate,wigley_iii,Fn0.4,0.4,2.1696064159197173,1.0,1.808005346599764,0.063,719.5500000000001,22,23,16,1.7249999999999999,1.2750000000000001,0.07499999999999996,-0.8686093749999999,0.8686093749999999,0.0627812499999999,0.06278125000000001,pitch,pitch_moment,-0.22499999999999987,17.941916750364744,118.24151647960534,1.3456437562773549,8.868113735970395,0.0005720970419714566,0.00035730139662956353,0.0002147956453418931,0.061686848849905364,0.036401867227273205,0.02528498162263216,0.0,0.061686848849905364,1.3347669504184976,0.5868504128764576,0.014180365960071696,0.008175863814802724,0.09097403229211296,0.04162482777352895,1.0760556469250162,4863.511591737855,2138.9961667081425,2473.597427391838,1087.554401238287,2392.982666341536,1053.3227894176284,4.240385119398284,2.9218082352264925,0.007090544671045328,0.0029266373559479306,advance_eq19_20,0.0,0.0,0.0,0.0,,,342.34042855322906,3.303461859663522e-16,a1_station_hull_matched_sweep_free_surface_marching_not_benchmark_validated,41,8,24,10,3.0,2,16,15.0,False,none,0.0,1.0,0.0,1.0,trapezoid,1.0,1.0,-1.0,1.0,-1.0,1.0,1.0,True,False,True,3.0,11,9,40,True,True,True,True,A1_GRID_RECOMMENDED,"A1 Section 3.3 recommends control radius about 3B, inner free-surface panels greater than 10, outer/free-surface proxy panels greater than 8, and roughly 60 stations at Fn=0.2 or 40 at Fn=0.3."
42,st41_bp8_fs24_cp10_r3p0_h2_fsm_clipfs_onezonefs_noend_pr1p0_pl1p0_pf1p0_pm1p0_dt1p0_fv0p0_hr1p0_hqtrapezoid_hp1p0_hc1p0_cim1p0_cp1p0_cnm1p0_cd1p0_pg1p0,A55,OK,diagnostic_matched_wigley_sensitivity_not_hard_gate,wigley_iii,Fn0.4,0.4,2.1696064159197173,1.0,1.808005346599764,0.063,719.5500000000001,23,24,15,1.7999999999999998,1.2000000000000002,0.07500000000000007,-0.8684999999999999,0.8684999999999998,0.06299999999999994,0.06300000000000008,pitch,pitch_moment,-0.2999999999999998,31.168295477747378,152.4105726589053,2.3376221608310552,11.430792949417908,0.0009938341535192516,0.000619348704822554,0.0003744854486966975,0.06246981444765072,0.03689019227799926,0.025579622169651452,0.0,0.06246981444765072,1.3410997552914437,0.5902319710188979,0.014065190004005327,0.00810736942696889,0.0891857878864641,0.04097864512783084,1.0549472370674395,4826.505865598383,2125.274353771398,2485.3334160878294,1093.8211233196917,2346.040801348253,1034.5460321617702,4.220789800206568,2.9088281658403337,0.006838014411481432,0.002821707795601486,advance_eq19_20,0.0,0.0,0.0,0.0,,,342.35071396278477,2.8049793755019783e-16,a1_station_hull_matched_sweep_free_surface_marching_not_benchmark_validated,41,8,24,10,3.0,2,16,15.0,False,none,0.0,1.0,0.0,1.0,trapezoid,1.0,1.0,-1.0,1.0,-1.0,1.0,1.0,True,False,True,3.0,11,9,40,True,True,True,True,A1_GRID_RECOMMENDED,"A1 Section 3.3 recommends control radius about 3B, inner free-surface panels greater than 10, outer/free-surface proxy panels greater than 8, and roughly 60 stations at Fn=0.2 or 40 at Fn=0.3."
42,st41_bp8_fs24_cp10_r3p0_h2_fsm_clipfs_onezonefs_noend_pr1p0_pl1p0_pf1p0_pm1p0_dt1p0_fv0p0_hr1p0_hqtrapezoid_hp1p0_hc1p0_cim1p0_cp1p0_cnm1p0_cd1p0_pg1p0,A55,OK,diagnostic_matched_wigley_sensitivity_not_hard_gate,wigley_iii,Fn0.4,0.4,2.1696064159197173,1.0,1.808005346599764,0.063,719.5500000000001,24,25,14,1.875,1.125,0.07500000000000007,-0.8683593749999999,0.8683593749999999,0.06328124999999996,0.06328125000000007,pitch,pitch_moment,-0.375,47.23403966408407,182.26307451083994,3.5425529748063087,13.669730588313008,0.0015061074437119795,0.0009362165883215362,0.0005698908553904435,0.06371978524626634,0.03766797492457131,0.026051810321695023,0.0,0.06371978524626634,1.3485304506123563,0.5943164912097746,0.013898945609686448,0.008008367807483768,0.08683495245718494,0.04011165176112656,1.0283173253206328,4779.384833612821,2107.9108741490018,2499.1040213787223,1101.3905785216762,2286.819963282474,1010.8909377233131,4.191928679353818,2.889624674297841,0.0065310983375624606,0.002694331378723343,advance_eq19_20,0.0,0.0,0.0,0.0,,,342.3641533741088,3.01736565861952e-16,a1_station_hull_matched_sweep_free_surface_marching_not_benchmark_validated,41,8,24,10,3.0,2,16,15.0,False,none,0.0,1.0,0.0,1.0,trapezoid,1.0,1.0,-1.0,1.0,-1.0,1.0,1.0,True,False,True,3.0,11,9,40,True,True,True,True,A1_GRID_RECOMMENDED,"A1 Section 3.3 recommends control radius about 3B, inner free-surface panels greater than 10, outer/free-surface proxy panels greater than 8, and roughly 60 stations at Fn=0.2 or 40 at Fn=0.3."
42,st41_bp8_fs24_cp10_r3p0_h2_fsm_clipfs_onezonefs_noend_pr1p0_pl1p0_pf1p0_pm1p0_dt1p0_fv0p0_hr1p0_hqtrapezoid_hp1p0_hc1p0_cim1p0_cp1p0_cnm1p0_cd1p0_pg1p0,A55,OK,diagnostic_matched_wigley_sensitivity_not_hard_gate,wigley_iii,Fn0.4,0.4,2.1696064159197173,1.0,1.808005346599764,0.063,719.5500000000001,25,26,13,1.95,1.05,0.07499999999999996,-0.8681874999999999,0.8681874999999999,0.0636249999999999,0.06362500000000004,pitch,pitch_moment,-0.44999999999999996,65.44043675125502,206.9514828925272,4.908032756344124,15.52136121693953,0.0020866377216889106,0.0012935397153956895,0.0007930980062932213,0.0655161578289668,0.03878285307642992,0.026733304752536855,0.0,0.0655161578289668,1.3565801419457209,0.5989357666908325,0.013670041017448209,0.007871975596583768,0.08389399923492082,0.03900164433740795,0.9966303988258431,4722.597028405728,2087.1704587931144,2514.0217534721533,1109.9510451580252,2216.3531002830055,982.7909250682912,4.151262025167692,2.8624563840799953,0.006170417138132929,0.0025448000917694946,advance_eq19_20,0.0,0.0,0.0,0.0,,,342.3809050598591,3.5592723479996716e-16,a1_station_hull_matched_sweep_free_surface_marching_not_benchmark_validated,41,8,24,10,3.0,2,16,15.0,False,none,0.0,1.0,0.0,1.0,trapezoid,1.0,1.0,-1.0,1.0,-1.0,1.0,1.0,True,False,True,3.0,11,9,40,True,True,True,True,A1_GRID_RECOMMENDED,"A1 Section 3.3 recommends control radius about 3B, inner free-surface panels greater than 10, outer/free-surface proxy panels greater than 8, and roughly 60 stations at Fn=0.2 or 40 at Fn=0.3."
42,st41_bp8_fs24_cp10_r3p0_h2_fsm_clipfs_onezonefs_noend_pr1p0_pl1p0_pf1p0_pm1p0_dt1p0_fv0p0_hr1p0_hqtrapezoid_hp1p0_hc1p0_cim1p0_cp1p0_cnm1p0_cd1p0_pg1p0,A55,OK,diagnostic_matched_wigley_sensitivity_not_hard_gate,wigley_iii,Fn0.4,0.4,2.1696064159197173,1.0,1.808005346599764,0.063,719.5500000000001,26,27,12,2.025,0.9750000000000001,0.07500000000000007,-0.8679843749999999,0.8679843749999999,0.06403124999999998,0.0640312500000001,pitch,pitch_moment,-0.5249999999999999,84.93701743070227,225.7957215645618,6.370276307302676,16.93467911734215,0.0027083068716721725,0.001674537047629066,0.0010337698240431065,0.06791363012564734,0.0402668914579423,0.02764673866770502,0.0,0.06791363012564734,1.3647218642263776,0.6039171474897722,0.01336364175697751,0.007689568248963734,0.0803399963881553,0.0376246115041035,0.9605497584620434,4656.802630789298,2063.4413710852127,2529.11003782146,1119.182567353906,2136.1152917386185,950.8566771977303,4.095889829292736,2.8253358713945755,0.005758992476135828,0.0023744150623916643,advance_eq19_20,0.0,0.0,0.0,0.0,,,342.4011560901492,3.184593369212246e-16,a1_station_hull_matched_sweep_free_surface_marching_not_benchmark_validated,41,8,24,10,3.0,2,16,15.0,False,none,0.0,1.0,0.0,1.0,trapezoid,1.0,1.0,-1.0,1.0,-1.0,1.0,1.0,True,False,True,3.0,11,9,40,True,True,True,True,A1_GRID_RECOMMENDED,"A1 Section 3.3 recommends control radius about 3B, inner free-surface panels greater than 10, outer/free-surface proxy panels greater than 8, and roughly 60 stations at Fn=0.2 or 40 at Fn=0.3."
42,st41_bp8_fs24_cp10_r3p0_h2_fsm_clipfs_onezonefs_noend_pr1p0_pl1p0_pf1p0_pm1p0_dt1p0_fv0p0_hr1p0_hqtrapezoid_hp1p0_hc1p0_cim1p0_cp1p0_cnm1p0_cd1p0_pg1p0,A55,OK,diagnostic_matched_wigley_sensitivity_not_hard_gate,wigley_iii,Fn0.4,0.4,2.1696064159197173,1.0,1.808005346599764,0.063,719.5500000000001,27,28,11,2.1,0.8999999999999999,0.07499999999999996,-0.8677499999999999,0.8677499999999999,0.06449999999999989,0.06450000000000003,pitch,pitch_moment,-0.6000000000000001,104.71460192931478,238.33565997624385,7.853595144698604,17.87517449821828,0.0033389361264181384,0.0020605053009650804,0.0012784308254530584,0.07093725162469251,0.042134412632239375,0.028802838992453107,0.0,0.07093725162469251,1.372419384492805,0.6091079745149096,0.012960714907199555,0.0074504025837986276,0.07615914554381459,0.03595588690720799,0.9210133545917143,4582.971515893574,2037.3011341810104,2543.3751245636527,1128.8022364439971,2048.1923953516725,915.952782801753,4.022651222454396,2.776098510185211,0.0053034641724658505,0.0021859984862989765,advance_eq19_20,0.0,0.0,0.0,0.0,,,342.4251138934241,3.258030484319893e-16,a1_station_hull_matched_sweep_free_surface_marching_not_benchmark_validated,41,8,24,10,3.0,2,16,15.0,False,none,0.0,1.0,0.0,1.0,trapezoid,1.0,1.0,-1.0,1.0,-1.0,1.0,1.0,True,False,True,3.0,11,9,40,True,True,True,True,A1_GRID_RECOMMENDED,"A1 Section 3.3 recommends control radius about 3B, inner free-surface panels greater than 10, outer/free-surface proxy panels greater than 8, and roughly 60 stations at Fn=0.2 or 40 at Fn=0.3."
42,st41_bp8_fs24_cp10_r3p0_h2_fsm_clipfs_onezonefs_noend_pr1p0_pl1p0_pf1p0_pm1p0_dt1p0_fv0p0_hr1p0_hqtrapezoid_hp1p0_hc1p0_cim1p0_cp1p0_cnm1p0_cd1p0_pg1p0,A55,OK,diagnostic_matched_wigley_sensitivity_not_hard_gate,wigley_iii,Fn0.4,0.4,2.1696064159197173,1.0,1.808005346599764,0.063,719.5500000000001,28,29,10,2.175,0.8250000000000002,0.07499999999999996,-0.8674843749999999,0.8674843749999999,0.06503124999999987,0.0650312500000001,pitch,pitch_moment,-0.6749999999999998,123.58286763901658,244.4063136779538,9.268715072926238,18.330473525846525,0.003940570787298639,0.002431440646334026,0.001509130140964613,0.07457700508155088,0.044380385605888924,0.030196619475661934,0.0,0.07457700508155088,1.3791841689985027,0.6144137506384006,0.012436196051906705,0.007140835820577445,0.07135060968575206,0.03397081911506335,0.8793448112500316,4502.547005778231,2009.6438785630487,2555.911660282421,1138.6349298331086,1955.5279479011258,879.3482798747425,3.928230480385727,2.7124760140186357,0.004815861080577945,0.0019846506711221155,advance_eq19_20,0.0,0.0,0.0,0.0,,,342.45299094219155,3.1626424877432385e-16,a1_station_hull_matched_sweep_free_surface_marching_not_benchmark_validated,41,8,24,10,3.0,2,16,15.0,False,none,0.0,1.0,0.0,1.0,trapezoid,1.0,1.0,-1.0,1.0,-1.0,1.0,1.0,True,False,True,3.0,11,9,40,True,True,True,True,A1_GRID_RECOMMENDED,"A1 Section 3.3 recommends control radius about 3B, inner free-surface panels greater than 10, outer/free-surface proxy panels greater than 8, and roughly 60 stations at Fn=0.2 or 40 at Fn=0.3."
42,st41_bp8_fs24_cp10_r3p0_h2_fsm_clipfs_onezonefs_noend_pr1p0_pl1p0_pf1p0_pm1p0_dt1p0_fv0p0_hr1p0_hqtrapezoid_hp1p0_hc1p0_cim1p0_cp1p0_cnm1p0_cd1p0_pg1p0,A55,OK,diagnostic_matched_wigley_sensitivity_not_hard_gate,wigley_iii,Fn0.4,0.4,2.1696064159197173,1.0,1.808005346599764,0.063,719.5500000000001,29,30,9,2.25,0.75,0.07499999999999996,-0.8671874999999999,0.8671874999999999,0.06562499999999982,0.0656250000000001,pitch,pitch_moment,-0.75,140.1126863475362,244.26063833900122,10.508451476065208,18.31954787542508,0.0044676415857559035,0.002766834410354226,0.0017008071754016784,0.07878111126807817,0.04697952313423306,0.031801588133845086,0.0,0.07878111126807817,1.3846696041591386,0.6198639728510874,0.011755577757423804,0.006742786192284356,0.06592910791853564,0.03164444010625279,0.8374358571740835,4417.7568062338,1981.9669951154785,2566.077298783749,1148.7353115063204,1862.3288638622726,843.0964199876677,3.80927546272231,2.6321787755472794,0.00431646632172196,0.0017789686758525676,advance_eq19_20,0.0,0.0,0.0,0.0,,,342.4849787194831,4.107253672487727e-16,a1_station_hull_matched_sweep_free_surface_marching_not_benchmark_validated,41,8,24,10,3.0,2,16,15.0,False,none,0.0,1.0,0.0,1.0,trapezoid,1.0,1.0,-1.0,1.0,-1.0,1.0,1.0,True,False,True,3.0,11,9,40,True,True,True,True,A1_GRID_RECOMMENDED,"A1 Section 3.3 recommends control radius about 3B, inner free-surface panels greater than 10, outer/free-surface proxy panels greater than 8, and roughly 60 stations at Fn=0.2 or 40 at Fn=0.3."
42,st41_bp8_fs24_cp10_r3p0_h2_fsm_clipfs_onezonefs_noend_pr1p0_pl1p0_pf1p0_pm1p0_dt1p0_fv0p0_hr1p0_hqtrapezoid_hp1p0_hc1p0_cim1p0_cp1p0_cnm1p0_cd1p0_pg1p0,A55,OK,diagnostic_matched_wigley_sensitivity_not_hard_gate,wigley_iii,Fn0.4,0.4,2.1696064159197173,1.0,1.808005346599764,0.063,719.5500000000001,30,31,8,2.3249999999999997,0.6750000000000003,0.07499999999999996,-0.866859375,0.866859375,0.06628124999999996,0.06628125000000007,pitch,pitch_moment,-0.8249999999999997,152.49338483963322,238.80121496977534,11.437003862972485,17.91009112273314,0.004862413286205645,0.00304673966026277,0.001815673625942874,0.08344613870405891,0.04988631016954154,0.033559828534517354,0.0,0.08344613870405891,1.3888474787670964,0.6257377885720475,0.010868520058941225,0.006230657135396639,0.059927536495432476,0.028949180782018517,0.7981883438938397,4332.363648206249,1957.160178878885,2573.819758903075,1159.620698990469,1775.0484158250185,811.29599447541,3.6625489900113144,2.533001564252371,0.003839924501214601,0.0015838299625685031,advance_eq19_20,0.0,0.0,0.0,0.0,,,342.52120658418943,4.577724010508908e-16,a1_station_hull_matched_sweep_free_surface_marching_not_benchmark_validated,41,8,24,10,3.0,2,16,15.0,False,none,0.0,1.0,0.0,1.0,trapezoid,1.0,1.0,-1.0,1.0,-1.0,1.0,1.0,True,False,True,3.0,11,9,40,True,True,True,True,A1_GRID_RECOMMENDED,"A1 Section 3.3 recommends control radius about 3B, inner free-surface panels greater than 10, outer/free-surface proxy panels greater than 8, and roughly 60 stations at Fn=0.2 or 40 at Fn=0.3."
42,st41_bp8_fs24_cp10_r3p0_h2_fsm_clipfs_onezonefs_noend_pr1p0_pl1p0_pf1p0_pm1p0_dt1p0_fv0p0_hr1p0_hqtrapezoid_hp1p0_hc1p0_cim1p0_cp1p0_cnm1p0_cd1p0_pg1p0,A55,OK,diagnostic_matched_wigley_sensitivity_not_hard_gate,wigley_iii,Fn0.4,0.4,2.1696064159197173,1.0,1.808005346599764,0.063,719.5500000000001,31,32,7,2.4,0.6000000000000001,0.07500000000000018,-0.8664999999999999,0.8664999999999998,0.06699999999999995,0.06700000000000006,pitch,pitch_moment,-0.8999999999999999,158.16573408322583,230.08839618123028,11.862430056241966,17.25662971359231,0.005043282157042572,0.0032533359663477375,0.0017899461906948338,0.08839898642568304,0.053036347982846795,0.035362638442836214,0.0,0.08839898642568304,1.3923815419994796,0.6328301799276578,0.009696566816068421,0.005565067905559588,0.05340418363499187,0.025848057012661626,0.7673022846493766,4254.130160665616,1942.2101732825045,2580.3691042529304,1172.7643575188683,1706.362558718273,795.2181973067941,3.485174684718975,2.412996475128115,0.003443968657435725,0.0014238532125849922,advance_eq19_20,0.0,0.0,0.0,0.0,,,342.56168396636383,5.039220604521744e-16,a1_station_hull_matched_sweep_free_surface_marching_not_benchmark_validated,41,8,24,10,3.0,2,16,15.0,False,none,0.0,1.0,0.0,1.0,trapezoid,1.0,1.0,-1.0,1.0,-1.0,1.0,1.0,True,False,True,3.0,11,9,40,True,True,True,True,A1_GRID_RECOMMENDED,"A1 Section 3.3 recommends control radius about 3B, inner free-surface panels greater than 10, outer/free-surface proxy panels greater than 8, and roughly 60 stations at Fn=0.2 or 40 at Fn=0.3."
42,st41_bp8_fs24_cp10_r3p0_h2_fsm_clipfs_onezonefs_noend_pr1p0_pl1p0_pf1p0_pm1p0_dt1p0_fv0p0_hr1p0_hqtrapezoid_hp1p0_hc1p0_cim1p0_cp1p0_cnm1p0_cd1p0_pg1p0,A55,OK,diagnostic_matched_wigley_sensitivity_not_hard_gate,wigley_iii,Fn0.4,0.4,2.1696064159197173,1.0,1.808005346599764,0.063,719.5500000000001,32,33,6,2.475,0.5249999999999999,0.07499999999999996,-0.866109375,0.866109375,0.06778124999999988,0.06778125000000013,pitch,pitch_moment,-0.9750000000000001,152.76714825246316,222.67023088312894,11.45753611893473,16.70026731623466,0.004871142522934314,0.0033735807584580582,0.001497561764476255,0.09335619876567149,0.0563498063452497,0.03700639242042176,0.0,0.09335619876567149,1.3975203539524312,0.6430829363111163,0.008108343406237036,0.004678056157388372,0.04651217005469861,0.02227891245254778,0.7631352674489061,4205.980059971322,1959.8896113835938,2589.89237872619,1191.7648218365132,1697.0957517835495,836.6792631137987,3.2751475095123905,2.2708368098938956,0.003249672290387537,0.00135699380250921,advance_eq19_20,0.0,0.0,0.0,0.0,,,342.6062403202417,5.16025953291543e-16,a1_station_hull_matched_sweep_free_surface_marching_not_benchmark_validated,41,8,24,10,3.0,2,16,15.0,False,none,0.0,1.0,0.0,1.0,trapezoid,1.0,1.0,-1.0,1.0,-1.0,1.0,1.0,True,False,True,3.0,11,9,40,True,True,True,True,A1_GRID_RECOMMENDED,"A1 Section 3.3 recommends control radius about 3B, inner free-surface panels greater than 10, outer/free-surface proxy panels greater than 8, and roughly 60 stations at Fn=0.2 or 40 at Fn=0.3."
42,st41_bp8_fs24_cp10_r3p0_h2_fsm_clipfs_onezonefs_noend_pr1p0_pl1p0_pf1p0_pm1p0_dt1p0_fv0p0_hr1p0_hqtrapezoid_hp1p0_hc1p0_cim1p0_cp1p0_cnm1p0_cd1p0_pg1p0,A55,OK,diagnostic_matched_wigley_sensitivity_not_hard_gate,wigley_iii,Fn0.4,0.4,2.1696064159197173,1.0,1.808005346599764,0.063,719.5500000000001,33,34,5,2.55,0.4500000000000002,0.07499999999999996,-0.8656874999999999,0.8656874999999999,0.06862499999999994,0.06862500000000005,pitch,pitch_moment,-1.0499999999999998,126.52335391342969,227.8920404068292,9.48925154350722,17.09190303051218,0.004034331310377379,0.003404777948092739,0.0006295533622846406,0.0978089356823273,0.059738985698525086,0.0380699499838022,0.0,0.0978089356823273,1.4105792954590668,0.6613151120524263,0.005837577061732274,0.003414581325100573,0.03968001903621211,0.018062990840372755,0.8767111238029928,4294.245474467467,2112.4914175551953,2614.093280692744,1225.5527898374592,1949.6710310889375,1110.9988222103818,3.032671927193613,2.1067822651830403,0.0036180216973102828,0.0014954695963187007,advance_eq19_20,0.0,0.0,0.0,0.0,,,342.6545414156471,3.6559693146156858e-16,a1_station_hull_matched_sweep_free_surface_marching_not_benchmark_validated,41,8,24,10,3.0,2,16,15.0,False,none,0.0,1.0,0.0,1.0,trapezoid,1.0,1.0,-1.0,1.0,-1.0,1.0,1.0,True,False,True,3.0,11,9,40,True,True,True,True,A1_GRID_RECOMMENDED,"A1 Section 3.3 recommends control radius about 3B, inner free-surface panels greater than 10, outer/free-surface proxy panels greater than 8, and roughly 60 stations at Fn=0.2 or 40 at Fn=0.3."
42,st41_bp8_fs24_cp10_r3p0_h2_fsm_clipfs_onezonefs_noend_pr1p0_pl1p0_pf1p0_pm1p0_dt1p0_fv0p0_hr1p0_hqtrapezoid_hp1p0_hc1p0_cim1p0_cp1p0_cnm1p0_cd1p0_pg1p0,A55,OK,diagnostic_matched_wigley_sensitivity_not_hard_gate,wigley_iii,Fn0.4,0.4,2.1696064159197173,1.0,1.808005346599764,0.063,719.5500000000001,34,35,4,2.625,0.375,0.07499999999999996,-0.8652343749999999,0.8652343749999999,0.06953124999999993,0.06953125000000009,pitch,pitch_moment,-1.125,41.53057391990566,289.7444956977097,3.114793043992923,21.730837177328212,0.0013242463902566005,0.003369987263232116,-0.0020457408729755147,0.1004882245326443,0.06312636830418752,0.03736185622845676,0.0,0.1004882245326443,1.4503551355394675,0.7010220641666537,0.0023704016802680236,0.0012309580980622568,0.03552536987746839,0.01250787726200516,1.6543586077664414,5359.2011012552075,3068.759775723063,2687.806085511877,1299.1379311001556,3679.039725883134,2416.4435118064707,2.764281101354116,1.9257023419556234,0.0070380345112489116,0.0028445034818963427,advance_eq19_20,0.0,0.0,0.0,0.0,,,342.70650863905854,3.8859319010166227e-16,a1_station_hull_matched_sweep_free_surface_marching_not_benchmark_validated,41,8,24,10,3.0,2,16,15.0,False,none,0.0,1.0,0.0,1.0,trapezoid,1.0,1.0,-1.0,1.0,-1.0,1.0,1.0,True,False,True,3.0,11,9,40,True,True,True,True,A1_GRID_RECOMMENDED,"A1 Section 3.3 recommends control radius about 3B, inner free-surface panels greater than 10, outer/free-surface proxy panels greater than 8, and roughly 60 stations at Fn=0.2 or 40 at Fn=0.3."
42,st41_bp8_fs24_cp10_r3p0_h2_fsm_clipfs_onezonefs_noend_pr1p0_pl1p0_pf1p0_pm1p0_dt1p0_fv0p0_hr1p0_hqtrapezoid_hp1p0_hc1p0_cim1p0_cp1p0_cnm1p0_cd1p0_pg1p0,A55,OK,diagnostic_matched_wigley_sensitivity_not_hard_gate,wigley_iii,Fn0.4,0.4,2.1696064159197173,1.0,1.808005346599764,0.063,719.5500000000001,35,36,3,2.6999999999999997,0.30000000000000027,0.07499999999999996,-0.8647499999999999,0.8647499999999999,0.0704999999999999,0.07050000000000001,pitch,pitch_moment,-1.1999999999999997,-428.9782296432989,775.6690013049815,-32.173367223247396,58.17517509787358,-0.013678425759282065,0.0034036753344934417,-0.017082101093775507,0.0943111348481316,0.06651319960305029,0.027797935245081277,0.0,0.0943111348481316,1.5977636831992656,0.8167812819914433,0.006833926314811907,0.0037523510815598987,0.049364359836289944,0.025407889462370353,8.035388832261543,18411.828347013903,11935.316508134574,2960.984413872884,1513.6635479642175,17869.471944006393,11709.802491730745,2.5162340918801442,1.7605393078911813,0.00024648720631139563,8.52493558491941e-05,advance_eq19_20,0.0,0.0,0.0,0.0,,,342.76452809793597,5.694016041645898e-16,a1_station_hull_matched_sweep_free_surface_marching_not_benchmark_validated,41,8,24,10,3.0,2,16,15.0,False,none,0.0,1.0,0.0,1.0,trapezoid,1.0,1.0,-1.0,1.0,-1.0,1.0,1.0,True,False,True,3.0,11,9,40,True,True,True,True,A1_GRID_RECOMMENDED,"A1 Section 3.3 recommends control radius about 3B, inner free-surface panels greater than 10, outer/free-surface proxy panels greater than 8, and roughly 60 stations at Fn=0.2 or 40 at Fn=0.3."
42,st41_bp8_fs24_cp10_r3p0_h2_fsm_clipfs_onezonefs_noend_pr1p0_pl1p0_pf1p0_pm1p0_dt1p0_fv0p0_hr1p0_hqtrapezoid_hp1p0_hc1p0_cim1p0_cp1p0_cnm1p0_cd1p0_pg1p0,A55,OK,diagnostic_matched_wigley_sensitivity_not_hard_gate,wigley_iii,Fn0.4,0.4,2.1696064159197173,1.0,1.808005346599764,0.063,719.5500000000001,36,37,2,2.775,0.2250000000000001,0.07500000000000018,-0.8642343749999999,0.8642343749999999,0.07153124999999994,0.07153125000000005,pitch,pitch_moment,-1.275,1182.3667509916106,-940.0417507062429,88.67750632437101,-70.50313130296838,0.03770101768831098,0.004663250388797894,0.03303776729951309,0.10632243081264603,0.07054666246469596,0.035775768347950036,0.0,0.10632243081264603,2.5838253952048906,1.4882617590020004,0.036125437911915984,0.018437277437268737,0.16742104719155868,0.09897096567298352,16.53209886919567,37119.945368036584,23536.783674012422,4788.359382440958,2758.054847850976,36764.85146960668,23369.132000656733,2.683542236971017,1.8928250597478355,0.005533324560229937,0.0022537605616602327,advance_eq19_20,0.0,0.0,0.0,0.0,,,342.84460969129094,9.963805528185568e-16,a1_station_hull_matched_sweep_free_surface_marching_not_benchmark_validated,41,8,24,10,3.0,2,16,15.0,False,none,0.0,1.0,0.0,1.0,trapezoid,1.0,1.0,-1.0,1.0,-1.0,1.0,1.0,True,False,True,3.0,11,9,40,True,True,True,True,A1_GRID_RECOMMENDED,"A1 Section 3.3 recommends control radius about 3B, inner free-surface panels greater than 10, outer/free-surface proxy panels greater than 8, and roughly 60 stations at Fn=0.2 or 40 at Fn=0.3."
42,st41_bp8_fs24_cp10_r3p0_h2_fsm_clipfs_onezonefs_noend_pr1p0_pl1p0_pf1p0_pm1p0_dt1p0_fv0p0_hr1p0_hqtrapezoid_hp1p0_hc1p0_cim1p0_cp1p0_cnm1p0_cd1p0_pg1p0,A55,OK,diagnostic_matched_wigley_sensitivity_not_hard_gate,wigley_iii,Fn0.4,0.4,2.1696064159197173,1.0,1.808005346599764,0.063,719.5500000000001,37,38,1,2.85,0.1499999999999999,0.07499999999999996,-0.8636874999999999,0.8636874999999999,0.07262499999999994,0.07262500000000005,pitch,pitch_moment,-1.35,556.7793881239992,-632.4574053643511,41.75845410929991,-47.4343054023263,0.017753501223326206,-0.0011025542934389183,0.01885605551676513,0.13404969026846467,0.07232701051237546,0.06172267975608917,0.0,0.13404969026846467,1.0783754756606416,0.7601620874344847,0.04752638664371947,0.023000920314455393,0.19496151168292938,0.1166441599328002,15.02083546569613,33414.9002536549,23440.748047174668,1998.4513412774165,1408.7365463230851,33404.03352381997,23433.90559099468,0.5166758168327951,0.25054027748367436,0.000654394407340157,0.0002628881653068424,advance_eq19_20,0.0,0.0,0.0,0.0,,,343.0542195004204,9.64975268016414e-16,a1_station_hull_matched_sweep_free_surface_marching_not_benchmark_validated,41,8,24,10,3.0,2,16,15.0,False,none,0.0,1.0,0.0,1.0,trapezoid,1.0,1.0,-1.0,1.0,-1.0,1.0,1.0,True,False,True,3.0,11,9,40,True,True,True,True,A1_GRID_RECOMMENDED,"A1 Section 3.3 recommends control radius about 3B, inner free-surface panels greater than 10, outer/free-surface proxy panels greater than 8, and roughly 60 stations at Fn=0.2 or 40 at Fn=0.3."
42,st41_bp8_fs24_cp10_r3p0_h2_fsm_clipfs_onezonefs_noend_pr1p0_pl1p0_pf1p0_pm1p0_dt1p0_fv0p0_hr1p0_hqtrapezoid_hp1p0_hc1p0_cim1p0_cp1p0_cnm1p0_cd1p0_pg1p0,A55,OK,diagnostic_matched_wigley_sensitivity_not_hard_gate,wigley_iii,Fn0.4,0.4,2.1696064159197173,1.0,1.808005346599764,0.063,719.5500000000001,38,39,0,2.925,0.07500000000000018,0.03749999999999987,-0.8631093749999998,0.8631093749999998,0.07378124999999991,0.07378125000000002,pitch,pitch_moment,-1.4249999999999998,-1304.7734013027127,1495.313068648265,-48.92900254885156,56.07424007430974,-0.0208020417693985,0.00027044120407919707,-0.021072482973477698,0.12212439911072925,0.0720461745697352,0.05007822454099401,0.0,0.12212439911072925,1.26157244707874,0.735583041222461,0.010454394107139943,0.00474513533088891,0.038729992408305366,0.02172962236910855,53.07449035512457,118035.98841084717,63033.40125784436,2337.952972677342,1363.1865231832821,118029.52366605109,63026.58010697827,0.7014564042865528,0.4948947131443826,0.0,0.0,initialize_eq21_22,0.0,0.0,0.0,0.0,,,418.23117884841605,9.654287929229632e-16,a1_station_hull_matched_sweep_free_surface_marching_not_benchmark_validated,41,8,24,10,3.0,2,16,15.0,False,none,0.0,1.0,0.0,1.0,trapezoid,1.0,1.0,-1.0,1.0,-1.0,1.0,1.0,True,False,True,3.0,11,9,40,True,True,True,True,A1_GRID_RECOMMENDED,"A1 Section 3.3 recommends control radius about 3B, inner free-surface panels greater than 10, outer/free-surface proxy panels greater than 8, and roughly 60 stations at Fn=0.2 or 40 at Fn=0.3."
42,st41_bp8_fs24_cp10_r3p0_h2_fsm_clipfs_onezonefs_noend_pr1p0_pl1p0_pf1p0_pm1p0_dt1p0_fv0p0_hr1p0_hqtrapezoid_hp1p0_hc1p0_cim1p0_cp1p0_cn1p0_cd1p0_pg1p0,A55,OK,diagnostic_matched_wigley_sensitivity_not_hard_gate,wigley_iii,Fn0.4,0.4,2.1696064159197173,1.0,1.808005346599764,0.063,719.5500000000001,0,1,38,0.075,2.925,0.0375,-0.8631093749999998,0.8631093749999998,0.07378124999999991,0.07378125000000002,pitch,pitch_moment,1.425,-1302.1734233529946,-1492.5588048858872,-48.8315033757373,-55.97095518322077,-0.020760590242370546,0.00027011270608355277,-0.0210307029484541,0.0,0.0,0.0,0.0,0.0,1.259935502483915,0.7346149426677346,0.0014196144720097113,0.000759698593158791,0.007966852985073731,0.003596886132379484,52.97240110093027,117809.09346234982,62980.97203218595,2334.919377983323,1361.392437636227,117802.49282763229,62974.17253216825,0.7007873943965551,0.49425924035934515,0.00018819745839839823,8.24936474866691e-05,advance_eq19_20,0.0,0.0,0.0,0.0,,,113.95001957184003,1.1475340620095287e-15,a1_station_hull_matched_sweep_free_surface_marching_not_benchmark_validated,41,8,24,10,3.0,2,16,15.0,False,none,0.0,1.0,0.0,1.0,trapezoid,1.0,1.0,-1.0,1.0,1.0,1.0,1.0,True,False,True,3.0,11,9,40,True,True,True,True,A1_GRID_RECOMMENDED,"A1 Section 3.3 recommends control radius about 3B, inner free-surface panels greater than 10, outer/free-surface proxy panels greater than 8, and roughly 60 stations at Fn=0.2 or 40 at Fn=0.3."
42,st41_bp8_fs24_cp10_r3p0_h2_fsm_clipfs_onezonefs_noend_pr1p0_pl1p0_pf1p0_pm1p0_dt1p0_fv0p0_hr1p0_hqtrapezoid_hp1p0_hc1p0_cim1p0_cp1p0_cn1p0_cd1p0_pg1p0,A55,OK,diagnostic_matched_wigley_sensitivity_not_hard_gate,wigley_iii,Fn0.4,0.4,2.1696064159197173,1.0,1.808005346599764,0.063,719.5500000000001,1,2,37,0.15,2.85,0.07499999999999998,-0.8636874999999999,0.8636874999999999,0.07262499999999991,0.07262500000000005,pitch,pitch_moment,1.35,550.5066096646366,625.9407853591147,41.28799572484773,46.94555890193359,0.017553487030223316,-0.0011052996348464895,0.0186587866650698,-0.011983846727258886,-0.000282537111339692,-0.011701309615919192,0.0,-0.011983846727258886,1.0812475535461612,0.7621811740539821,0.008725757780369364,0.004566341129922319,0.06760706053519124,0.02691783377594483,14.89865507719039,33143.82581871138,23259.464189761584,2003.7738917546083,1412.4783287114674,33132.32308514832,23252.189647912666,0.5295614598805469,0.25209507695084377,0.004249856235297077,0.0017883132893804189,advance_eq19_20,0.0,0.0,0.0,0.0,,,94.99248929002052,6.000161688054049e-16,a1_station_hull_matched_sweep_free_surface_marching_not_benchmark_validated,41,8,24,10,3.0,2,16,15.0,False,none,0.0,1.0,0.0,1.0,trapezoid,1.0,1.0,-1.0,1.0,1.0,1.0,1.0,True,False,True,3.0,11,9,40,True,True,True,True,A1_GRID_RECOMMENDED,"A1 Section 3.3 recommends control radius about 3B, inner free-surface panels greater than 10, outer/free-surface proxy panels greater than 8, and roughly 60 stations at Fn=0.2 or 40 at Fn=0.3."
42,st41_bp8_fs24_cp10_r3p0_h2_fsm_clipfs_onezonefs_noend_pr1p0_pl1p0_pf1p0_pm1p0_dt1p0_fv0p0_hr1p0_hqtrapezoid_hp1p0_hc1p0_cim1p0_cp1p0_cn1p0_cd1p0_pg1p0,A55,OK,diagnostic_matched_wigley_sensitivity_not_hard_gate,wigley_iii,Fn0.4,0.4,2.1696064159197173,1.0,1.808005346599764,0.063,719.5500000000001,2,3,36,0.22499999999999998,2.775,0.075,-0.8642343749999999,0.8642343749999999,0.07153124999999994,0.07153125000000006,pitch,pitch_moment,1.275,1178.874975258881,938.933609044894,88.41562314441607,70.42002067836704,0.0375896787162425,0.0046256255801788975,0.0329640531360636,0.015587736145974012,0.0014776258613265114,0.014110110284647504,0.0,0.015587736145974012,2.563016579831264,1.4761663204894908,0.00902331947136452,0.0045725782343046485,0.07235297541060938,0.027620346191896815,16.502984472277916,37049.86842346777,23508.519627158144,4749.7963717527355,2735.6395149133873,36700.10551769957,23343.71993220256,2.6594405098650205,1.8768151202082792,0.0024482994010385298,0.0010440303947381459,advance_eq19_20,0.0,0.0,0.0,0.0,,,96.31469922371299,8.849452973255109e-16,a1_station_hull_matched_sweep_free_surface_marching_not_benchmark_validated,41,8,24,10,3.0,2,16,15.0,False,none,0.0,1.0,0.0,1.0,trapezoid,1.0,1.0,-1.0,1.0,1.0,1.0,1.0,True,False,True,3.0,11,9,40,True,True,True,True,A1_GRID_RECOMMENDED,"A1 Section 3.3 recommends control radius about 3B, inner free-surface panels greater than 10, outer/free-surface proxy panels greater than 8, and roughly 60 stations at Fn=0.2 or 40 at Fn=0.3."
42,st41_bp8_fs24_cp10_r3p0_h2_fsm_clipfs_onezonefs_noend_pr1p0_pl1p0_pf1p0_pm1p0_dt1p0_fv0p0_hr1p0_hqtrapezoid_hp1p0_hc1p0_cim1p0_cp1p0_cn1p0_cd1p0_pg1p0,A55,OK,diagnostic_matched_wigley_sensitivity_not_hard_gate,wigley_iii,Fn0.4,0.4,2.1696064159197173,1.0,1.808005346599764,0.063,719.5500000000001,3,4,35,0.3,2.7,0.07500000000000001,-0.8647499999999999,0.8647499999999999,0.0704999999999999,0.07050000000000001,pitch,pitch_moment,1.2,-421.5911586729286,-766.3188885679948,-31.61933690046965,-57.47391664259962,-0.013442881167821627,0.0033885033757082243,-0.016831384543529854,0.02766113492018445,0.0054846903392700725,0.02217644458091438,0.0,0.02766113492018445,1.5906741246680107,0.8130483111301597,0.003576339086238249,0.0016128331327403885,0.03172118823867347,0.011205721155883858,7.931076790581232,18181.068954955386,11793.606634437365,2947.8460051501047,1506.745585906418,17637.497967246924,11567.845986339014,2.503446604809237,1.7524369220527793,0.002361382375505523,0.0010148019701331297,advance_eq19_20,0.0,0.0,0.0,0.0,,,97.66111149943426,5.381292693650554e-16,a1_station_hull_matched_sweep_free_surface_marching_not_benchmark_validated,41,8,24,10,3.0,2,16,15.0,False,none,0.0,1.0,0.0,1.0,trapezoid,1.0,1.0,-1.0,1.0,1.0,1.0,1.0,True,False,True,3.0,11,9,40,True,True,True,True,A1_GRID_RECOMMENDED,"A1 Section 3.3 recommends control radius about 3B, inner free-surface panels greater than 10, outer/free-surface proxy panels greater than 8, and roughly 60 stations at Fn=0.2 or 40 at Fn=0.3."
42,st41_bp8_fs24_cp10_r3p0_h2_fsm_clipfs_onezonefs_noend_pr1p0_pl1p0_pf1p0_pm1p0_dt1p0_fv0p0_hr1p0_hqtrapezoid_hp1p0_hc1p0_cim1p0_cp1p0_cn1p0_cd1p0_pg1p0,A55,OK,diagnostic_matched_wigley_sensitivity_not_hard_gate,wigley_iii,Fn0.4,0.4,2.1696064159197173,1.0,1.808005346599764,0.063,719.5500000000001,4,5,34,0.375,2.625,0.07499999999999998,-0.8652343749999999,0.8652343749999999,0.06953124999999993,0.06953125000000009,pitch,pitch_moment,1.125,41.42658956252866,-288.50452963829036,3.1069942171896487,-21.63783972287177,0.0013209307387521164,0.0033585304588812067,-0.0020375997201290902,0.021600159705649692,0.008858207256564788,0.012741952449084904,0.0,0.021600159705649692,1.445340133931352,0.6984949596198728,0.0029828482962862587,0.0011266771564786555,0.02763574693968374,0.009145894589165569,1.646901825684027,5336.677233269879,3055.520185410234,2678.512257048181,1294.4546871048592,3662.45698657881,2405.7273279951305,2.753536857246841,1.9188553719521344,0.0025880884609323844,0.0011161627534674512,advance_eq19_20,0.0,0.0,0.0,0.0,,,98.98004886155589,3.963738526789735e-16,a1_station_hull_matched_sweep_free_surface_marching_not_benchmark_validated,41,8,24,10,3.0,2,16,15.0,False,none,0.0,1.0,0.0,1.0,trapezoid,1.0,1.0,-1.0,1.0,1.0,1.0,1.0,True,False,True,3.0,11,9,40,True,True,True,True,A1_GRID_RECOMMENDED,"A1 Section 3.3 recommends control radius about 3B, inner free-surface panels greater than 10, outer/free-surface proxy panels greater than 8, and roughly 60 stations at Fn=0.2 or 40 at Fn=0.3."
42,st41_bp8_fs24_cp10_r3p0_h2_fsm_clipfs_onezonefs_noend_pr1p0_pl1p0_pf1p0_pm1p0_dt1p0_fv0p0_hr1p0_hqtrapezoid_hp1p0_hc1p0_cim1p0_cp1p0_cn1p0_cd1p0_pg1p0,A55,OK,diagnostic_matched_wigley_sensitivity_not_hard_gate,wigley_iii,Fn0.4,0.4,2.1696064159197173,1.0,1.808005346599764,0.063,719.5500000000001,5,6,33,0.44999999999999996,2.55,0.07500000000000001,-0.8656874999999999,0.8656874999999999,0.06862499999999994,0.06862500000000005,pitch,pitch_moment,1.05,124.49252885117535,-228.25289200931684,9.336939663838153,-17.118966900698766,0.003969576299692496,0.003389853224426372,0.0005797230752661241,0.024245413224871996,0.012232399098218577,0.012013014126653421,0.0,0.024245413224871996,1.404367036126413,0.6582572430526334,0.003140524485579197,0.0010761756805371075,0.029328944009929612,0.009732354729919629,0.8795887535160047,4282.738242156884,2109.919101630833,2602.5806876526435,1219.8859302491112,1956.0704380741292,1118.9428678794468,3.0179070818828237,2.0972856575260206,0.0029245999672738877,0.0012630018962511928,advance_eq19_20,0.0,0.0,0.0,0.0,,,100.2548122089833,3.986468203241859e-16,a1_station_hull_matched_sweep_free_surface_marching_not_benchmark_validated,41,8,24,10,3.0,2,16,15.0,False,none,0.0,1.0,0.0,1.0,trapezoid,1.0,1.0,-1.0,1.0,1.0,1.0,1.0,True,False,True,3.0,11,9,40,True,True,True,True,A1_GRID_RECOMMENDED,"A1 Section 3.3 recommends control radius about 3B, inner free-surface panels greater than 10, outer/free-surface proxy panels greater than 8, and roughly 60 stations at Fn=0.2 or 40 at Fn=0.3."
42,st41_bp8_fs24_cp10_r3p0_h2_fsm_clipfs_onezonefs_noend_pr1p0_pl1p0_pf1p0_pm1p0_dt1p0_fv0p0_hr1p0_hqtrapezoid_hp1p0_hc1p0_cim1p0_cp1p0_cn1p0_cd1p0_pg1p0,A55,OK,diagnostic_matched_wigley_sensitivity_not_hard_gate,wigley_iii,Fn0.4,0.4,2.1696064159197173,1.0,1.808005346599764,0.063,719.5500000000001,6,7,32,0.525,2.475,0.07500000000000001,-0.866109375,0.866109375,0.0677812499999999,0.06778125000000006,pitch,pitch_moment,0.975,150.86344607961982,-222.48471573503352,11.314758455971488,-16.686353680127517,0.004810440960384922,0.0033568615452357247,0.0014535794151491984,0.02863542185491071,0.015605756483049626,0.013029665371861083,0.0,0.02863542185491071,1.3905705241188495,0.6397128198337132,0.0035224913767255587,0.0012128122354931059,0.03297369606591551,0.011073747890534598,0.7612566321750228,4186.785145445515,1952.0858304926953,2577.0129159916887,1185.5193035114592,1692.9179551615748,838.0443298260246,3.2572247318894227,2.259288980465262,0.0032990650688773738,0.0014252513173456565,advance_eq19_20,0.0,0.0,0.0,0.0,,,101.47605820213124,4.356824078720161e-16,a1_station_hull_matched_sweep_free_surface_marching_not_benchmark_validated,41,8,24,10,3.0,2,16,15.0,False,none,0.0,1.0,0.0,1.0,trapezoid,1.0,1.0,-1.0,1.0,1.0,1.0,1.0,True,False,True,3.0,11,9,40,True,True,True,True,A1_GRID_RECOMMENDED,"A1 Section 3.3 recommends control radius about 3B, inner free-surface panels greater than 10, outer/free-surface proxy panels greater than 8, and roughly 60 stations at Fn=0.2 or 40 at Fn=0.3."
42,st41_bp8_fs24_cp10_r3p0_h2_fsm_clipfs_onezonefs_noend_pr1p0_pl1p0_pf1p0_pm1p0_dt1p0_fv0p0_hr1p0_hqtrapezoid_hp1p0_hc1p0_cim1p0_cp1p0_cn1p0_cd1p0_pg1p0,A55,OK,diagnostic_matched_wigley_sensitivity_not_hard_gate,wigley_iii,Fn0.4,0.4,2.1696064159197173,1.0,1.808005346599764,0.063,719.5500000000001,7,8,31,0.6,2.4,0.07499999999999996,-0.8664999999999999,0.8664999999999998,0.06699999999999995,0.06700000000000006,pitch,pitch_moment,0.9,156.19031686103892,-229.63266105130901,11.714273764577912,-17.222449578848167,0.004980293884095096,0.0032355536164218462,0.0017447402676732497,0.03353078927715072,0.01890196406387841,0.014628825213272306,0.0,0.03353078927715072,1.3847394694128559,0.6291620932865822,0.003979705744773217,0.001371136804882514,0.03736096602461101,0.012589767385137125,0.7639178848818872,4231.41404490051,1932.2492106493135,2566.2067734548177,1165.9666392535412,1698.8361728824514,793.8838620690782,3.464148531569832,2.399454461533804,0.00367640983688747,0.0015882046136150396,advance_eq19_20,0.0,0.0,0.0,0.0,,,102.63663006147286,4.565645173737947e-16,a1_station_hull_matched_sweep_free_surface_marching_not_benchmark_validated,41,8,24,10,3.0,2,16,15.0,False,none,0.0,1.0,0.0,1.0,trapezoid,1.0,1.0,-1.0,1.0,1.0,1.0,1.0,True,False,True,3.0,11,9,40,True,True,True,True,A1_GRID_RECOMMENDED,"A1 Section 3.3 recommends control radius about 3B, inner free-surface panels greater than 10, outer/free-surface proxy panels greater than 8, and roughly 60 stations at Fn=0.2 or 40 at Fn=0.3."
42,st41_bp8_fs24_cp10_r3p0_h2_fsm_clipfs_onezonefs_noend_pr1p0_pl1p0_pf1p0_pm1p0_dt1p0_fv0p0_hr1p0_hqtrapezoid_hp1p0_hc1p0_cim1p0_cp1p0_cn1p0_cd1p0_pg1p0,A55,OK,diagnostic_matched_wigley_sensitivity_not_hard_gate,wigley_iii,Fn0.4,0.4,2.1696064159197173,1.0,1.808005346599764,0.063,719.5500000000001,8,9,30,0.6749999999999999,2.325,0.07500000000000001,-0.866859375,0.866859375,0.06628124999999993,0.06628125000000007,pitch,pitch_moment,0.8250000000000001,150.5156727226666,-238.0788389451141,11.288675454199998,-17.855912920883558,0.0047993518381045305,0.003028634567960398,0.0017707172701441319,0.03842061213825053,0.02203405815606953,0.016386553982180994,0.0,0.03842061213825053,1.3805474539506524,0.6217832980511967,0.004452922110315356,0.0015336122326620608,0.041939100493260544,0.014129814066197758,0.7940188356194142,4306.878305485405,1945.6350532291758,2558.4381074269077,1152.2922154855733,1765.776069124009,808.3567313969545,3.6384848580826374,2.5175207585271293,0.0040368743445865825,0.0017435684250420261,advance_eq19_20,0.0,0.0,0.0,0.0,,,103.73019523740942,3.9375877553690227e-16,a1_station_hull_matched_sweep_free_surface_marching_not_benchmark_validated,41,8,24,10,3.0,2,16,15.0,False,none,0.0,1.0,0.0,1.0,trapezoid,1.0,1.0,-1.0,1.0,1.0,1.0,1.0,True,False,True,3.0,11,9,40,True,True,True,True,A1_GRID_RECOMMENDED,"A1 Section 3.3 recommends control radius about 3B, inner free-surface panels greater than 10, outer/free-surface proxy panels greater than 8, and roughly 60 stations at Fn=0.2 or 40 at Fn=0.3."
42,st41_bp8_fs24_cp10_r3p0_h2_fsm_clipfs_onezonefs_noend_pr1p0_pl1p0_pf1p0_pm1p0_dt1p0_fv0p0_hr1p0_hqtrapezoid_hp1p0_hc1p0_cim1p0_cp1p0_cn1p0_cd1p0_pg1p0,A55,OK,diagnostic_matched_wigley_sensitivity_not_hard_gate,wigley_iii,Fn0.4,0.4,2.1696064159197173,1.0,1.808005346599764,0.063,719.5500000000001,9,10,29,0.75,2.25,0.07500000000000001,-0.8671874999999999,0.8671874999999999,0.06562499999999982,0.0656250000000001,pitch,pitch_moment,0.75,138.21545273244385,-243.28114367466367,10.36615895493329,-18.246085775599777,0.004407146280029941,0.0027491658198602574,0.0016579804601696835,0.04302386119731777,0.02492295834997986,0.018100902847337903,0.0,0.04302386119731777,1.3757580222354413,0.6156418112273471,0.004912143192665198,0.001690578132656778,0.046406646619867105,0.015610466243813919,0.8326576167242937,4389.739348809433,1969.1034644592633,2549.562306324925,1140.9107784466412,1851.7027901971846,839.0191916245408,3.782305416126849,2.614852069651855,0.004368808571305033,0.0018864560483961678,advance_eq19_20,0.0,0.0,0.0,0.0,,,104.75084920458065,4.454885203631055e-16,a1_station_hull_matched_sweep_free_surface_marching_not_benchmark_validated,41,8,24,10,3.0,2,16,15.0,False,none,0.0,1.0,0.0,1.0,trapezoid,1.0,1.0,-1.0,1.0,1.0,1.0,1.0,True,False,True,3.0,11,9,40,True,True,True,True,A1_GRID_RECOMMENDED,"A1 Section 3.3 recommends control radius about 3B, inner free-surface panels greater than 10, outer/free-surface proxy panels greater than 8, and roughly 60 stations at Fn=0.2 or 40 at Fn=0.3."
42,st41_bp8_fs24_cp10_r3p0_h2_fsm_clipfs_onezonefs_noend_pr1p0_pl1p0_pf1p0_pm1p0_dt1p0_fv0p0_hr1p0_hqtrapezoid_hp1p0_hc1p0_cim1p0_cp1p0_cn1p0_cd1p0_pg1p0,A55,OK,diagnostic_matched_wigley_sensitivity_not_hard_gate,wigley_iii,Fn0.4,0.4,2.1696064159197173,1.0,1.808005346599764,0.063,719.5500000000001,10,11,28,0.825,2.175,0.07499999999999996,-0.8674843749999999,0.8674843749999999,0.06503124999999987,0.0650312500000001,pitch,pitch_moment,0.675,121.83880638686048,-243.20388237105655,9.137910479014531,-18.24029117782923,0.0038849595447955068,0.0024149257699608148,0.0014700337748346929,0.047169914109730496,0.027505004144890394,0.019664909964840094,0.0,0.047169914109730496,1.3697171910683092,0.6099479423954526,0.005340148569516071,0.0018363601016946351,0.050586084535592594,0.01698251937628532,0.8739557805338245,4472.100704977766,1995.5559804643167,2538.3674049006413,1130.3588695234657,1943.5435703932176,874.3149055372812,3.8985465836093662,2.693431070068979,0.004665530896171951,0.002014073833468742,advance_eq19_20,0.0,0.0,0.0,0.0,,,105.69301673551143,2.3983960975037156e-16,a1_station_hull_matched_sweep_free_surface_marching_not_benchmark_validated,41,8,24,10,3.0,2,16,15.0,False,none,0.0,1.0,0.0,1.0,trapezoid,1.0,1.0,-1.0,1.0,1.0,1.0,1.0,True,False,True,3.0,11,9,40,True,True,True,True,A1_GRID_RECOMMENDED,"A1 Section 3.3 recommends control radius about 3B, inner free-surface panels greater than 10, outer/free-surface proxy panels greater than 8, and roughly 60 stations at Fn=0.2 or 40 at Fn=0.3."
42,st41_bp8_fs24_cp10_r3p0_h2_fsm_clipfs_onezonefs_noend_pr1p0_pl1p0_pf1p0_pm1p0_dt1p0_fv0p0_hr1p0_hqtrapezoid_hp1p0_hc1p0_cim1p0_cp1p0_cn1p0_cd1p0_pg1p0,A55,OK,diagnostic_matched_wigley_sensitivity_not_hard_gate,wigley_iii,Fn0.4,0.4,2.1696064159197173,1.0,1.808005346599764,0.063,719.5500000000001,11,12,27,0.8999999999999999,2.1,0.07500000000000001,-0.8677499999999999,0.8677499999999999,0.06449999999999989,0.0645,pitch,pitch_moment,0.6000000000000001,103.18107895150024,-236.96662079605332,7.738580921362519,-17.772496559704003,0.0032900381200563,0.0020457585024138128,0.0012442796176424867,0.050757412942156396,0.029735346281077706,0.021022066661078684,0.0,0.050757412942156396,1.3624590803047651,0.6044256418681561,0.005726818790346885,0.001967656912908317,0.05437271447992341,0.018217350227949413,0.9149689744857294,4550.183254485876,2022.0696935086287,2524.9166342572726,1120.1249119226109,2034.7506213470156,910.0336013108309,3.990491508023454,2.7554898334396944,0.004923649657892956,0.002125017180043787,advance_eq19_20,0.0,0.0,0.0,0.0,,,106.55145429053391,2.7779184846094705e-16,a1_station_hull_matched_sweep_free_surface_marching_not_benchmark_validated,41,8,24,10,3.0,2,16,15.0,False,none,0.0,1.0,0.0,1.0,trapezoid,1.0,1.0,-1.0,1.0,1.0,1.0,1.0,True,False,True,3.0,11,9,40,True,True,True,True,A1_GRID_RECOMMENDED,"A1 Section 3.3 recommends control radius about 3B, inner free-surface panels greater than 10, outer/free-surface proxy panels greater than 8, and roughly 60 stations at Fn=0.2 or 40 at Fn=0.3."
42,st41_bp8_fs24_cp10_r3p0_h2_fsm_clipfs_onezonefs_noend_pr1p0_pl1p0_pf1p0_pm1p0_dt1p0_fv0p0_hr1p0_hqtrapezoid_hp1p0_hc1p0_cim1p0_cp1p0_cn1p0_cd1p0_pg1p0,A55,OK,diagnostic_matched_wigley_sensitivity_not_hard_gate,wigley_iii,Fn0.4,0.4,2.1696064159197173,1.0,1.808005346599764,0.063,719.5500000000001,12,13,26,0.975,2.025,0.07500000000000007,-0.8679843749999999,0.8679843749999999,0.06403124999999998,0.0640312500000001,pitch,pitch_moment,0.525,83.65338561003297,-224.3330729858508,6.274003920752478,-16.824980473938826,0.0026673769098513197,0.0016620209592381834,0.0010053559506131363,0.053736120457110195,0.0315892360119037,0.022146884445206495,0.0,0.053736120457110195,1.3543332983675047,0.59904695810201,0.006066600200449936,0.002082717372541312,0.05770913031680125,0.019299933483328716,0.9538171770292737,4621.789280242096,2047.146302081106,2509.8578906397056,1110.157105690578,2121.1430635695733,944.0924416742197,4.061525533088234,2.803337350949051,0.005142004600911101,0.002218824788050366,advance_eq19_20,0.0,0.0,0.0,0.0,,,107.32128791426383,2.916911906388107e-16,a1_station_hull_matched_sweep_free_surface_marching_not_benchmark_validated,41,8,24,10,3.0,2,16,15.0,False,none,0.0,1.0,0.0,1.0,trapezoid,1.0,1.0,-1.0,1.0,1.0,1.0,1.0,True,False,True,3.0,11,9,40,True,True,True,True,A1_GRID_RECOMMENDED,"A1 Section 3.3 recommends control radius about 3B, inner free-surface panels greater than 10, outer/free-surface proxy panels greater than 8, and roughly 60 stations at Fn=0.2 or 40 at Fn=0.3."
42,st41_bp8_fs24_cp10_r3p0_h2_fsm_clipfs_onezonefs_noend_pr1p0_pl1p0_pf1p0_pm1p0_dt1p0_fv0p0_hr1p0_hqtrapezoid_hp1p0_hc1p0_cim1p0_cp1p0_cn1p0_cd1p0_pg1p0,A55,OK,diagnostic_matched_wigley_sensitivity_not_hard_gate,wigley_iii,Fn0.4,0.4,2.1696064159197173,1.0,1.808005346599764,0.063,719.5500000000001,13,14,25,1.05,1.95,0.07500000000000001,-0.8681874999999999,0.8681874999999999,0.06362499999999982,0.0636250000000001,pitch,pitch_moment,0.44999999999999996,64.42633575863766,-205.47870236542317,4.831975181897826,-15.41090267740674,0.002054302036142667,0.0012835302790636341,0.0007707717570790326,0.05609695993010719,0.033062011631054614,0.02303494829905258,0.0,0.05609695993010719,1.345828996891306,0.5939067336376102,0.006357057273532389,0.00218084129951068,0.06057003534081478,0.020224570620808284,0.9892093663168501,4685.52527419657,2069.9054992020415,2494.0976725381906,1100.6312135433611,2199.8498625451384,975.230051383356,4.114985787554157,2.839254260620578,0.00532090679814252,0.0022956572591437342,advance_eq19_20,0.0,0.0,0.0,0.0,,,107.99806268512654,4.196603135142216e-16,a1_station_hull_matched_sweep_free_surface_marching_not_benchmark_validated,41,8,24,10,3.0,2,16,15.0,False,none,0.0,1.0,0.0,1.0,trapezoid,1.0,1.0,-1.0,1.0,1.0,1.0,1.0,True,False,True,3.0,11,9,40,True,True,True,True,A1_GRID_RECOMMENDED,"A1 Section 3.3 recommends control radius about 3B, inner free-surface panels greater than 10, outer/free-surface proxy panels greater than 8, and roughly 60 stations at Fn=0.2 or 40 at Fn=0.3."
42,st41_bp8_fs24_cp10_r3p0_h2_fsm_clipfs_onezonefs_noend_pr1p0_pl1p0_pf1p0_pm1p0_dt1p0_fv0p0_hr1p0_hqtrapezoid_hp1p0_hc1p0_cim1p0_cp1p0_cn1p0_cd1p0_pg1p0,A55,OK,diagnostic_matched_wigley_sensitivity_not_hard_gate,wigley_iii,Fn0.4,0.4,2.1696064159197173,1.0,1.808005346599764,0.063,719.5500000000001,14,15,24,1.125,1.875,0.07499999999999996,-0.8683593749999999,0.8683593749999999,0.06328124999999996,0.06328125000000007,pitch,pitch_moment,0.375,46.488965521078434,-180.86743407510613,3.4866724140808807,-13.565057555632952,0.0014823499645533317,0.000928784126365821,0.0005535658381875107,0.05786528593045518,0.034168168833769344,0.02369711709668585,0.0,0.05786528593045518,1.337481282449828,0.5891571203108531,0.006597873003022902,0.002262031858529086,0.06295182680385862,0.020991875708593108,1.020245535509701,4740.476815185413,2089.7892441876907,2478.6276423875574,1091.8292040970764,2268.869541146677,1002.6042848287665,4.154044680710372,2.865411607642091,0.005461542583587445,0.0023560441020015464,advance_eq19_20,0.0,0.0,0.0,0.0,,,108.57779417676022,2.96203022362402e-16,a1_station_hull_matched_sweep_free_surface_marching_not_benchmark_validated,41,8,24,10,3.0,2,16,15.0,False,none,0.0,1.0,0.0,1.0,trapezoid,1.0,1.0,-1.0,1.0,1.0,1.0,1.0,True,False,True,3.0,11,9,40,True,True,True,True,A1_GRID_RECOMMENDED,"A1 Section 3.3 recommends control radius about 3B, inner free-surface panels greater than 10, outer/free-surface proxy panels greater than 8, and roughly 60 stations at Fn=0.2 or 40 at Fn=0.3."
42,st41_bp8_fs24_cp10_r3p0_h2_fsm_clipfs_onezonefs_noend_pr1p0_pl1p0_pf1p0_pm1p0_dt1p0_fv0p0_hr1p0_hqtrapezoid_hp1p0_hc1p0_cim1p0_cp1p0_cn1p0_cd1p0_pg1p0,A55,OK,diagnostic_matched_wigley_sensitivity_not_hard_gate,wigley_iii,Fn0.4,0.4,2.1696064159197173,1.0,1.808005346599764,0.063,719.5500000000001,15,16,23,1.2,1.8,0.07499999999999996,-0.8684999999999999,0.8684999999999998,0.06299999999999994,0.06300000000000008,pitch,pitch_moment,0.30000000000000004,30.672359929396034,-151.1764796503865,2.300426994704701,-11.338235973778982,0.0009780207226485196,0.0006143556013007004,0.0003636651213478195,0.059095471274056115,0.034939738697602606,0.024155732576453516,0.0,0.059095471274056115,1.3298148693511318,0.584969723127864,0.006790070696943734,0.0023267278381493505,0.06486466162618522,0.021606419347302785,1.04629869395285,4786.037387976086,2106.429777095774,2464.4202036190804,1084.0690966895158,2326.8077683527367,1025.6309160632534,4.181606210056116,2.8837986836311105,0.005565485230082289,0.0024006758422744153,advance_eq19_20,0.0,0.0,0.0,0.0,,,109.05701762428855,2.5927417421238713e-16,a1_station_hull_matched_sweep_free_surface_marching_not_benchmark_validated,41,8,24,10,3.0,2,16,15.0,False,none,0.0,1.0,0.0,1.0,trapezoid,1.0,1.0,-1.0,1.0,1.0,1.0,1.0,True,False,True,3.0,11,9,40,True,True,True,True,A1_GRID_RECOMMENDED,"A1 Section 3.3 recommends control radius about 3B, inner free-surface panels greater than 10, outer/free-surface proxy panels greater than 8, and roughly 60 stations at Fn=0.2 or 40 at Fn=0.3."
42,st41_bp8_fs24_cp10_r3p0_h2_fsm_clipfs_onezonefs_noend_pr1p0_pl1p0_pf1p0_pm1p0_dt1p0_fv0p0_hr1p0_hqtrapezoid_hp1p0_hc1p0_cim1p0_cp1p0_cn1p0_cd1p0_pg1p0,A55,OK,diagnostic_matched_wigley_sensitivity_not_hard_gate,wigley_iii,Fn0.4,0.4,2.1696064159197173,1.0,1.808005346599764,0.063,719.5500000000001,16,17,22,1.275,1.725,0.07499999999999996,-0.8686093749999999,0.8686093749999999,0.0627812499999999,0.06278125000000001,pitch,pitch_moment,0.2250000000000001,17.657734766440015,-117.24428762808446,1.3243301074830003,-8.79332157210633,0.0005630355980551251,0.0003544158731831617,0.0002086197248719635,0.05986599943440793,0.03542412443484454,0.02444187499956341,0.0,0.05986599943440793,1.323305876569263,0.5815114572196448,0.006935371850610672,0.002375585543779904,0.0663260241187089,0.02207477874276678,1.0669357860397994,4821.805946455823,2119.581248048953,2452.3577025247178,1077.6602193561912,2372.701494935453,1043.9016108170488,4.200209037117934,2.8961557026203706,0.0056342950361290105,0.0024302333799782676,advance_eq19_20,0.0,0.0,0.0,0.0,,,109.43283246067818,3.393316971628591e-16,a1_station_hull_matched_sweep_free_surface_marching_not_benchmark_validated,41,8,24,10,3.0,2,16,15.0,False,none,0.0,1.0,0.0,1.0,trapezoid,1.0,1.0,-1.0,1.0,1.0,1.0,1.0,True,False,True,3.0,11,9,40,True,True,True,True,A1_GRID_RECOMMENDED,"A1 Section 3.3 recommends control radius about 3B, inner free-surface panels greater than 10, outer/free-surface proxy panels greater than 8, and roughly 60 stations at Fn=0.2 or 40 at Fn=0.3."
42,st41_bp8_fs24_cp10_r3p0_h2_fsm_clipfs_onezonefs_noend_pr1p0_pl1p0_pf1p0_pm1p0_dt1p0_fv0p0_hr1p0_hqtrapezoid_hp1p0_hc1p0_cim1p0_cp1p0_cn1p0_cd1p0_pg1p0,A55,OK,diagnostic_matched_wigley_sensitivity_not_hard_gate,wigley_iii,Fn0.4,0.4,2.1696064159197173,1.0,1.808005346599764,0.063,719.5500000000001,17,18,21,1.3499999999999999,1.6500000000000001,0.07500000000000007,-0.8686874999999998,0.8686875,0.0626249999999999,0.06262500000000004,pitch,pitch_moment,0.15000000000000013,7.9777073238634735,-80.03032321498722,0.598328049289761,-6.002274241124047,0.0002543776579279659,0.0001603606862893046,9.401697163866134e-05,0.060274706062399465,0.035681512714580775,0.02459319334781872,0.0,0.060274706062399465,1.3183535872112793,0.5789278807625821,0.007035661868625594,0.002409298930228003,0.06735541258390018,0.022403902610459443,1.0818641521196097,4847.522070784424,2129.0807606012495,2443.180092746645,1072.8723213072794,2405.8998907320565,1057.135743280023,4.211937020545421,2.903911776633324,0.005669206843056646,0.002445254418713178,advance_eq19_20,0.0,0.0,0.0,0.0,,,109.70294068380586,3.453571575756412e-16,a1_station_hull_matched_sweep_free_surface_marching_not_benchmark_validated,41,8,24,10,3.0,2,16,15.0,False,none,0.0,1.0,0.0,1.0,trapezoid,1.0,1.0,-1.0,1.0,1.0,1.0,1.0,True,False,True,3.0,11,9,40,True,True,True,True,A1_GRID_RECOMMENDED,"A1 Section 3.3 recommends control radius about 3B, inner free-surface panels greater than 10, outer/free-surface proxy panels greater than 8, and roughly 60 stations at Fn=0.2 or 40 at Fn=0.3."
42,st41_bp8_fs24_cp10_r3p0_h2_fsm_clipfs_onezonefs_noend_pr1p0_pl1p0_pf1p0_pm1p0_dt1p0_fv0p0_hr1p0_hqtrapezoid_hp1p0_hc1p0_cim1p0_cp1p0_cn1p0_cd1p0_pg1p0,A55,OK,diagnostic_matched_wigley_sensitivity_not_hard_gate,wigley_iii,Fn0.4,0.4,2.1696064159197173,1.0,1.808005346599764,0.063,719.5500000000001,18,19,20,1.425,1.575,0.07500000000000007,-0.8687343749999998,0.868734375,0.06253124999999993,0.06253125000000004,pitch,pitch_moment,0.07499999999999996,2.0149072840411706,-40.58115980401897,0.15111804630308792,-3.0435869853014252,6.42474554466575e-05,4.052802715275519e-05,2.3719428293902308e-05,0.06043401861908679,0.03578195707130181,0.024652061547785,0.0,0.06043401861908679,1.3152589618790036,0.5773312597122479,0.007092561520970817,0.0024284560289088617,0.06797005808138674,0.02259978049618269,1.090896160729287,4863.024478361328,2134.825138447955,2437.4451161215056,1069.9134544268943,2425.9856921559594,1065.1504906858806,4.218341195255683,2.9081309205824013,0.00567091214765458,0.0024460401837907114,advance_eq19_20,0.0,0.0,0.0,0.0,,,109.86567790060892,3.059005278001525e-16,a1_station_hull_matched_sweep_free_surface_marching_not_benchmark_validated,41,8,24,10,3.0,2,16,15.0,False,none,0.0,1.0,0.0,1.0,trapezoid,1.0,1.0,-1.0,1.0,1.0,1.0,1.0,True,False,True,3.0,11,9,40,True,True,True,True,A1_GRID_RECOMMENDED,"A1 Section 3.3 recommends control radius about 3B, inner free-surface panels greater than 10, outer/free-surface proxy panels greater than 8, and roughly 60 stations at Fn=0.2 or 40 at Fn=0.3."
42,st41_bp8_fs24_cp10_r3p0_h2_fsm_clipfs_onezonefs_noend_pr1p0_pl1p0_pf1p0_pm1p0_dt1p0_fv0p0_hr1p0_hqtrapezoid_hp1p0_hc1p0_cim1p0_cp1p0_cn1p0_cd1p0_pg1p0,A55,OK,diagnostic_matched_wigley_sensitivity_not_hard_gate,wigley_iii,Fn0.4,0.4,2.1696064159197173,1.0,1.808005346599764,0.063,719.5500000000001,19,20,19,1.5,1.5,0.07499999999999996,-0.8687499999999999,0.8687499999999999,0.062499999999999944,0.06250000000000003,pitch,pitch_moment,0.0,0.0,0.0,0.0,0.0,0.0,0.0,0.0,0.06046614234681012,0.03580222108487818,0.02466392126193195,0.0,0.06046614234681012,1.3142090312883943,0.5767922794590393,0.007107113664509718,0.0024334341832376125,0.06818173285518223,0.022666445011891034,1.0939270845722078,4868.225369357126,2136.7571836185903,2435.4993789970913,1068.9146132678936,2432.7260017671183,1067.8425710934055,4.220378540114204,2.909469734382498,0.005639444461685391,0.0024326062256744053,advance_eq19_20,0.0,0.0,0.0,0.0,,,109.92003615667433,3.2511144666965685e-16,a1_station_hull_matched_sweep_free_surface_marching_not_benchmark_validated,41,8,24,10,3.0,2,16,15.0,False,none,0.0,1.0,0.0,1.0,trapezoid,1.0,1.0,-1.0,1.0,1.0,1.0,1.0,True,False,True,3.0,11,9,40,True,True,True,True,A1_GRID_RECOMMENDED,"A1 Section 3.3 recommends control radius about 3B, inner free-surface panels greater than 10, outer/free-surface proxy panels greater than 8, and roughly 60 stations at Fn=0.2 or 40 at Fn=0.3."
42,st41_bp8_fs24_cp10_r3p0_h2_fsm_clipfs_onezonefs_noend_pr1p0_pl1p0_pf1p0_pm1p0_dt1p0_fv0p0_hr1p0_hqtrapezoid_hp1p0_hc1p0_cim1p0_cp1p0_cn1p0_cd1p0_pg1p0,A55,OK,diagnostic_matched_wigley_sensitivity_not_hard_gate,wigley_iii,Fn0.4,0.4,2.1696064159197173,1.0,1.808005346599764,0.063,719.5500000000001,20,21,18,1.575,1.425,0.07499999999999996,-0.8687343749999998,0.868734375,0.06253124999999993,0.06253125000000004,pitch,pitch_moment,-0.07499999999999996,2.0101705997773,40.58199790322402,0.1507627949832974,3.0436498427417997,6.409642124591862e-05,4.048512716535383e-05,2.361129408056479e-05,0.06049819055743307,0.03582246364846086,0.02467572690897224,0.0,0.06049819055743307,1.3152672853776513,0.5773350837960911,0.007079597677561125,0.0024243379267589074,0.06799475590813847,0.02260534725720059,1.0909230177491498,4863.096446706969,2134.858378945086,2437.460541274815,1069.9205412400295,2426.0454180476313,1065.1783464500702,4.21837271068008,2.9081502916898687,0.005574173586317625,0.002404679785337484,advance_eq19_20,0.0,0.0,0.0,0.0,,,109.86567790060924,2.7417997447623433e-16,a1_station_hull_matched_sweep_free_surface_marching_not_benchmark_validated,41,8,24,10,3.0,2,16,15.0,False,none,0.0,1.0,0.0,1.0,trapezoid,1.0,1.0,-1.0,1.0,1.0,1.0,1.0,True,False,True,3.0,11,9,40,True,True,True,True,A1_GRID_RECOMMENDED,"A1 Section 3.3 recommends control radius about 3B, inner free-surface panels greater than 10, outer/free-surface proxy panels greater than 8, and roughly 60 stations at Fn=0.2 or 40 at Fn=0.3."
42,st41_bp8_fs24_cp10_r3p0_h2_fsm_clipfs_onezonefs_noend_pr1p0_pl1p0_pf1p0_pm1p0_dt1p0_fv0p0_hr1p0_hqtrapezoid_hp1p0_hc1p0_cim1p0_cp1p0_cn1p0_cd1p0_pg1p0,A55,OK,diagnostic_matched_wigley_sensitivity_not_hard_gate,wigley_iii,Fn0.4,0.4,2.1696064159197173,1.0,1.808005346599764,0.063,719.5500000000001,21,22,17,1.65,1.35,0.07499999999999996,-0.8686874999999998,0.8686875,0.0626249999999999,0.06262500000000004,pitch,pitch_moment,-0.1499999999999999,7.968564073758538,80.0336132990249,0.59764230553189,6.002520997426864,0.00025408611570247103,0.00016027919278235748,9.380692292011348e-05,0.060657281825907274,0.03592284580843471,0.024734436017472574,0.0,0.060657281825907274,1.3183704073783495,0.578935612143432,0.007009481018245124,0.0024009825162336473,0.06740528842575402,0.02241513812308047,1.081917043205741,4847.664482786977,2129.146600469477,2443.211263972439,1072.8866491446408,2406.017512392867,1057.1906898527513,4.212000459600651,2.903950771497537,0.005473909099625625,0.002361743859519341,advance_eq19_20,0.0,0.0,0.0,0.0,,,109.70294068380586,3.7082688327344806e-16,a1_station_hull_matched_sweep_free_surface_marching_not_benchmark_validated,41,8,24,10,3.0,2,16,15.0,False,none,0.0,1.0,0.0,1.0,trapezoid,1.0,1.0,-1.0,1.0,1.0,1.0,1.0,True,False,True,3.0,11,9,40,True,True,True,True,A1_GRID_RECOMMENDED,"A1 Section 3.3 recommends control radius about 3B, inner free-surface panels greater than 10, outer/free-surface proxy panels greater than 8, and roughly 60 stations at Fn=0.2 or 40 at Fn=0.3."
42,st41_bp8_fs24_cp10_r3p0_h2_fsm_clipfs_onezonefs_noend_pr1p0_pl1p0_pf1p0_pm1p0_dt1p0_fv0p0_hr1p0_hqtrapezoid_hp1p0_hc1p0_cim1p0_cp1p0_cn1p0_cd1p0_pg1p0,A55,OK,diagnostic_matched_wigley_sensitivity_not_hard_gate,wigley_iii,Fn0.4,0.4,2.1696064159197173,1.0,1.808005346599764,0.063,719.5500000000001,22,23,16,1.7249999999999999,1.2750000000000001,0.07499999999999996,-0.8686093749999999,0.8686093749999999,0.0627812499999999,0.06278125000000001,pitch,pitch_moment,-0.22499999999999987,17.644827581654965,117.25145939468584,1.3233620686241216,8.793859454601433,0.0005626240387809158,0.00035430406454467207,0.00020831997423624368,0.061065636903148965,0.03618013743709823,0.024885499466050755,0.0,0.061065636903148965,1.3233315150286833,0.5815232513740999,0.006895510702044589,0.002362924028311255,0.06640195623113945,0.02209186818989119,1.0670130763935675,4822.015776231902,2119.6784149932478,2452.405215858221,1077.6820763478624,2372.8733768240622,1043.9821304709872,4.200305100408541,2.8962147558214144,0.005337107859564637,0.00230312570755191,advance_eq19_20,0.0,0.0,0.0,0.0,,,109.43283246067818,2.945233181850357e-16,a1_station_hull_matched_sweep_free_surface_marching_not_benchmark_validated,41,8,24,10,3.0,2,16,15.0,False,none,0.0,1.0,0.0,1.0,trapezoid,1.0,1.0,-1.0,1.0,1.0,1.0,1.0,True,False,True,3.0,11,9,40,True,True,True,True,A1_GRID_RECOMMENDED,"A1 Section 3.3 recommends control radius about 3B, inner free-surface panels greater than 10, outer/free-surface proxy panels greater than 8, and roughly 60 stations at Fn=0.2 or 40 at Fn=0.3."
42,st41_bp8_fs24_cp10_r3p0_h2_fsm_clipfs_onezonefs_noend_pr1p0_pl1p0_pf1p0_pm1p0_dt1p0_fv0p0_hr1p0_hqtrapezoid_hp1p0_hc1p0_cim1p0_cp1p0_cn1p0_cd1p0_pg1p0,A55,OK,diagnostic_matched_wigley_sensitivity_not_hard_gate,wigley_iii,Fn0.4,0.4,2.1696064159197173,1.0,1.808005346599764,0.063,719.5500000000001,23,24,15,1.7999999999999998,1.2000000000000002,0.07500000000000007,-0.8684999999999999,0.8684999999999998,0.06299999999999994,0.06300000000000008,pitch,pitch_moment,-0.2999999999999998,30.656610062367157,151.1886646703636,2.2992457546775387,11.33914985027728,0.0009775185214364638,0.000614225074489113,0.00036329344694735087,0.06183570818325765,0.036664402006615124,0.025171306176642552,0.0,0.06183570818325765,1.3298497483591278,0.5849857866067459,0.00673593994284614,0.0023095344819460016,0.06496776621428706,0.02162959447092397,1.0463979595032635,4786.310153656157,2106.5563865286513,2464.4848415878455,1084.098865616612,2327.0285197071707,1025.7347627436855,4.181735668814708,2.8838782763516653,0.005162176973246146,0.0022281260529931467,advance_eq19_20,0.0,0.0,0.0,0.0,,,109.05701762428855,2.631013454033795e-16,a1_station_hull_matched_sweep_free_surface_marching_not_benchmark_validated,41,8,24,10,3.0,2,16,15.0,False,none,0.0,1.0,0.0,1.0,trapezoid,1.0,1.0,-1.0,1.0,1.0,1.0,1.0,True,False,True,3.0,11,9,40,True,True,True,True,A1_GRID_RECOMMENDED,"A1 Section 3.3 recommends control radius about 3B, inner free-surface panels greater than 10, outer/free-surface proxy panels greater than 8, and roughly 60 stations at Fn=0.2 or 40 at Fn=0.3."
42,st41_bp8_fs24_cp10_r3p0_h2_fsm_clipfs_onezonefs_noend_pr1p0_pl1p0_pf1p0_pm1p0_dt1p0_fv0p0_hr1p0_hqtrapezoid_hp1p0_hc1p0_cim1p0_cp1p0_cn1p0_cd1p0_pg1p0,A55,OK,diagnostic_matched_wigley_sensitivity_not_hard_gate,wigley_iii,Fn0.4,0.4,2.1696064159197173,1.0,1.808005346599764,0.063,719.5500000000001,24,25,14,1.875,1.125,0.07500000000000007,-0.8683593749999999,0.8683593749999999,0.06328124999999996,0.06328125000000007,pitch,pitch_moment,-0.375,46.4715254764355,180.885363941577,3.485364410732666,13.566402295618287,0.001481793870235715,0.0009286488549771028,0.0005531450152586122,0.06306536437909374,0.03743583897134824,0.025629525407745535,0.0,0.06306536437909374,1.337525856538647,0.5891776804401594,0.0065288794896799,0.002240118638559053,0.06308322632052674,0.021021361850296023,1.0203635981346408,4740.806641754639,2089.942824470375,2478.7102473332347,1091.8673062413818,2269.1320943109404,1002.7285209075942,4.154208066082421,2.865512078298742,0.004947864561450168,0.0021361855346905697,advance_eq19_20,0.0,0.0,0.0,0.0,,,108.57779417676022,3.743428513194388e-16,a1_station_hull_matched_sweep_free_surface_marching_not_benchmark_validated,41,8,24,10,3.0,2,16,15.0,False,none,0.0,1.0,0.0,1.0,trapezoid,1.0,1.0,-1.0,1.0,1.0,1.0,1.0,True,False,True,3.0,11,9,40,True,True,True,True,A1_GRID_RECOMMENDED,"A1 Section 3.3 recommends control radius about 3B, inner free-surface panels greater than 10, outer/free-surface proxy panels greater than 8, and roughly 60 stations at Fn=0.2 or 40 at Fn=0.3."
42,st41_bp8_fs24_cp10_r3p0_h2_fsm_clipfs_onezonefs_noend_pr1p0_pl1p0_pf1p0_pm1p0_dt1p0_fv0p0_hr1p0_hqtrapezoid_hp1p0_hc1p0_cim1p0_cp1p0_cn1p0_cd1p0_pg1p0,A55,OK,diagnostic_matched_wigley_sensitivity_not_hard_gate,wigley_iii,Fn0.4,0.4,2.1696064159197173,1.0,1.808005346599764,0.063,719.5500000000001,25,26,13,1.95,1.05,0.07499999999999996,-0.8681874999999999,0.8681874999999999,0.0636249999999999,0.06362500000000004,pitch,pitch_moment,-0.44999999999999996,64.40853320444369,205.50262100336894,4.830639990333274,15.412696575252662,0.0020537343828235903,0.0012834054246864829,0.0007703289581371071,0.0648331285056234,0.03854186611118003,0.026291262394443394,0.0,0.0648331285056234,1.345883666233118,0.5939320000798568,0.006272761904051379,0.0021540688830184126,0.06073056031901433,0.02026051867753998,0.9893423448682424,4685.904966109408,2070.0830177741354,2494.1989860620383,1100.6780374525995,2200.145586441376,975.3710960606472,4.1151830101612745,2.839375573420809,0.004693737878369703,0.0020270879389731136,advance_eq19_20,0.0,0.0,0.0,0.0,,,107.99806268512636,4.760033220040312e-16,a1_station_hull_matched_sweep_free_surface_marching_not_benchmark_validated,41,8,24,10,3.0,2,16,15.0,False,none,0.0,1.0,0.0,1.0,trapezoid,1.0,1.0,-1.0,1.0,1.0,1.0,1.0,True,False,True,3.0,11,9,40,True,True,True,True,A1_GRID_RECOMMENDED,"A1 Section 3.3 recommends control radius about 3B, inner free-surface panels greater than 10, outer/free-surface proxy panels greater than 8, and roughly 60 stations at Fn=0.2 or 40 at Fn=0.3."
42,st41_bp8_fs24_cp10_r3p0_h2_fsm_clipfs_onezonefs_noend_pr1p0_pl1p0_pf1p0_pm1p0_dt1p0_fv0p0_hr1p0_hqtrapezoid_hp1p0_hc1p0_cim1p0_cp1p0_cn1p0_cd1p0_pg1p0,A55,OK,diagnostic_matched_wigley_sensitivity_not_hard_gate,wigley_iii,Fn0.4,0.4,2.1696064159197173,1.0,1.808005346599764,0.063,719.5500000000001,26,27,12,2.025,0.9750000000000001,0.07500000000000007,-0.8679843749999999,0.8679843749999999,0.06403124999999998,0.0640312500000001,pitch,pitch_moment,-0.5249999999999999,83.63666634921942,224.3626612967032,6.272749976191462,16.827199597252754,0.002666843798490451,0.0016619214844935093,0.0010049223139969414,0.06719341759628042,0.04001452956577002,0.027178888030510412,0.0,0.06719341759628042,1.3543983037617884,0.5990770761570607,0.005966912601912208,0.002051056796427198,0.05789895305892147,0.019342336507606944,0.9539605617316265,4622.210389100537,2047.3441806509993,2509.9783589926387,1110.2129206352529,2121.461929148997,944.2461268227004,4.061755447355949,2.803478831427323,0.004400765164033542,0.0019012067284189212,advance_eq19_20,0.0,0.0,0.0,0.0,,,107.32128791426383,4.286475403973995e-16,a1_station_hull_matched_sweep_free_surface_marching_not_benchmark_validated,41,8,24,10,3.0,2,16,15.0,False,none,0.0,1.0,0.0,1.0,trapezoid,1.0,1.0,-1.0,1.0,1.0,1.0,1.0,True,False,True,3.0,11,9,40,True,True,True,True,A1_GRID_RECOMMENDED,"A1 Section 3.3 recommends control radius about 3B, inner free-surface panels greater than 10, outer/free-surface proxy panels greater than 8, and roughly 60 stations at Fn=0.2 or 40 at Fn=0.3."
42,st41_bp8_fs24_cp10_r3p0_h2_fsm_clipfs_onezonefs_noend_pr1p0_pl1p0_pf1p0_pm1p0_dt1p0_fv0p0_hr1p0_hqtrapezoid_hp1p0_hc1p0_cim1p0_cp1p0_cn1p0_cd1p0_pg1p0,A55,OK,diagnostic_matched_wigley_sensitivity_not_hard_gate,wigley_iii,Fn0.4,0.4,2.1696064159197173,1.0,1.808005346599764,0.063,719.5500000000001,27,28,11,2.1,0.8999999999999999,0.07499999999999996,-0.8677499999999999,0.8677499999999999,0.06449999999999989,0.06450000000000003,pitch,pitch_moment,-0.6000000000000001,103.16696241458668,237.00092413082172,7.737522181093996,17.775069309811617,0.0032895879993070204,0.002045697631550357,0.0012438903677566633,0.07017163349517914,0.04186833912379196,0.02830329437138722,0.0,0.07017163349517914,1.3625343740315936,0.604460634755271,0.005612237152497447,0.0019312658605181085,0.054590897742798364,0.018265940976406558,0.9151177393934429,4550.63611055412,2022.283783821237,2525.056169004461,1120.1897609327825,2035.0814516777102,910.1952140380073,3.990751421695355,2.755649871268826,0.004072049966022636,0.0017598147467924989,advance_eq19_20,0.0,0.0,0.0,0.0,,,106.55145429053415,2.8561963361126847e-16,a1_station_hull_matched_sweep_free_surface_marching_not_benchmark_validated,41,8,24,10,3.0,2,16,15.0,False,none,0.0,1.0,0.0,1.0,trapezoid,1.0,1.0,-1.0,1.0,1.0,1.0,1.0,True,False,True,3.0,11,9,40,True,True,True,True,A1_GRID_RECOMMENDED,"A1 Section 3.3 recommends control radius about 3B, inner free-surface panels greater than 10, outer/free-surface proxy panels greater than 8, and roughly 60 stations at Fn=0.2 or 40 at Fn=0.3."
42,st41_bp8_fs24_cp10_r3p0_h2_fsm_clipfs_onezonefs_noend_pr1p0_pl1p0_pf1p0_pm1p0_dt1p0_fv0p0_hr1p0_hqtrapezoid_hp1p0_hc1p0_cim1p0_cp1p0_cn1p0_cd1p0_pg1p0,A55,OK,diagnostic_matched_wigley_sensitivity_not_hard_gate,wigley_iii,Fn0.4,0.4,2.1696064159197173,1.0,1.808005346599764,0.063,719.5500000000001,28,29,10,2.175,0.8250000000000002,0.07499999999999996,-0.8674843749999999,0.8674843749999999,0.06503124999999987,0.0650312500000001,pitch,pitch_moment,-0.6749999999999998,121.82888430773755,243.24120963356785,9.137166323080312,18.24309072251758,0.00388464316878087,0.002414913322759943,0.0014697298460209262,0.07375874907922308,0.044098644600947104,0.02966010447827601,0.0,0.07375874907922308,1.3698022656303068,0.6099876339878724,0.0052120678675290225,0.0017956817204605171,0.05082999780696798,0.017036638129578206,0.8741045310629217,4472.57429455203,1995.7814026819299,2538.5250655451664,1130.4324262000584,1943.874368748076,874.4791012431941,3.8988316834077925,2.693606770931498,0.0037138326206679053,0.0016055040622268704,advance_eq19_20,0.0,0.0,0.0,0.0,,,105.69301673551156,3.2433756812954217e-16,a1_station_hull_matched_sweep_free_surface_marching_not_benchmark_validated,41,8,24,10,3.0,2,16,15.0,False,none,0.0,1.0,0.0,1.0,trapezoid,1.0,1.0,-1.0,1.0,1.0,1.0,1.0,True,False,True,3.0,11,9,40,True,True,True,True,A1_GRID_RECOMMENDED,"A1 Section 3.3 recommends control radius about 3B, inner free-surface panels greater than 10, outer/free-surface proxy panels greater than 8, and roughly 60 stations at Fn=0.2 or 40 at Fn=0.3."
42,st41_bp8_fs24_cp10_r3p0_h2_fsm_clipfs_onezonefs_noend_pr1p0_pl1p0_pf1p0_pm1p0_dt1p0_fv0p0_hr1p0_hqtrapezoid_hp1p0_hc1p0_cim1p0_cp1p0_cn1p0_cd1p0_pg1p0,A55,OK,diagnostic_matched_wigley_sensitivity_not_hard_gate,wigley_iii,Fn0.4,0.4,2.1696064159197173,1.0,1.808005346599764,0.063,719.5500000000001,29,30,9,2.25,0.75,0.07499999999999996,-0.8671874999999999,0.8671874999999999,0.06562499999999982,0.0656250000000001,pitch,pitch_moment,-0.75,138.2115114110232,243.31884554656813,10.365863355826734,18.2489134159926,0.004407020606816892,0.002749206365479531,0.001657814241337361,0.07790458096702198,0.04668070444506684,0.03122387652195516,0.0,0.07790458096702198,1.3758516443799411,0.6156857041436774,0.004773296982866098,0.0016464843054828599,0.04667111802479945,0.01566886933875143,0.8328006715348529,4390.220667980736,1969.3339886132728,2549.735807396186,1140.9921210397295,1852.0209221478726,839.179287965929,3.7826079963933954,2.6150387850252557,0.0033371000355320066,0.0014428594048911103,advance_eq19_20,0.0,0.0,0.0,0.0,,,104.75084920458065,3.566853664811675e-16,a1_station_hull_matched_sweep_free_surface_marching_not_benchmark_validated,41,8,24,10,3.0,2,16,15.0,False,none,0.0,1.0,0.0,1.0,trapezoid,1.0,1.0,-1.0,1.0,1.0,1.0,1.0,True,False,True,3.0,11,9,40,True,True,True,True,A1_GRID_RECOMMENDED,"A1 Section 3.3 recommends control radius about 3B, inner free-surface panels greater than 10, outer/free-surface proxy panels greater than 8, and roughly 60 stations at Fn=0.2 or 40 at Fn=0.3."
42,st41_bp8_fs24_cp10_r3p0_h2_fsm_clipfs_onezonefs_noend_pr1p0_pl1p0_pf1p0_pm1p0_dt1p0_fv0p0_hr1p0_hqtrapezoid_hp1p0_hc1p0_cim1p0_cp1p0_cn1p0_cd1p0_pg1p0,A55,OK,diagnostic_matched_wigley_sensitivity_not_hard_gate,wigley_iii,Fn0.4,0.4,2.1696064159197173,1.0,1.808005346599764,0.063,719.5500000000001,30,31,8,2.3249999999999997,0.6750000000000003,0.07499999999999996,-0.866859375,0.866859375,0.06628124999999996,0.06628125000000007,pitch,pitch_moment,-0.8249999999999997,150.51991173429792,238.11297353696187,11.288993380072338,17.85847301527213,0.004799487003485622,0.0030287251135908116,0.0017707618898948109,0.08250783477217322,0.04956967018460201,0.03293816458757124,0.0,0.08250783477217322,1.3806471573262034,0.6218303361882744,0.004308133139447839,0.0014876490697199399,0.042214958700840174,0.014190345177970229,0.7941503916702539,4307.351452109993,1945.861777302933,2558.62287826888,1152.379386818987,1766.0686295972625,808.5025455639536,3.638793027974112,2.5177112884981003,0.0029606848790268,0.0012797555887250336,advance_eq19_20,0.0,0.0,0.0,0.0,,,103.73019523740956,4.2161677688462294e-16,a1_station_hull_matched_sweep_free_surface_marching_not_benchmark_validated,41,8,24,10,3.0,2,16,15.0,False,none,0.0,1.0,0.0,1.0,trapezoid,1.0,1.0,-1.0,1.0,1.0,1.0,1.0,True,False,True,3.0,11,9,40,True,True,True,True,A1_GRID_RECOMMENDED,"A1 Section 3.3 recommends control radius about 3B, inner free-surface panels greater than 10, outer/free-surface proxy panels greater than 8, and roughly 60 stations at Fn=0.2 or 40 at Fn=0.3."
42,st41_bp8_fs24_cp10_r3p0_h2_fsm_clipfs_onezonefs_noend_pr1p0_pl1p0_pf1p0_pm1p0_dt1p0_fv0p0_hr1p0_hqtrapezoid_hp1p0_hc1p0_cim1p0_cp1p0_cn1p0_cd1p0_pg1p0,A55,OK,diagnostic_matched_wigley_sensitivity_not_hard_gate,wigley_iii,Fn0.4,0.4,2.1696064159197173,1.0,1.808005346599764,0.063,719.5500000000001,31,32,7,2.4,0.6000000000000001,0.07500000000000018,-0.8664999999999999,0.8664999999999998,0.06699999999999995,0.06700000000000006,pitch,pitch_moment,-0.8999999999999999,156.20563333166848,229.65758278880432,11.715422499875164,17.224318709160364,0.004980782266003383,0.0032356809821749875,0.0017451012838283957,0.08739796940691773,0.05270187323248491,0.034696096174432846,0.0,0.08739796940691773,1.3848407574560728,0.6292102784552772,0.003836892844085752,0.0013258609718024372,0.03763312124260578,0.012648884418056531,0.7640299450346657,4231.857120372802,1932.4565254416848,2566.3944810115927,1166.0559362722342,1699.0853774695495,793.9930578030928,3.4644446110571825,2.3996380459237527,0.0026141283604295077,0.0011283872102549576,advance_eq19_20,0.0,0.0,0.0,0.0,,,102.63663006147284,4.1510828026780903e-16,a1_station_hull_matched_sweep_free_surface_marching_not_benchmark_validated,41,8,24,10,3.0,2,16,15.0,False,none,0.0,1.0,0.0,1.0,trapezoid,1.0,1.0,-1.0,1.0,1.0,1.0,1.0,True,False,True,3.0,11,9,40,True,True,True,True,A1_GRID_RECOMMENDED,"A1 Section 3.3 recommends control radius about 3B, inner free-surface panels greater than 10, outer/free-surface proxy panels greater than 8, and roughly 60 stations at Fn=0.2 or 40 at Fn=0.3."
42,st41_bp8_fs24_cp10_r3p0_h2_fsm_clipfs_onezonefs_noend_pr1p0_pl1p0_pf1p0_pm1p0_dt1p0_fv0p0_hr1p0_hqtrapezoid_hp1p0_hc1p0_cim1p0_cp1p0_cn1p0_cd1p0_pg1p0,A55,OK,diagnostic_matched_wigley_sensitivity_not_hard_gate,wigley_iii,Fn0.4,0.4,2.1696064159197173,1.0,1.808005346599764,0.063,719.5500000000001,32,33,6,2.475,0.5249999999999999,0.07499999999999996,-0.866109375,0.866109375,0.06778124999999988,0.06778125000000013,pitch,pitch_moment,-0.9750000000000001,150.91125866009074,222.47345072441146,11.318344399506799,16.68550880433085,0.004811965515215766,0.003356999500107214,0.0014549660151085516,0.09229434329752731,0.05599821347362601,0.036296129823901326,0.0,0.09229434329752731,1.3906655742732543,0.6397585623433181,0.0033939669420357086,0.0011722277630632745,0.03321895494573057,0.011125822490033308,0.7612631418707493,4187.064256297669,1952.164718009092,2577.1890634587317,1185.6040737809399,1692.932431726129,837.9261391973021,3.257483413273078,2.2594500906031225,0.0023407570075089884,0.0010059459998789805,advance_eq19_20,0.0,0.0,0.0,0.0,,,101.4760582021312,3.6770026508204936e-16,a1_station_hull_matched_sweep_free_surface_marching_not_benchmark_validated,41,8,24,10,3.0,2,16,15.0,False,none,0.0,1.0,0.0,1.0,trapezoid,1.0,1.0,-1.0,1.0,1.0,1.0,1.0,True,False,True,3.0,11,9,40,True,True,True,True,A1_GRID_RECOMMENDED,"A1 Section 3.3 recommends control radius about 3B, inner free-surface panels greater than 10, outer/free-surface proxy panels greater than 8, and roughly 60 stations at Fn=0.2 or 40 at Fn=0.3."
42,st41_bp8_fs24_cp10_r3p0_h2_fsm_clipfs_onezonefs_noend_pr1p0_pl1p0_pf1p0_pm1p0_dt1p0_fv0p0_hr1p0_hqtrapezoid_hp1p0_hc1p0_cim1p0_cp1p0_cn1p0_cd1p0_pg1p0,A55,OK,diagnostic_matched_wigley_sensitivity_not_hard_gate,wigley_iii,Fn0.4,0.4,2.1696064159197173,1.0,1.808005346599764,0.063,719.5500000000001,33,34,5,2.55,0.4500000000000002,0.07499999999999996,-0.8656874999999999,0.8656874999999999,0.06862499999999994,0.06862500000000005,pitch,pitch_moment,-1.0499999999999998,124.70022852348148,228.05670998828523,9.352517139261106,17.10425324912138,0.003976199023997708,0.003389887051006736,0.0005863119729909717,0.09668842556713404,0.05937165674918298,0.03731676881795108,0.0,0.09668842556713404,1.4044159580751825,0.6582811894235691,0.0030781295268178348,0.0010567730056731557,0.02945038180244685,0.009755278655501999,0.8785827709431341,4281.655505930982,2108.8897978353775,2602.671350076209,1219.9303077949617,1953.8332871736156,1117.0597935521478,3.018028149503961,2.0973615926513793,0.002451307317666313,0.0010453315001992085,advance_eq19_20,0.0,0.0,0.0,0.0,,,100.2548122089833,5.688201652716564e-16,a1_station_hull_matched_sweep_free_surface_marching_not_benchmark_validated,41,8,24,10,3.0,2,16,15.0,False,none,0.0,1.0,0.0,1.0,trapezoid,1.0,1.0,-1.0,1.0,1.0,1.0,1.0,True,False,True,3.0,11,9,40,True,True,True,True,A1_GRID_RECOMMENDED,"A1 Section 3.3 recommends control radius about 3B, inner free-surface panels greater than 10, outer/free-surface proxy panels greater than 8, and roughly 60 stations at Fn=0.2 or 40 at Fn=0.3."
42,st41_bp8_fs24_cp10_r3p0_h2_fsm_clipfs_onezonefs_noend_pr1p0_pl1p0_pf1p0_pm1p0_dt1p0_fv0p0_hr1p0_hqtrapezoid_hp1p0_hc1p0_cim1p0_cp1p0_cn1p0_cd1p0_pg1p0,A55,OK,diagnostic_matched_wigley_sensitivity_not_hard_gate,wigley_iii,Fn0.4,0.4,2.1696064159197173,1.0,1.808005346599764,0.063,719.5500000000001,34,35,4,2.625,0.375,0.07499999999999996,-0.8652343749999999,0.8652343749999999,0.06953124999999993,0.06953125000000009,pitch,pitch_moment,-1.125,41.26852190425536,288.661101570801,3.09513914281915,21.64958261781006,0.0013158905838462766,0.0033579048315693742,-0.0020420142477230977,0.09933447037105604,0.06274555269047105,0.03658891768058502,0.0,0.09933447037105604,1.4451195890678994,0.6983839848849415,0.003226510416785457,0.001212937310238126,0.02720008314462774,0.009056659962367609,1.64835156642624,5338.874786629826,3057.098919784042,2678.1035420985863,1294.2490281179134,3665.6809875649287,2407.728354991499,2.7530617490258287,1.918553024111294,0.004368425675172736,0.0018396777147197327,advance_eq19_20,0.0,0.0,0.0,0.0,,,98.98004886155589,4.95848764721321e-16,a1_station_hull_matched_sweep_free_surface_marching_not_benchmark_validated,41,8,24,10,3.0,2,16,15.0,False,none,0.0,1.0,0.0,1.0,trapezoid,1.0,1.0,-1.0,1.0,1.0,1.0,1.0,True,False,True,3.0,11,9,40,True,True,True,True,A1_GRID_RECOMMENDED,"A1 Section 3.3 recommends control radius about 3B, inner free-surface panels greater than 10, outer/free-surface proxy panels greater than 8, and roughly 60 stations at Fn=0.2 or 40 at Fn=0.3."
42,st41_bp8_fs24_cp10_r3p0_h2_fsm_clipfs_onezonefs_noend_pr1p0_pl1p0_pf1p0_pm1p0_dt1p0_fv0p0_hr1p0_hqtrapezoid_hp1p0_hc1p0_cim1p0_cp1p0_cn1p0_cd1p0_pg1p0,A55,OK,diagnostic_matched_wigley_sensitivity_not_hard_gate,wigley_iii,Fn0.4,0.4,2.1696064159197173,1.0,1.808005346599764,0.063,719.5500000000001,35,36,3,2.6999999999999997,0.30000000000000027,0.07499999999999996,-0.8647499999999999,0.8647499999999999,0.0704999999999999,0.07050000000000001,pitch,pitch_moment,-1.1999999999999997,-422.50964532182013,767.3664135033904,-31.68822339913649,57.55248101275424,-0.01347216808862457,0.0033891321287108835,-0.016861300217335454,0.09325633161866691,0.06611907117061117,0.02713726044805577,0.0,0.09325633161866691,1.5909758882278309,0.8132078109090298,0.003324854911093579,0.0015188392793821922,0.03220443352240141,0.011301485936101566,7.943012302566021,18207.176531690176,11809.248596270658,2948.4052350329075,1507.0411717707216,17664.040714710896,11583.633850731982,2.5039674816438877,1.7527768187565445,0.0003810613542466188,0.00017705689516282904,advance_eq19_20,0.0,0.0,0.0,0.0,,,97.66111149943443,5.811622022576651e-16,a1_station_hull_matched_sweep_free_surface_marching_not_benchmark_validated,41,8,24,10,3.0,2,16,15.0,False,none,0.0,1.0,0.0,1.0,trapezoid,1.0,1.0,-1.0,1.0,1.0,1.0,1.0,True,False,True,3.0,11,9,40,True,True,True,True,A1_GRID_RECOMMENDED,"A1 Section 3.3 recommends control radius about 3B, inner free-surface panels greater than 10, outer/free-surface proxy panels greater than 8, and roughly 60 stations at Fn=0.2 or 40 at Fn=0.3."
42,st41_bp8_fs24_cp10_r3p0_h2_fsm_clipfs_onezonefs_noend_pr1p0_pl1p0_pf1p0_pm1p0_dt1p0_fv0p0_hr1p0_hqtrapezoid_hp1p0_hc1p0_cim1p0_cp1p0_cn1p0_cd1p0_pg1p0,A55,OK,diagnostic_matched_wigley_sensitivity_not_hard_gate,wigley_iii,Fn0.4,0.4,2.1696064159197173,1.0,1.808005346599764,0.063,719.5500000000001,36,37,2,2.775,0.2250000000000001,0.07500000000000018,-0.8642343749999999,0.8642343749999999,0.07153124999999994,0.07153125000000005,pitch,pitch_moment,-1.275,1179.367657263785,-939.255542730526,88.45257429478409,-70.44416570478963,0.0376053884044303,0.004628553224059212,0.03297683518037108,0.10532294177656976,0.07012791384699622,0.035195027929573554,0.0,0.10532294177656976,2.564645188914833,1.4771199807707511,0.008437453068469408,0.0043160343808430505,0.07365486049994269,0.027895096141366683,16.50972353954161,37065.15689930866,23519.2252251883,4752.8145190316145,2737.40684337293,36715.09216936151,23354.27574846939,2.6611479389303865,1.8780128519433235,0.002990449994295034,0.0012388603732678455,advance_eq19_20,0.0,0.0,0.0,0.0,,,96.3146992237131,1.1726818506095219e-15,a1_station_hull_matched_sweep_free_surface_marching_not_benchmark_validated,41,8,24,10,3.0,2,16,15.0,False,none,0.0,1.0,0.0,1.0,trapezoid,1.0,1.0,-1.0,1.0,1.0,1.0,1.0,True,False,True,3.0,11,9,40,True,True,True,True,A1_GRID_RECOMMENDED,"A1 Section 3.3 recommends control radius about 3B, inner free-surface panels greater than 10, outer/free-surface proxy panels greater than 8, and roughly 60 stations at Fn=0.2 or 40 at Fn=0.3."
42,st41_bp8_fs24_cp10_r3p0_h2_fsm_clipfs_onezonefs_noend_pr1p0_pl1p0_pf1p0_pm1p0_dt1p0_fv0p0_hr1p0_hqtrapezoid_hp1p0_hc1p0_cim1p0_cp1p0_cn1p0_cd1p0_pg1p0,A55,OK,diagnostic_matched_wigley_sensitivity_not_hard_gate,wigley_iii,Fn0.4,0.4,2.1696064159197173,1.0,1.808005346599764,0.063,719.5500000000001,37,38,1,2.85,0.1499999999999999,0.07499999999999996,-0.8636874999999999,0.8636874999999999,0.07262499999999994,0.07262500000000005,pitch,pitch_moment,-1.35,550.9753752095198,-626.4966491492353,41.32315314071396,-46.987248686192615,0.01756843411672121,-0.0011061201254755262,0.018674554242196738,0.13290985303714553,0.07188913039628807,0.0610207226408575,0.0,0.13290985303714553,1.0820293975651663,0.762733553377089,0.009163147608210846,0.004787172653968196,0.06663995363919396,0.0267226496123688,14.908231498560529,33165.17129911003,23273.701622235916,2005.2228093753406,1413.5020011002337,33153.619577025675,23266.390020191495,0.5305021923163609,0.2522616002417085,0.0003051762932463745,0.00012384626245968473,advance_eq19_20,0.0,0.0,0.0,0.0,,,94.99248929002074,6.223620764532125e-16,a1_station_hull_matched_sweep_free_surface_marching_not_benchmark_validated,41,8,24,10,3.0,2,16,15.0,False,none,0.0,1.0,0.0,1.0,trapezoid,1.0,1.0,-1.0,1.0,1.0,1.0,1.0,True,False,True,3.0,11,9,40,True,True,True,True,A1_GRID_RECOMMENDED,"A1 Section 3.3 recommends control radius about 3B, inner free-surface panels greater than 10, outer/free-surface proxy panels greater than 8, and roughly 60 stations at Fn=0.2 or 40 at Fn=0.3."
42,st41_bp8_fs24_cp10_r3p0_h2_fsm_clipfs_onezonefs_noend_pr1p0_pl1p0_pf1p0_pm1p0_dt1p0_fv0p0_hr1p0_hqtrapezoid_hp1p0_hc1p0_cim1p0_cp1p0_cn1p0_cd1p0_pg1p0,A55,OK,diagnostic_matched_wigley_sensitivity_not_hard_gate,wigley_iii,Fn0.4,0.4,2.1696064159197173,1.0,1.808005346599764,0.063,719.5500000000001,38,39,0,2.925,0.07500000000000018,0.03749999999999987,-0.8631093749999998,0.8631093749999998,0.07378124999999991,0.07378125000000002,pitch,pitch_moment,-1.4249999999999998,-1302.8997364214579,1493.313197190803,-48.858740115804494,55.999244894654915,-0.02077216987357137,0.0002701186140182388,-0.021042288487589614,0.12092190022193476,0.07160618894756855,0.04931571127436623,0.0,0.12092190022193476,1.2599848488532002,0.7346438802207268,0.0014313381846436683,0.0007675015609595167,0.007933194361182757,0.0035894596106624908,53.00023796018038,117870.98989902191,63027.68983765973,2335.0108269453135,1361.4460648680174,117864.39773177105,63020.89170313307,0.7008192414755099,0.4942801975917471,0.0,0.0,initialize_eq21_22,0.0,0.0,0.0,0.0,,,113.95001957184003,8.5024427923684295e-16,a1_station_hull_matched_sweep_free_surface_marching_not_benchmark_validated,41,8,24,10,3.0,2,16,15.0,False,none,0.0,1.0,0.0,1.0,trapezoid,1.0,1.0,-1.0,1.0,1.0,1.0,1.0,True,False,True,3.0,11,9,40,True,True,True,True,A1_GRID_RECOMMENDED,"A1 Section 3.3 recommends control radius about 3B, inner free-surface panels greater than 10, outer/free-surface proxy panels greater than 8, and roughly 60 stations at Fn=0.2 or 40 at Fn=0.3."
42,st41_bp8_fs24_cp10_r3p0_h2_fsm_clipfs_onezonefs_noend_pr1p0_pl1p0_pf1p0_pm1p0_dt1p0_fv0p0_hr1p0_hqtrapezoid_hp1p0_hc1p0_ci1p0_cp1p0_cnm1p0_cd1p0_pg1p0,A55,OK,diagnostic_matched_wigley_sensitivity_not_hard_gate,wigley_iii,Fn0.4,0.4,2.1696064159197173,1.0,1.808005346599764,0.063,719.5500000000001,0,1,38,0.075,2.925,0.0375,-0.8631093749999998,0.8631093749999998,0.07378124999999991,0.07378125000000002,pitch,pitch_moment,1.425,8544.793081070868,-4790.1398876759795,320.4297405401575,-179.63024578784922,0.1362298943294182,0.0010403752706812806,0.1351895190587369,0.0,0.0,0.0,0.0,0.0,8.836903226187989,5.178955029082895,10.616284324927284,6.730396948742934,64.77923480771094,45.76660159360524,265.5686674271695,590772.4734317092,275831.0757522458,16376.597487340903,9597.667841941151,590583.9718351674,275608.2588375194,102.70039965991855,49.478137972270844,3.771876290076989,1.991183061744167,advance_eq19_20,0.0,0.0,0.0,0.0,,,690.6987294891596,5.5840834546327545e-15,a1_station_hull_matched_sweep_free_surface_marching_not_benchmark_validated,41,8,24,10,3.0,2,16,15.0,False,none,0.0,1.0,0.0,1.0,trapezoid,1.0,1.0,1.0,1.0,-1.0,1.0,1.0,True,False,True,3.0,11,9,40,True,True,True,True,A1_GRID_RECOMMENDED,"A1 Section 3.3 recommends control radius about 3B, inner free-surface panels greater than 10, outer/free-surface proxy panels greater than 8, and roughly 60 stations at Fn=0.2 or 40 at Fn=0.3."
42,st41_bp8_fs24_cp10_r3p0_h2_fsm_clipfs_onezonefs_noend_pr1p0_pl1p0_pf1p0_pm1p0_dt1p0_fv0p0_hr1p0_hqtrapezoid_hp1p0_hc1p0_ci1p0_cp1p0_cnm1p0_cd1p0_pg1p0,A55,OK,diagnostic_matched_wigley_sensitivity_not_hard_gate,wigley_iii,Fn0.4,0.4,2.1696064159197173,1.0,1.808005346599764,0.063,719.5500000000001,1,2,37,0.15,2.85,0.07499999999999998,-0.8636874999999999,0.8636874999999999,0.07262499999999991,0.07262500000000005,pitch,pitch_moment,1.35,512.6980331237122,-8.908021603100146,38.45235248427841,-0.6681016202325107,0.016347920473362854,-0.004898429003687522,0.021246349477050383,0.14440385456609964,-0.0014088392311624807,0.1458126937972621,0.0,0.14440385456609964,6.514349442113821,4.5923744415780705,10.169286892722177,6.107678803585412,57.98702103504283,40.97783951409909,52.78527081425419,117419.64157331878,58709.65212590415,12072.428086485,8510.613482560288,117386.34378028233,58791.62685099624,94.87135290261776,44.79571371844954,3.332639032375717,1.7800887850881102,advance_eq19_20,0.0,0.0,0.0,0.0,,,467.1647912208976,5.7503679519441966e-15,a1_station_hull_matched_sweep_free_surface_marching_not_benchmark_validated,41,8,24,10,3.0,2,16,15.0,False,none,0.0,1.0,0.0,1.0,trapezoid,1.0,1.0,1.0,1.0,-1.0,1.0,1.0,True,False,True,3.0,11,9,40,True,True,True,True,A1_GRID_RECOMMENDED,"A1 Section 3.3 recommends control radius about 3B, inner free-surface panels greater than 10, outer/free-surface proxy panels greater than 8, and roughly 60 stations at Fn=0.2 or 40 at Fn=0.3."
42,st41_bp8_fs24_cp10_r3p0_h2_fsm_clipfs_onezonefs_noend_pr1p0_pl1p0_pf1p0_pm1p0_dt1p0_fv0p0_hr1p0_hqtrapezoid_hp1p0_hc1p0_ci1p0_cp1p0_cnm1p0_cd1p0_pg1p0,A55,OK,diagnostic_matched_wigley_sensitivity_not_hard_gate,wigley_iii,Fn0.4,0.4,2.1696064159197173,1.0,1.808005346599764,0.063,719.5500000000001,2,3,36,0.22499999999999998,2.775,0.075,-0.8642343749999999,0.8642343749999999,0.07153124999999994,0.07153125000000006,pitch,pitch_moment,1.275,-3393.1252294343726,2976.26566974283,-254.48439220757794,223.21992523071225,-0.1081933961575573,0.006633278574609248,-0.11482667473216657,0.09848111672400243,-0.0005414144457016186,0.09902253116970401,0.0,0.09848111672400243,4.0810026035546585,2.379839268417314,8.380670220833792,5.452614515938813,53.0786977373085,37.47154490434318,55.23388948460262,122601.8656568536,84486.09351868724,7562.936389882239,4410.33117438024,122831.69602704431,84761.70798982115,83.8812588427242,40.12688996230848,3.0365180442194295,1.6188087056352187,advance_eq19_20,0.0,0.0,0.0,0.0,,,461.5326042201192,5.158814111608582e-15,a1_station_hull_matched_sweep_free_surface_marching_not_benchmark_validated,41,8,24,10,3.0,2,16,15.0,False,none,0.0,1.0,0.0,1.0,trapezoid,1.0,1.0,1.0,1.0,-1.0,1.0,1.0,True,False,True,3.0,11,9,40,True,True,True,True,A1_GRID_RECOMMENDED,"A1 Section 3.3 recommends control radius about 3B, inner free-surface panels greater than 10, outer/free-surface proxy panels greater than 8, and roughly 60 stations at Fn=0.2 or 40 at Fn=0.3."
42,st41_bp8_fs24_cp10_r3p0_h2_fsm_clipfs_onezonefs_noend_pr1p0_pl1p0_pf1p0_pm1p0_dt1p0_fv0p0_hr1p0_hqtrapezoid_hp1p0_hc1p0_ci1p0_cp1p0_cnm1p0_cd1p0_pg1p0,A55,OK,diagnostic_matched_wigley_sensitivity_not_hard_gate,wigley_iii,Fn0.4,0.4,2.1696064159197173,1.0,1.808005346599764,0.063,719.5500000000001,3,4,35,0.3,2.7,0.07500000000000001,-0.8647499999999999,0.8647499999999999,0.0704999999999999,0.07050000000000001,pitch,pitch_moment,1.2,1845.845715279128,-789.579785331441,138.4384286459346,-59.218483899858086,0.058856748046465526,0.005196694260407071,0.05366005378605846,0.07381279266845654,0.005373571971806541,0.06843922069664997,0.0,0.07381279266845654,2.233399566710116,1.1685720702024716,7.666121692826983,4.958572070376948,48.10473083243423,33.9702136222919,17.39541755521472,40340.713331356485,24745.57644407431,4138.948316648123,2165.604164583554,38684.73977378124,23984.84637603381,76.9800538823795,36.462230776400844,2.754746686562437,1.4682652919740042,advance_eq19_20,0.0,0.0,0.0,0.0,,,463.56398367166815,3.5888836925574975e-15,a1_station_hull_matched_sweep_free_surface_marching_not_benchmark_validated,41,8,24,10,3.0,2,16,15.0,False,none,0.0,1.0,0.0,1.0,trapezoid,1.0,1.0,1.0,1.0,-1.0,1.0,1.0,True,False,True,3.0,11,9,40,True,True,True,True,A1_GRID_RECOMMENDED,"A1 Section 3.3 recommends control radius about 3B, inner free-surface panels greater than 10, outer/free-surface proxy panels greater than 8, and roughly 60 stations at Fn=0.2 or 40 at Fn=0.3."
42,st41_bp8_fs24_cp10_r3p0_h2_fsm_clipfs_onezonefs_noend_pr1p0_pl1p0_pf1p0_pm1p0_dt1p0_fv0p0_hr1p0_hqtrapezoid_hp1p0_hc1p0_ci1p0_cp1p0_cnm1p0_cd1p0_pg1p0,A55,OK,diagnostic_matched_wigley_sensitivity_not_hard_gate,wigley_iii,Fn0.4,0.4,2.1696064159197173,1.0,1.808005346599764,0.063,719.5500000000001,4,5,34,0.375,2.625,0.07499999999999998,-0.8652343749999999,0.8652343749999999,0.06953124999999993,0.06953125000000009,pitch,pitch_moment,1.125,964.5095375508839,-288.68788005923767,72.33821531631628,-21.65159100444282,0.030754409412522825,0.0049167298035740275,0.0258376796089488,0.11861837139795071,0.01043028400379709,0.10818808739415361,0.0,0.11861837139795071,1.6662733479205758,0.8243103360532534,6.960339538627008,4.498135280896234,43.61751479533197,30.802534625607837,7.002457271356198,17516.682118795943,9554.601728779779,3087.946899985517,1527.6164322127736,15572.390628716532,8690.56470866589,70.32880315046351,33.0648706262547,2.497019806806101,1.330931928238866,advance_eq19_20,0.0,0.0,0.0,0.0,,,465.55753958209425,5.69852022553875e-15,a1_station_hull_matched_sweep_free_surface_marching_not_benchmark_validated,41,8,24,10,3.0,2,16,15.0,False,none,0.0,1.0,0.0,1.0,trapezoid,1.0,1.0,1.0,1.0,-1.0,1.0,1.0,True,False,True,3.0,11,9,40,True,True,True,True,A1_GRID_RECOMMENDED,"A1 Section 3.3 recommends control radius about 3B, inner free-surface panels greater than 10, outer/free-surface proxy panels greater than 8, and roughly 60 stations at Fn=0.2 or 40 at Fn=0.3."
42,st41_bp8_fs24_cp10_r3p0_h2_fsm_clipfs_onezonefs_noend_pr1p0_pl1p0_pf1p0_pm1p0_dt1p0_fv0p0_hr1p0_hqtrapezoid_hp1p0_hc1p0_ci1p0_cp1p0_cnm1p0_cd1p0_pg1p0,A55,OK,diagnostic_matched_wigley_sensitivity_not_hard_gate,wigley_iii,Fn0.4,0.4,2.1696064159197173,1.0,1.808005346599764,0.063,719.5500000000001,5,6,33,0.44999999999999996,2.55,0.07500000000000001,-0.8656874999999999,0.8656874999999999,0.06862499999999994,0.06862500000000005,pitch,pitch_moment,1.05,711.2066456064587,-198.5691083819329,53.34049842048441,-14.892683128644968,0.022677578089510746,0.004734776907973166,0.017942801181537578,0.1453343651489675,0.015256037359570682,0.1300783277893968,0.0,0.1453343651489675,1.3744498404042031,0.6565339290902681,6.311014563083372,4.078288042953553,39.54404031234586,27.925746397538298,4.45761824497703,11862.876502889763,6020.881820798624,2547.137976586091,1216.6922753698389,9913.059072623526,5154.036071536528,64.17931837380254,29.97065941960409,2.262590820881728,1.2060179136947478,advance_eq19_20,0.0,0.0,0.0,0.0,,,467.4627559098952,2.840337864703391e-15,a1_station_hull_matched_sweep_free_surface_marching_not_benchmark_validated,41,8,24,10,3.0,2,16,15.0,False,none,0.0,1.0,0.0,1.0,trapezoid,1.0,1.0,1.0,1.0,-1.0,1.0,1.0,True,False,True,3.0,11,9,40,True,True,True,True,A1_GRID_RECOMMENDED,"A1 Section 3.3 recommends control radius about 3B, inner free-surface panels greater than 10, outer/free-surface proxy panels greater than 8, and roughly 60 stations at Fn=0.2 or 40 at Fn=0.3."
42,st41_bp8_fs24_cp10_r3p0_h2_fsm_clipfs_onezonefs_noend_pr1p0_pl1p0_pf1p0_pm1p0_dt1p0_fv0p0_hr1p0_hqtrapezoid_hp1p0_hc1p0_ci1p0_cp1p0_cnm1p0_cd1p0_pg1p0,A55,OK,diagnostic_matched_wigley_sensitivity_not_hard_gate,wigley_iii,Fn0.4,0.4,2.1696064159197173,1.0,1.808005346599764,0.063,719.5500000000001,6,7,32,0.525,2.475,0.07500000000000001,-0.866109375,0.866109375,0.0677812499999999,0.06778125000000006,pitch,pitch_moment,0.975,574.756728367718,-178.6683245612114,43.10675462757885,-13.400124342090857,0.01832672778094788,0.004508627058586996,0.013818100722360881,0.16583651808419683,0.019877739342850767,0.14595877874134605,0.0,0.16583651808419683,1.1973278484127121,0.5578331577261406,5.720122433412974,3.6964549069349273,35.84065485442546,25.31007729549148,3.314772062615376,9258.860413390303,4502.790604733135,2218.8945303520495,1033.7794649714788,7371.544502720798,3663.8085622880726,58.52582950962629,27.158242442366856,2.049496496223584,1.092391221742543,advance_eq19_20,0.0,0.0,0.0,0.0,,,469.26868604625724,2.4443200670189718e-15,a1_station_hull_matched_sweep_free_surface_marching_not_benchmark_validated,41,8,24,10,3.0,2,16,15.0,False,none,0.0,1.0,0.0,1.0,trapezoid,1.0,1.0,1.0,1.0,-1.0,1.0,1.0,True,False,True,3.0,11,9,40,True,True,True,True,A1_GRID_RECOMMENDED,"A1 Section 3.3 recommends control radius about 3B, inner free-surface panels greater than 10, outer/free-surface proxy panels greater than 8, and roughly 60 stations at Fn=0.2 or 40 at Fn=0.3."
42,st41_bp8_fs24_cp10_r3p0_h2_fsm_clipfs_onezonefs_noend_pr1p0_pl1p0_pf1p0_pm1p0_dt1p0_fv0p0_hr1p0_hqtrapezoid_hp1p0_hc1p0_ci1p0_cp1p0_cnm1p0_cd1p0_pg1p0,A55,OK,diagnostic_matched_wigley_sensitivity_not_hard_gate,wigley_iii,Fn0.4,0.4,2.1696064159197173,1.0,1.808005346599764,0.063,719.5500000000001,7,8,31,0.6,2.4,0.07499999999999996,-0.8664999999999999,0.8664999999999998,0.06699999999999995,0.06700000000000006,pitch,pitch_moment,0.9,479.4454072521193,-178.71443908915995,35.958405543908924,-13.403582931686989,0.015287625234921554,0.004212268712459258,0.011075356522462297,0.18264369459213153,0.024238187228373894,0.1584055073637576,0.0,0.18264369459213153,1.0817710891817829,0.4945195547810767,5.183552091892583,3.349128894330381,32.4692927725881,22.928894138856244,2.6649963609082032,7742.384237109924,3664.2070231363664,2004.7441108636563,916.4463490183796,5926.543033104865,2858.9627971884474,53.33240979738734,24.601037278655728,1.855664216635503,0.9889362872154632,advance_eq19_20,0.0,0.0,0.0,0.0,,,470.9710640470017,2.84004308700248e-15,a1_station_hull_matched_sweep_free_surface_marching_not_benchmark_validated,41,8,24,10,3.0,2,16,15.0,False,none,0.0,1.0,0.0,1.0,trapezoid,1.0,1.0,1.0,1.0,-1.0,1.0,1.0,True,False,True,3.0,11,9,40,True,True,True,True,A1_GRID_RECOMMENDED,"A1 Section 3.3 recommends control radius about 3B, inner free-surface panels greater than 10, outer/free-surface proxy panels greater than 8, and roughly 60 stations at Fn=0.2 or 40 at Fn=0.3."
42,st41_bp8_fs24_cp10_r3p0_h2_fsm_clipfs_onezonefs_noend_pr1p0_pl1p0_pf1p0_pm1p0_dt1p0_fv0p0_hr1p0_hqtrapezoid_hp1p0_hc1p0_ci1p0_cp1p0_cnm1p0_cd1p0_pg1p0,A55,OK,diagnostic_matched_wigley_sensitivity_not_hard_gate,wigley_iii,Fn0.4,0.4,2.1696064159197173,1.0,1.808005346599764,0.063,719.5500000000001,8,9,30,0.6749999999999999,2.325,0.07500000000000001,-0.866859375,0.866859375,0.06628124999999993,0.06628125000000007,pitch,pitch_moment,0.8250000000000001,403.49412049328856,-183.86594610252558,30.262059036996646,-13.78994595768942,0.012865837914580243,0.0038494358509172733,0.009016402063662969,0.19672042616688243,0.02826903951006216,0.16845138665682025,0.0,0.19672042616688243,1.0036899684694705,0.4521199883235632,4.6962107543461755,3.032887178152058,29.396082460460615,20.758342437079552,2.2483431243043337,6752.110210484104,3135.628338531662,1860.0437500543849,837.8712400984657,4999.970159371655,2361.4357681597126,48.55935463258003,22.273485918543376,1.6791522743165204,0.894629211226582,advance_eq19_20,0.0,0.0,0.0,0.0,,,472.56584172229344,1.453215892623031e-15,a1_station_hull_matched_sweep_free_surface_marching_not_benchmark_validated,41,8,24,10,3.0,2,16,15.0,False,none,0.0,1.0,0.0,1.0,trapezoid,1.0,1.0,1.0,1.0,-1.0,1.0,1.0,True,False,True,3.0,11,9,40,True,True,True,True,A1_GRID_RECOMMENDED,"A1 Section 3.3 recommends control radius about 3B, inner free-surface panels greater than 10, outer/free-surface proxy panels greater than 8, and roughly 60 stations at Fn=0.2 or 40 at Fn=0.3."
42,st41_bp8_fs24_cp10_r3p0_h2_fsm_clipfs_onezonefs_noend_pr1p0_pl1p0_pf1p0_pm1p0_dt1p0_fv0p0_hr1p0_hqtrapezoid_hp1p0_hc1p0_ci1p0_cp1p0_cnm1p0_cd1p0_pg1p0,A55,OK,diagnostic_matched_wigley_sensitivity_not_hard_gate,wigley_iii,Fn0.4,0.4,2.1696064159197173,1.0,1.808005346599764,0.063,719.5500000000001,9,10,29,0.75,2.25,0.07500000000000001,-0.8671874999999999,0.8671874999999999,0.06562499999999982,0.0656250000000001,pitch,pitch_moment,0.75,338.6798354426037,-188.26189668489326,25.40098765819528,-14.119642251366997,0.010799165703862407,0.003433916264179133,0.007365249439683278,0.20855292797610372,0.03191071556761036,0.17664221240849337,0.0,0.20855292797610372,0.950162319618882,0.4231788895614908,4.253143148359558,2.744597950880343,26.59095235764544,18.77719500042006,1.9620176029033003,6063.635362744578,2776.2783166336135,1760.8460178587868,784.2374372677095,4363.226128891585,2027.84800342418,44.1689124744607,20.152314091814677,1.5182057099967239,0.808551633818481,advance_eq19_20,0.0,0.0,0.0,0.0,,,474.0481182363453,1.9623789199700504e-15,a1_station_hull_matched_sweep_free_surface_marching_not_benchmark_validated,41,8,24,10,3.0,2,16,15.0,False,none,0.0,1.0,0.0,1.0,trapezoid,1.0,1.0,1.0,1.0,-1.0,1.0,1.0,True,False,True,3.0,11,9,40,True,True,True,True,A1_GRID_RECOMMENDED,"A1 Section 3.3 recommends control radius about 3B, inner free-surface panels greater than 10, outer/free-surface proxy panels greater than 8, and roughly 60 stations at Fn=0.2 or 40 at Fn=0.3."
42,st41_bp8_fs24_cp10_r3p0_h2_fsm_clipfs_onezonefs_noend_pr1p0_pl1p0_pf1p0_pm1p0_dt1p0_fv0p0_hr1p0_hqtrapezoid_hp1p0_hc1p0_ci1p0_cp1p0_cnm1p0_cd1p0_pg1p0,A55,OK,diagnostic_matched_wigley_sensitivity_not_hard_gate,wigley_iii,Fn0.4,0.4,2.1696064159197173,1.0,1.808005346599764,0.063,719.5500000000001,10,11,28,0.825,2.175,0.07499999999999996,-0.8674843749999999,0.8674843749999999,0.06503124999999987,0.0650312500000001,pitch,pitch_moment,0.675,281.45483384586765,-189.26447175250888,21.109112538440062,-14.194835381438157,0.008974485844078799,0.0029831144047438914,0.005991371439334907,0.21843975375007432,0.03511923090207188,0.1833205228480025,0.0,0.21843975375007432,0.9135791059235978,0.4034075536887753,3.849818483566747,2.481455170666007,24.027273229061425,16.966635772835687,1.7566150971015118,5567.293674371289,2520.711504341957,1693.0498057529896,747.5970892762381,3906.4424695971984,1792.3365023233957,40.12672549276447,18.216709422708494,1.3712601415300696,0.7298873287972736,advance_eq19_20,0.0,0.0,0.0,0.0,,,475.4122985160682,2.173680901455104e-15,a1_station_hull_matched_sweep_free_surface_marching_not_benchmark_validated,41,8,24,10,3.0,2,16,15.0,False,none,0.0,1.0,0.0,1.0,trapezoid,1.0,1.0,1.0,1.0,-1.0,1.0,1.0,True,False,True,3.0,11,9,40,True,True,True,True,A1_GRID_RECOMMENDED,"A1 Section 3.3 recommends control radius about 3B, inner free-surface panels greater than 10, outer/free-surface proxy panels greater than 8, and roughly 60 stations at Fn=0.2 or 40 at Fn=0.3."
42,st41_bp8_fs24_cp10_r3p0_h2_fsm_clipfs_onezonefs_noend_pr1p0_pl1p0_pf1p0_pm1p0_dt1p0_fv0p0_hr1p0_hqtrapezoid_hp1p0_hc1p0_ci1p0_cp1p0_cnm1p0_cd1p0_pg1p0,A55,OK,diagnostic_matched_wigley_sensitivity_not_hard_gate,wigley_iii,Fn0.4,0.4,2.1696064159197173,1.0,1.808005346599764,0.063,719.5500000000001,11,12,27,0.8999999999999999,2.1,0.07500000000000001,-0.8677499999999999,0.8677499999999999,0.06449999999999989,0.0645,pitch,pitch_moment,0.6000000000000001,230.2032021374786,-185.67535305551604,17.2652401603109,-13.925651479163704,0.007340273217605448,0.002515386384196754,0.004824886833408693,0.22659713328091646,0.037868481296542196,0.18872865198437427,0.0,0.22659713328091646,0.8892262605169462,0.39017078835825625,3.4821871216990106,2.240965485555402,21.68149700416961,15.310017420988618,1.6050178930684567,5201.75388386831,2333.9660432618034,1647.918979185342,723.0666432247415,3569.3135464289517,1620.290935430906,36.40206318348648,16.448197468500425,1.2369292537145855,0.6579136313271216,advance_eq19_20,0.0,0.0,0.0,0.0,,,476.65246731613325,1.3683737635089065e-15,a1_station_hull_matched_sweep_free_surface_marching_not_benchmark_validated,41,8,24,10,3.0,2,16,15.0,False,none,0.0,1.0,0.0,1.0,trapezoid,1.0,1.0,1.0,1.0,-1.0,1.0,1.0,True,False,True,3.0,11,9,40,True,True,True,True,A1_GRID_RECOMMENDED,"A1 Section 3.3 recommends control radius about 3B, inner free-surface panels greater than 10, outer/free-surface proxy panels greater than 8, and roughly 60 stations at Fn=0.2 or 40 at Fn=0.3."
42,st41_bp8_fs24_cp10_r3p0_h2_fsm_clipfs_onezonefs_noend_pr1p0_pl1p0_pf1p0_pm1p0_dt1p0_fv0p0_hr1p0_hqtrapezoid_hp1p0_hc1p0_ci1p0_cp1p0_cnm1p0_cd1p0_pg1p0,A55,OK,diagnostic_matched_wigley_sensitivity_not_hard_gate,wigley_iii,Fn0.4,0.4,2.1696064159197173,1.0,1.808005346599764,0.063,719.5500000000001,12,13,26,0.975,2.025,0.07500000000000007,-0.8679843749999999,0.8679843749999999,0.06403124999999998,0.0640312500000001,pitch,pitch_moment,0.525,184.1983137452278,-177.04452165899056,13.814873530892099,-13.278339124424305,0.005873358565641156,0.0020487274316482638,0.0038246311339928916,0.23320394917253978,0.04015053820446471,0.19305341096807507,0.0,0.23320394917253978,0.8741026911940398,0.38178641058205065,3.146664277373965,2.02092117499755,19.532811502211604,13.792622331957569,1.4908250399903575,4929.254645218615,2195.342283814327,1619.891897634968,707.5286683812673,3315.3661610712693,1491.586402728342,32.96766644612198,14.830431026936258,1.1139875904193985,0.5919917028567998,advance_eq19_20,0.0,0.0,0.0,0.0,,,477.76272938128045,1.2917263191977508e-15,a1_station_hull_matched_sweep_free_surface_marching_not_benchmark_validated,41,8,24,10,3.0,2,16,15.0,False,none,0.0,1.0,0.0,1.0,trapezoid,1.0,1.0,1.0,1.0,-1.0,1.0,1.0,True,False,True,3.0,11,9,40,True,True,True,True,A1_GRID_RECOMMENDED,"A1 Section 3.3 recommends control radius about 3B, inner free-surface panels greater than 10, outer/free-surface proxy panels greater than 8, and roughly 60 stations at Fn=0.2 or 40 at Fn=0.3."
42,st41_bp8_fs24_cp10_r3p0_h2_fsm_clipfs_onezonefs_noend_pr1p0_pl1p0_pf1p0_pm1p0_dt1p0_fv0p0_hr1p0_hqtrapezoid_hp1p0_hc1p0_ci1p0_cp1p0_cnm1p0_cd1p0_pg1p0,A55,OK,diagnostic_matched_wigley_sensitivity_not_hard_gate,wigley_iii,Fn0.4,0.4,2.1696064159197173,1.0,1.808005346599764,0.063,719.5500000000001,13,14,25,1.05,1.95,0.07500000000000001,-0.8681874999999999,0.8681874999999999,0.06362499999999982,0.0636250000000001,pitch,pitch_moment,0.44999999999999996,143.14683021448238,-163.3566633670846,10.73601226608618,-12.251749752531346,0.004564388480491134,0.0016000317794208061,0.002964356701070327,0.2384228226956059,0.04197491780999924,0.19644790488560668,0.0,0.2384228226956059,0.8662667198011129,0.3771561538813431,2.840090384903679,1.8193701415805237,17.56282299659401,12.401440328358168,1.4033651007101888,4724.849995999795,2091.591954648953,1605.370232506398,698.9478512884834,3120.8686745381115,1393.5627697356513,29.799466940646493,13.348963631006717,1.001352848926738,0.5315570682645112,advance_eq19_20,0.0,0.0,0.0,0.0,,,478.7374711729425,1.3370909197035573e-15,a1_station_hull_matched_sweep_free_surface_marching_not_benchmark_validated,41,8,24,10,3.0,2,16,15.0,False,none,0.0,1.0,0.0,1.0,trapezoid,1.0,1.0,1.0,1.0,-1.0,1.0,1.0,True,False,True,3.0,11,9,40,True,True,True,True,A1_GRID_RECOMMENDED,"A1 Section 3.3 recommends control radius about 3B, inner free-surface panels greater than 10, outer/free-surface proxy panels greater than 8, and roughly 60 stations at Fn=0.2 or 40 at Fn=0.3."
42,st41_bp8_fs24_cp10_r3p0_h2_fsm_clipfs_onezonefs_noend_pr1p0_pl1p0_pf1p0_pm1p0_dt1p0_fv0p0_hr1p0_hqtrapezoid_hp1p0_hc1p0_ci1p0_cp1p0_cnm1p0_cd1p0_pg1p0,A55,OK,diagnostic_matched_wigley_sensitivity_not_hard_gate,wigley_iii,Fn0.4,0.4,2.1696064159197173,1.0,1.808005346599764,0.063,719.5500000000001,14,15,24,1.125,1.875,0.07499999999999996,-0.8683593749999999,0.8683593749999999,0.06328124999999996,0.06328125000000007,pitch,pitch_moment,0.375,106.96759390383926,-144.87124598509675,8.02256954278794,-10.86534344888225,0.00341077516469618,0.0011846277483324465,0.0022261474163637334,0.24241040451819956,0.04336724757387587,0.1990431569443237,0.0,0.24241040451819956,0.8644423757140686,0.37555096141145944,2.5596859307379334,1.6345870553105717,15.755272528617938,11.124969016948654,1.3353001147000594,4571.179921766225,2013.7192136714416,1601.9893480463988,695.9730998064153,2969.5025884323727,1317.7510959677234,26.876281737586908,11.99103382826891,0.8980693323489707,0.4761109843868054,advance_eq19_20,0.0,0.0,0.0,0.0,,,479.5715522185469,1.1140500626606003e-15,a1_station_hull_matched_sweep_free_surface_marching_not_benchmark_validated,41,8,24,10,3.0,2,16,15.0,False,none,0.0,1.0,0.0,1.0,trapezoid,1.0,1.0,1.0,1.0,-1.0,1.0,1.0,True,False,True,3.0,11,9,40,True,True,True,True,A1_GRID_RECOMMENDED,"A1 Section 3.3 recommends control radius about 3B, inner free-surface panels greater than 10, outer/free-surface proxy panels greater than 8, and roughly 60 stations at Fn=0.2 or 40 at Fn=0.3."
42,st41_bp8_fs24_cp10_r3p0_h2_fsm_clipfs_onezonefs_noend_pr1p0_pl1p0_pf1p0_pm1p0_dt1p0_fv0p0_hr1p0_hqtrapezoid_hp1p0_hc1p0_ci1p0_cp1p0_cnm1p0_cd1p0_pg1p0,A55,OK,diagnostic_matched_wigley_sensitivity_not_hard_gate,wigley_iii,Fn0.4,0.4,2.1696064159197173,1.0,1.808005346599764,0.063,719.5500000000001,15,16,23,1.2,1.8,0.07499999999999996,-0.8684999999999999,0.8684999999999998,0.06299999999999994,0.06300000000000008,pitch,pitch_moment,0.30000000000000004,75.67531425763589,-122.03315727517807,5.675648569322688,-9.15248679563835,0.0024129876444875247,0.0008159594990492574,0.0015970281454382672,0.24532228592279143,0.04436754119756672,0.2009547447252247,0.0,0.24532228592279143,0.8677687220132836,0.37647710544523927,2.3030070615476705,1.4650469080473887,14.095784716159724,9.953036589953433,1.2813696792933484,4455.6857853660695,1955.3365586107318,1608.1537512373627,697.6894350053307,2849.569574293835,1258.2104097779988,24.179519408375164,10.745368138576639,0.803293015844558,0.4252127432713817,advance_eq19_20,0.0,0.0,0.0,0.0,,,480.2604432484979,1.312013831034886e-15,a1_station_hull_matched_sweep_free_surface_marching_not_benchmark_validated,41,8,24,10,3.0,2,16,15.0,False,none,0.0,1.0,0.0,1.0,trapezoid,1.0,1.0,1.0,1.0,-1.0,1.0,1.0,True,False,True,3.0,11,9,40,True,True,True,True,A1_GRID_RECOMMENDED,"A1 Section 3.3 recommends control radius about 3B, inner free-surface panels greater than 10, outer/free-surface proxy panels greater than 8, and roughly 60 stations at Fn=0.2 or 40 at Fn=0.3."
42,st41_bp8_fs24_cp10_r3p0_h2_fsm_clipfs_onezonefs_noend_pr1p0_pl1p0_pf1p0_pm1p0_dt1p0_fv0p0_hr1p0_hqtrapezoid_hp1p0_hc1p0_ci1p0_cp1p0_cnm1p0_cd1p0_pg1p0,A55,OK,diagnostic_matched_wigley_sensitivity_not_hard_gate,wigley_iii,Fn0.4,0.4,2.1696064159197173,1.0,1.808005346599764,0.063,719.5500000000001,16,17,22,1.275,1.725,0.07499999999999996,-0.8686093749999999,0.8686093749999999,0.0627812499999999,0.06278125000000001,pitch,pitch_moment,0.2250000000000001,49.31506846258182,-95.41890948791885,3.698630134693634,-7.15641821159391,0.001572463253765202,0.000505354828636104,0.0010671084251290977,0.24731501137191783,0.0450281983614094,0.2022868130105084,0.0,0.24731501137191783,0.8756351143294925,0.379589011004208,2.0679049246129124,1.3094017837611194,12.571651110966728,8.876648843739064,1.237682309098104,4369.0116007484785,1911.7537969953676,1622.7317925876735,703.4564354412779,2752.4155656568164,1210.619587717103,21.692919434850396,9.602008072429031,0.7162785647253672,0.378473026088066,advance_eq19_20,0.0,0.0,0.0,0.0,,,480.80032593830697,8.33048785166864e-16,a1_station_hull_matched_sweep_free_surface_marching_not_benchmark_validated,41,8,24,10,3.0,2,16,15.0,False,none,0.0,1.0,0.0,1.0,trapezoid,1.0,1.0,1.0,1.0,-1.0,1.0,1.0,True,False,True,3.0,11,9,40,True,True,True,True,A1_GRID_RECOMMENDED,"A1 Section 3.3 recommends control radius about 3B, inner free-surface panels greater than 10, outer/free-surface proxy panels greater than 8, and roughly 60 stations at Fn=0.2 or 40 at Fn=0.3."
42,st41_bp8_fs24_cp10_r3p0_h2_fsm_clipfs_onezonefs_noend_pr1p0_pl1p0_pf1p0_pm1p0_dt1p0_fv0p0_hr1p0_hqtrapezoid_hp1p0_hc1p0_ci1p0_cp1p0_cnm1p0_cd1p0_pg1p0,A55,OK,diagnostic_matched_wigley_sensitivity_not_hard_gate,wigley_iii,Fn0.4,0.4,2.1696064159197173,1.0,1.808005346599764,0.063,719.5500000000001,17,18,21,1.3499999999999999,1.6500000000000001,0.07500000000000007,-0.8686874999999998,0.8686875,0.0626249999999999,0.06262500000000004,pitch,pitch_moment,0.15000000000000013,27.922932300010512,-65.70189006652329,2.0942199225007903,-4.927641754989251,0.0008903523070733525,0.0002618479282718869,0.000628504378801466,0.24854641915233713,0.045411799739863395,0.20313461941247368,0.0,0.24854641915233713,0.8875716674662201,0.3846312787452519,1.8524882881749787,1.1664601073415337,11.171638219832017,7.887853588274216,1.2012864304860225,4304.020358298818,1879.4368091444512,1644.8526782761285,712.8007936519426,2671.476715613264,1171.746539168836,19.402318557540045,8.552155586237992,0.636367824109549,0.33554802098337005,advance_eq19_20,0.0,0.0,0.0,0.0,,,481.18816478284884,9.859916781972382e-16,a1_station_hull_matched_sweep_free_surface_marching_not_benchmark_validated,41,8,24,10,3.0,2,16,15.0,False,none,0.0,1.0,0.0,1.0,trapezoid,1.0,1.0,1.0,1.0,-1.0,1.0,1.0,True,False,True,3.0,11,9,40,True,True,True,True,A1_GRID_RECOMMENDED,"A1 Section 3.3 recommends control radius about 3B, inner free-surface panels greater than 10, outer/free-surface proxy panels greater than 8, and roughly 60 stations at Fn=0.2 or 40 at Fn=0.3."
42,st41_bp8_fs24_cp10_r3p0_h2_fsm_clipfs_onezonefs_noend_pr1p0_pl1p0_pf1p0_pm1p0_dt1p0_fv0p0_hr1p0_hqtrapezoid_hp1p0_hc1p0_ci1p0_cp1p0_cnm1p0_cd1p0_pg1p0,A55,OK,diagnostic_matched_wigley_sensitivity_not_hard_gate,wigley_iii,Fn0.4,0.4,2.1696064159197173,1.0,1.808005346599764,0.063,719.5500000000001,18,19,20,1.425,1.575,0.07500000000000007,-0.8687343749999998,0.868734375,0.06253124999999993,0.06253125000000004,pitch,pitch_moment,0.07499999999999996,11.500948423758624,-33.62845428039867,0.8625711317818976,-2.5221340710299027,0.0003667199365956732,9.204159819652628e-05,0.0002746783383991469,0.24917495527417166,0.045588744503097606,0.20358621077107397,0.0,0.24917495527417166,0.90317679789157,0.39139999037348105,1.6550915026723008,1.0351695832898802,9.885830724058163,6.979629966454491,1.1698981575454266,4255.1610212587875,1855.6694987842964,1673.7721915006334,725.3446071357087,2601.674012297794,1139.122047798563,17.295467362527493,7.588045786658374,0.5629804254890434,0.2961346313537493,advance_eq19_20,0.0,0.0,0.0,0.0,,,481.4217579468673,6.675624996411359e-16,a1_station_hull_matched_sweep_free_surface_marching_not_benchmark_validated,41,8,24,10,3.0,2,16,15.0,False,none,0.0,1.0,0.0,1.0,trapezoid,1.0,1.0,1.0,1.0,-1.0,1.0,1.0,True,False,True,3.0,11,9,40,True,True,True,True,A1_GRID_RECOMMENDED,"A1 Section 3.3 recommends control radius about 3B, inner free-surface panels greater than 10, outer/free-surface proxy panels greater than 8, and roughly 60 stations at Fn=0.2 or 40 at Fn=0.3."
42,st41_bp8_fs24_cp10_r3p0_h2_fsm_clipfs_onezonefs_noend_pr1p0_pl1p0_pf1p0_pm1p0_dt1p0_fv0p0_hr1p0_hqtrapezoid_hp1p0_hc1p0_ci1p0_cp1p0_cnm1p0_cd1p0_pg1p0,A55,OK,diagnostic_matched_wigley_sensitivity_not_hard_gate,wigley_iii,Fn0.4,0.4,2.1696064159197173,1.0,1.808005346599764,0.063,719.5500000000001,19,20,19,1.5,1.5,0.07499999999999996,-0.8687499999999999,0.8687499999999999,0.062499999999999944,0.06250000000000003,pitch,pitch_moment,0.0,0.0,0.0,0.0,0.0,0.0,0.0,0.0,0.24935831524246949,0.04563476530219586,0.20372354994027353,0.0,0.24935831524246949,0.9220707578618965,0.39971739868264294,1.4742432312707754,0.9146007661414832,8.705479291654594,6.145781113700053,1.141714275697425,4218.030140824565,1838.3264359985662,1708.7865816615456,740.7584737958472,2538.997383142773,1110.8231473885255,15.361849499453927,6.702824412404591,0.4956047552530477,0.25996583052099564,advance_eq19_20,0.0,0.0,0.0,0.0,,,481.49977128544,7.547347193211119e-16,a1_station_hull_matched_sweep_free_surface_marching_not_benchmark_validated,41,8,24,10,3.0,2,16,15.0,False,none,0.0,1.0,0.0,1.0,trapezoid,1.0,1.0,1.0,1.0,-1.0,1.0,1.0,True,False,True,3.0,11,9,40,True,True,True,True,A1_GRID_RECOMMENDED,"A1 Section 3.3 recommends control radius about 3B, inner free-surface panels greater than 10, outer/free-surface proxy panels greater than 8, and roughly 60 stations at Fn=0.2 or 40 at Fn=0.3."
42,st41_bp8_fs24_cp10_r3p0_h2_fsm_clipfs_onezonefs_noend_pr1p0_pl1p0_pf1p0_pm1p0_dt1p0_fv0p0_hr1p0_hqtrapezoid_hp1p0_hc1p0_ci1p0_cp1p0_cnm1p0_cd1p0_pg1p0,A55,OK,diagnostic_matched_wigley_sensitivity_not_hard_gate,wigley_iii,Fn0.4,0.4,2.1696064159197173,1.0,1.808005346599764,0.063,719.5500000000001,20,21,18,1.575,1.425,0.07499999999999996,-0.8687343749999998,0.868734375,0.06253124999999993,0.06253125000000004,pitch,pitch_moment,-0.07499999999999996,-6.6924728614115105,34.34148305309627,-0.501935464605863,2.575611228982219,-0.0002133965941743621,-1.2830861248230142e-05,-0.000200565732926132,0.24925161694538234,0.04562834987157175,0.20362326707381048,0.0,0.24925161694538234,0.9438666541592202,0.4094157000171116,1.3086435373076362,0.8039362912330521,7.6229017640312176,5.380864633100442,1.1152911357928132,4189.08282793934,1825.7248713544461,1749.178856127028,758.7314189781434,2480.236373930338,1085.3350381304776,13.592584215343892,5.89046699835524,0.4337921147209994,0.22680765887458326,advance_eq19_20,0.0,0.0,0.0,0.0,,,481.4217579468676,6.3347067621892e-16,a1_station_hull_matched_sweep_free_surface_marching_not_benchmark_validated,41,8,24,10,3.0,2,16,15.0,False,none,0.0,1.0,0.0,1.0,trapezoid,1.0,1.0,1.0,1.0,-1.0,1.0,1.0,True,False,True,3.0,11,9,40,True,True,True,True,A1_GRID_RECOMMENDED,"A1 Section 3.3 recommends control radius about 3B, inner free-surface panels greater than 10, outer/free-surface proxy panels greater than 8, and roughly 60 stations at Fn=0.2 or 40 at Fn=0.3."
42,st41_bp8_fs24_cp10_r3p0_h2_fsm_clipfs_onezonefs_noend_pr1p0_pl1p0_pf1p0_pm1p0_dt1p0_fv0p0_hr1p0_hqtrapezoid_hp1p0_hc1p0_ci1p0_cp1p0_cnm1p0_cd1p0_pg1p0,A55,OK,diagnostic_matched_wigley_sensitivity_not_hard_gate,wigley_iii,Fn0.4,0.4,2.1696064159197173,1.0,1.808005346599764,0.063,719.5500000000001,21,22,17,1.65,1.35,0.07499999999999996,-0.8686874999999998,0.8686875,0.0626249999999999,0.06262500000000004,pitch,pitch_moment,-0.1499999999999999,-8.761966877344886,68.52635939632609,-0.6571475158008661,5.139476954724453,-0.00027938460545353863,5.232399038009454e-05,-0.0003317085958336331,0.24900522634556835,0.04564809643613769,0.20335712990943058,0.0,0.24900522634556835,0.9681550539311161,0.4203278783752192,1.1571331235065998,0.7024549558362532,6.631331735327,4.680086024746664,1.0894432217526278,4165.393686399803,1816.5063207019173,1794.1902516911666,778.9539277130149,2422.754578787117,1061.4398688775254,11.980234518383742,5.1456603796262215,0.3771479498952253,0.19645459905321122,advance_eq19_20,0.0,0.0,0.0,0.0,,,481.18816478284884,6.405584643114364e-16,a1_station_hull_matched_sweep_free_surface_marching_not_benchmark_validated,41,8,24,10,3.0,2,16,15.0,False,none,0.0,1.0,0.0,1.0,trapezoid,1.0,1.0,1.0,1.0,-1.0,1.0,1.0,True,False,True,3.0,11,9,40,True,True,True,True,A1_GRID_RECOMMENDED,"A1 Section 3.3 recommends control radius about 3B, inner free-surface panels greater than 10, outer/free-surface proxy panels greater than 8, and roughly 60 stations at Fn=0.2 or 40 at Fn=0.3."
42,st41_bp8_fs24_cp10_r3p0_h2_fsm_clipfs_onezonefs_noend_pr1p0_pl1p0_pf1p0_pm1p0_dt1p0_fv0p0_hr1p0_hqtrapezoid_hp1p0_hc1p0_ci1p0_cp1p0_cnm1p0_cd1p0_pg1p0,A55,OK,diagnostic_matched_wigley_sensitivity_not_hard_gate,wigley_iii,Fn0.4,0.4,2.1696064159197173,1.0,1.808005346599764,0.063,719.5500000000001,22,23,16,1.7249999999999999,1.2750000000000001,0.07499999999999996,-0.8686093749999999,0.8686093749999999,0.0627812499999999,0.06278125000000001,pitch,pitch_moment,-0.22499999999999987,-6.475250367872029,101.6706003804385,-0.4856437775904019,7.625295028532883,-0.00020647022461570976,0.00019154249390695727,-0.00039801271852266703,0.24876229893053373,0.045770029678281206,0.20299226925225244,0.0,0.24876229893053373,0.9944943133493974,0.4322820066338581,1.0186847983675575,0.6095306269944554,5.724909614203648,4.039292884283383,1.0632034676755464,4144.547523391837,1809.5808248827602,1843.0023115912409,801.1073837137124,2364.401391519381,1038.1714059155065,10.51882794703315,4.4637931493556104,0.3253314628476932,0.16872932970271554,advance_eq19_20,0.0,0.0,0.0,0.0,,,480.80032593830697,3.485423523424035e-16,a1_station_hull_matched_sweep_free_surface_marching_not_benchmark_validated,41,8,24,10,3.0,2,16,15.0,False,none,0.0,1.0,0.0,1.0,trapezoid,1.0,1.0,1.0,1.0,-1.0,1.0,1.0,True,False,True,3.0,11,9,40,True,True,True,True,A1_GRID_RECOMMENDED,"A1 Section 3.3 recommends control radius about 3B, inner free-surface panels greater than 10, outer/free-surface proxy panels greater than 8, and roughly 60 stations at Fn=0.2 or 40 at Fn=0.3."
42,st41_bp8_fs24_cp10_r3p0_h2_fsm_clipfs_onezonefs_noend_pr1p0_pl1p0_pf1p0_pm1p0_dt1p0_fv0p0_hr1p0_hqtrapezoid_hp1p0_hc1p0_ci1p0_cp1p0_cnm1p0_cd1p0_pg1p0,A55,OK,diagnostic_matched_wigley_sensitivity_not_hard_gate,wigley_iii,Fn0.4,0.4,2.1696064159197173,1.0,1.808005346599764,0.063,719.5500000000001,23,24,15,1.7999999999999998,1.2000000000000002,0.07500000000000007,-0.8684999999999999,0.8684999999999998,0.06299999999999994,0.06300000000000008,pitch,pitch_moment,-0.2999999999999998,-0.1858976538346392,132.88827000923834,-0.013942324037597952,9.966620250692884,-5.927543826445912e-06,0.0003982167716176409,-0.0004041443154440868,0.24865610004631267,0.04606490931104351,0.20259119073526904,0.0,0.24865610004631267,1.0224116066463373,0.44510120376750173,0.8923579906527606,0.5246060244319348,4.898425617400457,3.4547937891693876,1.0357400492440416,4124.450842160416,1804.039031454976,1894.7387925232886,824.863990094375,2303.326962466498,1014.7294344889442,9.203438236708651,3.8407618245244532,0.278041016335265,0.14347483493267585,advance_eq19_20,0.0,0.0,0.0,0.0,,,480.2604432484979,5.116227541449377e-16,a1_station_hull_matched_sweep_free_surface_marching_not_benchmark_validated,41,8,24,10,3.0,2,16,15.0,False,none,0.0,1.0,0.0,1.0,trapezoid,1.0,1.0,1.0,1.0,-1.0,1.0,1.0,True,False,True,3.0,11,9,40,True,True,True,True,A1_GRID_RECOMMENDED,"A1 Section 3.3 recommends control radius about 3B, inner free-surface panels greater than 10, outer/free-surface proxy panels greater than 8, and roughly 60 stations at Fn=0.2 or 40 at Fn=0.3."
42,st41_bp8_fs24_cp10_r3p0_h2_fsm_clipfs_onezonefs_noend_pr1p0_pl1p0_pf1p0_pm1p0_dt1p0_fv0p0_hr1p0_hqtrapezoid_hp1p0_hc1p0_ci1p0_cp1p0_cnm1p0_cd1p0_pg1p0,A55,OK,diagnostic_matched_wigley_sensitivity_not_hard_gate,wigley_iii,Fn0.4,0.4,2.1696064159197173,1.0,1.808005346599764,0.063,719.5500000000001,24,25,14,1.875,1.125,0.07500000000000007,-0.8683593749999999,0.8683593749999999,0.06328124999999996,0.06328125000000007,pitch,pitch_moment,-0.375,9.65471887565894,161.3115625445217,0.7241039156744211,12.098367190839138,0.00030785094963269114,0.000663085734486071,-0.00035523478485337983,0.24880706174921577,0.04659556056409536,0.2022115011851203,0.0,0.24880706174921577,1.0513959414193235,0.45860101820639043,0.7773306747893661,0.44721803284113276,4.14756302410938,2.9235307954767014,1.0064177893261044,4103.414888040191,1799.1903398982518,1948.4527205664147,849.8819201950809,2238.1187551380954,990.542348612715,8.030474299713807,3.27315529905984,0.23502876667744613,0.12056191196516199,advance_eq19_20,0.0,0.0,0.0,0.0,,,479.5715522185469,4.613883325949277e-16,a1_station_hull_matched_sweep_free_surface_marching_not_benchmark_validated,41,8,24,10,3.0,2,16,15.0,False,none,0.0,1.0,0.0,1.0,trapezoid,1.0,1.0,1.0,1.0,-1.0,1.0,1.0,True,False,True,3.0,11,9,40,True,True,True,True,A1_GRID_RECOMMENDED,"A1 Section 3.3 recommends control radius about 3B, inner free-surface panels greater than 10, outer/free-surface proxy panels greater than 8, and roughly 60 stations at Fn=0.2 or 40 at Fn=0.3."
42,st41_bp8_fs24_cp10_r3p0_h2_fsm_clipfs_onezonefs_noend_pr1p0_pl1p0_pf1p0_pm1p0_dt1p0_fv0p0_hr1p0_hqtrapezoid_hp1p0_hc1p0_ci1p0_cp1p0_cnm1p0_cd1p0_pg1p0,A55,OK,diagnostic_matched_wigley_sensitivity_not_hard_gate,wigley_iii,Fn0.4,0.4,2.1696064159197173,1.0,1.808005346599764,0.063,719.5500000000001,25,26,13,1.95,1.05,0.07499999999999996,-0.8681874999999999,0.8681874999999999,0.0636249999999999,0.06362500000000004,pitch,pitch_moment,-0.44999999999999996,22.500272099915335,186.10120298379522,1.6875204074936492,13.957590223784633,0.0007174450361694367,0.0009743534248081887,-0.00025690838863875185,0.24931970974211687,0.04741428014374249,0.20190542959837424,0.0,0.24931970974211687,1.0809169332448083,0.47259957514216805,0.6727891018129715,0.3769243514335514,3.4681764595680566,2.4425687512752488,0.974645713159026,4079.8500550679414,1794.4283444904156,2003.1611844002543,875.8241226242621,2167.462532331433,965.1171433227762,6.996325968562105,2.757715150007056,0.1960596190603292,0.09986693715887307,advance_eq19_20,0.0,0.0,0.0,0.0,,,478.73747117294215,3.980076550899575e-16,a1_station_hull_matched_sweep_free_surface_marching_not_benchmark_validated,41,8,24,10,3.0,2,16,15.0,False,none,0.0,1.0,0.0,1.0,trapezoid,1.0,1.0,1.0,1.0,-1.0,1.0,1.0,True,False,True,3.0,11,9,40,True,True,True,True,A1_GRID_RECOMMENDED,"A1 Section 3.3 recommends control radius about 3B, inner free-surface panels greater than 10, outer/free-surface proxy panels greater than 8, and roughly 60 stations at Fn=0.2 or 40 at Fn=0.3."
42,st41_bp8_fs24_cp10_r3p0_h2_fsm_clipfs_onezonefs_noend_pr1p0_pl1p0_pf1p0_pm1p0_dt1p0_fv0p0_hr1p0_hqtrapezoid_hp1p0_hc1p0_ci1p0_cp1p0_cnm1p0_cd1p0_pg1p0,A55,OK,diagnostic_matched_wigley_sensitivity_not_hard_gate,wigley_iii,Fn0.4,0.4,2.1696064159197173,1.0,1.808005346599764,0.063,719.5500000000001,26,27,12,2.025,0.9750000000000001,0.07500000000000007,-0.8679843749999999,0.8679843749999999,0.06403124999999998,0.0640312500000001,pitch,pitch_moment,-0.5249999999999999,37.675604784023065,206.49556077008575,2.8256703588017325,15.487167057756444,0.00120132661138265,0.0013177664976300922,-0.0001164398862474423,0.2502790955658929,0.04856034010496163,0.20171875546093115,0.0,0.2502790955658929,1.1103983346944248,0.4869092601015111,0.5781017723649803,0.31342237495597486,2.8574394987532092,2.0099070646595045,0.9402048157266741,4052.7829651664433,1789.4813685791785,2057.796279132569,902.3429092117788,2090.8712604911875,938.3858273858108,6.098556260539164,2.2922068107572713,0.16097930736943128,0.08130726175822976,advance_eq19_20,0.0,0.0,0.0,0.0,,,477.76272938128045,3.3489206977012266e-16,a1_station_hull_matched_sweep_free_surface_marching_not_benchmark_validated,41,8,24,10,3.0,2,16,15.0,False,none,0.0,1.0,0.0,1.0,trapezoid,1.0,1.0,1.0,1.0,-1.0,1.0,1.0,True,False,True,3.0,11,9,40,True,True,True,True,A1_GRID_RECOMMENDED,"A1 Section 3.3 recommends control radius about 3B, inner free-surface panels greater than 10, outer/free-surface proxy panels greater than 8, and roughly 60 stations at Fn=0.2 or 40 at Fn=0.3."
42,st41_bp8_fs24_cp10_r3p0_h2_fsm_clipfs_onezonefs_noend_pr1p0_pl1p0_pf1p0_pm1p0_dt1p0_fv0p0_hr1p0_hqtrapezoid_hp1p0_hc1p0_ci1p0_cp1p0_cnm1p0_cd1p0_pg1p0,A55,OK,diagnostic_matched_wigley_sensitivity_not_hard_gate,wigley_iii,Fn0.4,0.4,2.1696064159197173,1.0,1.808005346599764,0.063,719.5500000000001,27,28,11,2.1,0.8999999999999999,0.07499999999999996,-0.8677499999999999,0.8677499999999999,0.06449999999999989,0.06450000000000003,pitch,pitch_moment,-0.6000000000000001,54.41847668861891,221.7951076160216,4.081385751646415,16.63463307120161,0.0017351908369276454,0.0016769859806851895,5.820485624245649e-05,0.251747354290048,0.05005771634411928,0.20168963794592865,0.0,0.251747354290048,1.1392934053132628,0.5013770931965856,0.49246572344195644,0.2562937514254951,2.311351253590137,1.6227077664755127,0.9027695807295077,4021.0133549311145,1784.0423787578723,2111.344782356037,929.1547767911269,2007.6210413090903,910.2302670833689,5.331497309072723,2.2742035594953323,0.12957135378956447,0.06476417755429471,advance_eq19_20,0.0,0.0,0.0,0.0,,,476.6524673161357,3.320396820645016e-16,a1_station_hull_matched_sweep_free_surface_marching_not_benchmark_validated,41,8,24,10,3.0,2,16,15.0,False,none,0.0,1.0,0.0,1.0,trapezoid,1.0,1.0,1.0,1.0,-1.0,1.0,1.0,True,False,True,3.0,11,9,40,True,True,True,True,A1_GRID_RECOMMENDED,"A1 Section 3.3 recommends control radius about 3B, inner free-surface panels greater than 10, outer/free-surface proxy panels greater than 8, and roughly 60 stations at Fn=0.2 or 40 at Fn=0.3."
42,st41_bp8_fs24_cp10_r3p0_h2_fsm_clipfs_onezonefs_noend_pr1p0_pl1p0_pf1p0_pm1p0_dt1p0_fv0p0_hr1p0_hqtrapezoid_hp1p0_hc1p0_ci1p0_cp1p0_cnm1p0_cd1p0_pg1p0,A55,OK,diagnostic_matched_wigley_sensitivity_not_hard_gate,wigley_iii,Fn0.4,0.4,2.1696064159197173,1.0,1.808005346599764,0.063,719.5500000000001,28,29,10,2.175,0.8250000000000002,0.07499999999999996,-0.8674843749999999,0.8674843749999999,0.06503124999999987,0.0650312500000001,pitch,pitch_moment,-0.6749999999999998,71.73259887108772,231.5325400652028,5.379944915331576,17.3649405048902,0.0022872699833611735,0.0020335635263230203,0.00025370645703815344,0.2537585847001924,0.05191299109762337,0.20184559360256896,0.0,0.2537585847001924,1.1669723026155505,0.5158453213855217,0.41559172600679917,0.20547357842920866,1.829271290965394,1.2805069292255955,0.8631517422923458,3984.9524409995843,1778.69847880868,2162.639466524322,955.9673765605843,1919.5170469394996,881.8487898625973,4.690973827457647,2.269732640511425,0.10182566420354405,0.05022311752654025,advance_eq19_20,0.0,0.0,0.0,0.0,,,475.4122985160682,4.1858204647022395e-16,a1_station_hull_matched_sweep_free_surface_marching_not_benchmark_validated,41,8,24,10,3.0,2,16,15.0,False,none,0.0,1.0,0.0,1.0,trapezoid,1.0,1.0,1.0,1.0,-1.0,1.0,1.0,True,False,True,3.0,11,9,40,True,True,True,True,A1_GRID_RECOMMENDED,"A1 Section 3.3 recommends control radius about 3B, inner free-surface panels greater than 10, outer/free-surface proxy panels greater than 8, and roughly 60 stations at Fn=0.2 or 40 at Fn=0.3."
42,st41_bp8_fs24_cp10_r3p0_h2_fsm_clipfs_onezonefs_noend_pr1p0_pl1p0_pf1p0_pm1p0_dt1p0_fv0p0_hr1p0_hqtrapezoid_hp1p0_hc1p0_ci1p0_cp1p0_cnm1p0_cd1p0_pg1p0,A55,OK,diagnostic_matched_wigley_sensitivity_not_hard_gate,wigley_iii,Fn0.4,0.4,2.1696064159197173,1.0,1.808005346599764,0.063,719.5500000000001,29,30,9,2.25,0.75,0.07499999999999996,-0.8671874999999999,0.8671874999999999,0.06562499999999982,0.0656250000000001,pitch,pitch_moment,-0.75,88.61559627542482,235.30420030300402,6.646169720656857,17.64781502272529,0.0028256022590605737,0.002368124193759474,0.0004574780653010994,0.25631502082140334,0.05411383495766463,0.20220118586373861,0.0,0.25631502082140334,1.1930302074464174,0.5303126678524723,0.3464685828568657,0.16030932251788074,1.4048311028548872,0.978715548237455,0.8215954941337489,3943.958664961751,1773.738311633354,2210.930118561102,982.7783423180261,1827.1023267473945,854.0249986652781,4.161713712881422,2.247039833152135,0.07741043574976586,0.03749104408851766,advance_eq19_20,0.0,0.0,0.0,0.0,,,474.0481182363453,3.445427533026822e-16,a1_station_hull_matched_sweep_free_surface_marching_not_benchmark_validated,41,8,24,10,3.0,2,16,15.0,False,none,0.0,1.0,0.0,1.0,trapezoid,1.0,1.0,1.0,1.0,-1.0,1.0,1.0,True,False,True,3.0,11,9,40,True,True,True,True,A1_GRID_RECOMMENDED,"A1 Section 3.3 recommends control radius about 3B, inner free-surface panels greater than 10, outer/free-surface proxy panels greater than 8, and roughly 60 stations at Fn=0.2 or 40 at Fn=0.3."
42,st41_bp8_fs24_cp10_r3p0_h2_fsm_clipfs_onezonefs_noend_pr1p0_pl1p0_pf1p0_pm1p0_dt1p0_fv0p0_hr1p0_hqtrapezoid_hp1p0_hc1p0_ci1p0_cp1p0_cnm1p0_cd1p0_pg1p0,A55,OK,diagnostic_matched_wigley_sensitivity_not_hard_gate,wigley_iii,Fn0.4,0.4,2.1696064159197173,1.0,1.808005346599764,0.063,719.5500000000001,30,31,8,2.3249999999999997,0.6750000000000003,0.07499999999999996,-0.866859375,0.866859375,0.06628124999999996,0.06628125000000007,pitch,pitch_moment,-0.8249999999999997,103.35270607743617,233.50960627763777,7.751452955807708,17.513220470822823,0.0032955106329676065,0.002659467172506459,0.0006360434604611471,0.25937557726741745,0.05662763064079757,0.20274794662661969,0.0,0.25937557726741745,1.2168241167889875,0.5447629878609592,0.2858605110477742,0.12134695076513892,1.0431188837952132,0.7208362674783676,0.7826863044589817,3902.8755497576435,1772.799905714341,2255.0251217516757,1009.5577545493335,1740.5742585018672,833.0657222438471,3.7347217654819973,2.2024828723237553,0.056703028464104445,0.026731162853661224,advance_eq19_20,0.0,0.0,0.0,0.0,,,472.56584172230123,3.9883339458304007e-16,a1_station_hull_matched_sweep_free_surface_marching_not_benchmark_validated,41,8,24,10,3.0,2,16,15.0,False,none,0.0,1.0,0.0,1.0,trapezoid,1.0,1.0,1.0,1.0,-1.0,1.0,1.0,True,False,True,3.0,11,9,40,True,True,True,True,A1_GRID_RECOMMENDED,"A1 Section 3.3 recommends control radius about 3B, inner free-surface panels greater than 10, outer/free-surface proxy panels greater than 8, and roughly 60 stations at Fn=0.2 or 40 at Fn=0.3."
42,st41_bp8_fs24_cp10_r3p0_h2_fsm_clipfs_onezonefs_noend_pr1p0_pl1p0_pf1p0_pm1p0_dt1p0_fv0p0_hr1p0_hqtrapezoid_hp1p0_hc1p0_ci1p0_cp1p0_cnm1p0_cd1p0_pg1p0,A55,OK,diagnostic_matched_wigley_sensitivity_not_hard_gate,wigley_iii,Fn0.4,0.4,2.1696064159197173,1.0,1.808005346599764,0.063,719.5500000000001,31,32,7,2.4,0.6000000000000001,0.07500000000000018,-0.8664999999999999,0.8664999999999998,0.06699999999999995,0.06700000000000006,pitch,pitch_moment,-0.8999999999999999,114.6822504542503,226.3518372562649,8.601168784068792,16.976387794219907,0.0036567651697621845,0.00288899257968024,0.0007677725900819451,0.2628517151687823,0.05940186051689094,0.20344985465189125,0.0,0.2628517151687823,1.2388340212873803,0.5598775597363431,0.23195759245397868,0.08682587838715958,0.7275118773359215,0.49439838973710015,0.7490476935153844,3863.3357696884514,1778.9667498457707,2295.8139973882007,1037.5681619806505,1665.767148722865,824.3745180810967,3.376286643435198,2.133770904423443,0.038782060238375125,0.017409650816370425,advance_eq19_20,0.0,0.0,0.0,0.0,,,470.9710640469985,4.876310665471571e-16,a1_station_hull_matched_sweep_free_surface_marching_not_benchmark_validated,41,8,24,10,3.0,2,16,15.0,False,none,0.0,1.0,0.0,1.0,trapezoid,1.0,1.0,1.0,1.0,-1.0,1.0,1.0,True,False,True,3.0,11,9,40,True,True,True,True,A1_GRID_RECOMMENDED,"A1 Section 3.3 recommends control radius about 3B, inner free-surface panels greater than 10, outer/free-surface proxy panels greater than 8, and roughly 60 stations at Fn=0.2 or 40 at Fn=0.3."
42,st41_bp8_fs24_cp10_r3p0_h2_fsm_clipfs_onezonefs_noend_pr1p0_pl1p0_pf1p0_pm1p0_dt1p0_fv0p0_hr1p0_hqtrapezoid_hp1p0_hc1p0_ci1p0_cp1p0_cnm1p0_cd1p0_pg1p0,A55,OK,diagnostic_matched_wigley_sensitivity_not_hard_gate,wigley_iii,Fn0.4,0.4,2.1696064159197173,1.0,1.808005346599764,0.063,719.5500000000001,32,33,6,2.475,0.5249999999999999,0.07499999999999996,-0.866109375,0.866109375,0.06778124999999988,0.06778125000000013,pitch,pitch_moment,-0.9750000000000001,117.34063203989652,218.44328658035923,8.800547402992233,16.383246493526933,0.0037415304856835445,0.003035047353240745,0.0007064831324428002,0.2665508629965052,0.062363880483351425,0.20418698251315365,0.0,0.2665508629965052,1.258633634549759,0.576275088241252,0.18927296474441105,0.062200454150537515,0.4832421168313645,0.31647168317572194,0.7495015586125644,3857.700292485985,1818.5428839549818,2332.506749193164,1067.9561516687452,1666.776475065339,874.3865231238357,3.076988425777303,2.035073496081383,0.02550321682972947,0.01031435087080395,advance_eq19_20,0.0,0.0,0.0,0.0,,,469.2686860462597,3.971914471813794e-16,a1_station_hull_matched_sweep_free_surface_marching_not_benchmark_validated,41,8,24,10,3.0,2,16,15.0,False,none,0.0,1.0,0.0,1.0,trapezoid,1.0,1.0,1.0,1.0,-1.0,1.0,1.0,True,False,True,3.0,11,9,40,True,True,True,True,A1_GRID_RECOMMENDED,"A1 Section 3.3 recommends control radius about 3B, inner free-surface panels greater than 10, outer/free-surface proxy panels greater than 8, and roughly 60 stations at Fn=0.2 or 40 at Fn=0.3."
42,st41_bp8_fs24_cp10_r3p0_h2_fsm_clipfs_onezonefs_noend_pr1p0_pl1p0_pf1p0_pm1p0_dt1p0_fv0p0_hr1p0_hqtrapezoid_hp1p0_hc1p0_ci1p0_cp1p0_cnm1p0_cd1p0_pg1p0,A55,OK,diagnostic_matched_wigley_sensitivity_not_hard_gate,wigley_iii,Fn0.4,0.4,2.1696064159197173,1.0,1.808005346599764,0.063,719.5500000000001,33,34,5,2.55,0.4500000000000002,0.07499999999999996,-0.8656874999999999,0.8656874999999999,0.06862499999999994,0.06862500000000005,pitch,pitch_moment,-1.0499999999999998,110.0808976165111,211.36575501542086,8.256067321238326,15.852431626156555,0.0035100461550569002,0.003095698709268669,0.0004143474457882307,0.2701766513168754,0.06542925351460613,0.20474739780226914,0.0,0.2701766513168754,1.2829582733730076,0.598818252626436,0.15271925339530318,0.0530506967514939,0.2646631812537641,0.14655581108146756,0.8157259751956959,3923.319693352051,1932.8063888771806,2377.5853031658694,1109.7332674498775,1814.0494171523733,1044.4810339473356,2.7888936520251244,1.9088130222236097,0.013012233715178099,0.004314442729556184,advance_eq19_20,0.0,0.0,0.0,0.0,,,467.4627559098952,3.509795169274625e-16,a1_station_hull_matched_sweep_free_surface_marching_not_benchmark_validated,41,8,24,10,3.0,2,16,15.0,False,none,0.0,1.0,0.0,1.0,trapezoid,1.0,1.0,1.0,1.0,-1.0,1.0,1.0,True,False,True,3.0,11,9,40,True,True,True,True,A1_GRID_RECOMMENDED,"A1 Section 3.3 recommends control radius about 3B, inner free-surface panels greater than 10, outer/free-surface proxy panels greater than 8, and roughly 60 stations at Fn=0.2 or 40 at Fn=0.3."
42,st41_bp8_fs24_cp10_r3p0_h2_fsm_clipfs_onezonefs_noend_pr1p0_pl1p0_pf1p0_pm1p0_dt1p0_fv0p0_hr1p0_hqtrapezoid_hp1p0_hc1p0_ci1p0_cp1p0_cnm1p0_cd1p0_pg1p0,A55,OK,diagnostic_matched_wigley_sensitivity_not_hard_gate,wigley_iii,Fn0.4,0.4,2.1696064159197173,1.0,1.808005346599764,0.063,719.5500000000001,34,35,4,2.625,0.375,0.07499999999999996,-0.8652343749999999,0.8652343749999999,0.06953124999999993,0.06953125000000009,pitch,pitch_moment,-1.125,36.6090253363929,266.7710064666031,2.7456769002294656,20.007825484995223,0.0011673175946478914,0.0030504801194189603,-0.001883162524771069,0.27251533319172777,0.06850234292894995,0.2040129902627777,0.0,0.27251533319172777,1.3134563584218262,0.6320910444328762,0.14293198984197686,0.054467532974872786,0.177786981423644,0.07240541715884648,1.5295228770518683,4923.625248265988,2815.284265693196,2434.10452151592,1171.394587569281,3401.424213531411,2227.264332760299,2.504663493558789,1.7382529762514651,0.01112201887280605,0.004426675967717368,advance_eq19_20,0.0,0.0,0.0,0.0,,,465.55753958209425,5.583073317500676e-16,a1_station_hull_matched_sweep_free_surface_marching_not_benchmark_validated,41,8,24,10,3.0,2,16,15.0,False,none,0.0,1.0,0.0,1.0,trapezoid,1.0,1.0,1.0,1.0,-1.0,1.0,1.0,True,False,True,3.0,11,9,40,True,True,True,True,A1_GRID_RECOMMENDED,"A1 Section 3.3 recommends control radius about 3B, inner free-surface panels greater than 10, outer/free-surface proxy panels greater than 8, and roughly 60 stations at Fn=0.2 or 40 at Fn=0.3."
42,st41_bp8_fs24_cp10_r3p0_h2_fsm_clipfs_onezonefs_noend_pr1p0_pl1p0_pf1p0_pm1p0_dt1p0_fv0p0_hr1p0_hqtrapezoid_hp1p0_hc1p0_ci1p0_cp1p0_cnm1p0_cd1p0_pg1p0,A55,OK,diagnostic_matched_wigley_sensitivity_not_hard_gate,wigley_iii,Fn0.4,0.4,2.1696064159197173,1.0,1.808005346599764,0.063,719.5500000000001,35,36,3,2.6999999999999997,0.30000000000000027,0.07499999999999996,-0.8647499999999999,0.8647499999999999,0.0704999999999999,0.07050000000000001,pitch,pitch_moment,-1.1999999999999997,-207.6257614081693,514.2933848534237,-15.571932105612689,38.57200386400676,-0.00662036757785482,0.003107557410579566,-0.009727924988434387,0.26978880820012435,0.0715813616939492,0.198207446506175,0.0,0.26978880820012435,1.4564111806247366,0.7419639699896615,0.11687637764911606,0.05257849213649185,0.18400140829359826,0.09251883799258528,5.049771557823083,11902.541332734574,7858.107472182858,2699.0291814526286,1375.0116953438371,11229.917190051412,7589.129278801468,2.2818985344266602,1.6019174517367307,0.023166098650994546,0.007360597674172509,advance_eq19_20,0.0,0.0,0.0,0.0,,,463.5639836716682,5.467561419164225e-16,a1_station_hull_matched_sweep_free_surface_marching_not_benchmark_validated,41,8,24,10,3.0,2,16,15.0,False,none,0.0,1.0,0.0,1.0,trapezoid,1.0,1.0,1.0,1.0,-1.0,1.0,1.0,True,False,True,3.0,11,9,40,True,True,True,True,A1_GRID_RECOMMENDED,"A1 Section 3.3 recommends control radius about 3B, inner free-surface panels greater than 10, outer/free-surface proxy panels greater than 8, and roughly 60 stations at Fn=0.2 or 40 at Fn=0.3."
42,st41_bp8_fs24_cp10_r3p0_h2_fsm_clipfs_onezonefs_noend_pr1p0_pl1p0_pf1p0_pm1p0_dt1p0_fv0p0_hr1p0_hqtrapezoid_hp1p0_hc1p0_ci1p0_cp1p0_cnm1p0_cd1p0_pg1p0,A55,OK,diagnostic_matched_wigley_sensitivity_not_hard_gate,wigley_iii,Fn0.4,0.4,2.1696064159197173,1.0,1.808005346599764,0.063,719.5500000000001,36,37,2,2.775,0.2250000000000001,0.07500000000000018,-0.8642343749999999,0.8642343749999999,0.07153124999999994,0.07153125000000005,pitch,pitch_moment,-1.275,1377.4861966039598,-1239.1458482023563,103.31146474529723,-92.93593861517694,0.04392260812477683,0.0035999782085330357,0.04032262991624379,0.28843992847358535,0.0749351295035055,0.2135047989700797,0.0,0.28843992847358535,1.9912859273113501,1.1410932761653518,0.25174410608082376,0.11831636669450729,0.3253457352890557,0.13759945498299625,21.277522761181668,47460.40501015831,31681.144948298428,3690.2619932674847,2114.680312882897,47317.946144976006,31626.241192870217,2.095309229480281,1.4579560938770244,0.03253220609456549,0.011207233823181957,advance_eq19_20,0.0,0.0,0.0,0.0,,,461.53260422011545,8.226099970429979e-16,a1_station_hull_matched_sweep_free_surface_marching_not_benchmark_validated,41,8,24,10,3.0,2,16,15.0,False,none,0.0,1.0,0.0,1.0,trapezoid,1.0,1.0,1.0,1.0,-1.0,1.0,1.0,True,False,True,3.0,11,9,40,True,True,True,True,A1_GRID_RECOMMENDED,"A1 Section 3.3 recommends control radius about 3B, inner free-surface panels greater than 10, outer/free-surface proxy panels greater than 8, and roughly 60 stations at Fn=0.2 or 40 at Fn=0.3."
42,st41_bp8_fs24_cp10_r3p0_h2_fsm_clipfs_onezonefs_noend_pr1p0_pl1p0_pf1p0_pm1p0_dt1p0_fv0p0_hr1p0_hqtrapezoid_hp1p0_hc1p0_ci1p0_cp1p0_cnm1p0_cd1p0_pg1p0,A55,OK,diagnostic_matched_wigley_sensitivity_not_hard_gate,wigley_iii,Fn0.4,0.4,2.1696064159197173,1.0,1.808005346599764,0.063,719.5500000000001,37,38,1,2.85,0.1499999999999999,0.07499999999999996,-0.8636874999999999,0.8636874999999999,0.07262499999999994,0.07262500000000005,pitch,pitch_moment,-1.35,321.5018793103798,-440.8702106702535,24.11264094827847,-33.065265800268996,0.010251428356337312,-0.002070694286706803,0.012322122643044116,0.3155269467141424,0.07569977146441863,0.2398271752497237,0.0,0.3155269467141424,1.9736520381808151,1.3920323760131268,0.6761895955174654,0.3148146538310483,0.7566732375183527,0.3697638732287517,11.838134892505751,26494.929540960613,18555.04049896393,3657.582773292396,2579.7220279334992,26326.195750686136,18433.74862786716,1.850029747986853,0.5218197528786588,0.0016393349715869193,0.0006461566276252759,advance_eq19_20,0.0,0.0,0.0,0.0,,,467.16479122089714,1.6945408409189898e-15,a1_station_hull_matched_sweep_free_surface_marching_not_benchmark_validated,41,8,24,10,3.0,2,16,15.0,False,none,0.0,1.0,0.0,1.0,trapezoid,1.0,1.0,1.0,1.0,-1.0,1.0,1.0,True,False,True,3.0,11,9,40,True,True,True,True,A1_GRID_RECOMMENDED,"A1 Section 3.3 recommends control radius about 3B, inner free-surface panels greater than 10, outer/free-surface proxy panels greater than 8, and roughly 60 stations at Fn=0.2 or 40 at Fn=0.3."
42,st41_bp8_fs24_cp10_r3p0_h2_fsm_clipfs_onezonefs_noend_pr1p0_pl1p0_pf1p0_pm1p0_dt1p0_fv0p0_hr1p0_hqtrapezoid_hp1p0_hc1p0_ci1p0_cp1p0_cnm1p0_cd1p0_pg1p0,A55,OK,diagnostic_matched_wigley_sensitivity_not_hard_gate,wigley_iii,Fn0.4,0.4,2.1696064159197173,1.0,1.808005346599764,0.063,719.5500000000001,38,39,0,2.925,0.07500000000000018,0.03749999999999987,-0.8631093749999998,0.8631093749999998,0.07378124999999991,0.07378125000000002,pitch,pitch_moment,-1.4249999999999998,-1708.1098032449556,1961.5636127874538,-64.0541176216856,73.55863547952926,-0.02723244621506276,0.00029556933911311907,-0.027528015554175878,0.2934202146772483,0.07495999366017835,0.21846022101706988,0.0,0.2934202146772483,1.381088828024287,0.8056811850710806,0.05400710438727064,0.02729107903920096,0.07329923620664082,0.03726231704127896,70.4748355921702,156737.55030619213,94917.09884614659,2559.4413848270406,1493.0927875199313,156725.2218482012,94910.68696518235,0.7815371617650452,0.5456334329021091,0.0,0.0,initialize_eq21_22,0.0,0.0,0.0,0.0,,,690.6987294891596,5.588921008104122e-16,a1_station_hull_matched_sweep_free_surface_marching_not_benchmark_validated,41,8,24,10,3.0,2,16,15.0,False,none,0.0,1.0,0.0,1.0,trapezoid,1.0,1.0,1.0,1.0,-1.0,1.0,1.0,True,False,True,3.0,11,9,40,True,True,True,True,A1_GRID_RECOMMENDED,"A1 Section 3.3 recommends control radius about 3B, inner free-surface panels greater than 10, outer/free-surface proxy panels greater than 8, and roughly 60 stations at Fn=0.2 or 40 at Fn=0.3."
42,st41_bp8_fs24_cp10_r3p0_h2_fsm_clipfs_onezonefs_noend_pr1p0_pl1p0_pf1p0_pm1p0_dt1p0_fv0p0_hr1p0_hqtrapezoid_hp1p0_hc1p0_ci1p0_cp1p0_cn1p0_cd1p0_pg1p0,A55,OK,diagnostic_matched_wigley_sensitivity_not_hard_gate,wigley_iii,Fn0.4,0.4,2.1696064159197173,1.0,1.808005346599764,0.063,719.5500000000001,0,1,38,0.075,2.925,0.0375,-0.8631093749999998,0.8631093749999998,0.07378124999999991,0.07378125000000002,pitch,pitch_moment,1.425,-1311.7326649292859,-1504.1807527583842,-49.189974934848216,-56.40677822843941,-0.02091299351971759,0.0002715240085150174,-0.0211845175282326,0.0,0.0,0.0,0.0,0.0,1.2666620310577181,0.7385598209227853,0.004004863347625707,0.0019140806335148188,0.004530100112750095,0.002367893003846069,53.371502098816684,118697.24987148633,63855.124844739665,2347.3850175994526,1368.7031076374642,118690.03221538696,63848.35155261868,0.7051773123394317,0.49711575529836666,7.744660039557655e-05,4.543214400615415e-05,advance_eq19_20,0.0,0.0,0.0,0.0,,,113.94877021527233,9.752854278240818e-16,a1_station_hull_matched_sweep_free_surface_marching_not_benchmark_validated,41,8,24,10,3.0,2,16,15.0,False,none,0.0,1.0,0.0,1.0,trapezoid,1.0,1.0,1.0,1.0,1.0,1.0,1.0,True,False,True,3.0,11,9,40,True,True,True,True,A1_GRID_RECOMMENDED,"A1 Section 3.3 recommends control radius about 3B, inner free-surface panels greater than 10, outer/free-surface proxy panels greater than 8, and roughly 60 stations at Fn=0.2 or 40 at Fn=0.3."
42,st41_bp8_fs24_cp10_r3p0_h2_fsm_clipfs_onezonefs_noend_pr1p0_pl1p0_pf1p0_pm1p0_dt1p0_fv0p0_hr1p0_hqtrapezoid_hp1p0_hc1p0_ci1p0_cp1p0_cn1p0_cd1p0_pg1p0,A55,OK,diagnostic_matched_wigley_sensitivity_not_hard_gate,wigley_iii,Fn0.4,0.4,2.1696064159197173,1.0,1.808005346599764,0.063,719.5500000000001,1,2,37,0.15,2.85,0.07499999999999998,-0.8636874999999999,0.8636874999999999,0.07262499999999991,0.07262500000000005,pitch,pitch_moment,1.35,529.8413001794075,606.0683402109489,39.73809751345556,45.45512551582116,0.016894551722897028,-0.001141755601152025,0.018036307324049056,-0.012465717658269074,-0.0002993537920609953,-0.012166363866208072,0.0,-0.012465717658269074,1.11497437136372,0.7860086082481658,0.03306307184690802,0.014872306801237427,0.03574140117858795,0.01651563056630144,14.553071663169368,32379.135041855494,22756.371828537063,2066.276615365999,1456.6354603407763,32363.79859304548,22746.32518375458,0.5731710351906133,0.2592207217457841,0.00123042708308008,0.0006328167621145165,advance_eq19_20,0.0,0.0,0.0,0.0,,,77.78531556101733,9.217330328315146e-16,a1_station_hull_matched_sweep_free_surface_marching_not_benchmark_validated,41,8,24,10,3.0,2,16,15.0,False,none,0.0,1.0,0.0,1.0,trapezoid,1.0,1.0,1.0,1.0,1.0,1.0,1.0,True,False,True,3.0,11,9,40,True,True,True,True,A1_GRID_RECOMMENDED,"A1 Section 3.3 recommends control radius about 3B, inner free-surface panels greater than 10, outer/free-surface proxy panels greater than 8, and roughly 60 stations at Fn=0.2 or 40 at Fn=0.3."
42,st41_bp8_fs24_cp10_r3p0_h2_fsm_clipfs_onezonefs_noend_pr1p0_pl1p0_pf1p0_pm1p0_dt1p0_fv0p0_hr1p0_hqtrapezoid_hp1p0_hc1p0_ci1p0_cp1p0_cn1p0_cd1p0_pg1p0,A55,OK,diagnostic_matched_wigley_sensitivity_not_hard_gate,wigley_iii,Fn0.4,0.4,2.1696064159197173,1.0,1.808005346599764,0.063,719.5500000000001,2,3,36,0.22499999999999998,2.775,0.075,-0.8642343749999999,0.8642343749999999,0.07153124999999994,0.07153125000000006,pitch,pitch_moment,1.275,1180.675327179633,948.5771190863826,88.55064953847248,71.14328393147869,0.03764708484640687,0.004518941665546525,0.03312814318086034,0.014805100626382876,0.0013892392401362544,0.013415861386246626,0.0,0.014805100626382876,2.5038155163280615,1.4414895265979715,0.03372244267504859,0.014725108031629866,0.036009960744154544,0.015534281529920643,16.62514862045818,37302.000552660844,23746.7374575627,4640.084636431099,2671.376290435612,36971.77984037902,23592.57174159166,2.5985578644206493,1.833337872526182,0.000820685355551618,0.00043155359546525907,advance_eq19_20,0.0,0.0,0.0,0.0,,,77.91010290862684,1.0857983438637458e-15,a1_station_hull_matched_sweep_free_surface_marching_not_benchmark_validated,41,8,24,10,3.0,2,16,15.0,False,none,0.0,1.0,0.0,1.0,trapezoid,1.0,1.0,1.0,1.0,1.0,1.0,1.0,True,False,True,3.0,11,9,40,True,True,True,True,A1_GRID_RECOMMENDED,"A1 Section 3.3 recommends control radius about 3B, inner free-surface panels greater than 10, outer/free-surface proxy panels greater than 8, and roughly 60 stations at Fn=0.2 or 40 at Fn=0.3."
42,st41_bp8_fs24_cp10_r3p0_h2_fsm_clipfs_onezonefs_noend_pr1p0_pl1p0_pf1p0_pm1p0_dt1p0_fv0p0_hr1p0_hqtrapezoid_hp1p0_hc1p0_ci1p0_cp1p0_cn1p0_cd1p0_pg1p0,A55,OK,diagnostic_matched_wigley_sensitivity_not_hard_gate,wigley_iii,Fn0.4,0.4,2.1696064159197173,1.0,1.808005346599764,0.063,719.5500000000001,3,4,35,0.3,2.7,0.07500000000000001,-0.8647499999999999,0.8647499999999999,0.0704999999999999,0.07050000000000001,pitch,pitch_moment,1.2,-397.1148107706997,-737.8286914012255,-29.783610807802482,-55.33715185509192,-0.012662426859179003,0.0033600860846807264,-0.01602251294385973,0.027297429619996816,0.00532875311524988,0.021968676504746938,0.0,0.027297429619996816,1.577374930209632,0.8060136953780536,0.014732914184870861,0.006148207996048279,0.016056984313133675,0.0059920727964007095,7.603162343128926,17462.678895856207,11352.177154924631,2923.1998650967303,1493.7089974430583,16908.266545955,11122.776069686464,2.4808258613273595,1.737488805238192,0.0008509739173096345,0.0004519104963721837,advance_eq19_20,0.0,0.0,0.0,0.0,,,78.9850404442889,5.786396918598738e-16,a1_station_hull_matched_sweep_free_surface_marching_not_benchmark_validated,41,8,24,10,3.0,2,16,15.0,False,none,0.0,1.0,0.0,1.0,trapezoid,1.0,1.0,1.0,1.0,1.0,1.0,1.0,True,False,True,3.0,11,9,40,True,True,True,True,A1_GRID_RECOMMENDED,"A1 Section 3.3 recommends control radius about 3B, inner free-surface panels greater than 10, outer/free-surface proxy panels greater than 8, and roughly 60 stations at Fn=0.2 or 40 at Fn=0.3."
42,st41_bp8_fs24_cp10_r3p0_h2_fsm_clipfs_onezonefs_noend_pr1p0_pl1p0_pf1p0_pm1p0_dt1p0_fv0p0_hr1p0_hqtrapezoid_hp1p0_hc1p0_ci1p0_cp1p0_cn1p0_cd1p0_pg1p0,A55,OK,diagnostic_matched_wigley_sensitivity_not_hard_gate,wigley_iii,Fn0.4,0.4,2.1696064159197173,1.0,1.808005346599764,0.063,719.5500000000001,4,5,34,0.375,2.625,0.07499999999999998,-0.8652343749999999,0.8652343749999999,0.06953124999999993,0.06953125000000009,pitch,pitch_moment,1.125,43.24505446467636,-284.59984060848274,3.243379084850726,-21.3449880456362,0.0013789144205360853,0.0033370410462952855,-0.0019581266257592,0.021655673400675358,0.008677316680737887,0.012978356719937472,0.0,0.021655673400675358,1.4361409334989408,0.6938614622281697,0.012624562824825701,0.00506688488966671,0.014298001072794173,0.004685548519756401,1.6181337307860666,5274.208084790167,3015.158146976935,2661.4642483927823,1285.8678643457624,3598.4811572327976,2364.5814751142107,2.7339781927762616,1.9062756065196815,0.0009619390325474998,0.0005128270408517425,advance_eq19_20,0.0,0.0,0.0,0.0,,,80.04292683338196,6.681986299501919e-16,a1_station_hull_matched_sweep_free_surface_marching_not_benchmark_validated,41,8,24,10,3.0,2,16,15.0,False,none,0.0,1.0,0.0,1.0,trapezoid,1.0,1.0,1.0,1.0,1.0,1.0,1.0,True,False,True,3.0,11,9,40,True,True,True,True,A1_GRID_RECOMMENDED,"A1 Section 3.3 recommends control radius about 3B, inner free-surface panels greater than 10, outer/free-surface proxy panels greater than 8, and roughly 60 stations at Fn=0.2 or 40 at Fn=0.3."
42,st41_bp8_fs24_cp10_r3p0_h2_fsm_clipfs_onezonefs_noend_pr1p0_pl1p0_pf1p0_pm1p0_dt1p0_fv0p0_hr1p0_hqtrapezoid_hp1p0_hc1p0_ci1p0_cp1p0_cn1p0_cd1p0_pg1p0,A55,OK,diagnostic_matched_wigley_sensitivity_not_hard_gate,wigley_iii,Fn0.4,0.4,2.1696064159197173,1.0,1.808005346599764,0.063,719.5500000000001,5,6,33,0.44999999999999996,2.55,0.07500000000000001,-0.8656874999999999,0.8656874999999999,0.06862499999999994,0.06862500000000005,pitch,pitch_moment,1.05,123.56898650592125,-226.94397464343868,9.267673987944095,-17.020798098257902,0.003940128172649742,0.0033688468892295875,0.000571281283420155,0.02431519469726827,0.012030260648500322,0.01228493404876795,0.0,0.02431519469726827,1.3957179636771715,0.6540174585107433,0.013248543676536311,0.005202689679563351,0.015420289134300793,0.005260656441410789,0.8745552820480748,4256.5283208315495,2096.7940327009965,2586.5521791905026,1212.0287383009386,1944.8767697831806,1112.804082284406,2.9968466471128408,2.0839063892622254,0.001099198173871721,0.0005867921492976867,advance_eq19_20,0.0,0.0,0.0,0.0,,,81.06571677861561,5.059300705874596e-16,a1_station_hull_matched_sweep_free_surface_marching_not_benchmark_validated,41,8,24,10,3.0,2,16,15.0,False,none,0.0,1.0,0.0,1.0,trapezoid,1.0,1.0,1.0,1.0,1.0,1.0,1.0,True,False,True,3.0,11,9,40,True,True,True,True,A1_GRID_RECOMMENDED,"A1 Section 3.3 recommends control radius about 3B, inner free-surface panels greater than 10, outer/free-surface proxy panels greater than 8, and roughly 60 stations at Fn=0.2 or 40 at Fn=0.3."
42,st41_bp8_fs24_cp10_r3p0_h2_fsm_clipfs_onezonefs_noend_pr1p0_pl1p0_pf1p0_pm1p0_dt1p0_fv0p0_hr1p0_hqtrapezoid_hp1p0_hc1p0_ci1p0_cp1p0_cn1p0_cd1p0_pg1p0,A55,OK,diagnostic_matched_wigley_sensitivity_not_hard_gate,wigley_iii,Fn0.4,0.4,2.1696064159197173,1.0,1.808005346599764,0.063,719.5500000000001,6,7,32,0.525,2.475,0.07500000000000001,-0.866109375,0.866109375,0.0677812499999999,0.06778125000000006,pitch,pitch_moment,0.975,148.92875617075495,-221.79217744889405,11.169656712806622,-16.634413308667057,0.004748751321011742,0.003334899075450158,0.0014138522455615847,0.02865963444409901,0.015382133630840199,0.013277500813258823,0.0,0.02865963444409901,1.381531444153423,0.6353558439583941,0.014803195381503306,0.005760177718483839,0.017458991425239757,0.006059225714699001,0.7578662535687699,4160.891458944725,1940.7658945805456,2560.261643463209,1177.4449319419361,1685.3782733056382,837.0069806676956,3.233036260116514,2.2440233596341375,0.0012430155629772083,0.0006637656432004319,advance_eq19_20,0.0,0.0,0.0,0.0,,,82.0454186369934,3.5796551489293836e-16,a1_station_hull_matched_sweep_free_surface_marching_not_benchmark_validated,41,8,24,10,3.0,2,16,15.0,False,none,0.0,1.0,0.0,1.0,trapezoid,1.0,1.0,1.0,1.0,1.0,1.0,1.0,True,False,True,3.0,11,9,40,True,True,True,True,A1_GRID_RECOMMENDED,"A1 Section 3.3 recommends control radius about 3B, inner free-surface panels greater than 10, outer/free-surface proxy panels greater than 8, and roughly 60 stations at Fn=0.2 or 40 at Fn=0.3."
42,st41_bp8_fs24_cp10_r3p0_h2_fsm_clipfs_onezonefs_noend_pr1p0_pl1p0_pf1p0_pm1p0_dt1p0_fv0p0_hr1p0_hqtrapezoid_hp1p0_hc1p0_ci1p0_cp1p0_cn1p0_cd1p0_pg1p0,A55,OK,diagnostic_matched_wigley_sensitivity_not_hard_gate,wigley_iii,Fn0.4,0.4,2.1696064159197173,1.0,1.808005346599764,0.063,719.5500000000001,7,8,31,0.6,2.4,0.07499999999999996,-0.8664999999999999,0.8664999999999998,0.06699999999999995,0.06700000000000006,pitch,pitch_moment,0.9,153.77963017294255,-228.98062233926052,11.533472262970685,-17.17354667544453,0.0049034265826485065,0.0032125806999865926,0.0016908458826619128,0.03348572339592913,0.01865587351855857,0.014829849877370571,0.0,0.03348572339592913,1.3749719773914026,0.6245071843636073,0.01671634503483866,0.006486967937362678,0.01981431848473512,0.006908092204015934,0.7596814304084405,4202.573848514954,1919.5992771392284,2548.1056037122185,1157.3401365273508,1689.414948105951,792.0250991771768,3.4361034442461844,2.3818215627378514,0.0013835689722172596,0.0007387289629512574,advance_eq19_20,0.0,0.0,0.0,0.0,,,82.97650322796618,2.8255740262015493e-16,a1_station_hull_matched_sweep_free_surface_marching_not_benchmark_validated,41,8,24,10,3.0,2,16,15.0,False,none,0.0,1.0,0.0,1.0,trapezoid,1.0,1.0,1.0,1.0,1.0,1.0,1.0,True,False,True,3.0,11,9,40,True,True,True,True,A1_GRID_RECOMMENDED,"A1 Section 3.3 recommends control radius about 3B, inner free-surface panels greater than 10, outer/free-surface proxy panels greater than 8, and roughly 60 stations at Fn=0.2 or 40 at Fn=0.3."
42,st41_bp8_fs24_cp10_r3p0_h2_fsm_clipfs_onezonefs_noend_pr1p0_pl1p0_pf1p0_pm1p0_dt1p0_fv0p0_hr1p0_hqtrapezoid_hp1p0_hc1p0_ci1p0_cp1p0_cn1p0_cd1p0_pg1p0,A55,OK,diagnostic_matched_wigley_sensitivity_not_hard_gate,wigley_iii,Fn0.4,0.4,2.1696064159197173,1.0,1.808005346599764,0.063,719.5500000000001,8,9,30,0.6749999999999999,2.325,0.07500000000000001,-0.866859375,0.866859375,0.06628124999999993,0.06628125000000007,pitch,pitch_moment,0.8250000000000001,147.9110495454816,-237.2329971598588,11.093328715911122,-17.792474786989413,0.004716300666044691,0.0030051912197486676,0.0017111094462960233,0.03829558702027573,0.0217647594784262,0.01653082754184954,0.0,0.03829558702027573,1.3699313587647328,0.6167650037486878,0.01872741022565892,0.007268182507998611,0.02222309203464762,0.007744875289661355,0.78900474889226,4274.763501389755,1931.2854388903877,2538.7643016493494,1142.9922849825825,1754.6255095224672,805.0683897067619,3.606287273446986,2.4973221010604565,0.0015153051074300674,0.0008088394637078707,advance_eq19_20,0.0,0.0,0.0,0.0,,,83.85411691935546,4.563344540109493e-16,a1_station_hull_matched_sweep_free_surface_marching_not_benchmark_validated,41,8,24,10,3.0,2,16,15.0,False,none,0.0,1.0,0.0,1.0,trapezoid,1.0,1.0,1.0,1.0,1.0,1.0,1.0,True,False,True,3.0,11,9,40,True,True,True,True,A1_GRID_RECOMMENDED,"A1 Section 3.3 recommends control radius about 3B, inner free-surface panels greater than 10, outer/free-surface proxy panels greater than 8, and roughly 60 stations at Fn=0.2 or 40 at Fn=0.3."
42,st41_bp8_fs24_cp10_r3p0_h2_fsm_clipfs_onezonefs_noend_pr1p0_pl1p0_pf1p0_pm1p0_dt1p0_fv0p0_hr1p0_hqtrapezoid_hp1p0_hc1p0_ci1p0_cp1p0_cn1p0_cd1p0_pg1p0,A55,OK,diagnostic_matched_wigley_sensitivity_not_hard_gate,wigley_iii,Fn0.4,0.4,2.1696064159197173,1.0,1.808005346599764,0.063,719.5500000000001,9,10,29,0.75,2.25,0.07500000000000001,-0.8671874999999999,0.8671874999999999,0.06562499999999982,0.0656250000000001,pitch,pitch_moment,0.75,135.61030476391988,-242.15024363699098,10.170772857293993,-18.161268272774326,0.004324078374441749,0.0027260658590796474,0.0015980125153621002,0.04281577654051895,0.02463038801784036,0.018185388522678602,0.0,0.04281577654051895,1.3642744190826377,0.6102464643202932,0.020694936324268137,0.008041522358236958,0.024544796204731562,0.008534699752128248,0.8269216579185762,4354.264664997105,1953.0321623660827,2528.2808300289635,1130.9120919905595,1838.9468978451905,834.40986517626,3.745922080364941,2.5920575410826285,0.001635011058624466,0.0008724549591150566,advance_eq19_20,0.0,0.0,0.0,0.0,,,84.67363722110893,4.766265326377742e-16,a1_station_hull_matched_sweep_free_surface_marching_not_benchmark_validated,41,8,24,10,3.0,2,16,15.0,False,none,0.0,1.0,0.0,1.0,trapezoid,1.0,1.0,1.0,1.0,1.0,1.0,1.0,True,False,True,3.0,11,9,40,True,True,True,True,A1_GRID_RECOMMENDED,"A1 Section 3.3 recommends control radius about 3B, inner free-surface panels greater than 10, outer/free-surface proxy panels greater than 8, and roughly 60 stations at Fn=0.2 or 40 at Fn=0.3."
42,st41_bp8_fs24_cp10_r3p0_h2_fsm_clipfs_onezonefs_noend_pr1p0_pl1p0_pf1p0_pm1p0_dt1p0_fv0p0_hr1p0_hqtrapezoid_hp1p0_hc1p0_ci1p0_cp1p0_cn1p0_cd1p0_pg1p0,A55,OK,diagnostic_matched_wigley_sensitivity_not_hard_gate,wigley_iii,Fn0.4,0.4,2.1696064159197173,1.0,1.808005346599764,0.063,719.5500000000001,10,11,28,0.825,2.175,0.07499999999999996,-0.8674843749999999,0.8674843749999999,0.06503124999999987,0.0650312500000001,pitch,pitch_moment,0.675,119.37887355666659,-241.77917482653447,8.953415516749988,-18.133438111990074,0.0038065219778853944,0.0023930650988619644,0.0014134568790234309,0.04688107671668252,0.027189953496811168,0.01969112321987137,0.0,0.04688107671668252,1.3574011783113815,0.6041887220053681,0.022536401236209386,0.008770585406552116,0.026698077982248547,0.009257224254102544,0.8674193738760752,4433.207663705737,1977.7846549925869,2515.5433025644925,1119.6858507345087,1929.0076048259614,868.4548932900342,3.858121579118114,2.6681235147958327,0.001740949074397869,0.0009286938762528209,advance_eq19_20,0.0,0.0,0.0,0.0,,,85.43060038090825,3.3877869678019346e-16,a1_station_hull_matched_sweep_free_surface_marching_not_benchmark_validated,41,8,24,10,3.0,2,16,15.0,False,none,0.0,1.0,0.0,1.0,trapezoid,1.0,1.0,1.0,1.0,1.0,1.0,1.0,True,False,True,3.0,11,9,40,True,True,True,True,A1_GRID_RECOMMENDED,"A1 Section 3.3 recommends control radius about 3B, inner free-surface panels greater than 10, outer/free-surface proxy panels greater than 8, and roughly 60 stations at Fn=0.2 or 40 at Fn=0.3."
42,st41_bp8_fs24_cp10_r3p0_h2_fsm_clipfs_onezonefs_noend_pr1p0_pl1p0_pf1p0_pm1p0_dt1p0_fv0p0_hr1p0_hqtrapezoid_hp1p0_hc1p0_ci1p0_cp1p0_cn1p0_cd1p0_pg1p0,A55,OK,diagnostic_matched_wigley_sensitivity_not_hard_gate,wigley_iii,Fn0.4,0.4,2.1696064159197173,1.0,1.808005346599764,0.063,719.5500000000001,11,12,27,0.8999999999999999,2.1,0.07500000000000001,-0.8677499999999999,0.8677499999999999,0.06449999999999989,0.0645,pitch,pitch_moment,0.6000000000000001,100.97559795317696,-235.2947175412923,7.573169846488273,-17.647103815596925,0.0032197140196371316,0.0020259776617013027,0.0011937363579358291,0.050394194715443784,0.0293994748770928,0.020994719838350995,0.0,0.050394194715443784,1.349376392962699,0.5983306002189457,0.024203689293016185,0.009433969581362044,0.028636117670939768,0.009901123922976112,0.9075169369355596,4507.867678018329,2002.639764233833,2500.6717263783657,1108.829547335852,2018.1784331544795,902.9358382454662,3.9462929183025355,2.727831139791079,0.001832376041810412,0.000977189347910445,advance_eq19_20,0.0,0.0,0.0,0.0,,,86.12073569235693,4.271814530345828e-16,a1_station_hull_matched_sweep_free_surface_marching_not_benchmark_validated,41,8,24,10,3.0,2,16,15.0,False,none,0.0,1.0,0.0,1.0,trapezoid,1.0,1.0,1.0,1.0,1.0,1.0,1.0,True,False,True,3.0,11,9,40,True,True,True,True,A1_GRID_RECOMMENDED,"A1 Section 3.3 recommends control radius about 3B, inner free-surface panels greater than 10, outer/free-surface proxy panels greater than 8, and roughly 60 stations at Fn=0.2 or 40 at Fn=0.3."
42,st41_bp8_fs24_cp10_r3p0_h2_fsm_clipfs_onezonefs_noend_pr1p0_pl1p0_pf1p0_pm1p0_dt1p0_fv0p0_hr1p0_hqtrapezoid_hp1p0_hc1p0_ci1p0_cp1p0_cn1p0_cd1p0_pg1p0,A55,OK,diagnostic_matched_wigley_sensitivity_not_hard_gate,wigley_iii,Fn0.4,0.4,2.1696064159197173,1.0,1.808005346599764,0.063,719.5500000000001,12,13,26,0.975,2.025,0.07500000000000007,-0.8679843749999999,0.8679843749999999,0.06403124999999998,0.0640312500000001,pitch,pitch_moment,0.525,81.77778485769478,-222.49870057050427,6.133333864327114,-16.687402542787837,0.0026075713908946955,0.0016450027717467757,0.0009625686191479202,0.0533078374207097,0.03123496509381684,0.02207287232689287,0.0,0.0533078374207097,1.3405669549874306,0.5926523669820853,0.02567081444384263,0.01001984184527073,0.030334566049167146,0.010461155013657403,0.9453623171070094,4576.132619202013,2026.1281981119675,2484.3460276445458,1098.306614383081,2102.3407522782,935.7647546722932,4.0139072842364865,2.773544425455792,0.001909226931625091,0.00101792601101349,advance_eq19_20,0.0,0.0,0.0,0.0,,,86.74002633334426,4.330707059544901e-16,a1_station_hull_matched_sweep_free_surface_marching_not_benchmark_validated,41,8,24,10,3.0,2,16,15.0,False,none,0.0,1.0,0.0,1.0,trapezoid,1.0,1.0,1.0,1.0,1.0,1.0,1.0,True,False,True,3.0,11,9,40,True,True,True,True,A1_GRID_RECOMMENDED,"A1 Section 3.3 recommends control radius about 3B, inner free-surface panels greater than 10, outer/free-surface proxy panels greater than 8, and roughly 60 stations at Fn=0.2 or 40 at Fn=0.3."
42,st41_bp8_fs24_cp10_r3p0_h2_fsm_clipfs_onezonefs_noend_pr1p0_pl1p0_pf1p0_pm1p0_dt1p0_fv0p0_hr1p0_hqtrapezoid_hp1p0_hc1p0_ci1p0_cp1p0_cn1p0_cd1p0_pg1p0,A55,OK,diagnostic_matched_wigley_sensitivity_not_hard_gate,wigley_iii,Fn0.4,0.4,2.1696064159197173,1.0,1.808005346599764,0.063,719.5500000000001,13,14,25,1.05,1.95,0.07500000000000001,-0.8681874999999999,0.8681874999999999,0.06362499999999982,0.0636250000000001,pitch,pitch_moment,0.44999999999999996,62.92283718266888,-203.59078497255672,4.719212788700166,-15.269308872941757,0.0020063613896728547,0.001269727628284066,0.0007366337613887888,0.05561480381099347,0.03269233029383226,0.022922473517161222,0.0,0.05561480381099347,1.3314709168310401,0.5872530123636241,0.026926643039336538,0.010522754173226618,0.03178434724504232,0.010936279258028557,0.9797204419742559,4636.708898947976,2047.4061217578974,2467.489199884426,1088.300500814256,2178.7479506329228,965.7090992772687,4.064358560543564,2.807580741354713,0.0019718780168195608,0.001051117082411208,advance_eq19_20,0.0,0.0,0.0,0.0,,,87.28477208365122,3.226861626186045e-16,a1_station_hull_matched_sweep_free_surface_marching_not_benchmark_validated,41,8,24,10,3.0,2,16,15.0,False,none,0.0,1.0,0.0,1.0,trapezoid,1.0,1.0,1.0,1.0,1.0,1.0,1.0,True,False,True,3.0,11,9,40,True,True,True,True,A1_GRID_RECOMMENDED,"A1 Section 3.3 recommends control radius about 3B, inner free-surface panels greater than 10, outer/free-surface proxy panels greater than 8, and roughly 60 stations at Fn=0.2 or 40 at Fn=0.3."
42,st41_bp8_fs24_cp10_r3p0_h2_fsm_clipfs_onezonefs_noend_pr1p0_pl1p0_pf1p0_pm1p0_dt1p0_fv0p0_hr1p0_hqtrapezoid_hp1p0_hc1p0_ci1p0_cp1p0_cn1p0_cd1p0_pg1p0,A55,OK,diagnostic_matched_wigley_sensitivity_not_hard_gate,wigley_iii,Fn0.4,0.4,2.1696064159197173,1.0,1.808005346599764,0.063,719.5500000000001,14,15,24,1.125,1.875,0.07499999999999996,-0.8683593749999999,0.8683593749999999,0.06328124999999996,0.06328125000000007,pitch,pitch_moment,0.375,45.367361766515884,-179.04658016237457,3.4025521324886894,-13.428493512178084,0.0014465864394418765,0.0009183765753016337,0.0005282098641402425,0.05734127772555083,0.03378638239562511,0.023554895329925742,0.0,0.05734127772555083,1.3226268046408691,0.5822862303867921,0.027969947730839263,0.010941511706858916,0.03298664990854375,0.011328283870921167,1.0097544333197674,4688.783333027701,2065.954352692904,2451.0992427055244,1079.0960332355105,2245.538939459794,991.9701826526748,4.10085350315373,2.8321337325229115,0.0020209549624803807,0.0010771041678723054,advance_eq19_20,0.0,0.0,0.0,0.0,,,87.75164677623461,3.103606631610206e-16,a1_station_hull_matched_sweep_free_surface_marching_not_benchmark_validated,41,8,24,10,3.0,2,16,15.0,False,none,0.0,1.0,0.0,1.0,trapezoid,1.0,1.0,1.0,1.0,1.0,1.0,1.0,True,False,True,3.0,11,9,40,True,True,True,True,A1_GRID_RECOMMENDED,"A1 Section 3.3 recommends control radius about 3B, inner free-surface panels greater than 10, outer/free-surface proxy panels greater than 8, and roughly 60 stations at Fn=0.2 or 40 at Fn=0.3."
42,st41_bp8_fs24_cp10_r3p0_h2_fsm_clipfs_onezonefs_noend_pr1p0_pl1p0_pf1p0_pm1p0_dt1p0_fv0p0_hr1p0_hqtrapezoid_hp1p0_hc1p0_ci1p0_cp1p0_cn1p0_cd1p0_pg1p0,A55,OK,diagnostic_matched_wigley_sensitivity_not_hard_gate,wigley_iii,Fn0.4,0.4,2.1696064159197173,1.0,1.808005346599764,0.063,719.5500000000001,15,16,23,1.2,1.8,0.07499999999999996,-0.8684999999999999,0.8684999999999998,0.06299999999999994,0.06300000000000008,pitch,pitch_moment,0.30000000000000004,29.911832639373518,-149.54346839142002,2.2433874479530127,-11.215760129356495,0.0009537705035100542,0.0006072339406128244,0.00034653656289722974,0.058541456197026796,0.034549187653582336,0.023992268543444474,0.0,0.058541456197026796,1.3145592355565883,0.5779235270411192,0.028805687893115217,0.011277594288478255,0.0339490516169299,0.011640666260477033,1.0348973070821483,4731.843718001761,2081.44245711211,2436.1483794661203,1071.0110474865403,2301.4528331950532,1014.010027768405,4.126313722149501,2.8492046739178174,0.0020571717865160064,0.0010962728442968528,advance_eq19_20,0.0,0.0,0.0,0.0,,,88.13774872231025,2.77074111934061e-16,a1_station_hull_matched_sweep_free_surface_marching_not_benchmark_validated,41,8,24,10,3.0,2,16,15.0,False,none,0.0,1.0,0.0,1.0,trapezoid,1.0,1.0,1.0,1.0,1.0,1.0,1.0,True,False,True,3.0,11,9,40,True,True,True,True,A1_GRID_RECOMMENDED,"A1 Section 3.3 recommends control radius about 3B, inner free-surface panels greater than 10, outer/free-surface proxy panels greater than 8, and roughly 60 stations at Fn=0.2 or 40 at Fn=0.3."
42,st41_bp8_fs24_cp10_r3p0_h2_fsm_clipfs_onezonefs_noend_pr1p0_pl1p0_pf1p0_pm1p0_dt1p0_fv0p0_hr1p0_hqtrapezoid_hp1p0_hc1p0_ci1p0_cp1p0_cn1p0_cd1p0_pg1p0,A55,OK,diagnostic_matched_wigley_sensitivity_not_hard_gate,wigley_iii,Fn0.4,0.4,2.1696064159197173,1.0,1.808005346599764,0.063,719.5500000000001,16,17,22,1.275,1.725,0.07499999999999996,-0.8686093749999999,0.8686093749999999,0.0627812499999999,0.06278125000000001,pitch,pitch_moment,0.2250000000000001,17.209999241895904,-115.90969841408763,1.290749943142192,-8.693227381056568,0.0005487590760568823,0.00035019295186106223,0.00019856612419581998,0.059292720986810266,0.035027901099819285,0.024264819886991,0.0,0.059292720986810266,1.3077422016138807,0.5743307875651266,0.029442036058791417,0.011533911453523072,0.03468233988876118,0.011877689199259156,1.0547680140010454,4765.57122451325,2093.6577482487023,2423.515014804344,1064.352963000467,2345.6422367456553,1031.4628376115097,4.143283892038105,2.8605383352241023,0.0020811967398786293,0.0011089821613347857,advance_eq19_20,0.0,0.0,0.0,0.0,,,88.44064379627237,4.570001600628703e-16,a1_station_hull_matched_sweep_free_surface_marching_not_benchmark_validated,41,8,24,10,3.0,2,16,15.0,False,none,0.0,1.0,0.0,1.0,trapezoid,1.0,1.0,1.0,1.0,1.0,1.0,1.0,True,False,True,3.0,11,9,40,True,True,True,True,A1_GRID_RECOMMENDED,"A1 Section 3.3 recommends control radius about 3B, inner free-surface panels greater than 10, outer/free-surface proxy panels greater than 8, and roughly 60 stations at Fn=0.2 or 40 at Fn=0.3."
42,st41_bp8_fs24_cp10_r3p0_h2_fsm_clipfs_onezonefs_noend_pr1p0_pl1p0_pf1p0_pm1p0_dt1p0_fv0p0_hr1p0_hqtrapezoid_hp1p0_hc1p0_ci1p0_cp1p0_cn1p0_cd1p0_pg1p0,A55,OK,diagnostic_matched_wigley_sensitivity_not_hard_gate,wigley_iii,Fn0.4,0.4,2.1696064159197173,1.0,1.808005346599764,0.063,719.5500000000001,17,18,21,1.3499999999999999,1.6500000000000001,0.07500000000000007,-0.8686874999999998,0.8686875,0.0626249999999999,0.06262500000000004,pitch,pitch_moment,0.15000000000000013,7.771481975874486,-79.08563783560372,0.582861148190587,-5.931422837670285,0.00024780194401704083,0.0001584057897371339,8.939615427990689e-05,0.05969100149684723,0.03528220047061839,0.024408801026228864,0.0,0.05969100149684723,1.3025720200197728,0.571652166497842,0.02988795393518469,0.01171379790246897,0.03519786705253712,0.012043576785014576,1.0691156177725745,4789.772236880492,2102.4646010897,2413.9336059401794,1059.3889277590229,2377.549106271333,1044.083324003355,4.1538469277375105,2.867563851533559,0.0020935462052646295,0.0011155087772770481,advance_eq19_20,0.0,0.0,0.0,0.0,,,88.65840109908919,4.3649079370266507e-16,a1_station_hull_matched_sweep_free_surface_marching_not_benchmark_validated,41,8,24,10,3.0,2,16,15.0,False,none,0.0,1.0,0.0,1.0,trapezoid,1.0,1.0,1.0,1.0,1.0,1.0,1.0,True,False,True,3.0,11,9,40,True,True,True,True,A1_GRID_RECOMMENDED,"A1 Section 3.3 recommends control radius about 3B, inner free-surface panels greater than 10, outer/free-surface proxy panels greater than 8, and roughly 60 stations at Fn=0.2 or 40 at Fn=0.3."
42,st41_bp8_fs24_cp10_r3p0_h2_fsm_clipfs_onezonefs_noend_pr1p0_pl1p0_pf1p0_pm1p0_dt1p0_fv0p0_hr1p0_hqtrapezoid_hp1p0_hc1p0_ci1p0_cp1p0_cn1p0_cd1p0_pg1p0,A55,OK,diagnostic_matched_wigley_sensitivity_not_hard_gate,wigley_iii,Fn0.4,0.4,2.1696064159197173,1.0,1.808005346599764,0.063,719.5500000000001,18,19,20,1.425,1.575,0.07500000000000007,-0.8687343749999998,0.868734375,0.06253124999999993,0.06253125000000004,pitch,pitch_moment,0.07499999999999996,1.9615425905618022,-40.09169752695605,0.1471156942921353,-3.0068773145217063,6.254586560483421e-05,4.002095256845875e-05,2.252491303637543e-05,0.059846175401658167,0.03538141384177118,0.024464761559887006,0.0,0.059846175401658167,1.2993467968896748,0.5699985907979954,0.030151262630931992,0.011820219435145269,0.03550541050224954,0.012141854515226527,1.077782851966489,4804.334702792471,2107.7800890417884,2407.956604760405,1056.3245122100345,2396.8237053596135,1051.7149312678855,4.1595499619413,2.8713432298201393,0.002094509878564343,0.0011160075335449973,advance_eq19_20,0.0,0.0,0.0,0.0,,,88.78962105356729,4.480793736542673e-16,a1_station_hull_matched_sweep_free_surface_marching_not_benchmark_validated,41,8,24,10,3.0,2,16,15.0,False,none,0.0,1.0,0.0,1.0,trapezoid,1.0,1.0,1.0,1.0,1.0,1.0,1.0,True,False,True,3.0,11,9,40,True,True,True,True,A1_GRID_RECOMMENDED,"A1 Section 3.3 recommends control radius about 3B, inner free-surface panels greater than 10, outer/free-surface proxy panels greater than 8, and roughly 60 stations at Fn=0.2 or 40 at Fn=0.3."
42,st41_bp8_fs24_cp10_r3p0_h2_fsm_clipfs_onezonefs_noend_pr1p0_pl1p0_pf1p0_pm1p0_dt1p0_fv0p0_hr1p0_hqtrapezoid_hp1p0_hc1p0_ci1p0_cp1p0_cn1p0_cd1p0_pg1p0,A55,OK,diagnostic_matched_wigley_sensitivity_not_hard_gate,wigley_iii,Fn0.4,0.4,2.1696064159197173,1.0,1.808005346599764,0.063,719.5500000000001,19,20,19,1.5,1.5,0.07499999999999996,-0.8687499999999999,0.8687499999999999,0.062499999999999944,0.06250000000000003,pitch,pitch_moment,0.0,0.0,0.0,0.0,0.0,0.0,0.0,0.0,0.059877448334460584,0.035401424318055416,0.024476024016405196,0.0,0.059877448334460584,1.2982515282853615,0.5694397953900999,0.030237220816031737,0.011855190418874883,0.03561157439937313,0.012174852444927777,1.0806834852818594,4809.201105747605,2109.5595276891577,2405.9268469805297,1055.2889494977758,2403.2742688271537,1054.2705782400835,4.161346230987856,2.8725309864330093,0.0020841106678374877,0.0011104903278380753,advance_eq19_20,0.0,0.0,0.0,0.0,,,88.83345571237246,2.2077959278204478e-16,a1_station_hull_matched_sweep_free_surface_marching_not_benchmark_validated,41,8,24,10,3.0,2,16,15.0,False,none,0.0,1.0,0.0,1.0,trapezoid,1.0,1.0,1.0,1.0,1.0,1.0,1.0,True,False,True,3.0,11,9,40,True,True,True,True,A1_GRID_RECOMMENDED,"A1 Section 3.3 recommends control radius about 3B, inner free-surface panels greater than 10, outer/free-surface proxy panels greater than 8, and roughly 60 stations at Fn=0.2 or 40 at Fn=0.3."
42,st41_bp8_fs24_cp10_r3p0_h2_fsm_clipfs_onezonefs_noend_pr1p0_pl1p0_pf1p0_pm1p0_dt1p0_fv0p0_hr1p0_hqtrapezoid_hp1p0_hc1p0_ci1p0_cp1p0_cn1p0_cd1p0_pg1p0,A55,OK,diagnostic_matched_wigley_sensitivity_not_hard_gate,wigley_iii,Fn0.4,0.4,2.1696064159197173,1.0,1.808005346599764,0.063,719.5500000000001,20,21,18,1.575,1.425,0.07499999999999996,-0.8687343749999998,0.868734375,0.06253124999999993,0.06253125000000004,pitch,pitch_moment,-0.07499999999999996,1.9602763153304217,40.09191872813,0.14702072364978153,3.006893904609748,6.250548907626839e-05,4.0009140673562814e-05,2.249634840270557e-05,0.05990870107899872,0.0354214288883922,0.024487272190606545,0.0,0.05990870107899872,1.2993489331714614,0.5699995640203138,0.03014764999673154,0.011819416010255384,0.035518789909883185,0.012143394151979297,1.0777900072119189,4804.353713951364,2107.7887787460345,2407.9605637295194,1056.3263157909685,2396.8396175276657,1051.722271643383,4.159557811185896,2.871348293587287,0.002062101508529132,0.0010988244676177934,advance_eq19_20,0.0,0.0,0.0,0.0,,,88.78962105356736,3.458918998719253e-16,a1_station_hull_matched_sweep_free_surface_marching_not_benchmark_validated,41,8,24,10,3.0,2,16,15.0,False,none,0.0,1.0,0.0,1.0,trapezoid,1.0,1.0,1.0,1.0,1.0,1.0,1.0,True,False,True,3.0,11,9,40,True,True,True,True,A1_GRID_RECOMMENDED,"A1 Section 3.3 recommends control radius about 3B, inner free-surface panels greater than 10, outer/free-surface proxy panels greater than 8, and roughly 60 stations at Fn=0.2 or 40 at Fn=0.3."
42,st41_bp8_fs24_cp10_r3p0_h2_fsm_clipfs_onezonefs_noend_pr1p0_pl1p0_pf1p0_pm1p0_dt1p0_fv0p0_hr1p0_hqtrapezoid_hp1p0_hc1p0_ci1p0_cp1p0_cn1p0_cd1p0_pg1p0,A55,OK,diagnostic_matched_wigley_sensitivity_not_hard_gate,wigley_iii,Fn0.4,0.4,2.1696064159197173,1.0,1.808005346599764,0.063,719.5500000000001,21,22,17,1.65,1.35,0.07499999999999996,-0.8686874999999998,0.8686875,0.0626249999999999,0.06262500000000004,pitch,pitch_moment,-0.1499999999999999,7.769032601440924,79.086507217814,0.582677445108069,5.9314880413360465,0.0002477238431158035,0.00015838330995489788,8.934053316090564e-05,0.06006381574509476,0.035520625113706426,0.02454319063138835,0.0,0.06006381574509476,1.3025763446596694,0.5716541377620177,0.029880642278295542,0.011712172060336142,0.03522496167328881,0.012046689115003083,1.069129725839214,4789.80989204224,2102.4818317097943,2413.9416203865358,1059.392580916596,2377.580480447028,1044.0978227690823,4.153862757543728,2.867574061319634,0.0020279992757551036,0.0010807505979239956,advance_eq19_20,0.0,0.0,0.0,0.0,,,88.65840109908919,2.80031316342674e-16,a1_station_hull_matched_sweep_free_surface_marching_not_benchmark_validated,41,8,24,10,3.0,2,16,15.0,False,none,0.0,1.0,0.0,1.0,trapezoid,1.0,1.0,1.0,1.0,1.0,1.0,1.0,True,False,True,3.0,11,9,40,True,True,True,True,A1_GRID_RECOMMENDED,"A1 Section 3.3 recommends control radius about 3B, inner free-surface panels greater than 10, outer/free-surface proxy panels greater than 8, and roughly 60 stations at Fn=0.2 or 40 at Fn=0.3."
42,st41_bp8_fs24_cp10_r3p0_h2_fsm_clipfs_onezonefs_noend_pr1p0_pl1p0_pf1p0_pm1p0_dt1p0_fv0p0_hr1p0_hqtrapezoid_hp1p0_hc1p0_ci1p0_cp1p0_cn1p0_cd1p0_pg1p0,A55,OK,diagnostic_matched_wigley_sensitivity_not_hard_gate,wigley_iii,Fn0.4,0.4,2.1696064159197173,1.0,1.808005346599764,0.063,719.5500000000001,22,23,16,1.7249999999999999,1.2750000000000001,0.07499999999999996,-0.8686093749999999,0.8686093749999999,0.0627812499999999,0.06278125000000001,pitch,pitch_moment,-0.22499999999999987,17.206528757930197,115.91159735603236,1.2904896568447641,8.693369801702422,0.0005486484159953842,0.0003501620080471075,0.00019848640794827664,0.060462001874650353,0.035774897772707426,0.024687104101942945,0.0,0.060462001874650353,1.3077488125363355,0.5743338037979497,0.029430864247868543,0.011531427822656697,0.034723779400552005,0.011882435158051319,1.0547886722547106,4765.626794750367,2093.6832244253455,2423.527266202066,1064.3585526996646,2345.688177532342,1031.484133332778,4.1433079361097676,2.8605538367954004,0.001981153891908175,0.0010559191764471186,advance_eq19_20,0.0,0.0,0.0,0.0,,,88.44064379627237,3.5049059957770776e-16,a1_station_hull_matched_sweep_free_surface_marching_not_benchmark_validated,41,8,24,10,3.0,2,16,15.0,False,none,0.0,1.0,0.0,1.0,trapezoid,1.0,1.0,1.0,1.0,1.0,1.0,1.0,True,False,True,3.0,11,9,40,True,True,True,True,A1_GRID_RECOMMENDED,"A1 Section 3.3 recommends control radius about 3B, inner free-surface panels greater than 10, outer/free-surface proxy panels greater than 8, and roughly 60 stations at Fn=0.2 or 40 at Fn=0.3."
42,st41_bp8_fs24_cp10_r3p0_h2_fsm_clipfs_onezonefs_noend_pr1p0_pl1p0_pf1p0_pm1p0_dt1p0_fv0p0_hr1p0_hqtrapezoid_hp1p0_hc1p0_ci1p0_cp1p0_cn1p0_cd1p0_pg1p0,A55,OK,diagnostic_matched_wigley_sensitivity_not_hard_gate,wigley_iii,Fn0.4,0.4,2.1696064159197173,1.0,1.808005346599764,0.063,719.5500000000001,23,24,15,1.7999999999999998,1.2000000000000002,0.07500000000000007,-0.8684999999999999,0.8684999999999998,0.06299999999999994,0.06300000000000008,pitch,pitch_moment,-0.2999999999999998,29.907573393056648,149.54670443236012,2.2430680044792504,11.21600283242702,0.0009536346929245527,0.0006071976319505207,0.000346437060974032,0.061213143429110335,0.03625357759270625,0.0249595658364041,0.0,0.061213143429110335,1.3145682645364414,0.5779276520514833,0.028790442791597894,0.011274206225454487,0.03400567760700066,0.011647124567145254,1.0349239172378877,4731.9161232036095,2081.4757412687063,2436.1651120210654,1071.0186919783532,2301.5120100987897,1014.0375848097816,4.1263462612207364,2.849225640795077,0.0019208493042763984,0.001023943693706428,advance_eq19_20,0.0,0.0,0.0,0.0,,,88.13774872231025,3.151704017730904e-16,a1_station_hull_matched_sweep_free_surface_marching_not_benchmark_validated,41,8,24,10,3.0,2,16,15.0,False,none,0.0,1.0,0.0,1.0,trapezoid,1.0,1.0,1.0,1.0,1.0,1.0,1.0,True,False,True,3.0,11,9,40,True,True,True,True,A1_GRID_RECOMMENDED,"A1 Section 3.3 recommends control radius about 3B, inner free-surface panels greater than 10, outer/free-surface proxy panels greater than 8, and roughly 60 stations at Fn=0.2 or 40 at Fn=0.3."
42,st41_bp8_fs24_cp10_r3p0_h2_fsm_clipfs_onezonefs_noend_pr1p0_pl1p0_pf1p0_pm1p0_dt1p0_fv0p0_hr1p0_hqtrapezoid_hp1p0_hc1p0_ci1p0_cp1p0_cn1p0_cd1p0_pg1p0,A55,OK,diagnostic_matched_wigley_sensitivity_not_hard_gate,wigley_iii,Fn0.4,0.4,2.1696064159197173,1.0,1.808005346599764,0.063,719.5500000000001,24,25,14,1.875,1.125,0.07500000000000007,-0.8683593749999999,0.8683593749999999,0.06328124999999996,0.06328125000000007,pitch,pitch_moment,-0.375,45.36260448457216,179.05136178391334,3.402195336342915,13.428852133793512,0.0014464347484622747,0.0009183386587769998,0.0005280960896852748,0.062413178149803746,0.03701634573807001,0.025396832411733756,0.0,0.062413178149803746,1.322638400303099,0.5822915374608392,0.027950397161359875,0.010937168711171072,0.0330593967006883,0.011336536423696792,1.0097862087120857,4688.871157225581,2065.9948712789655,2451.120731850316,1079.1058683342187,2245.6096030572126,992.0032995136324,4.100894787566598,2.8321603162078515,0.0018464328768790306,0.0009844687369801848,advance_eq19_20,0.0,0.0,0.0,0.0,,,87.75164677623461,3.3111647122668235e-16,a1_station_hull_matched_sweep_free_surface_marching_not_benchmark_validated,41,8,24,10,3.0,2,16,15.0,False,none,0.0,1.0,0.0,1.0,trapezoid,1.0,1.0,1.0,1.0,1.0,1.0,1.0,True,False,True,3.0,11,9,40,True,True,True,True,A1_GRID_RECOMMENDED,"A1 Section 3.3 recommends control radius about 3B, inner free-surface panels greater than 10, outer/free-surface proxy panels greater than 8, and roughly 60 stations at Fn=0.2 or 40 at Fn=0.3."
42,st41_bp8_fs24_cp10_r3p0_h2_fsm_clipfs_onezonefs_noend_pr1p0_pl1p0_pf1p0_pm1p0_dt1p0_fv0p0_hr1p0_hqtrapezoid_hp1p0_hc1p0_ci1p0_cp1p0_cn1p0_cd1p0_pg1p0,A55,OK,diagnostic_matched_wigley_sensitivity_not_hard_gate,wigley_iii,Fn0.4,0.4,2.1696064159197173,1.0,1.808005346599764,0.063,719.5500000000001,25,26,13,1.95,1.05,0.07499999999999996,-0.8681874999999999,0.8681874999999999,0.0636249999999999,0.06362500000000004,pitch,pitch_moment,-0.44999999999999996,62.91791644210172,203.59720007975127,4.718843733157626,15.269790005981337,0.0020062044866417023,0.0012696922185228663,0.0007365122681188365,0.06413949776735574,0.03811036117671994,0.02602913659063581,0.0,0.06413949776735574,1.3314852234309602,0.5872595750186969,0.026902578271707986,0.0105174114581138,0.03187408728951674,0.010946392368013235,0.9797564184165681,4636.810409356394,2047.4531727342069,2467.5157129538015,1088.3126627626018,2178.827956720987,965.7469205711453,4.064408715781409,2.807613011075642,0.0017574715289297481,0.0009372518919706757,advance_eq19_20,0.0,0.0,0.0,0.0,,,87.28477208365148,4.221294640301598e-16,a1_station_hull_matched_sweep_free_surface_marching_not_benchmark_validated,41,8,24,10,3.0,2,16,15.0,False,none,0.0,1.0,0.0,1.0,trapezoid,1.0,1.0,1.0,1.0,1.0,1.0,1.0,True,False,True,3.0,11,9,40,True,True,True,True,A1_GRID_RECOMMENDED,"A1 Section 3.3 recommends control radius about 3B, inner free-surface panels greater than 10, outer/free-surface proxy panels greater than 8, and roughly 60 stations at Fn=0.2 or 40 at Fn=0.3."
42,st41_bp8_fs24_cp10_r3p0_h2_fsm_clipfs_onezonefs_noend_pr1p0_pl1p0_pf1p0_pm1p0_dt1p0_fv0p0_hr1p0_hqtrapezoid_hp1p0_hc1p0_ci1p0_cp1p0_cn1p0_cd1p0_pg1p0,A55,OK,diagnostic_matched_wigley_sensitivity_not_hard_gate,wigley_iii,Fn0.4,0.4,2.1696064159197173,1.0,1.808005346599764,0.063,719.5500000000001,26,27,12,2.025,0.9750000000000001,0.07500000000000007,-0.8679843749999999,0.8679843749999999,0.06403124999999998,0.0640312500000001,pitch,pitch_moment,-0.5249999999999999,81.77306350996162,222.50669867657012,6.132979763247127,16.688002400742775,0.0026074208457155016,0.001644973990575947,0.0009624468551395546,0.06644631043353433,0.03956769428126934,0.026878616152265007,0.0,0.06644631043353433,1.3405840873251955,0.5926602480256888,0.025642102388922092,0.010013472102281106,0.030441917502061062,0.010473156436772166,0.9454013699343496,4576.245787994266,2026.1809585880399,2484.377777386781,1098.3212195762774,2102.4275997745763,935.8062878425786,4.013966203463874,2.7735823004396005,0.001653937457314958,0.0008822607648886731,advance_eq19_20,0.0,0.0,0.0,0.0,,,86.74002633334426,3.8198581323393635e-16,a1_station_hull_matched_sweep_free_surface_marching_not_benchmark_validated,41,8,24,10,3.0,2,16,15.0,False,none,0.0,1.0,0.0,1.0,trapezoid,1.0,1.0,1.0,1.0,1.0,1.0,1.0,True,False,True,3.0,11,9,40,True,True,True,True,A1_GRID_RECOMMENDED,"A1 Section 3.3 recommends control radius about 3B, inner free-surface panels greater than 10, outer/free-surface proxy panels greater than 8, and roughly 60 stations at Fn=0.2 or 40 at Fn=0.3."
42,st41_bp8_fs24_cp10_r3p0_h2_fsm_clipfs_onezonefs_noend_pr1p0_pl1p0_pf1p0_pm1p0_dt1p0_fv0p0_hr1p0_hqtrapezoid_hp1p0_hc1p0_ci1p0_cp1p0_cn1p0_cd1p0_pg1p0,A55,OK,diagnostic_matched_wigley_sensitivity_not_hard_gate,wigley_iii,Fn0.4,0.4,2.1696064159197173,1.0,1.808005346599764,0.063,719.5500000000001,27,28,11,2.1,0.8999999999999999,0.07499999999999996,-0.8677499999999999,0.8677499999999999,0.06449999999999989,0.06450000000000003,pitch,pitch_moment,-0.6000000000000001,100.97145287495897,235.30409446427814,7.5728589656219185,17.64780708482085,0.0032195818494225284,0.002025959250363072,0.0011936225990594566,0.06935981178110336,0.04140316090173886,0.02795665087936451,0.0,0.06935981178110336,1.349396406815459,0.598339838822654,0.024170336332241773,0.009426577340971715,0.028761203591373064,0.009914974869665657,0.9075578099635517,4507.9902052274065,2002.6972955183708,2500.7088161599813,1108.8466683668744,2018.2693284978434,902.9799754875187,3.946360143376679,2.727874315514455,0.001536432963625615,0.0008197898088742762,advance_eq19_20,0.0,0.0,0.0,0.0,,,86.12073569235677,3.2051274321425434e-16,a1_station_hull_matched_sweep_free_surface_marching_not_benchmark_validated,41,8,24,10,3.0,2,16,15.0,False,none,0.0,1.0,0.0,1.0,trapezoid,1.0,1.0,1.0,1.0,1.0,1.0,1.0,True,False,True,3.0,11,9,40,True,True,True,True,A1_GRID_RECOMMENDED,"A1 Section 3.3 recommends control radius about 3B, inner free-surface panels greater than 10, outer/free-surface proxy panels greater than 8, and roughly 60 stations at Fn=0.2 or 40 at Fn=0.3."
42,st41_bp8_fs24_cp10_r3p0_h2_fsm_clipfs_onezonefs_noend_pr1p0_pl1p0_pf1p0_pm1p0_dt1p0_fv0p0_hr1p0_hqtrapezoid_hp1p0_hc1p0_ci1p0_cp1p0_cn1p0_cd1p0_pg1p0,A55,OK,diagnostic_matched_wigley_sensitivity_not_hard_gate,wigley_iii,Fn0.4,0.4,2.1696064159197173,1.0,1.808005346599764,0.063,719.5500000000001,28,29,10,2.175,0.8250000000000002,0.07499999999999996,-0.8674843749999999,0.8674843749999999,0.06503124999999987,0.0650312500000001,pitch,pitch_moment,-0.6749999999999998,119.37569091608013,241.78955185364282,8.953176818706005,18.1342163890232,0.0038064204960152857,0.002393060003716696,0.0014133604922985897,0.07287281295382224,0.043612670528778735,0.02926014242504353,0.0,0.07287281295382224,1.3574240337448606,0.6041993175805385,0.022498633961391006,0.00876222508981928,0.026840210911547906,0.009272784027804392,0.8674607115061003,4433.336959845432,1977.8458779677192,2515.585658379069,1119.7054865124808,1929.0995333729659,868.5004084585319,3.8581961663926885,2.668171381484823,0.0014064780886796928,0.0007506088112642599,advance_eq19_20,0.0,0.0,0.0,0.0,,,85.43060038090854,3.389628678827451e-16,a1_station_hull_matched_sweep_free_surface_marching_not_benchmark_validated,41,8,24,10,3.0,2,16,15.0,False,none,0.0,1.0,0.0,1.0,trapezoid,1.0,1.0,1.0,1.0,1.0,1.0,1.0,True,False,True,3.0,11,9,40,True,True,True,True,A1_GRID_RECOMMENDED,"A1 Section 3.3 recommends control radius about 3B, inner free-surface panels greater than 10, outer/free-surface proxy panels greater than 8, and roughly 60 stations at Fn=0.2 or 40 at Fn=0.3."
42,st41_bp8_fs24_cp10_r3p0_h2_fsm_clipfs_onezonefs_noend_pr1p0_pl1p0_pf1p0_pm1p0_dt1p0_fv0p0_hr1p0_hqtrapezoid_hp1p0_hc1p0_ci1p0_cp1p0_cn1p0_cd1p0_pg1p0,A55,OK,diagnostic_matched_wigley_sensitivity_not_hard_gate,wigley_iii,Fn0.4,0.4,2.1696064159197173,1.0,1.808005346599764,0.063,719.5500000000001,29,30,9,2.25,0.75,0.07499999999999996,-0.8671874999999999,0.8671874999999999,0.06562499999999982,0.0656250000000001,pitch,pitch_moment,-0.75,135.60850635379978,242.1610164317197,10.170637976534978,18.16207623237897,0.004324021030227954,0.00272607577587381,0.0015979452543541434,0.07693803371694388,0.04617223841857399,0.030765795298369904,0.0,0.07693803371694388,1.3642999234279298,0.6102583510457377,0.020653320984192616,0.008032324918932758,0.024701996855855918,0.00855167337680818,0.8269620145429796,4354.3976960576765,1953.09572700582,2528.328094821429,1130.9341205352957,1839.0366447862016,834.4552772957646,3.746002418053794,2.592109073918378,0.0012669978358370083,0.0006762118855280487,advance_eq19_20,0.0,0.0,0.0,0.0,,,84.67363722110893,3.0436685950393535e-16,a1_station_hull_matched_sweep_free_surface_marching_not_benchmark_validated,41,8,24,10,3.0,2,16,15.0,False,none,0.0,1.0,0.0,1.0,trapezoid,1.0,1.0,1.0,1.0,1.0,1.0,1.0,True,False,True,3.0,11,9,40,True,True,True,True,A1_GRID_RECOMMENDED,"A1 Section 3.3 recommends control radius about 3B, inner free-surface panels greater than 10, outer/free-surface proxy panels greater than 8, and roughly 60 stations at Fn=0.2 or 40 at Fn=0.3."
42,st41_bp8_fs24_cp10_r3p0_h2_fsm_clipfs_onezonefs_noend_pr1p0_pl1p0_pf1p0_pm1p0_dt1p0_fv0p0_hr1p0_hqtrapezoid_hp1p0_hc1p0_ci1p0_cp1p0_cn1p0_cd1p0_pg1p0,A55,OK,diagnostic_matched_wigley_sensitivity_not_hard_gate,wigley_iii,Fn0.4,0.4,2.1696064159197173,1.0,1.808005346599764,0.063,719.5500000000001,30,31,8,2.3249999999999997,0.6750000000000003,0.07499999999999996,-0.866859375,0.866859375,0.06628124999999996,0.06628125000000007,pitch,pitch_moment,-0.8249999999999997,147.91105450823844,237.2433537087908,11.093329088117876,17.7932515281593,0.004716300824287452,0.0030052160212954296,0.0017110848029920232,0.08145819464420156,0.04903788431715861,0.032420310327042984,0.0,0.08145819464420156,1.3699590531170873,0.6167779985911969,0.018683065056644268,0.00725840299973097,0.022391224025045925,0.0077627198444456145,0.7890429476261144,4274.897143294518,1931.349779954258,2538.8156249749054,1143.0163670959353,1754.7104576459687,805.1120180801712,3.606370764269058,2.4973756675259717,0.0011232813244825188,0.0005993042306388581,advance_eq19_20,0.0,0.0,0.0,0.0,,,83.85411691935549,3.9324083130337083e-16,a1_station_hull_matched_sweep_free_surface_marching_not_benchmark_validated,41,8,24,10,3.0,2,16,15.0,False,none,0.0,1.0,0.0,1.0,trapezoid,1.0,1.0,1.0,1.0,1.0,1.0,1.0,True,False,True,3.0,11,9,40,True,True,True,True,A1_GRID_RECOMMENDED,"A1 Section 3.3 recommends control radius about 3B, inner free-surface panels greater than 10, outer/free-surface proxy panels greater than 8, and roughly 60 stations at Fn=0.2 or 40 at Fn=0.3."
42,st41_bp8_fs24_cp10_r3p0_h2_fsm_clipfs_onezonefs_noend_pr1p0_pl1p0_pf1p0_pm1p0_dt1p0_fv0p0_hr1p0_hqtrapezoid_hp1p0_hc1p0_ci1p0_cp1p0_cn1p0_cd1p0_pg1p0,A55,OK,diagnostic_matched_wigley_sensitivity_not_hard_gate,wigley_iii,Fn0.4,0.4,2.1696064159197173,1.0,1.808005346599764,0.063,719.5500000000001,31,32,7,2.4,0.6000000000000001,0.07500000000000018,-0.8664999999999999,0.8664999999999998,0.06699999999999995,0.06700000000000006,pitch,pitch_moment,-0.8999999999999999,153.7816483941705,228.98976799157472,11.533623629562815,17.174232599368146,0.004903490935772583,0.003212618169743009,0.0016908727660295746,0.0862680905242316,0.05214680141267783,0.03412128911155378,0.0,0.0862680905242316,1.3750010890116269,0.6245209653206434,0.016671042103713125,0.006477001956002086,0.019986504094361784,0.006925960204885834,0.7597170288333143,4202.7057821424905,1919.6629311308195,2548.1595535263573,1157.3656754724532,1689.494113541229,792.0651590496856,3.436186473793542,2.3818749155105725,0.0009822888243432933,0.0005234553982645745,advance_eq19_20,0.0,0.0,0.0,0.0,,,82.97650322796612,3.1677434526352123e-16,a1_station_hull_matched_sweep_free_surface_marching_not_benchmark_validated,41,8,24,10,3.0,2,16,15.0,False,none,0.0,1.0,0.0,1.0,trapezoid,1.0,1.0,1.0,1.0,1.0,1.0,1.0,True,False,True,3.0,11,9,40,True,True,True,True,A1_GRID_RECOMMENDED,"A1 Section 3.3 recommends control radius about 3B, inner free-surface panels greater than 10, outer/free-surface proxy panels greater than 8, and roughly 60 stations at Fn=0.2 or 40 at Fn=0.3."
42,st41_bp8_fs24_cp10_r3p0_h2_fsm_clipfs_onezonefs_noend_pr1p0_pl1p0_pf1p0_pm1p0_dt1p0_fv0p0_hr1p0_hqtrapezoid_hp1p0_hc1p0_ci1p0_cp1p0_cn1p0_cd1p0_pg1p0,A55,OK,diagnostic_matched_wigley_sensitivity_not_hard_gate,wigley_iii,Fn0.4,0.4,2.1696064159197173,1.0,1.808005346599764,0.063,719.5500000000001,32,33,6,2.475,0.5249999999999999,0.07499999999999996,-0.866109375,0.866109375,0.06778124999999988,0.06778125000000013,pitch,pitch_moment,-0.9750000000000001,148.93819340140425,221.7934591830719,11.170364505105312,16.634509438730383,0.00474905223711864,0.0033349453650591706,0.0014141068720594687,0.09109436211067722,0.05542058318007893,0.0356737789305983,0.0,0.09109436211067722,1.381561017352451,0.6353700136480273,0.014759189425853003,0.0057505019338062405,0.0176258238351703,0.006075980783110973,0.7578792224457137,4160.990731425782,1940.8042556306218,2560.316448677717,1177.4711912884181,1685.4071140982285,837.0000869854888,3.2331147265521145,2.244073990790599,0.0008507920300984081,0.0004521531894516431,advance_eq19_20,0.0,0.0,0.0,0.0,,,82.0454186369934,2.8154927280759914e-16,a1_station_hull_matched_sweep_free_surface_marching_not_benchmark_validated,41,8,24,10,3.0,2,16,15.0,False,none,0.0,1.0,0.0,1.0,trapezoid,1.0,1.0,1.0,1.0,1.0,1.0,1.0,True,False,True,3.0,11,9,40,True,True,True,True,A1_GRID_RECOMMENDED,"A1 Section 3.3 recommends control radius about 3B, inner free-surface panels greater than 10, outer/free-surface proxy panels greater than 8, and roughly 60 stations at Fn=0.2 or 40 at Fn=0.3."
42,st41_bp8_fs24_cp10_r3p0_h2_fsm_clipfs_onezonefs_noend_pr1p0_pl1p0_pf1p0_pm1p0_dt1p0_fv0p0_hr1p0_hqtrapezoid_hp1p0_hc1p0_ci1p0_cp1p0_cn1p0_cd1p0_pg1p0,A55,OK,diagnostic_matched_wigley_sensitivity_not_hard_gate,wigley_iii,Fn0.4,0.4,2.1696064159197173,1.0,1.808005346599764,0.063,719.5500000000001,33,34,5,2.55,0.4500000000000002,0.07499999999999996,-0.8656874999999999,0.8656874999999999,0.06862499999999994,0.06862500000000005,pitch,pitch_moment,-1.0499999999999998,123.61347507638725,226.90482571343742,9.271010630729037,17.017861928507795,0.003941546737896655,0.0033688739651772525,0.0005726727727194028,0.09543966159818486,0.05877249284519714,0.036667168752987735,0.0,0.09543966159818486,1.3957385141650018,0.6540274769456461,0.01321983142926086,0.005196614439599315,0.015531365573664796,0.005269876025195789,0.8743518135876036,4256.33669752858,2096.5960519336777,2586.590263467172,1212.0473045194042,1944.4242871439728,1112.4188705046183,2.9968959749138815,2.0839385905758645,0.0008317854494663371,0.00043730163037028496,advance_eq19_20,0.0,0.0,0.0,0.0,,,81.06571677861561,4.4029019606586326e-16,a1_station_hull_matched_sweep_free_surface_marching_not_benchmark_validated,41,8,24,10,3.0,2,16,15.0,False,none,0.0,1.0,0.0,1.0,trapezoid,1.0,1.0,1.0,1.0,1.0,1.0,1.0,True,False,True,3.0,11,9,40,True,True,True,True,A1_GRID_RECOMMENDED,"A1 Section 3.3 recommends control radius about 3B, inner free-surface panels greater than 10, outer/free-surface proxy panels greater than 8, and roughly 60 stations at Fn=0.2 or 40 at Fn=0.3."
42,st41_bp8_fs24_cp10_r3p0_h2_fsm_clipfs_onezonefs_noend_pr1p0_pl1p0_pf1p0_pm1p0_dt1p0_fv0p0_hr1p0_hqtrapezoid_hp1p0_hc1p0_ci1p0_cp1p0_cn1p0_cd1p0_pg1p0,A55,OK,diagnostic_matched_wigley_sensitivity_not_hard_gate,wigley_iii,Fn0.4,0.4,2.1696064159197173,1.0,1.808005346599764,0.063,719.5500000000001,34,35,4,2.625,0.375,0.07499999999999996,-0.8652343749999999,0.8652343749999999,0.06953124999999993,0.06953125000000009,pitch,pitch_moment,-1.125,43.208753245040455,284.6388745485846,3.240656493378032,21.347915591143835,0.0013777569176526077,0.003336928757134486,-0.0019591718394818785,0.0980993134259595,0.06212539420635301,0.03597391921960649,0.0,0.0980993134259595,1.4361045840272606,0.6938432121956712,0.012666878541822796,0.005077932964226691,0.014182211838772125,0.0046729220218321545,1.6184815363136515,5274.759873533248,3015.549132940942,2661.3968853526603,1285.8340432855214,3599.2546233645417,2365.0641903178025,2.7339019802925226,1.9062254871728084,0.0012943759443068607,0.0006644242530509742,advance_eq19_20,0.0,0.0,0.0,0.0,,,80.04292683338196,6.242767692878896e-16,a1_station_hull_matched_sweep_free_surface_marching_not_benchmark_validated,41,8,24,10,3.0,2,16,15.0,False,none,0.0,1.0,0.0,1.0,trapezoid,1.0,1.0,1.0,1.0,1.0,1.0,1.0,True,False,True,3.0,11,9,40,True,True,True,True,A1_GRID_RECOMMENDED,"A1 Section 3.3 recommends control radius about 3B, inner free-surface panels greater than 10, outer/free-surface proxy panels greater than 8, and roughly 60 stations at Fn=0.2 or 40 at Fn=0.3."
42,st41_bp8_fs24_cp10_r3p0_h2_fsm_clipfs_onezonefs_noend_pr1p0_pl1p0_pf1p0_pm1p0_dt1p0_fv0p0_hr1p0_hqtrapezoid_hp1p0_hc1p0_ci1p0_cp1p0_cn1p0_cd1p0_pg1p0,A55,OK,diagnostic_matched_wigley_sensitivity_not_hard_gate,wigley_iii,Fn0.4,0.4,2.1696064159197173,1.0,1.808005346599764,0.063,719.5500000000001,35,36,3,2.6999999999999997,0.30000000000000027,0.07499999999999996,-0.8647499999999999,0.8647499999999999,0.0704999999999999,0.07050000000000001,pitch,pitch_moment,-1.1999999999999997,-397.31429016283414,738.0588841218196,-29.798571762212543,55.35441630913643,-0.012668787471133792,0.0033602529647150468,-0.016029040435848838,0.09245379814921892,0.06547398506727777,0.02697981308194116,0.0,0.09245379814921892,1.577455802847794,0.8060563486721325,0.014658437311266665,0.006130146147797622,0.016264440428471662,0.005999647636722792,7.605768097047677,17468.380811051466,11355.607041512978,2923.349738712976,1493.7880427613966,16914.06134288594,11126.236395368305,2.480957522211915,1.737580473440284,0.00016537491635643968,9.34107158540297e-05,advance_eq19_20,0.0,0.0,0.0,0.0,,,78.98504044428888,4.682901355172109e-16,a1_station_hull_matched_sweep_free_surface_marching_not_benchmark_validated,41,8,24,10,3.0,2,16,15.0,False,none,0.0,1.0,0.0,1.0,trapezoid,1.0,1.0,1.0,1.0,1.0,1.0,1.0,True,False,True,3.0,11,9,40,True,True,True,True,A1_GRID_RECOMMENDED,"A1 Section 3.3 recommends control radius about 3B, inner free-surface panels greater than 10, outer/free-surface proxy panels greater than 8, and roughly 60 stations at Fn=0.2 or 40 at Fn=0.3."
42,st41_bp8_fs24_cp10_r3p0_h2_fsm_clipfs_onezonefs_noend_pr1p0_pl1p0_pf1p0_pm1p0_dt1p0_fv0p0_hr1p0_hqtrapezoid_hp1p0_hc1p0_ci1p0_cp1p0_cn1p0_cd1p0_pg1p0,A55,OK,diagnostic_matched_wigley_sensitivity_not_hard_gate,wigley_iii,Fn0.4,0.4,2.1696064159197173,1.0,1.808005346599764,0.063,719.5500000000001,36,37,2,2.775,0.2250000000000001,0.07500000000000018,-0.8642343749999999,0.8642343749999999,0.07153124999999994,0.07153125000000005,pitch,pitch_moment,-1.275,1180.794128430954,-948.6563677996163,88.55955963232176,-71.14922758497138,0.03765087295028733,0.0045195999530288,0.03313127299725853,0.10494484088879566,0.0694139115261497,0.035530929362645985,0.0,0.10494484088879566,2.504183111116899,1.4417045826601662,0.03356032046200116,0.014683288189537461,0.036327508781142354,0.015555058995827306,16.62678168653446,37305.69718310625,23749.301611186234,4640.765865108289,2671.7748335086358,36975.41152878166,23595.10388742875,2.5988920843872494,1.8336094096239492,0.0007545358623275863,0.0003737841712034764,advance_eq19_20,0.0,0.0,0.0,0.0,,,77.91010290862681,8.900331955753372e-16,a1_station_hull_matched_sweep_free_surface_marching_not_benchmark_validated,41,8,24,10,3.0,2,16,15.0,False,none,0.0,1.0,0.0,1.0,trapezoid,1.0,1.0,1.0,1.0,1.0,1.0,1.0,True,False,True,3.0,11,9,40,True,True,True,True,A1_GRID_RECOMMENDED,"A1 Section 3.3 recommends control radius about 3B, inner free-surface panels greater than 10, outer/free-surface proxy panels greater than 8, and roughly 60 stations at Fn=0.2 or 40 at Fn=0.3."
42,st41_bp8_fs24_cp10_r3p0_h2_fsm_clipfs_onezonefs_noend_pr1p0_pl1p0_pf1p0_pm1p0_dt1p0_fv0p0_hr1p0_hqtrapezoid_hp1p0_hc1p0_ci1p0_cp1p0_cn1p0_cd1p0_pg1p0,A55,OK,diagnostic_matched_wigley_sensitivity_not_hard_gate,wigley_iii,Fn0.4,0.4,2.1696064159197173,1.0,1.808005346599764,0.063,719.5500000000001,37,38,1,2.85,0.1499999999999999,0.07499999999999996,-0.8636874999999999,0.8636874999999999,0.07262499999999994,0.07262500000000005,pitch,pitch_moment,-1.35,529.9470403044261,-606.1928670137586,39.74602802283193,-45.46446502603187,0.01689792335891465,-0.0011419452523550588,0.01803986861126971,0.1322192390433967,0.07110273887648656,0.061116500166910136,0.0,0.1322192390433967,1.1151557683058888,0.7861367371706428,0.03319945283573654,0.014910678557233156,0.03559331761914709,0.016503389575854486,14.555214756907045,32383.911971762653,22759.585779238387,2066.61278117333,1456.8729095620909,32368.564504716738,22749.530821138338,0.5736013370787283,0.2592602929645582,5.510347924230973e-05,2.510832358194116e-05,advance_eq19_20,0.0,0.0,0.0,0.0,,,77.78531556101758,7.934310849248547e-16,a1_station_hull_matched_sweep_free_surface_marching_not_benchmark_validated,41,8,24,10,3.0,2,16,15.0,False,none,0.0,1.0,0.0,1.0,trapezoid,1.0,1.0,1.0,1.0,1.0,1.0,1.0,True,False,True,3.0,11,9,40,True,True,True,True,A1_GRID_RECOMMENDED,"A1 Section 3.3 recommends control radius about 3B, inner free-surface panels greater than 10, outer/free-surface proxy panels greater than 8, and roughly 60 stations at Fn=0.2 or 40 at Fn=0.3."
42,st41_bp8_fs24_cp10_r3p0_h2_fsm_clipfs_onezonefs_noend_pr1p0_pl1p0_pf1p0_pm1p0_dt1p0_fv0p0_hr1p0_hqtrapezoid_hp1p0_hc1p0_ci1p0_cp1p0_cn1p0_cd1p0_pg1p0,A55,OK,diagnostic_matched_wigley_sensitivity_not_hard_gate,wigley_iii,Fn0.4,0.4,2.1696064159197173,1.0,1.808005346599764,0.063,719.5500000000001,38,39,0,2.925,0.07500000000000018,0.03749999999999987,-0.8631093749999998,0.8631093749999998,0.07378124999999991,0.07378125000000002,pitch,pitch_moment,-1.4249999999999998,-1311.900124544807,1504.3542612315864,-49.19625467043009,56.41328479618429,-0.02091566333342868,0.000271526003880099,-0.021187189337308777,0.1197525373894253,0.07080329225418913,0.048949245135236186,0.0,0.1197525373894253,1.2666760950798384,0.7385680650761,0.004010081029549538,0.0019154475514725538,0.004537021702051789,0.002367838681868957,53.377933962102986,118711.55119823325,63865.86108426383,2347.41108112232,1368.718385747567,118704.33569253555,63859.08795981011,0.7051877331151717,0.4971217299315475,0.0,0.0,initialize_eq21_22,0.0,0.0,0.0,0.0,,,113.94877021527233,1.4075170520088747e-15,a1_station_hull_matched_sweep_free_surface_marching_not_benchmark_validated,41,8,24,10,3.0,2,16,15.0,False,none,0.0,1.0,0.0,1.0,trapezoid,1.0,1.0,1.0,1.0,1.0,1.0,1.0,True,False,True,3.0,11,9,40,True,True,True,True,A1_GRID_RECOMMENDED,"A1 Section 3.3 recommends control radius about 3B, inner free-surface panels greater than 10, outer/free-surface proxy panels greater than 8, and roughly 60 stations at Fn=0.2 or 40 at Fn=0.3."
42,st41_bp8_fs24_cp10_r3p0_h2_fsm_clipfs_onezonefs_noend_pr1p0_pl1p0_pf1p0_pm1p0_dt1p0_fv0p03_hr1p0_hqtrapezoid_hp1p0_hc1p0_cim1p0_cp1p0_cnm1p0_cd1p0_pg1p0,A55,OK,diagnostic_matched_wigley_sensitivity_not_hard_gate,wigley_iii,Fn0.4,0.4,2.1696064159197173,1.0,1.808005346599764,0.063,719.5500000000001,0,1,38,0.075,2.925,0.0375,-0.8631093749999998,0.8631093749999998,0.07378124999999991,0.07378125000000002,pitch,pitch_moment,1.425,-9469.239489231111,-1190.663843429257,-355.0964808461667,-44.64989412859713,-0.15096837135303,0.00011082806182031645,-0.15107919941485032,0.0,0.0,0.0,0.0,0.0,12.409599327682827,6.770259253268221,0.04342021749632279,0.021745972915292653,0.25289140147495637,0.13146503395495346,279.40342272941564,622179.6004403676,325590.60202460183,22997.537481951673,12546.681550969855,621350.3450482608,325065.6071966264,3.2682965083316713,2.090059724019584,0.017351941320731406,0.007467653755274984,advance_eq19_20,0.6678689430426076,0.09435003174944771,0.6972598615487766,0.09302372678370147,1.0440070148677267,0.9859427183949622,418.23117884841605,4.6217395890663004e-15,a1_station_hull_matched_sweep_free_surface_marching_not_benchmark_validated,41,8,24,10,3.0,2,16,15.0,False,none,0.0,1.0,0.03,1.0,trapezoid,1.0,1.0,-1.0,1.0,-1.0,1.0,1.0,True,False,True,3.0,11,9,40,True,True,True,True,A1_GRID_RECOMMENDED,"A1 Section 3.3 recommends control radius about 3B, inner free-surface panels greater than 10, outer/free-surface proxy panels greater than 8, and roughly 60 stations at Fn=0.2 or 40 at Fn=0.3."
42,st41_bp8_fs24_cp10_r3p0_h2_fsm_clipfs_onezonefs_noend_pr1p0_pl1p0_pf1p0_pm1p0_dt1p0_fv0p03_hr1p0_hqtrapezoid_hp1p0_hc1p0_cim1p0_cp1p0_cnm1p0_cd1p0_pg1p0,A55,OK,diagnostic_matched_wigley_sensitivity_not_hard_gate,wigley_iii,Fn0.4,0.4,2.1696064159197173,1.0,1.808005346599764,0.063,719.5500000000001,1,2,37,0.15,2.85,0.07499999999999998,-0.8636874999999999,0.8636874999999999,0.07262499999999991,0.07262500000000005,pitch,pitch_moment,1.35,-122.45712094968938,649.8712125013474,-9.1842840712267,48.74034093760104,-0.003904675160318866,-0.0008380137124603505,-0.00306666144785852,-0.15292070893318946,-0.0003081787944098589,-0.1526125301387796,0.0,-0.15292070893318946,4.102239268273084,2.727870029252202,0.14985861122624497,0.07765141945151718,0.7170676018110376,0.426227831049602,67.82791764088536,151184.0144221028,68946.19996009933,7602.292293320969,5055.303687660166,150838.8824244425,68581.19650266807,4.036012566491771,2.5529977737816956,0.008851713155542753,0.0033934205144412442,advance_eq19_20,0.6214994331034447,0.09445732720694586,0.6504681717654652,0.09172738278658707,1.046611045994629,0.9710986484470625,343.0542195004202,2.43556853307667e-15,a1_station_hull_matched_sweep_free_surface_marching_not_benchmark_validated,41,8,24,10,3.0,2,16,15.0,False,none,0.0,1.0,0.03,1.0,trapezoid,1.0,1.0,-1.0,1.0,-1.0,1.0,1.0,True,False,True,3.0,11,9,40,True,True,True,True,A1_GRID_RECOMMENDED,"A1 Section 3.3 recommends control radius about 3B, inner free-surface panels greater than 10, outer/free-surface proxy panels greater than 8, and roughly 60 stations at Fn=0.2 or 40 at Fn=0.3."
42,st41_bp8_fs24_cp10_r3p0_h2_fsm_clipfs_onezonefs_noend_pr1p0_pl1p0_pf1p0_pm1p0_dt1p0_fv0p03_hr1p0_hqtrapezoid_hp1p0_hc1p0_cim1p0_cp1p0_cnm1p0_cd1p0_pg1p0,A55,OK,diagnostic_matched_wigley_sensitivity_not_hard_gate,wigley_iii,Fn0.4,0.4,2.1696064159197173,1.0,1.808005346599764,0.063,719.5500000000001,2,3,36,0.22499999999999998,2.775,0.075,-0.8642343749999999,0.8642343749999999,0.07153124999999994,0.07153125000000006,pitch,pitch_moment,1.275,3846.1904016168314,244.03301454940586,288.46428012126233,18.30247609120544,0.12263985962253819,0.003387651576721992,0.11925220804581622,-0.09355311670207977,0.0009666401377209615,-0.09451975683980075,0.0,-0.09355311670207977,7.312933339834324,3.9750921664903878,0.12020598358405547,0.055052232957581854,0.47488731319628524,0.2650623546233279,44.734332459582276,100232.63094816852,67694.71267410829,13552.368142191832,7366.662587497497,99482.29208410025,67164.99628439096,3.274582345752992,1.8628577505680435,0.004484373034840346,0.0020665337738360427,advance_eq19_20,0.5760951222513774,0.090751655973985,0.6050365344387242,0.09164912596469937,1.050237210956142,1.0098892960253159,342.8446096912935,1.9867474401634554e-15,a1_station_hull_matched_sweep_free_surface_marching_not_benchmark_validated,41,8,24,10,3.0,2,16,15.0,False,none,0.0,1.0,0.03,1.0,trapezoid,1.0,1.0,-1.0,1.0,-1.0,1.0,1.0,True,False,True,3.0,11,9,40,True,True,True,True,A1_GRID_RECOMMENDED,"A1 Section 3.3 recommends control radius about 3B, inner free-surface panels greater than 10, outer/free-surface proxy panels greater than 8, and roughly 60 stations at Fn=0.2 or 40 at Fn=0.3."
42,st41_bp8_fs24_cp10_r3p0_h2_fsm_clipfs_onezonefs_noend_pr1p0_pl1p0_pf1p0_pm1p0_dt1p0_fv0p03_hr1p0_hqtrapezoid_hp1p0_hc1p0_cim1p0_cp1p0_cnm1p0_cd1p0_pg1p0,A55,OK,diagnostic_matched_wigley_sensitivity_not_hard_gate,wigley_iii,Fn0.4,0.4,2.1696064159197173,1.0,1.808005346599764,0.063,719.5500000000001,3,4,35,0.3,2.7,0.07500000000000001,-0.8647499999999999,0.8647499999999999,0.0704999999999999,0.07050000000000001,pitch,pitch_moment,1.2,-3083.4502409490187,-832.8806958468393,-231.25876807117643,-62.46605218851296,-0.09831908075692351,0.002486977667936834,-0.10080605842486036,-0.08139272726927242,0.003903954760050375,-0.0852966820293228,0.0,-0.08139272726927242,3.9294902943706855,1.8075633237112692,0.03956976134248391,0.01926416059820103,0.16226951662050737,0.0635295662111549,28.75803932132053,63862.77184952597,38764.95829925107,7282.152948174932,3349.786257427305,63953.46728632875,38879.52189591437,2.364845379306984,1.2265522875692543,0.0041757651116777145,0.0019349644876679433,advance_eq19_20,0.5328525845506129,0.08803344811685118,0.5607189460895822,0.08818740545024314,1.0522965682196526,1.0017488504277103,342.76452809793557,7.788267361706607e-16,a1_station_hull_matched_sweep_free_surface_marching_not_benchmark_validated,41,8,24,10,3.0,2,16,15.0,False,none,0.0,1.0,0.03,1.0,trapezoid,1.0,1.0,-1.0,1.0,-1.0,1.0,1.0,True,False,True,3.0,11,9,40,True,True,True,True,A1_GRID_RECOMMENDED,"A1 Section 3.3 recommends control radius about 3B, inner free-surface panels greater than 10, outer/free-surface proxy panels greater than 8, and roughly 60 stations at Fn=0.2 or 40 at Fn=0.3."
42,st41_bp8_fs24_cp10_r3p0_h2_fsm_clipfs_onezonefs_noend_pr1p0_pl1p0_pf1p0_pm1p0_dt1p0_fv0p03_hr1p0_hqtrapezoid_hp1p0_hc1p0_cim1p0_cp1p0_cnm1p0_cd1p0_pg1p0,A55,OK,diagnostic_matched_wigley_sensitivity_not_hard_gate,wigley_iii,Fn0.4,0.4,2.1696064159197173,1.0,1.808005346599764,0.063,719.5500000000001,4,5,34,0.375,2.625,0.07499999999999998,-0.8652343749999999,0.8652343749999999,0.06953124999999993,0.06953125000000009,pitch,pitch_moment,1.125,-934.2318667070612,-442.6696685011619,-70.06739000302957,-33.20022513758713,-0.02978897376991322,0.002470878037684458,-0.03225985180759768,-0.14544675453269082,0.006382882612861021,-0.1518296371455518,0.0,-0.14544675453269082,3.1511860020544042,1.3577206733636094,0.025958017471268875,0.012867009638247879,0.11437608263351319,0.04855142310692751,8.005226043043834,18074.647849219902,9732.94820284454,5839.7951683408155,2516.1353925461985,17802.3945284724,9696.932741047905,2.4055047673653207,1.3529768527984731,0.003641085774319152,0.0016497919445334222,advance_eq19_20,0.4914649649200616,0.08535090494980263,0.5185550653963068,0.08560035471981942,1.0551211223787875,1.002922637670491,342.70650863905854,9.528245503969344e-16,a1_station_hull_matched_sweep_free_surface_marching_not_benchmark_validated,41,8,24,10,3.0,2,16,15.0,False,none,0.0,1.0,0.03,1.0,trapezoid,1.0,1.0,-1.0,1.0,-1.0,1.0,1.0,True,False,True,3.0,11,9,40,True,True,True,True,A1_GRID_RECOMMENDED,"A1 Section 3.3 recommends control radius about 3B, inner free-surface panels greater than 10, outer/free-surface proxy panels greater than 8, and roughly 60 stations at Fn=0.2 or 40 at Fn=0.3."
42,st41_bp8_fs24_cp10_r3p0_h2_fsm_clipfs_onezonefs_noend_pr1p0_pl1p0_pf1p0_pm1p0_dt1p0_fv0p03_hr1p0_hqtrapezoid_hp1p0_hc1p0_cim1p0_cp1p0_cnm1p0_cd1p0_pg1p0,A55,OK,diagnostic_matched_wigley_sensitivity_not_hard_gate,wigley_iii,Fn0.4,0.4,2.1696064159197173,1.0,1.808005346599764,0.063,719.5500000000001,5,6,33,0.44999999999999996,2.55,0.07500000000000001,-0.8656874999999999,0.8656874999999999,0.06862499999999994,0.06862500000000005,pitch,pitch_moment,1.05,-505.0857817655358,-376.9406338047496,-37.88143363241519,-28.270547535356226,-0.01610519576644617,0.002492313751057023,-0.018597509517503198,-0.16839383930087048,0.00886447850723176,-0.17725831780810225,0.0,-0.16839383930087048,2.7647434326222577,1.1573136979629544,0.02107037023095996,0.010252932028440881,0.09478715620136077,0.039642050862465056,4.292977657178338,10274.61713902834,4959.960424365911,5123.637680861567,2144.74008745042,9546.923665124472,4734.526657584138,2.505596649137461,1.4901597561492874,0.0034655722798804657,0.0014851252368321176,advance_eq19_20,0.45194469251068387,0.08259432489334602,0.4782837575582858,0.08304034478052244,1.0582793989708803,1.0054001275239233,342.6545414156471,6.095221760193012e-16,a1_station_hull_matched_sweep_free_surface_marching_not_benchmark_validated,41,8,24,10,3.0,2,16,15.0,False,none,0.0,1.0,0.03,1.0,trapezoid,1.0,1.0,-1.0,1.0,-1.0,1.0,1.0,True,False,True,3.0,11,9,40,True,True,True,True,A1_GRID_RECOMMENDED,"A1 Section 3.3 recommends control radius about 3B, inner free-surface panels greater than 10, outer/free-surface proxy panels greater than 8, and roughly 60 stations at Fn=0.2 or 40 at Fn=0.3."
42,st41_bp8_fs24_cp10_r3p0_h2_fsm_clipfs_onezonefs_noend_pr1p0_pl1p0_pf1p0_pm1p0_dt1p0_fv0p03_hr1p0_hqtrapezoid_hp1p0_hc1p0_cim1p0_cp1p0_cnm1p0_cd1p0_pg1p0,A55,OK,diagnostic_matched_wigley_sensitivity_not_hard_gate,wigley_iii,Fn0.4,0.4,2.1696064159197173,1.0,1.808005346599764,0.063,719.5500000000001,6,7,32,0.525,2.475,0.07500000000000001,-0.866109375,0.866109375,0.0677812499999999,0.06778125000000006,pitch,pitch_moment,0.975,-320.4952746935045,-354.9394251378516,-24.03714560201284,-26.62045688533887,-0.010219331700681091,0.0024598982788802425,-0.012679229979561332,-0.18155610303443412,0.011340584522200395,-0.1928966875566345,0.0,-0.18155610303443412,2.5186240530299204,1.040443652103903,0.01858033266779853,0.00879321885155638,0.08429441300995144,0.03353300600015324,2.844555180154844,7534.548751655015,3354.916625927863,4667.527897801685,1928.1558779856327,6325.854298534156,2908.9675372158563,2.6092986988500395,1.606210012259075,0.0037791254280754765,0.0015315608518515524,advance_eq19_20,0.41434418870840484,0.07974956376412312,0.4399214545150635,0.08041261159059948,1.0617295149870165,1.0083141248074718,342.6062403202438,9.630135256366005e-16,a1_station_hull_matched_sweep_free_surface_marching_not_benchmark_validated,41,8,24,10,3.0,2,16,15.0,False,none,0.0,1.0,0.03,1.0,trapezoid,1.0,1.0,-1.0,1.0,-1.0,1.0,1.0,True,False,True,3.0,11,9,40,True,True,True,True,A1_GRID_RECOMMENDED,"A1 Section 3.3 recommends control radius about 3B, inner free-surface panels greater than 10, outer/free-surface proxy panels greater than 8, and roughly 60 stations at Fn=0.2 or 40 at Fn=0.3."
42,st41_bp8_fs24_cp10_r3p0_h2_fsm_clipfs_onezonefs_noend_pr1p0_pl1p0_pf1p0_pm1p0_dt1p0_fv0p03_hr1p0_hqtrapezoid_hp1p0_hc1p0_cim1p0_cp1p0_cnm1p0_cd1p0_pg1p0,A55,OK,diagnostic_matched_wigley_sensitivity_not_hard_gate,wigley_iii,Fn0.4,0.4,2.1696064159197173,1.0,1.808005346599764,0.063,719.5500000000001,7,8,31,0.6,2.4,0.07499999999999996,-0.8664999999999999,0.8664999999999998,0.06699999999999995,0.06700000000000006,pitch,pitch_moment,0.9,-217.86598401259735,-343.3897103012301,-16.339948800944793,-25.75422827259224,-0.006946887934772843,0.0023574229519421484,-0.009304310886714994,-0.19013921285216107,0.013749245137611589,-0.20388845798977265,0.0,-0.19013921285216107,2.341119338305819,0.9617045768055935,0.01696674226874379,0.007815712935318356,0.0791785109218094,0.029539484889979064,2.1049278820933774,6333.294969472528,2693.368968085782,4338.575187702148,1782.2361921318259,4681.036663989045,2028.5606632138133,2.7045819251005874,1.6995843989234152,0.0043952975094387545,0.0017378742905411304,advance_eq19_20,0.3787195517959153,0.07682756006521287,0.4035162474736746,0.07770732235082911,1.0654750871988825,1.0114511287989556,342.56168396636383,7.949139400492697e-16,a1_station_hull_matched_sweep_free_surface_marching_not_benchmark_validated,41,8,24,10,3.0,2,16,15.0,False,none,0.0,1.0,0.03,1.0,trapezoid,1.0,1.0,-1.0,1.0,-1.0,1.0,1.0,True,False,True,3.0,11,9,40,True,True,True,True,A1_GRID_RECOMMENDED,"A1 Section 3.3 recommends control radius about 3B, inner free-surface panels greater than 10, outer/free-surface proxy panels greater than 8, and roughly 60 stations at Fn=0.2 or 40 at Fn=0.3."
42,st41_bp8_fs24_cp10_r3p0_h2_fsm_clipfs_onezonefs_noend_pr1p0_pl1p0_pf1p0_pm1p0_dt1p0_fv0p03_hr1p0_hqtrapezoid_hp1p0_hc1p0_cim1p0_cp1p0_cnm1p0_cd1p0_pg1p0,A55,OK,diagnostic_matched_wigley_sensitivity_not_hard_gate,wigley_iii,Fn0.4,0.4,2.1696064159197173,1.0,1.808005346599764,0.063,719.5500000000001,8,9,30,0.6749999999999999,2.325,0.07500000000000001,-0.866859375,0.866859375,0.06628124999999993,0.06628125000000007,pitch,pitch_moment,0.8250000000000001,-153.5766555928983,-333.1067364642148,-11.518249169467374,-24.983005234816115,-0.004896954522920758,0.0021884227384405914,-0.0070853772613613504,-0.19606113408100787,0.016022167982802957,-0.21208330206381085,0.0,-0.19606113408100787,2.2032219679754474,0.9036160289839099,0.015750937811913602,0.007097846906180998,0.07779458719869965,0.027403376596224313,1.6765500221543115,5751.416714460324,2399.7399863337487,4083.023025291804,1674.5861769680605,3728.3900267932468,1546.488192707014,2.7880767634362633,1.7718051313566554,0.005107173773048299,0.0020115155119682596,advance_eq19_20,0.3451175282926849,0.07384742595521068,0.36911472382982813,0.07493667436106712,1.069533401145571,1.0147499847390358,342.5212065841895,6.39496035719726e-16,a1_station_hull_matched_sweep_free_surface_marching_not_benchmark_validated,41,8,24,10,3.0,2,16,15.0,False,none,0.0,1.0,0.03,1.0,trapezoid,1.0,1.0,-1.0,1.0,-1.0,1.0,1.0,True,False,True,3.0,11,9,40,True,True,True,True,A1_GRID_RECOMMENDED,"A1 Section 3.3 recommends control radius about 3B, inner free-surface panels greater than 10, outer/free-surface proxy panels greater than 8, and roughly 60 stations at Fn=0.2 or 40 at Fn=0.3."
42,st41_bp8_fs24_cp10_r3p0_h2_fsm_clipfs_onezonefs_noend_pr1p0_pl1p0_pf1p0_pm1p0_dt1p0_fv0p03_hr1p0_hqtrapezoid_hp1p0_hc1p0_cim1p0_cp1p0_cnm1p0_cd1p0_pg1p0,A55,OK,diagnostic_matched_wigley_sensitivity_not_hard_gate,wigley_iii,Fn0.4,0.4,2.1696064159197173,1.0,1.808005346599764,0.063,719.5500000000001,9,10,29,0.75,2.25,0.07500000000000001,-0.8671874999999999,0.8671874999999999,0.06562499999999982,0.0656250000000001,pitch,pitch_moment,0.75,-110.87580388387394,-320.6556149962107,-8.315685291290547,-24.04917112471581,-0.0035353925843448226,0.001964076489376378,-0.005499469073721202,-0.2002773076346407,0.018098417596711443,-0.21837572523135215,0.0,-0.2002773076346407,2.0907608465082084,0.8580445249814719,0.014763599499017985,0.006559219724738399,0.07884016548669935,0.027681420432653613,1.4141270821687948,5455.005614879936,2267.0127011171776,3874.609458671996,1590.1328160068347,3144.8016701592273,1269.2616657211026,2.8596109932800795,1.8251007575332923,0.005797906027114383,0.0022913588425196394,advance_eq19_20,0.31356758446741,0.07083047610820375,0.3367491918279861,0.07211974547483416,1.0739285835299262,1.0182021841087283,342.4849787194831,4.3187518116073566e-16,a1_station_hull_matched_sweep_free_surface_marching_not_benchmark_validated,41,8,24,10,3.0,2,16,15.0,False,none,0.0,1.0,0.03,1.0,trapezoid,1.0,1.0,-1.0,1.0,-1.0,1.0,1.0,True,False,True,3.0,11,9,40,True,True,True,True,A1_GRID_RECOMMENDED,"A1 Section 3.3 recommends control radius about 3B, inner free-surface panels greater than 10, outer/free-surface proxy panels greater than 8, and roughly 60 stations at Fn=0.2 or 40 at Fn=0.3."
42,st41_bp8_fs24_cp10_r3p0_h2_fsm_clipfs_onezonefs_noend_pr1p0_pl1p0_pf1p0_pm1p0_dt1p0_fv0p03_hr1p0_hqtrapezoid_hp1p0_hc1p0_cim1p0_cp1p0_cnm1p0_cd1p0_pg1p0,A55,OK,diagnostic_matched_wigley_sensitivity_not_hard_gate,wigley_iii,Fn0.4,0.4,2.1696064159197173,1.0,1.808005346599764,0.063,719.5500000000001,10,11,28,0.825,2.175,0.07499999999999996,-0.8674843749999999,0.8674843749999999,0.06503124999999987,0.0650312500000001,pitch,pitch_moment,0.675,-81.75568477995505,-304.58450423910585,-6.131676358496625,-22.843837817932926,-0.00260686670648008,0.0016990601291087602,-0.004305926835588841,-0.20334843728005314,0.01992998590595401,-0.22327842318600716,0.0,-0.20334843728005314,1.9959634766841456,0.8207265457062317,0.013944352495972404,0.006169912059137775,0.08123980592000539,0.028897922103558703,1.2513842308610041,5301.042960048306,2209.1018692905554,3698.930453399358,1520.974932301553,2782.886537458215,1111.015399234146,2.9204739129696375,1.8622772740664264,0.006414488352293806,0.002547798472744379,advance_eq19_20,0.2840755059914132,0.06779741132921092,0.30642952406850554,0.06927700671763667,1.0786904101396482,1.0218237740854312,342.4529909421924,5.205664952650528e-16,a1_station_hull_matched_sweep_free_surface_marching_not_benchmark_validated,41,8,24,10,3.0,2,16,15.0,False,none,0.0,1.0,0.03,1.0,trapezoid,1.0,1.0,-1.0,1.0,-1.0,1.0,1.0,True,False,True,3.0,11,9,40,True,True,True,True,A1_GRID_RECOMMENDED,"A1 Section 3.3 recommends control radius about 3B, inner free-surface panels greater than 10, outer/free-surface proxy panels greater than 8, and roughly 60 stations at Fn=0.2 or 40 at Fn=0.3."
42,st41_bp8_fs24_cp10_r3p0_h2_fsm_clipfs_onezonefs_noend_pr1p0_pl1p0_pf1p0_pm1p0_dt1p0_fv0p03_hr1p0_hqtrapezoid_hp1p0_hc1p0_cim1p0_cp1p0_cnm1p0_cd1p0_pg1p0,A55,OK,diagnostic_matched_wigley_sensitivity_not_hard_gate,wigley_iii,Fn0.4,0.4,2.1696064159197173,1.0,1.808005346599764,0.063,719.5500000000001,11,12,27,0.8999999999999999,2.1,0.07500000000000001,-0.8677499999999999,0.8677499999999999,0.06449999999999989,0.0645,pitch,pitch_moment,0.6000000000000001,-61.72128555913394,-284.30732634201325,-4.629096416935046,-21.323049475650997,-0.0019680486419790294,0.001409612132108224,-0.0033776607740872537,-0.20563589495428267,0.021484322036562503,-0.22712021699084523,0.0,-0.20563589495428267,1.9142336201353882,0.7892444962076153,0.013273699680561708,0.005915869517970938,0.08420275494892827,0.029820124473725326,1.1525066061355884,5221.705415499163,2187.244714341273,3547.4682353419485,1462.6322256407507,2562.9978702381713,1025.8495374698618,2.9725843142664146,1.886826878287461,0.0069361043304945035,0.002768386523010376,advance_eq19_20,0.2566181192276784,0.06476644405179496,0.2781369351003713,0.06642752576330749,1.083855403264026,1.0256472581725211,342.4251138934239,3.646524835420913e-16,a1_station_hull_matched_sweep_free_surface_marching_not_benchmark_validated,41,8,24,10,3.0,2,16,15.0,False,none,0.0,1.0,0.03,1.0,trapezoid,1.0,1.0,-1.0,1.0,-1.0,1.0,1.0,True,False,True,3.0,11,9,40,True,True,True,True,A1_GRID_RECOMMENDED,"A1 Section 3.3 recommends control radius about 3B, inner free-surface panels greater than 10, outer/free-surface proxy panels greater than 8, and roughly 60 stations at Fn=0.2 or 40 at Fn=0.3."
42,st41_bp8_fs24_cp10_r3p0_h2_fsm_clipfs_onezonefs_noend_pr1p0_pl1p0_pf1p0_pm1p0_dt1p0_fv0p03_hr1p0_hqtrapezoid_hp1p0_hc1p0_cim1p0_cp1p0_cnm1p0_cd1p0_pg1p0,A55,OK,diagnostic_matched_wigley_sensitivity_not_hard_gate,wigley_iii,Fn0.4,0.4,2.1696064159197173,1.0,1.808005346599764,0.063,719.5500000000001,12,13,26,0.975,2.025,0.07500000000000007,-0.8679843749999999,0.8679843749999999,0.06403124999999998,0.0640312500000001,pitch,pitch_moment,0.525,-47.90388583821199,-259.6943033521562,-3.5927914378659027,-19.477072751411733,-0.0015274661993079607,0.0011123950088710887,-0.00263986120817905,-0.20738365237492615,0.022745325607052155,-0.23012897798197837,0.0,-0.20738365237492615,1.8427146361061406,0.762154869982724,0.012745691578492785,0.005784154081717178,0.08720715405525103,0.03044619073887891,1.095437618416234,5182.261244163625,2182.8531515152963,3414.928862195979,1412.4295818624582,2436.0851972845676,985.6810201782343,3.018079047621955,1.9029838908839507,0.0073574487284338835,0.0029490290241621104,advance_eq19_20,0.2311400330697395,0.06175156108708914,0.25181993604801656,0.06358690787375856,1.0894691529789542,1.029721463787466,342.4011560901492,4.560771168861033e-16,a1_station_hull_matched_sweep_free_surface_marching_not_benchmark_validated,41,8,24,10,3.0,2,16,15.0,False,none,0.0,1.0,0.03,1.0,trapezoid,1.0,1.0,-1.0,1.0,-1.0,1.0,1.0,True,False,True,3.0,11,9,40,True,True,True,True,A1_GRID_RECOMMENDED,"A1 Section 3.3 recommends control radius about 3B, inner free-surface panels greater than 10, outer/free-surface proxy panels greater than 8, and roughly 60 stations at Fn=0.2 or 40 at Fn=0.3."
42,st41_bp8_fs24_cp10_r3p0_h2_fsm_clipfs_onezonefs_noend_pr1p0_pl1p0_pf1p0_pm1p0_dt1p0_fv0p03_hr1p0_hqtrapezoid_hp1p0_hc1p0_cim1p0_cp1p0_cnm1p0_cd1p0_pg1p0,A55,OK,diagnostic_matched_wigley_sensitivity_not_hard_gate,wigley_iii,Fn0.4,0.4,2.1696064159197173,1.0,1.808005346599764,0.063,719.5500000000001,13,14,25,1.05,1.95,0.07500000000000001,-0.8681874999999999,0.8681874999999999,0.06362499999999982,0.0636250000000001,pitch,pitch_moment,0.44999999999999996,-38.275725753934914,-230.8994485979823,-2.870679431545119,-17.317458644848678,-0.0012204621049025728,0.0008237016276852184,-0.0020441637325877902,-0.20875761652703143,0.023713373925330312,-0.2324709904523618,0.0,-0.20875761652703143,1.7795718506032985,0.7385673390354368,0.012355742163524707,0.005757629143003579,0.08993692261556208,0.03209704191205699,1.0654400626072749,5163.73086976258,2186.481895305918,3297.9123060629304,1368.717040245031,2369.3752355009146,972.2841090207335,3.0592065086340012,1.9156382651799588,0.007680782053691026,0.0030896960580397478,advance_eq19_20,0.20755388571481836,0.058760712755869304,0.22739375311398974,0.06076535727141478,1.0955889952666633,1.0341153880122946,342.3809050598612,3.3576168324546365e-16,a1_station_hull_matched_sweep_free_surface_marching_not_benchmark_validated,41,8,24,10,3.0,2,16,15.0,False,none,0.0,1.0,0.03,1.0,trapezoid,1.0,1.0,-1.0,1.0,-1.0,1.0,1.0,True,False,True,3.0,11,9,40,True,True,True,True,A1_GRID_RECOMMENDED,"A1 Section 3.3 recommends control radius about 3B, inner free-surface panels greater than 10, outer/free-surface proxy panels greater than 8, and roughly 60 stations at Fn=0.2 or 40 at Fn=0.3."
42,st41_bp8_fs24_cp10_r3p0_h2_fsm_clipfs_onezonefs_noend_pr1p0_pl1p0_pf1p0_pm1p0_dt1p0_fv0p03_hr1p0_hqtrapezoid_hp1p0_hc1p0_cim1p0_cp1p0_cnm1p0_cd1p0_pg1p0,A55,OK,diagnostic_matched_wigley_sensitivity_not_hard_gate,wigley_iii,Fn0.4,0.4,2.1696064159197173,1.0,1.808005346599764,0.063,719.5500000000001,14,15,24,1.125,1.875,0.07499999999999996,-0.8683593749999999,0.8683593749999999,0.06328124999999996,0.06328125000000007,pitch,pitch_moment,0.375,-31.291254621952724,-198.2794159367919,-2.346844096646453,-14.870956195259383,-0.0009977548362234431,0.0005588367004099057,-0.0015565915366333484,-0.20986672499759443,0.024404643089377873,-0.23427136808697235,0.0,-0.20986672499759443,1.723599943242749,0.717921981186914,0.012095396101957282,0.005815082227358634,0.09221663436289575,0.033750210784850396,1.0523144742511528,5155.132599541351,2193.069692961838,3194.1848606014883,1330.4569499381216,2340.185940772997,973.7866233941162,3.098426106224292,1.9300447015925954,0.007912007849466322,0.003192330729816043,advance_eq19_20,0.18574541289467886,0.05579414640183678,0.20474456558977105,0.05796585547053991,1.1022859859579148,1.0389236005702496,342.3641533741088,2.674692113501887e-16,a1_station_hull_matched_sweep_free_surface_marching_not_benchmark_validated,41,8,24,10,3.0,2,16,15.0,False,none,0.0,1.0,0.03,1.0,trapezoid,1.0,1.0,-1.0,1.0,-1.0,1.0,1.0,True,False,True,3.0,11,9,40,True,True,True,True,A1_GRID_RECOMMENDED,"A1 Section 3.3 recommends control radius about 3B, inner free-surface panels greater than 10, outer/free-surface proxy panels greater than 8, and roughly 60 stations at Fn=0.2 or 40 at Fn=0.3."
42,st41_bp8_fs24_cp10_r3p0_h2_fsm_clipfs_onezonefs_noend_pr1p0_pl1p0_pf1p0_pm1p0_dt1p0_fv0p03_hr1p0_hqtrapezoid_hp1p0_hc1p0_cim1p0_cp1p0_cnm1p0_cd1p0_pg1p0,A55,OK,diagnostic_matched_wigley_sensitivity_not_hard_gate,wigley_iii,Fn0.4,0.4,2.1696064159197173,1.0,1.808005346599764,0.063,719.5500000000001,15,16,23,1.2,1.8,0.07499999999999996,-0.8684999999999999,0.8684999999999998,0.06299999999999994,0.06300000000000008,pitch,pitch_moment,0.30000000000000004,-25.714437896360362,-162.3502386628574,-1.928582842227026,-12.176267899714299,-0.0008199321210297904,0.000331603714485209,-0.0011515358355149996,-0.21077556847622103,0.024849863296825432,-0.2356254317730465,0.0,-0.21077556847622103,1.6739906911105522,0.6998616887458972,0.011950965625344335,0.005933880216868091,0.09396136908449083,0.03523533683061105,1.0489494895320677,5149.787234511898,2199.7758939476894,3102.248722678265,1296.9875170112452,2332.7027310260983,982.5635987163645,3.138548732956214,1.9512977764423234,0.008058594080337886,0.0032597670773463912,advance_eq19_20,0.16558363427654096,0.0528434343791301,0.18373906331105433,0.05518286383326332,1.1096450691750854,1.0442709578137706,342.35071396278477,2.990294648734241e-16,a1_station_hull_matched_sweep_free_surface_marching_not_benchmark_validated,41,8,24,10,3.0,2,16,15.0,False,none,0.0,1.0,0.03,1.0,trapezoid,1.0,1.0,-1.0,1.0,-1.0,1.0,1.0,True,False,True,3.0,11,9,40,True,True,True,True,A1_GRID_RECOMMENDED,"A1 Section 3.3 recommends control radius about 3B, inner free-surface panels greater than 10, outer/free-surface proxy panels greater than 8, and roughly 60 stations at Fn=0.2 or 40 at Fn=0.3."
42,st41_bp8_fs24_cp10_r3p0_h2_fsm_clipfs_onezonefs_noend_pr1p0_pl1p0_pf1p0_pm1p0_dt1p0_fv0p03_hr1p0_hqtrapezoid_hp1p0_hc1p0_cim1p0_cp1p0_cnm1p0_cd1p0_pg1p0,A55,OK,diagnostic_matched_wigley_sensitivity_not_hard_gate,wigley_iii,Fn0.4,0.4,2.1696064159197173,1.0,1.808005346599764,0.063,719.5500000000001,16,17,22,1.275,1.725,0.07499999999999996,-0.8686093749999999,0.8686093749999999,0.0627812499999999,0.06278125000000001,pitch,pitch_moment,0.2250000000000001,-20.534810090194227,-123.75961258606182,-1.5401107567645662,-9.281970943954631,-0.0006547741957283863,0.00015386890582835654,-0.000808643101556743,-0.21151292163460012,0.025092599606982215,-0.23660552124158243,0.0,-0.21151292163460012,1.6301857615258337,0.6841538210120238,0.011904406637846013,0.006092785610808589,0.09514203749610307,0.03650472169069868,1.0504019532723674,5143.461277742825,2204.9466349715817,3021.069187109253,1267.877610443557,2335.9327875421895,993.7734358300062,3.182710592819559,1.983620907573691,0.008128384293376525,0.0032951376827079805,advance_eq19_20,0.14693482183796466,0.04989186487846903,0.16423826093127708,0.05240216705599432,1.1177626846847382,1.0503148596197016,342.34042855322906,4.664993146557879e-16,a1_station_hull_matched_sweep_free_surface_marching_not_benchmark_validated,41,8,24,10,3.0,2,16,15.0,False,none,0.0,1.0,0.03,1.0,trapezoid,1.0,1.0,-1.0,1.0,-1.0,1.0,1.0,True,False,True,3.0,11,9,40,True,True,True,True,A1_GRID_RECOMMENDED,"A1 Section 3.3 recommends control radius about 3B, inner free-surface panels greater than 10, outer/free-surface proxy panels greater than 8, and roughly 60 stations at Fn=0.2 or 40 at Fn=0.3."
42,st41_bp8_fs24_cp10_r3p0_h2_fsm_clipfs_onezonefs_noend_pr1p0_pl1p0_pf1p0_pm1p0_dt1p0_fv0p03_hr1p0_hqtrapezoid_hp1p0_hc1p0_cim1p0_cp1p0_cnm1p0_cd1p0_pg1p0,A55,OK,diagnostic_matched_wigley_sensitivity_not_hard_gate,wigley_iii,Fn0.4,0.4,2.1696064159197173,1.0,1.808005346599764,0.063,719.5500000000001,17,18,21,1.3499999999999999,1.6500000000000001,0.07500000000000007,-0.8686874999999998,0.8686875,0.0626249999999999,0.06262500000000004,pitch,pitch_moment,0.15000000000000013,-14.928840864850441,-83.26440247909174,-1.119663064863784,-6.244830185931886,-0.00047602192216558605,3.51929326319237e-05,-0.0005112148547975099,-0.21207831969354715,0.025187130526212353,-0.23726545021975956,0.0,-0.21207831969354715,1.5917778278163879,0.670639179926259,0.011935201757619654,0.006273680449045903,0.09576220666246826,0.03753811756586826,1.053253210554997,5133.387724951938,2207.5960994167194,2949.8913938732626,1242.8322035196063,2342.273546288366,1004.3577265423864,3.2340196269081334,2.0296266547096615,0.008128879272573764,0.003301523165689556,advance_eq19_20,0.1296773277788034,0.04691664646134162,0.14611285242346958,0.049602373791450695,1.1267416974592583,1.0572446569113174,342.3331719804855,3.381090088700712e-16,a1_station_hull_matched_sweep_free_surface_marching_not_benchmark_validated,41,8,24,10,3.0,2,16,15.0,False,none,0.0,1.0,0.03,1.0,trapezoid,1.0,1.0,-1.0,1.0,-1.0,1.0,1.0,True,False,True,3.0,11,9,40,True,True,True,True,A1_GRID_RECOMMENDED,"A1 Section 3.3 recommends control radius about 3B, inner free-surface panels greater than 10, outer/free-surface proxy panels greater than 8, and roughly 60 stations at Fn=0.2 or 40 at Fn=0.3."
42,st41_bp8_fs24_cp10_r3p0_h2_fsm_clipfs_onezonefs_noend_pr1p0_pl1p0_pf1p0_pm1p0_dt1p0_fv0p03_hr1p0_hqtrapezoid_hp1p0_hc1p0_cim1p0_cp1p0_cnm1p0_cd1p0_pg1p0,A55,OK,diagnostic_matched_wigley_sensitivity_not_hard_gate,wigley_iii,Fn0.4,0.4,2.1696064159197173,1.0,1.808005346599764,0.063,719.5500000000001,18,19,20,1.425,1.575,0.07500000000000007,-0.8687343749999998,0.868734375,0.06253124999999993,0.06253125000000004,pitch,pitch_moment,0.07499999999999996,-8.244752400112858,-41.708718022342026,-0.618356430008465,-3.1281538516756546,-0.0002628926733703495,-1.7469685205250044e-05,-0.0002454229881650994,-0.2124477769913151,0.02519599214992569,-0.23764376914124083,0.0,-0.2124477769913151,1.5584408999718988,0.6591971536232762,0.0120217279544107,0.00646182248045477,0.09584213783543016,0.03833079628023495,1.0551535073062321,5117.730734105049,2207.136788924729,2888.1112164966644,1221.6277776695854,2346.4995147125883,1012.3930836657975,3.2948643250872367,2.0897798202372466,0.008069967435027194,0.003283011354215681,advance_eq19_20,0.11371362081414231,0.043892843519292825,0.1292564615463601,0.04675815650121379,1.1366840719778115,1.0652797301833847,342.3288541718238,4.4835546529273295e-16,a1_station_hull_matched_sweep_free_surface_marching_not_benchmark_validated,41,8,24,10,3.0,2,16,15.0,False,none,0.0,1.0,0.03,1.0,trapezoid,1.0,1.0,-1.0,1.0,-1.0,1.0,1.0,True,False,True,3.0,11,9,40,True,True,True,True,A1_GRID_RECOMMENDED,"A1 Section 3.3 recommends control radius about 3B, inner free-surface panels greater than 10, outer/free-surface proxy panels greater than 8, and roughly 60 stations at Fn=0.2 or 40 at Fn=0.3."
42,st41_bp8_fs24_cp10_r3p0_h2_fsm_clipfs_onezonefs_noend_pr1p0_pl1p0_pf1p0_pm1p0_dt1p0_fv0p03_hr1p0_hqtrapezoid_hp1p0_hc1p0_cim1p0_cp1p0_cnm1p0_cd1p0_pg1p0,A55,OK,diagnostic_matched_wigley_sensitivity_not_hard_gate,wigley_iii,Fn0.4,0.4,2.1696064159197173,1.0,1.808005346599764,0.063,719.5500000000001,19,20,19,1.5,1.5,0.07499999999999996,-0.8687499999999999,0.8687499999999999,0.062499999999999944,0.06250000000000003,pitch,pitch_moment,0.0,0.0,-0.0,0.0,0.0,0.0,0.0,0.0,-0.21257922332800028,0.025187257307323067,-0.2377664806353234,0.0,-0.21257922332800028,1.5298813510960687,0.6497219422277908,0.01214291971208677,0.006645518329900062,0.09540879056395649,0.03888583487894971,1.054691625561182,5097.439797634001,2204.12035976186,2835.1845040060866,1204.0682639848044,2345.4723605751947,1017.2333355088675,3.366080116405589,2.1622585214149432,0.007962109292360846,0.0032439186639119503,advance_eq19_20,0.09897649610228222,0.04079831230167042,0.11359351183932655,0.04384470346165119,1.1476816851744187,1.0746695387165817,342.3274209292955,3.090731127537234e-16,a1_station_hull_matched_sweep_free_surface_marching_not_benchmark_validated,41,8,24,10,3.0,2,16,15.0,False,none,0.0,1.0,0.03,1.0,trapezoid,1.0,1.0,-1.0,1.0,-1.0,1.0,1.0,True,False,True,3.0,11,9,40,True,True,True,True,A1_GRID_RECOMMENDED,"A1 Section 3.3 recommends control radius about 3B, inner free-surface panels greater than 10, outer/free-surface proxy panels greater than 8, and roughly 60 stations at Fn=0.2 or 40 at Fn=0.3."
42,st41_bp8_fs24_cp10_r3p0_h2_fsm_clipfs_onezonefs_noend_pr1p0_pl1p0_pf1p0_pm1p0_dt1p0_fv0p03_hr1p0_hqtrapezoid_hp1p0_hc1p0_cim1p0_cp1p0_cnm1p0_cd1p0_pg1p0,A55,OK,diagnostic_matched_wigley_sensitivity_not_hard_gate,wigley_iii,Fn0.4,0.4,2.1696064159197173,1.0,1.808005346599764,0.063,719.5500000000001,20,21,18,1.575,1.425,0.07499999999999996,-0.8687343749999998,0.868734375,0.06253124999999993,0.06253125000000004,pitch,pitch_moment,-0.07499999999999996,9.924459131346234,41.044262890409804,0.7443344348509671,3.0783197167807335,0.00031645190372953704,8.886348926467332e-05,0.00022758841446486377,-0.2124209973761355,0.025231689051955403,-0.23765268642809098,0.0,-0.2124209973761355,1.5063233321763594,0.6422672676690424,0.01229172399651502,0.0068231585169805115,0.0945652551152083,0.039246320246912755,1.0514802469264457,5074.042569128936,2199.1534918224584,2791.526654239901,1190.2532202389416,2338.330747193076,1018.745427817877,3.4424128460658348,2.2381982807103675,0.007809002743488324,0.003185764179238808,advance_eq19_20,0.08568031201341351,0.03773930348288534,0.09936984192336751,0.04095617785239777,1.1597745104827684,1.0852393677846035,342.32885417182297,4.87578519559111e-16,a1_station_hull_matched_sweep_free_surface_marching_not_benchmark_validated,41,8,24,10,3.0,2,16,15.0,False,none,0.0,1.0,0.03,1.0,trapezoid,1.0,1.0,-1.0,1.0,-1.0,1.0,1.0,True,False,True,3.0,11,9,40,True,True,True,True,A1_GRID_RECOMMENDED,"A1 Section 3.3 recommends control radius about 3B, inner free-surface panels greater than 10, outer/free-surface proxy panels greater than 8, and roughly 60 stations at Fn=0.2 or 40 at Fn=0.3."
42,st41_bp8_fs24_cp10_r3p0_h2_fsm_clipfs_onezonefs_noend_pr1p0_pl1p0_pf1p0_pm1p0_dt1p0_fv0p03_hr1p0_hqtrapezoid_hp1p0_hc1p0_cim1p0_cp1p0_cnm1p0_cd1p0_pg1p0,A55,OK,diagnostic_matched_wigley_sensitivity_not_hard_gate,wigley_iii,Fn0.4,0.4,2.1696064159197173,1.0,1.808005346599764,0.063,719.5500000000001,21,22,17,1.65,1.35,0.07499999999999996,-0.8686874999999998,0.8686875,0.0626249999999999,0.06262500000000004,pitch,pitch_moment,-0.1499999999999999,21.637962488482103,80.56230020557221,1.6228471866361567,6.042172515417913,0.000689949379778406,0.00024775090423635753,0.00044219847554204843,-0.21191779673438152,0.025399996248705918,-0.23731779298308753,0.0,-0.21191779673438152,1.4877103604319535,0.6367998176442862,0.012458918001922165,0.006991959023601211,0.09337332307490362,0.03943665044705872,1.0448310397168905,5044.471654156981,2191.0237103274508,2757.0329929991544,1180.1209118899897,2323.5439305048803,1015.8367724357201,3.5164937718031073,2.3095232221384605,0.007609461316739635,0.0031080446902268977,advance_eq19_20,0.07392347444512122,0.03481899283771695,0.08671633067710625,0.038186584538767374,1.173055397192973,1.0967170910642352,342.3331719804855,2.409245749465102e-16,a1_station_hull_matched_sweep_free_surface_marching_not_benchmark_validated,41,8,24,10,3.0,2,16,15.0,False,none,0.0,1.0,0.03,1.0,trapezoid,1.0,1.0,-1.0,1.0,-1.0,1.0,1.0,True,False,True,3.0,11,9,40,True,True,True,True,A1_GRID_RECOMMENDED,"A1 Section 3.3 recommends control radius about 3B, inner free-surface panels greater than 10, outer/free-surface proxy panels greater than 8, and roughly 60 stations at Fn=0.2 or 40 at Fn=0.3."
42,st41_bp8_fs24_cp10_r3p0_h2_fsm_clipfs_onezonefs_noend_pr1p0_pl1p0_pf1p0_pm1p0_dt1p0_fv0p03_hr1p0_hqtrapezoid_hp1p0_hc1p0_cim1p0_cp1p0_cnm1p0_cd1p0_pg1p0,A55,OK,diagnostic_matched_wigley_sensitivity_not_hard_gate,wigley_iii,Fn0.4,0.4,2.1696064159197173,1.0,1.808005346599764,0.063,719.5500000000001,22,23,16,1.7249999999999999,1.2750000000000001,0.07499999999999996,-0.8686093749999999,0.8686093749999999,0.0627812499999999,0.06278125000000001,pitch,pitch_moment,-0.22499999999999987,35.34554922807817,117.53766520604493,2.650916192105861,8.815324890453365,0.0011270303190894554,0.00047211708146771846,0.000654913237621737,-0.21100930688494757,0.02575993024155795,-0.23676923712650566,0.0,-0.21100930688494757,1.4733436129633688,0.6330836977118433,0.01262114542125331,0.007140593216594385,0.09179243994794,0.03943187124757683,1.0336582133510495,5005.6892699269865,2178.7488963970404,2730.4084578567936,1173.2341780658653,2298.6972788434123,1007.5684614281512,3.584687027286329,2.3741984668650944,0.007361921533156534,0.003010102470584672,advance_eq19_20,0.06351122326830594,0.032022395872781516,0.0754345519188027,0.03552046903251412,1.1877357738824545,1.109238333497273,342.34042855322906,3.6846082961577053e-16,a1_station_hull_matched_sweep_free_surface_marching_not_benchmark_validated,41,8,24,10,3.0,2,16,15.0,False,none,0.0,1.0,0.03,1.0,trapezoid,1.0,1.0,-1.0,1.0,-1.0,1.0,1.0,True,False,True,3.0,11,9,40,True,True,True,True,A1_GRID_RECOMMENDED,"A1 Section 3.3 recommends control radius about 3B, inner free-surface panels greater than 10, outer/free-surface proxy panels greater than 8, and roughly 60 stations at Fn=0.2 or 40 at Fn=0.3."
42,st41_bp8_fs24_cp10_r3p0_h2_fsm_clipfs_onezonefs_noend_pr1p0_pl1p0_pf1p0_pm1p0_dt1p0_fv0p03_hr1p0_hqtrapezoid_hp1p0_hc1p0_cim1p0_cp1p0_cnm1p0_cd1p0_pg1p0,A55,OK,diagnostic_matched_wigley_sensitivity_not_hard_gate,wigley_iii,Fn0.4,0.4,2.1696064159197173,1.0,1.808005346599764,0.063,719.5500000000001,23,24,15,1.7999999999999998,1.2000000000000002,0.07500000000000007,-0.8684999999999999,0.8684999999999998,0.06299999999999994,0.06300000000000008,pitch,pitch_moment,-0.2999999999999998,51.01133567932297,150.99232930099222,3.825850175949226,11.324424697574427,0.001626550532766264,0.0007541845606188018,0.0008723659721474625,-0.20963251645901973,0.026373081062601215,-0.23600559752162106,0.0,-0.20963251645901973,1.4625240506290687,0.6308780045029564,0.012754763157880464,0.007257769587204181,0.0897757684785753,0.03920393724121592,1.0174595209704351,4957.3842501307645,2162.439699854424,2710.357585644802,1169.1465753233736,2262.6738722519594,993.8759331715727,3.643561366253868,2.430277335561155,0.00706491013920776,0.0028913231673267795,advance_eq19_20,0.054277921261251375,0.029335358031276414,0.06535505823108055,0.03294272533786149,1.2040818202398085,1.1229699430543516,342.35071396278477,3.8453938849031384e-16,a1_station_hull_matched_sweep_free_surface_marching_not_benchmark_validated,41,8,24,10,3.0,2,16,15.0,False,none,0.0,1.0,0.03,1.0,trapezoid,1.0,1.0,-1.0,1.0,-1.0,1.0,1.0,True,False,True,3.0,11,9,40,True,True,True,True,A1_GRID_RECOMMENDED,"A1 Section 3.3 recommends control radius about 3B, inner free-surface panels greater than 10, outer/free-surface proxy panels greater than 8, and roughly 60 stations at Fn=0.2 or 40 at Fn=0.3."
42,st41_bp8_fs24_cp10_r3p0_h2_fsm_clipfs_onezonefs_noend_pr1p0_pl1p0_pf1p0_pm1p0_dt1p0_fv0p03_hr1p0_hqtrapezoid_hp1p0_hc1p0_cim1p0_cp1p0_cnm1p0_cd1p0_pg1p0,A55,OK,diagnostic_matched_wigley_sensitivity_not_hard_gate,wigley_iii,Fn0.4,0.4,2.1696064159197173,1.0,1.808005346599764,0.063,719.5500000000001,24,25,14,1.875,1.125,0.07500000000000007,-0.8683593749999999,0.8683593749999999,0.06328124999999996,0.06328125000000007,pitch,pitch_moment,-0.375,68.37708954306264,180.02430654714925,5.1282817157297025,13.501822991036207,0.002180276010109587,0.0010831342013028471,0.0010971418088067397,-0.2077291031875818,0.02729174044356204,-0.23502084363114398,0.0,-0.2077291031875818,1.4545398984607432,0.6299359139304723,0.012836307974957063,0.007332252041283267,0.08727412633680268,0.03872287509362623,0.996163748314094,4899.593234079692,2142.298295653786,2695.561311091194,1167.4006879115402,2215.3153411401154,974.9400286649267,3.68974098372564,2.475792181824255,0.006717645326066724,0.002751388976366204,advance_eq19_20,0.0460831148121193,0.026744991997670078,0.05633365291562462,0.03043905907644562,1.22243587798474,1.1381218240445672,342.3641533741088,2.8299397492198714e-16,a1_station_hull_matched_sweep_free_surface_marching_not_benchmark_validated,41,8,24,10,3.0,2,16,15.0,False,none,0.0,1.0,0.03,1.0,trapezoid,1.0,1.0,-1.0,1.0,-1.0,1.0,1.0,True,False,True,3.0,11,9,40,True,True,True,True,A1_GRID_RECOMMENDED,"A1 Section 3.3 recommends control radius about 3B, inner free-surface panels greater than 10, outer/free-surface proxy panels greater than 8, and roughly 60 stations at Fn=0.2 or 40 at Fn=0.3."
42,st41_bp8_fs24_cp10_r3p0_h2_fsm_clipfs_onezonefs_noend_pr1p0_pl1p0_pf1p0_pm1p0_dt1p0_fv0p03_hr1p0_hqtrapezoid_hp1p0_hc1p0_cim1p0_cp1p0_cnm1p0_cd1p0_pg1p0,A55,OK,diagnostic_matched_wigley_sensitivity_not_hard_gate,wigley_iii,Fn0.4,0.4,2.1696064159197173,1.0,1.808005346599764,0.063,719.5500000000001,25,26,13,1.95,1.05,0.07499999999999996,-0.8681874999999999,0.8681874999999999,0.0636249999999999,0.06362500000000004,pitch,pitch_moment,-0.44999999999999996,86.97770685360936,203.84721044581943,6.523328014020699,15.288540783436448,0.002773376417957063,0.0014453911016642648,0.0013279853162927987,-0.20525227697354848,0.028556003095045593,-0.2338082800685942,0.0,-0.20525227697354848,1.4486672998181922,0.6300099198311624,0.012842457895476209,0.007352738064157937,0.08424055562098645,0.03795810204286416,0.9700365486783438,4832.634885905432,2118.6181005149188,2684.678179103423,1167.5378360522711,2157.2124576813826,951.1405768372977,3.7198285763666066,2.5087044578958153,0.0063207827682222545,0.0025905919046117806,advance_eq19_20,0.03880810172603642,0.024240037802180172,0.04824813341378231,0.02799639155527086,1.2432489935835371,1.1549648471568323,342.3809050598591,4.563319426433176e-16,a1_station_hull_matched_sweep_free_surface_marching_not_benchmark_validated,41,8,24,10,3.0,2,16,15.0,False,none,0.0,1.0,0.03,1.0,trapezoid,1.0,1.0,-1.0,1.0,-1.0,1.0,1.0,True,False,True,3.0,11,9,40,True,True,True,True,A1_GRID_RECOMMENDED,"A1 Section 3.3 recommends control radius about 3B, inner free-surface panels greater than 10, outer/free-surface proxy panels greater than 8, and roughly 60 stations at Fn=0.2 or 40 at Fn=0.3."
42,st41_bp8_fs24_cp10_r3p0_h2_fsm_clipfs_onezonefs_noend_pr1p0_pl1p0_pf1p0_pm1p0_dt1p0_fv0p03_hr1p0_hqtrapezoid_hp1p0_hc1p0_cim1p0_cp1p0_cnm1p0_cd1p0_pg1p0,A55,OK,diagnostic_matched_wigley_sensitivity_not_hard_gate,wigley_iii,Fn0.4,0.4,2.1696064159197173,1.0,1.808005346599764,0.063,719.5500000000001,26,27,12,2.025,0.9750000000000001,0.07500000000000007,-0.8679843749999999,0.8679843749999999,0.06403124999999998,0.0640312500000001,pitch,pitch_moment,-0.5249999999999999,106.15192777465377,221.83478000719174,7.96139458309904,16.637608500539397,0.003384766785199393,0.0018250097174381831,0.0015597570677612106,-0.20217320537197025,0.03019120350459682,-0.23236440887656723,0.0,-0.20217320537197025,1.444183489797011,0.6308637513342172,0.012749483372923996,0.007307574776329605,0.08063511222322468,0.036879727653190475,0.9396452399642901,4757.1028681454645,2091.8055324131683,2676.368757799704,1169.120161272955,2089.62684984782,923.0481053984134,3.730379298509526,2.5268932637817745,0.0058773483460317156,0.002410225699542547,advance_eq19_20,0.03235295944705158,0.021811165315730654,0.04099546994465063,0.02560321964392251,1.2671319917964001,1.1738584011124316,342.4011560901492,3.1063866041496973e-16,a1_station_hull_matched_sweep_free_surface_marching_not_benchmark_validated,41,8,24,10,3.0,2,16,15.0,False,none,0.0,1.0,0.03,1.0,trapezoid,1.0,1.0,-1.0,1.0,-1.0,1.0,1.0,True,False,True,3.0,11,9,40,True,True,True,True,A1_GRID_RECOMMENDED,"A1 Section 3.3 recommends control radius about 3B, inner free-surface panels greater than 10, outer/free-surface proxy panels greater than 8, and roughly 60 stations at Fn=0.2 or 40 at Fn=0.3."
42,st41_bp8_fs24_cp10_r3p0_h2_fsm_clipfs_onezonefs_noend_pr1p0_pl1p0_pf1p0_pm1p0_dt1p0_fv0p03_hr1p0_hqtrapezoid_hp1p0_hc1p0_cim1p0_cp1p0_cnm1p0_cd1p0_pg1p0,A55,OK,diagnostic_matched_wigley_sensitivity_not_hard_gate,wigley_iii,Fn0.4,0.4,2.1696064159197173,1.0,1.808005346599764,0.063,719.5500000000001,27,28,11,2.1,0.8999999999999999,0.07499999999999996,-0.8677499999999999,0.8677499999999999,0.06449999999999989,0.06450000000000003,pitch,pitch_moment,-0.6000000000000001,125.0444849006057,233.57598887530827,9.37833636754542,17.51819916564811,0.003987176003646694,0.002204168049459997,0.0017830079541866974,-0.19848723397754722,0.03220579238804591,-0.2306930263655933,0.0,-0.19848723397754722,1.4403944759845435,0.632293285362915,0.01253207945350113,0.007184239164895307,0.07642937868051242,0.0354596301482478,0.905863938382917,4673.910607260622,2062.4304611130106,2669.3469366376403,1171.7693815691625,2014.502417982527,891.4489523460674,3.717910126919669,2.5281689036066046,0.005393962013762047,0.002213101995052404,advance_eq19_20,0.026633985241868045,0.01945123545047443,0.034489379252890834,0.023249945413151587,1.2949387385960656,1.1952940198759716,342.4251138934241,3.1297630324871704e-16,a1_station_hull_matched_sweep_free_surface_marching_not_benchmark_validated,41,8,24,10,3.0,2,16,15.0,False,none,0.0,1.0,0.03,1.0,trapezoid,1.0,1.0,-1.0,1.0,-1.0,1.0,1.0,True,False,True,3.0,11,9,40,True,True,True,True,A1_GRID_RECOMMENDED,"A1 Section 3.3 recommends control radius about 3B, inner free-surface panels greater than 10, outer/free-surface proxy panels greater than 8, and roughly 60 stations at Fn=0.2 or 40 at Fn=0.3."
42,st41_bp8_fs24_cp10_r3p0_h2_fsm_clipfs_onezonefs_noend_pr1p0_pl1p0_pf1p0_pm1p0_dt1p0_fv0p03_hr1p0_hqtrapezoid_hp1p0_hc1p0_cim1p0_cp1p0_cnm1p0_cd1p0_pg1p0,A55,OK,diagnostic_matched_wigley_sensitivity_not_hard_gate,wigley_iii,Fn0.4,0.4,2.1696064159197173,1.0,1.808005346599764,0.063,719.5500000000001,28,29,10,2.175,0.8250000000000002,0.07499999999999996,-0.8674843749999999,0.8674843749999999,0.06503124999999987,0.0650312500000001,pitch,pitch_moment,-0.6749999999999998,142.59124813874567,238.952068228354,10.69434361040592,17.92140511712654,0.0045466731568429555,0.002563791956856184,0.0019828811999867708,-0.1942203093973024,0.034589772391204,-0.22881008178850654,0.0,-0.1942203093973024,1.4366844056352175,0.6341623540571578,0.012161284384254952,0.006968419204172868,0.07161017376717778,0.03367202062602637,0.8699054896916657,4584.398923027691,2031.3313242204995,2662.4714139341013,1175.2331499163247,1934.536344970792,857.4257657958747,3.6789361756895933,2.510304457175121,0.00488261345859098,0.0020043105348015564,advance_eq19_20,0.021581502067570358,0.01715552998918303,0.028658253152537342,0.020929186556155457,1.3279081809417208,1.2199673556778372,342.45299094219155,3.4963026980283055e-16,a1_station_hull_matched_sweep_free_surface_marching_not_benchmark_validated,41,8,24,10,3.0,2,16,15.0,False,none,0.0,1.0,0.03,1.0,trapezoid,1.0,1.0,-1.0,1.0,-1.0,1.0,1.0,True,False,True,3.0,11,9,40,True,True,True,True,A1_GRID_RECOMMENDED,"A1 Section 3.3 recommends control radius about 3B, inner free-surface panels greater than 10, outer/free-surface proxy panels greater than 8, and roughly 60 stations at Fn=0.2 or 40 at Fn=0.3."
42,st41_bp8_fs24_cp10_r3p0_h2_fsm_clipfs_onezonefs_noend_pr1p0_pl1p0_pf1p0_pm1p0_dt1p0_fv0p03_hr1p0_hqtrapezoid_hp1p0_hc1p0_cim1p0_cp1p0_cnm1p0_cd1p0_pg1p0,A55,OK,diagnostic_matched_wigley_sensitivity_not_hard_gate,wigley_iii,Fn0.4,0.4,2.1696064159197173,1.0,1.808005346599764,0.063,719.5500000000001,29,30,9,2.25,0.75,0.07499999999999996,-0.8671874999999999,0.8671874999999999,0.06562499999999982,0.0656250000000001,pitch,pitch_moment,-0.75,157.46792477175484,238.26030688581682,11.810094357881606,17.86952301643625,0.00502103176715907,0.002884353545276353,0.002136678221882716,-0.1894364569353014,0.03731384514227027,-0.2267503020775718,0.0,-0.1894364569353014,1.4326049047601703,0.6364671039170282,0.011600839197223493,0.006642351851450476,0.06618202350216268,0.03149299485291495,0.8333822828587586,4490.562711512232,1999.8606385871635,2654.9112605557193,1179.5043249872756,1853.3143364992877,822.6177214651722,3.6100348141422836,2.4710856421143785,0.00436352834264486,0.001792439360910866,advance_eq19_20,0.01713799044356068,0.014921946909508663,0.02344340477781828,0.018636072114211952,1.3679202853463346,1.248903526277563,342.4849787194831,4.711249463059701e-16,a1_station_hull_matched_sweep_free_surface_marching_not_benchmark_validated,41,8,24,10,3.0,2,16,15.0,False,none,0.0,1.0,0.03,1.0,trapezoid,1.0,1.0,-1.0,1.0,-1.0,1.0,1.0,True,False,True,3.0,11,9,40,True,True,True,True,A1_GRID_RECOMMENDED,"A1 Section 3.3 recommends control radius about 3B, inner free-surface panels greater than 10, outer/free-surface proxy panels greater than 8, and roughly 60 stations at Fn=0.2 or 40 at Fn=0.3."
42,st41_bp8_fs24_cp10_r3p0_h2_fsm_clipfs_onezonefs_noend_pr1p0_pl1p0_pf1p0_pm1p0_dt1p0_fv0p03_hr1p0_hqtrapezoid_hp1p0_hc1p0_cim1p0_cp1p0_cnm1p0_cd1p0_pg1p0,A55,OK,diagnostic_matched_wigley_sensitivity_not_hard_gate,wigley_iii,Fn0.4,0.4,2.1696064159197173,1.0,1.808005346599764,0.063,719.5500000000001,30,31,8,2.3249999999999997,0.6750000000000003,0.07499999999999996,-0.866859375,0.866859375,0.06628124999999996,0.06628125000000007,pitch,pitch_moment,-0.8249999999999997,167.95272451254056,232.4458344159682,12.596454338440534,17.433437581197605,0.00535535072543005,0.003146938468560516,0.0022084122568695346,-0.18424826568900687,0.040329491149188705,-0.22457775683819567,0.0,-0.18424826568900687,1.428048762028354,0.6394608591762108,0.010800612552343533,0.006181643176300879,0.060169752417153194,0.02889813017882093,0.798520800996607,4395.637939990797,1970.5882076976998,2646.467791876249,1185.0523686401643,1775.7877494147801,790.2623821020616,3.5079546425021215,2.40839113742093,0.0038712697948235487,0.0015923578284542195,advance_eq19_20,0.01325652047606354,0.012751128962107738,0.01879760321116576,0.016368513573633097,1.4179892261402534,1.2836913203744598,342.52120658418943,3.05885090833941e-16,a1_station_hull_matched_sweep_free_surface_marching_not_benchmark_validated,41,8,24,10,3.0,2,16,15.0,False,none,0.0,1.0,0.03,1.0,trapezoid,1.0,1.0,-1.0,1.0,-1.0,1.0,1.0,True,False,True,3.0,11,9,40,True,True,True,True,A1_GRID_RECOMMENDED,"A1 Section 3.3 recommends control radius about 3B, inner free-surface panels greater than 10, outer/free-surface proxy panels greater than 8, and roughly 60 stations at Fn=0.2 or 40 at Fn=0.3."
42,st41_bp8_fs24_cp10_r3p0_h2_fsm_clipfs_onezonefs_noend_pr1p0_pl1p0_pf1p0_pm1p0_dt1p0_fv0p03_hr1p0_hqtrapezoid_hp1p0_hc1p0_cim1p0_cp1p0_cnm1p0_cd1p0_pg1p0,A55,OK,diagnostic_matched_wigley_sensitivity_not_hard_gate,wigley_iii,Fn0.4,0.4,2.1696064159197173,1.0,1.808005346599764,0.063,719.5500000000001,31,32,7,2.4,0.6000000000000001,0.07500000000000018,-0.8664999999999999,0.8664999999999998,0.06699999999999995,0.06700000000000006,pitch,pitch_moment,-0.8999999999999999,171.5639443114947,223.60883625503368,12.867295823362134,16.770662719127564,0.005470498298213696,0.003334806970012463,0.0021356913282012317,-0.17883534117718497,0.043570363868475195,-0.22240570504566032,0.0,-0.17883534117718497,1.4236223325364172,0.6439200359724709,0.009684226778794087,0.005548911126003302,0.053626189795598966,0.025855549506316376,0.7694755952649232,4306.19417829045,1949.8146889344084,2638.264708483786,1193.3161395164632,1711.1956680899314,769.9888316262934,3.369828205262891,2.3203455849786288,0.0034634528215562086,0.0014286739391833887,advance_eq19_20,0.009899487312865506,0.010646417121227374,0.014683883213814726,0.014127407476106697,1.483297341543269,1.3269635517040512,342.56168396636383,4.2664496415029545e-16,a1_station_hull_matched_sweep_free_surface_marching_not_benchmark_validated,41,8,24,10,3.0,2,16,15.0,False,none,0.0,1.0,0.03,1.0,trapezoid,1.0,1.0,-1.0,1.0,-1.0,1.0,1.0,True,False,True,3.0,11,9,40,True,True,True,True,A1_GRID_RECOMMENDED,"A1 Section 3.3 recommends control radius about 3B, inner free-surface panels greater than 10, outer/free-surface proxy panels greater than 8, and roughly 60 stations at Fn=0.2 or 40 at Fn=0.3."
42,st41_bp8_fs24_cp10_r3p0_h2_fsm_clipfs_onezonefs_noend_pr1p0_pl1p0_pf1p0_pm1p0_dt1p0_fv0p03_hr1p0_hqtrapezoid_hp1p0_hc1p0_cim1p0_cp1p0_cnm1p0_cd1p0_pg1p0,A55,OK,diagnostic_matched_wigley_sensitivity_not_hard_gate,wigley_iii,Fn0.4,0.4,2.1696064159197173,1.0,1.808005346599764,0.063,719.5500000000001,32,33,6,2.475,0.5249999999999999,0.07499999999999996,-0.866109375,0.866109375,0.06778124999999988,0.06778125000000013,pitch,pitch_moment,-0.9750000000000001,164.00884293546528,216.3325539538418,12.300663220159889,16.224941546538126,0.005229595879082064,0.0034360341457154815,0.0017935617333665816,-0.1734852940885371,0.04695578442633918,-0.2204410785148764,0.0,-0.1734852940885371,1.421538749471862,0.6517752733800187,0.008124166144286248,0.0046789107821234,0.04670249538799412,0.022310027287843863,0.7611830546563493,4242.324072343843,1958.8340967979832,2634.4034009299658,1207.8735085289118,1692.7543300485788,801.485659696564,3.1936559973881966,2.205667403301616,0.003260956792286552,0.0013593245260776945,advance_eq19_20,0.007037721676136482,0.008613317657153754,0.011074651162202295,0.01191663467522995,1.5736131196768182,1.3835127356916461,342.6062403202417,4.88974085209315e-16,a1_station_hull_matched_sweep_free_surface_marching_not_benchmark_validated,41,8,24,10,3.0,2,16,15.0,False,none,0.0,1.0,0.03,1.0,trapezoid,1.0,1.0,-1.0,1.0,-1.0,1.0,1.0,True,False,True,3.0,11,9,40,True,True,True,True,A1_GRID_RECOMMENDED,"A1 Section 3.3 recommends control radius about 3B, inner free-surface panels greater than 10, outer/free-surface proxy panels greater than 8, and roughly 60 stations at Fn=0.2 or 40 at Fn=0.3."
42,st41_bp8_fs24_cp10_r3p0_h2_fsm_clipfs_onezonefs_noend_pr1p0_pl1p0_pf1p0_pm1p0_dt1p0_fv0p03_hr1p0_hqtrapezoid_hp1p0_hc1p0_cim1p0_cp1p0_cnm1p0_cd1p0_pg1p0,A55,OK,diagnostic_matched_wigley_sensitivity_not_hard_gate,wigley_iii,Fn0.4,0.4,2.1696064159197173,1.0,1.808005346599764,0.063,719.5500000000001,33,34,5,2.55,0.4500000000000002,0.07499999999999996,-0.8656874999999999,0.8656874999999999,0.06862499999999994,0.06862500000000005,pitch,pitch_moment,-1.0499999999999998,135.5771375598316,221.99085818857623,10.168285316987365,16.64931436414321,0.00432302080296745,0.0034490570702673815,0.0008739637327000682,-0.16870898574751236,0.05039833003433059,-0.21910731578184311,0.0,-0.16870898574751236,1.4281024533949087,0.6678425193936004,0.005860569974664215,0.0034199568213581577,0.039834924075803295,0.018091386705975415,0.8591343421640771,4303.283436799382,2097.1566808499524,2646.567293010991,1237.6494168940433,1910.5829654185509,1062.9361213860823,2.9796208699383313,2.064619334360791,0.003624625422732886,0.0014964967218741782,advance_eq19_20,0.004650222094806368,0.006657520521783462,0.007951190044092634,0.00974247253384535,1.7098516763259488,1.4633785208724328,342.6545414156471,4.204828296322152e-16,a1_station_hull_matched_sweep_free_surface_marching_not_benchmark_validated,41,8,24,10,3.0,2,16,15.0,False,none,0.0,1.0,0.03,1.0,trapezoid,1.0,1.0,-1.0,1.0,-1.0,1.0,1.0,True,False,True,3.0,11,9,40,True,True,True,True,A1_GRID_RECOMMENDED,"A1 Section 3.3 recommends control radius about 3B, inner free-surface panels greater than 10, outer/free-surface proxy panels greater than 8, and roughly 60 stations at Fn=0.2 or 40 at Fn=0.3."
42,st41_bp8_fs24_cp10_r3p0_h2_fsm_clipfs_onezonefs_noend_pr1p0_pl1p0_pf1p0_pm1p0_dt1p0_fv0p03_hr1p0_hqtrapezoid_hp1p0_hc1p0_cim1p0_cp1p0_cnm1p0_cd1p0_pg1p0,A55,OK,diagnostic_matched_wigley_sensitivity_not_hard_gate,wigley_iii,Fn0.4,0.4,2.1696064159197173,1.0,1.808005346599764,0.063,719.5500000000001,34,35,4,2.625,0.375,0.07499999999999996,-0.8652343749999999,0.8652343749999999,0.06953124999999993,0.06953125000000009,pitch,pitch_moment,-1.125,48.418037683533456,284.6007324933027,3.631352826265007,21.34505493699769,0.0015438604761249322,0.0033980511066220376,-0.001854190630497105,-0.16577554510796613,0.05382188412277532,-0.21959742923074163,0.0,-0.16577554510796613,1.462131827945319,0.7056237615702919,0.002390560935249617,0.001232262212235444,0.03565886562014427,0.012517219139324747,1.614757379447879,5313.37475688527,3033.191452160737,2709.630716417794,1307.665821947098,3590.972669868923,2365.0623692291224,2.7341770193574866,1.902012403022939,0.007043311868637109,0.0028454683716383155,advance_eq19_20,0.002725278842832223,0.004778316118646464,0.005303877971307531,0.007611226702099223,1.9461780893567282,1.5928679712917837,342.70650863905854,4.491939820242989e-16,a1_station_hull_matched_sweep_free_surface_marching_not_benchmark_validated,41,8,24,10,3.0,2,16,15.0,False,none,0.0,1.0,0.03,1.0,trapezoid,1.0,1.0,-1.0,1.0,-1.0,1.0,1.0,True,False,True,3.0,11,9,40,True,True,True,True,A1_GRID_RECOMMENDED,"A1 Section 3.3 recommends control radius about 3B, inner free-surface panels greater than 10, outer/free-surface proxy panels greater than 8, and roughly 60 stations at Fn=0.2 or 40 at Fn=0.3."
42,st41_bp8_fs24_cp10_r3p0_h2_fsm_clipfs_onezonefs_noend_pr1p0_pl1p0_pf1p0_pm1p0_dt1p0_fv0p03_hr1p0_hqtrapezoid_hp1p0_hc1p0_cim1p0_cp1p0_cnm1p0_cd1p0_pg1p0,A55,OK,diagnostic_matched_wigley_sensitivity_not_hard_gate,wigley_iii,Fn0.4,0.4,2.1696064159197173,1.0,1.808005346599764,0.063,719.5500000000001,35,36,3,2.6999999999999997,0.30000000000000027,0.07499999999999996,-0.8647499999999999,0.8647499999999999,0.0704999999999999,0.07050000000000001,pitch,pitch_moment,-1.1999999999999997,-424.2803210164737,771.7342756599281,-31.821024076235506,57.880070674494576,-0.013528627960849842,0.003418551264705887,-0.016947179225555734,-0.17176792885032857,0.057230185308439256,-0.22899811415876803,0.0,-0.17176792885032857,1.6046280474675425,0.8197205758497339,0.006864442886164777,0.003766811450693861,0.04954095918061504,0.02551504633636378,7.991949066700435,18320.617389381056,11893.837108933498,2973.705491353388,1519.1106634505102,17772.86857008728,11666.638732800115,2.503409772419857,1.7506264428661351,0.0002469145992740201,8.498012673639722e-05,advance_eq19_20,0.0012655579966056245,0.00292665331687076,0.003134070805095247,0.00552106814276173,2.476433963122349,1.886478357697991,342.76452809793597,8.506800421149219e-16,a1_station_hull_matched_sweep_free_surface_marching_not_benchmark_validated,41,8,24,10,3.0,2,16,15.0,False,none,0.0,1.0,0.03,1.0,trapezoid,1.0,1.0,-1.0,1.0,-1.0,1.0,1.0,True,False,True,3.0,11,9,40,True,True,True,True,A1_GRID_RECOMMENDED,"A1 Section 3.3 recommends control radius about 3B, inner free-surface panels greater than 10, outer/free-surface proxy panels greater than 8, and roughly 60 stations at Fn=0.2 or 40 at Fn=0.3."
42,st41_bp8_fs24_cp10_r3p0_h2_fsm_clipfs_onezonefs_noend_pr1p0_pl1p0_pf1p0_pm1p0_dt1p0_fv0p03_hr1p0_hqtrapezoid_hp1p0_hc1p0_cim1p0_cp1p0_cnm1p0_cd1p0_pg1p0,A55,OK,diagnostic_matched_wigley_sensitivity_not_hard_gate,wigley_iii,Fn0.4,0.4,2.1696064159197173,1.0,1.808005346599764,0.063,719.5500000000001,36,37,2,2.775,0.2250000000000001,0.07500000000000018,-0.8642343749999999,0.8642343749999999,0.07153124999999994,0.07153125000000005,pitch,pitch_moment,-1.275,1185.446264253543,-943.0576346824313,88.90846981901593,-70.72932260118252,0.037799211234317016,0.0046692489841534636,0.03312996225016355,-0.159632637213595,0.061274085432868934,-0.2209067226464641,0.0,-0.159632637213595,2.5870220420389654,1.48995311222575,0.03616555188253128,0.018457901108721517,0.16763330525636086,0.09909228247683244,16.575365193283513,37216.08030955999,23585.53568804027,4794.283425872336,2761.1892729142924,36861.06913629928,23417.84175432111,2.6818391838592652,1.891562611829945,0.005535711429945607,0.002254772279966116,advance_eq19_20,0.00031613969317485866,0.0007111549277188538,0.0014608067514970018,0.0034109297166809304,4.620763488528539,4.796324378461453,342.84460969129094,9.340391521256145e-16,a1_station_hull_matched_sweep_free_surface_marching_not_benchmark_validated,41,8,24,10,3.0,2,16,15.0,False,none,0.0,1.0,0.03,1.0,trapezoid,1.0,1.0,-1.0,1.0,-1.0,1.0,1.0,True,False,True,3.0,11,9,40,True,True,True,True,A1_GRID_RECOMMENDED,"A1 Section 3.3 recommends control radius about 3B, inner free-surface panels greater than 10, outer/free-surface proxy panels greater than 8, and roughly 60 stations at Fn=0.2 or 40 at Fn=0.3."
42,st41_bp8_fs24_cp10_r3p0_h2_fsm_clipfs_onezonefs_noend_pr1p0_pl1p0_pf1p0_pm1p0_dt1p0_fv0p03_hr1p0_hqtrapezoid_hp1p0_hc1p0_cim1p0_cp1p0_cnm1p0_cd1p0_pg1p0,A55,OK,diagnostic_matched_wigley_sensitivity_not_hard_gate,wigley_iii,Fn0.4,0.4,2.1696064159197173,1.0,1.808005346599764,0.063,719.5500000000001,37,38,1,2.85,0.1499999999999999,0.07499999999999996,-0.8636874999999999,0.8636874999999999,0.07262499999999994,0.07262500000000005,pitch,pitch_moment,-1.35,557.7185579209618,-633.5638200619784,41.82889184407211,-47.517286504648354,0.017783447648238717,-0.0011028995542997526,0.018886347202538463,-0.13184130777231712,0.0630572601477958,-0.1948985679201131,0.0,-0.13184130777231712,1.0788773122891158,0.7605060949745613,0.04754868325953908,0.02301160477476978,0.19504828697708743,0.11669688049687472,15.038354017696449,33453.89651929961,23465.844012752048,1999.381347667502,1409.3740629816075,33442.99209570792,23458.984204102522,0.5160623727589765,0.2493257862913856,0.000654394407340157,0.0002628881653068424,advance_eq19_20,0.000100808587449156,0.0002973695850733844,0.0003549269018029207,0.0007764439001871326,3.5208002689446696,2.6110400631440602,343.0542195004204,7.830864561911692e-16,a1_station_hull_matched_sweep_free_surface_marching_not_benchmark_validated,41,8,24,10,3.0,2,16,15.0,False,none,0.0,1.0,0.03,1.0,trapezoid,1.0,1.0,-1.0,1.0,-1.0,1.0,1.0,True,False,True,3.0,11,9,40,True,True,True,True,A1_GRID_RECOMMENDED,"A1 Section 3.3 recommends control radius about 3B, inner free-surface panels greater than 10, outer/free-surface proxy panels greater than 8, and roughly 60 stations at Fn=0.2 or 40 at Fn=0.3."
42,st41_bp8_fs24_cp10_r3p0_h2_fsm_clipfs_onezonefs_noend_pr1p0_pl1p0_pf1p0_pm1p0_dt1p0_fv0p03_hr1p0_hqtrapezoid_hp1p0_hc1p0_cim1p0_cp1p0_cnm1p0_cd1p0_pg1p0,A55,OK,diagnostic_matched_wigley_sensitivity_not_hard_gate,wigley_iii,Fn0.4,0.4,2.1696064159197173,1.0,1.808005346599764,0.063,719.5500000000001,38,39,0,2.925,0.07500000000000018,0.03749999999999987,-0.8631093749999998,0.8631093749999998,0.07378124999999991,0.07378125000000002,pitch,pitch_moment,-1.4249999999999998,-1305.4526060552414,1496.1028562840618,-48.954472727071376,56.103857110652115,-0.020812870351294765,0.00027044120407919707,-0.021083311555373966,-0.14376245429949253,0.06277625157472512,-0.20653870587421783,0.0,-0.14376245429949253,1.26157244707874,0.735583041222461,0.010454394107139943,0.00474513533088891,0.038729992408305366,0.02172962236910855,53.10215148738907,118097.49185434521,63078.87927238055,2337.952972677342,1363.1865231832821,118091.03778033458,63072.062096795984,0.7014564042865528,0.4948947131443826,0.0,0.0,initialize_eq21_22,0.0,0.0,0.0001233028835659954,0.0003637242446519259,,,418.23117884841605,9.654287929229632e-16,a1_station_hull_matched_sweep_free_surface_marching_not_benchmark_validated,41,8,24,10,3.0,2,16,15.0,False,none,0.0,1.0,0.03,1.0,trapezoid,1.0,1.0,-1.0,1.0,-1.0,1.0,1.0,True,False,True,3.0,11,9,40,True,True,True,True,A1_GRID_RECOMMENDED,"A1 Section 3.3 recommends control radius about 3B, inner free-surface panels greater than 10, outer/free-surface proxy panels greater than 8, and roughly 60 stations at Fn=0.2 or 40 at Fn=0.3."
42,st41_bp8_fs24_cp10_r3p0_h2_fsm_clipfs_onezonefs_noend_pr1p0_pl1p0_pf1p0_pm1p0_dt1p0_fv0p03_hr1p0_hqtrapezoid_hp1p0_hc1p0_cim1p0_cp1p0_cn1p0_cd1p0_pg1p0,A55,OK,diagnostic_matched_wigley_sensitivity_not_hard_gate,wigley_iii,Fn0.4,0.4,2.1696064159197173,1.0,1.808005346599764,0.063,719.5500000000001,0,1,38,0.075,2.925,0.0375,-0.8631093749999998,0.8631093749999998,0.07378124999999991,0.07378125000000002,pitch,pitch_moment,1.425,-9460.979332099254,-1179.8489054176807,-354.786724953722,-44.24433395316303,-0.15083667941824108,0.00010882713139596328,-0.15094550654963704,0.0,0.0,0.0,0.0,0.0,12.355759989954453,6.743093744998946,0.01926875348431143,0.009089439321542579,0.148339768163307,0.05450704266340688,278.73500460134676,620682.3070645242,324422.7179323187,22897.762126219626,12496.338282171057,619863.8856826061,323902.6352945688,3.249721041742426,2.066592854248353,0.010148006598325142,0.004233952286986633,advance_eq19_20,0.6614706727027359,0.09360750687228064,0.690645854608229,0.09234455412424179,1.044106538822477,0.9865079971656329,113.95001957184003,4.3876903502457144e-15,a1_station_hull_matched_sweep_free_surface_marching_not_benchmark_validated,41,8,24,10,3.0,2,16,15.0,False,none,0.0,1.0,0.03,1.0,trapezoid,1.0,1.0,-1.0,1.0,1.0,1.0,1.0,True,False,True,3.0,11,9,40,True,True,True,True,A1_GRID_RECOMMENDED,"A1 Section 3.3 recommends control radius about 3B, inner free-surface panels greater than 10, outer/free-surface proxy panels greater than 8, and roughly 60 stations at Fn=0.2 or 40 at Fn=0.3."
42,st41_bp8_fs24_cp10_r3p0_h2_fsm_clipfs_onezonefs_noend_pr1p0_pl1p0_pf1p0_pm1p0_dt1p0_fv0p03_hr1p0_hqtrapezoid_hp1p0_hc1p0_cim1p0_cp1p0_cn1p0_cd1p0_pg1p0,A55,OK,diagnostic_matched_wigley_sensitivity_not_hard_gate,wigley_iii,Fn0.4,0.4,2.1696064159197173,1.0,1.808005346599764,0.063,719.5500000000001,1,2,37,0.15,2.85,0.07499999999999998,-0.8636874999999999,0.8636874999999999,0.07262499999999991,0.07262500000000005,pitch,pitch_moment,1.35,-123.89374001395902,645.5929938625643,-9.292030501046924,48.41947453969231,-0.0039504832826362185,-0.0008331089938447185,-0.003117374288791505,-0.1528119210595592,-0.00030772736552639603,-0.1525041936940328,0.0,-0.1528119210595592,4.121067891603871,2.744656707416303,0.04242742617273108,0.021103691963786544,0.3457034452300179,0.13046475512906738,67.55576021200369,150581.74058215338,68631.54606496521,7637.185601263425,5086.4128516293185,150233.64605800458,68261.91658241484,4.019470047864185,2.5182893939876765,0.005374008316586953,0.0022762621992665245,advance_eq19_20,0.6154608357177486,0.09359932938066562,0.6441971348190476,0.09099756557795864,1.0466907030205859,0.9722031790193102,94.99248929002052,2.0331918029752842e-15,a1_station_hull_matched_sweep_free_surface_marching_not_benchmark_validated,41,8,24,10,3.0,2,16,15.0,False,none,0.0,1.0,0.03,1.0,trapezoid,1.0,1.0,-1.0,1.0,1.0,1.0,1.0,True,False,True,3.0,11,9,40,True,True,True,True,A1_GRID_RECOMMENDED,"A1 Section 3.3 recommends control radius about 3B, inner free-surface panels greater than 10, outer/free-surface proxy panels greater than 8, and roughly 60 stations at Fn=0.2 or 40 at Fn=0.3."
42,st41_bp8_fs24_cp10_r3p0_h2_fsm_clipfs_onezonefs_noend_pr1p0_pl1p0_pf1p0_pm1p0_dt1p0_fv0p03_hr1p0_hqtrapezoid_hp1p0_hc1p0_cim1p0_cp1p0_cn1p0_cd1p0_pg1p0,A55,OK,diagnostic_matched_wigley_sensitivity_not_hard_gate,wigley_iii,Fn0.4,0.4,2.1696064159197173,1.0,1.808005346599764,0.063,719.5500000000001,2,3,36,0.22499999999999998,2.775,0.075,-0.8642343749999999,0.8642343749999999,0.07153124999999994,0.07153125000000006,pitch,pitch_moment,1.275,3852.1265494865997,240.92318645137067,288.909491211495,18.0692389838528,0.12282913999231423,0.003346475033547561,0.11948266495876665,-0.09337259270472019,0.0009489556543250246,-0.09432154835904526,0.0,-0.09337259270472019,7.273659805574591,3.9549599161772324,0.016004812548898253,0.008716518472613122,0.11668868642010227,0.04812526391807225,44.82638204166524,100433.23131760307,67853.43412664847,13479.586213272329,7329.353390887095,99686.99623206691,67327.86783474787,3.238999541680395,1.8550784810317713,0.002760490496770691,0.0011628495310275675,advance_eq19_20,0.5704474192474639,0.08993174385145994,0.5991207693018117,0.09080433032255887,1.0502646678499725,1.0097027638265326,96.31469922371299,1.7698551055719386e-15,a1_station_hull_matched_sweep_free_surface_marching_not_benchmark_validated,41,8,24,10,3.0,2,16,15.0,False,none,0.0,1.0,0.03,1.0,trapezoid,1.0,1.0,-1.0,1.0,1.0,1.0,1.0,True,False,True,3.0,11,9,40,True,True,True,True,A1_GRID_RECOMMENDED,"A1 Section 3.3 recommends control radius about 3B, inner free-surface panels greater than 10, outer/free-surface proxy panels greater than 8, and roughly 60 stations at Fn=0.2 or 40 at Fn=0.3."
42,st41_bp8_fs24_cp10_r3p0_h2_fsm_clipfs_onezonefs_noend_pr1p0_pl1p0_pf1p0_pm1p0_dt1p0_fv0p03_hr1p0_hqtrapezoid_hp1p0_hc1p0_cim1p0_cp1p0_cn1p0_cd1p0_pg1p0,A55,OK,diagnostic_matched_wigley_sensitivity_not_hard_gate,wigley_iii,Fn0.4,0.4,2.1696064159197173,1.0,1.808005346599764,0.063,719.5500000000001,3,4,35,0.3,2.7,0.07500000000000001,-0.8647499999999999,0.8647499999999999,0.0704999999999999,0.07050000000000001,pitch,pitch_moment,1.2,-3065.157061365386,-823.2271926020509,-229.886779602404,-61.74203944515382,-0.097735783327019,0.002466444936714234,-0.1002022282637332,-0.08082591437207257,0.003855415639455922,-0.08468133001152853,0.0,-0.08082591437207257,3.9141102559359267,1.8017868781339916,0.004346517356493527,0.0016508809521936132,0.03655201309996022,0.013138055648085558,28.581215828566823,63466.26621888681,38538.139792403286,7253.650576660954,3339.0813168270433,63560.238967355865,38653.17458992335,2.343250177486721,1.219898183166308,0.0025429169084689924,0.001073543968540729,advance_eq19_20,0.5275813673247058,0.08720963719696613,0.5551888037614903,0.08738071605292443,1.0523283007070132,1.0019616966823506,97.66111149943426,7.240365060849527e-16,a1_station_hull_matched_sweep_free_surface_marching_not_benchmark_validated,41,8,24,10,3.0,2,16,15.0,False,none,0.0,1.0,0.03,1.0,trapezoid,1.0,1.0,-1.0,1.0,1.0,1.0,1.0,True,False,True,3.0,11,9,40,True,True,True,True,A1_GRID_RECOMMENDED,"A1 Section 3.3 recommends control radius about 3B, inner free-surface panels greater than 10, outer/free-surface proxy panels greater than 8, and roughly 60 stations at Fn=0.2 or 40 at Fn=0.3."
42,st41_bp8_fs24_cp10_r3p0_h2_fsm_clipfs_onezonefs_noend_pr1p0_pl1p0_pf1p0_pm1p0_dt1p0_fv0p03_hr1p0_hqtrapezoid_hp1p0_hc1p0_cim1p0_cp1p0_cn1p0_cd1p0_pg1p0,A55,OK,diagnostic_matched_wigley_sensitivity_not_hard_gate,wigley_iii,Fn0.4,0.4,2.1696064159197173,1.0,1.808005346599764,0.063,719.5500000000001,4,5,34,0.375,2.625,0.07499999999999998,-0.8652343749999999,0.8652343749999999,0.06953124999999993,0.06953125000000009,pitch,pitch_moment,1.125,-933.141572533745,-439.7998885374067,-69.98561794003086,-32.984991640305495,-0.029754208584001844,0.0024525842184705353,-0.032206792802472385,-0.14457091032758299,0.006314930217048306,-0.15088584054463133,0.0,-0.14457091032758299,3.1377559345274575,1.352882290518496,0.00420381774830516,0.00157490559459214,0.03409725049963397,0.012400689808780644,7.990325450224572,18035.096542786447,9717.39872550148,5814.906493599552,2507.1688749420155,17769.25789614618,9683.265686541445,2.38620334612701,1.3436520912802832,0.0024579869987453764,0.0010569162829548748,advance_eq19_20,0.4865671256879529,0.08452320831917215,0.5133956188095634,0.08479059024983068,1.0551383184461505,1.00316341435655,98.98004886155589,7.64167318620117e-16,a1_station_hull_matched_sweep_free_surface_marching_not_benchmark_validated,41,8,24,10,3.0,2,16,15.0,False,none,0.0,1.0,0.03,1.0,trapezoid,1.0,1.0,-1.0,1.0,1.0,1.0,1.0,True,False,True,3.0,11,9,40,True,True,True,True,A1_GRID_RECOMMENDED,"A1 Section 3.3 recommends control radius about 3B, inner free-surface panels greater than 10, outer/free-surface proxy panels greater than 8, and roughly 60 stations at Fn=0.2 or 40 at Fn=0.3."
42,st41_bp8_fs24_cp10_r3p0_h2_fsm_clipfs_onezonefs_noend_pr1p0_pl1p0_pf1p0_pm1p0_dt1p0_fv0p03_hr1p0_hqtrapezoid_hp1p0_hc1p0_cim1p0_cp1p0_cn1p0_cd1p0_pg1p0,A55,OK,diagnostic_matched_wigley_sensitivity_not_hard_gate,wigley_iii,Fn0.4,0.4,2.1696064159197173,1.0,1.808005346599764,0.063,719.5500000000001,5,6,33,0.44999999999999996,2.55,0.07500000000000001,-0.8656874999999999,0.8656874999999999,0.06862499999999994,0.06862500000000005,pitch,pitch_moment,1.05,-505.7458384916243,-374.94338142296954,-37.930937886871824,-28.12075360672272,-0.016126242375110258,0.0024744324520437565,-0.01860067482715402,-0.16751113580713903,0.008778438552305453,-0.17628957435944453,0.0,-0.16751113580713903,2.751603397602083,1.1524821886789451,0.0039690188104543975,0.001533522823023022,0.03114280578366604,0.010961048750171147,4.292291460134334,10261.709920260837,4958.731091599801,5099.286495951309,2135.7863079673443,9545.397668177482,4737.544043871757,2.4869618811246914,1.4799720213760321,0.0026937510051193024,0.0011765591057900948,advance_eq19_20,0.44741583533038026,0.08176768343971019,0.4734910175380819,0.08222738386587562,1.0582795246584138,1.005622030695102,100.2548122089833,5.369149142351462e-16,a1_station_hull_matched_sweep_free_surface_marching_not_benchmark_validated,41,8,24,10,3.0,2,16,15.0,False,none,0.0,1.0,0.03,1.0,trapezoid,1.0,1.0,-1.0,1.0,1.0,1.0,1.0,True,False,True,3.0,11,9,40,True,True,True,True,A1_GRID_RECOMMENDED,"A1 Section 3.3 recommends control radius about 3B, inner free-surface panels greater than 10, outer/free-surface proxy panels greater than 8, and roughly 60 stations at Fn=0.2 or 40 at Fn=0.3."
42,st41_bp8_fs24_cp10_r3p0_h2_fsm_clipfs_onezonefs_noend_pr1p0_pl1p0_pf1p0_pm1p0_dt1p0_fv0p03_hr1p0_hqtrapezoid_hp1p0_hc1p0_cim1p0_cp1p0_cn1p0_cd1p0_pg1p0,A55,OK,diagnostic_matched_wigley_sensitivity_not_hard_gate,wigley_iii,Fn0.4,0.4,2.1696064159197173,1.0,1.808005346599764,0.063,719.5500000000001,6,7,32,0.525,2.475,0.07500000000000001,-0.866109375,0.866109375,0.0677812499999999,0.06778125000000006,pitch,pitch_moment,0.975,-321.66014444762294,-353.13264928268154,-24.124510833571723,-26.48494869620112,-0.010256474808069526,0.0024421954108939576,-0.012698670218963485,-0.1807024943987289,0.01123675248377431,-0.19193924688250327,0.0,-0.1807024943987289,2.5053687928354536,1.0354224012600775,0.003908885425544828,0.0017083267268815192,0.03137442418371797,0.01051108620042516,2.8473343315067536,7523.4638860844925,3354.034242037797,4642.963176966963,1918.8504684040709,6332.03470475317,2915.5379588919523,2.5902970953352455,1.5955345357122674,0.0031564663772195127,0.0013850937576038193,advance_eq19_20,0.4101773011242182,0.07892995689895461,0.4354901939577356,0.07960113811784479,1.0617120761293704,1.0085035041859889,101.47605820213124,5.947693505960035e-16,a1_station_hull_matched_sweep_free_surface_marching_not_benchmark_validated,41,8,24,10,3.0,2,16,15.0,False,none,0.0,1.0,0.03,1.0,trapezoid,1.0,1.0,-1.0,1.0,1.0,1.0,1.0,True,False,True,3.0,11,9,40,True,True,True,True,A1_GRID_RECOMMENDED,"A1 Section 3.3 recommends control radius about 3B, inner free-surface panels greater than 10, outer/free-surface proxy panels greater than 8, and roughly 60 stations at Fn=0.2 or 40 at Fn=0.3."
42,st41_bp8_fs24_cp10_r3p0_h2_fsm_clipfs_onezonefs_noend_pr1p0_pl1p0_pf1p0_pm1p0_dt1p0_fv0p03_hr1p0_hqtrapezoid_hp1p0_hc1p0_cim1p0_cp1p0_cn1p0_cd1p0_pg1p0,A55,OK,diagnostic_matched_wigley_sensitivity_not_hard_gate,wigley_iii,Fn0.4,0.4,2.1696064159197173,1.0,1.808005346599764,0.063,719.5500000000001,7,8,31,0.6,2.4,0.07499999999999996,-0.8664999999999999,0.8664999999999998,0.06699999999999995,0.06700000000000006,pitch,pitch_moment,0.9,-219.1833629736269,-341.5733777911502,-16.438752223022007,-25.61800333433625,-0.006988893959951011,0.002340118261143154,-0.009329012221094165,-0.1893251787827392,0.013627909319792866,-0.2029530881025321,0.0,-0.1893251787827392,2.3276200089093777,0.9564460413288921,0.004154551540782596,0.0018392648303095745,0.03527234958554627,0.011783728806345149,2.1084989178460285,6318.518176610817,2689.750743774109,4313.558156484764,1772.4910453682362,4688.978099621488,2035.607916709908,2.684475661798016,1.6884107599277054,0.003699311652007392,0.0016217843690026405,advance_eq19_20,0.3749048750585056,0.07602094932260048,0.3994387389057483,0.07690300725319266,1.0654402369225369,1.0116028270950563,102.63663006147286,6.465051631618032e-16,a1_station_hull_matched_sweep_free_surface_marching_not_benchmark_validated,41,8,24,10,3.0,2,16,15.0,False,none,0.0,1.0,0.03,1.0,trapezoid,1.0,1.0,-1.0,1.0,1.0,1.0,1.0,True,False,True,3.0,11,9,40,True,True,True,True,A1_GRID_RECOMMENDED,"A1 Section 3.3 recommends control radius about 3B, inner free-surface panels greater than 10, outer/free-surface proxy panels greater than 8, and roughly 60 stations at Fn=0.2 or 40 at Fn=0.3."
42,st41_bp8_fs24_cp10_r3p0_h2_fsm_clipfs_onezonefs_noend_pr1p0_pl1p0_pf1p0_pm1p0_dt1p0_fv0p03_hr1p0_hqtrapezoid_hp1p0_hc1p0_cim1p0_cp1p0_cn1p0_cd1p0_pg1p0,A55,OK,diagnostic_matched_wigley_sensitivity_not_hard_gate,wigley_iii,Fn0.4,0.4,2.1696064159197173,1.0,1.808005346599764,0.063,719.5500000000001,8,9,30,0.6749999999999999,2.325,0.07500000000000001,-0.866859375,0.866859375,0.06628124999999993,0.06628125000000007,pitch,pitch_moment,0.8250000000000001,-154.88446586548076,-331.21485135486733,-11.61633493991106,-24.841113851615052,-0.00493865544032074,0.0021719092050675863,-0.007110564645388325,-0.19528895348287506,0.015883923052898232,-0.21117287653577332,0.0,-0.19528895348287506,2.189447217386127,0.8981201220340435,0.00462110808949581,0.001940455873410483,0.04116226090116753,0.013723374092146707,1.6797785288919693,5731.730403497424,2392.8790500965224,4057.495582010395,1664.4011320895427,3735.569730448405,1552.715996461605,2.76634936798859,1.7600270477368665,0.0042333391963198285,0.0018515336502826496,advance_eq19_20,0.3416427694099614,0.07305934578585614,0.36538064798012493,0.07414514925274523,1.0694815775295357,1.0148619379931445,103.73019523740942,7.229058616043357e-16,a1_station_hull_matched_sweep_free_surface_marching_not_benchmark_validated,41,8,24,10,3.0,2,16,15.0,False,none,0.0,1.0,0.03,1.0,trapezoid,1.0,1.0,-1.0,1.0,1.0,1.0,1.0,True,False,True,3.0,11,9,40,True,True,True,True,A1_GRID_RECOMMENDED,"A1 Section 3.3 recommends control radius about 3B, inner free-surface panels greater than 10, outer/free-surface proxy panels greater than 8, and roughly 60 stations at Fn=0.2 or 40 at Fn=0.3."
42,st41_bp8_fs24_cp10_r3p0_h2_fsm_clipfs_onezonefs_noend_pr1p0_pl1p0_pf1p0_pm1p0_dt1p0_fv0p03_hr1p0_hqtrapezoid_hp1p0_hc1p0_cim1p0_cp1p0_cn1p0_cd1p0_pg1p0,A55,OK,diagnostic_matched_wigley_sensitivity_not_hard_gate,wigley_iii,Fn0.4,0.4,2.1696064159197173,1.0,1.808005346599764,0.063,719.5500000000001,9,10,29,0.75,2.25,0.07500000000000001,-0.8671874999999999,0.8671874999999999,0.06562499999999982,0.0656250000000001,pitch,pitch_moment,0.75,-112.07960246828375,-318.6815748686188,-8.405970185121284,-23.901118115146414,-0.0035737769787689173,0.0019487974834216553,-0.005522574462190573,-0.19954516969241992,0.017944276397142855,-0.2174894460895628,0.0,-0.19954516969241992,2.0767238789980462,0.8523305123292457,0.0051797581134038475,0.002018765607429702,0.04754347356318522,0.015512087954971613,1.41634495693272,5430.489607766395,2257.200844184079,3848.596073555866,1579.543576445427,3149.7338833596837,1273.8781866901427,2.8359241344356154,1.8126006871456886,0.004716866167449132,0.00205816775048498,advance_eq19_20,0.3104182695765157,0.0700658482568535,0.33334587862774834,0.0713462150660243,1.0738603725950517,1.0182737644804802,104.75084920458065,4.63214717909622e-16,a1_station_hull_matched_sweep_free_surface_marching_not_benchmark_validated,41,8,24,10,3.0,2,16,15.0,False,none,0.0,1.0,0.03,1.0,trapezoid,1.0,1.0,-1.0,1.0,1.0,1.0,1.0,True,False,True,3.0,11,9,40,True,True,True,True,A1_GRID_RECOMMENDED,"A1 Section 3.3 recommends control radius about 3B, inner free-surface panels greater than 10, outer/free-surface proxy panels greater than 8, and roughly 60 stations at Fn=0.2 or 40 at Fn=0.3."
42,st41_bp8_fs24_cp10_r3p0_h2_fsm_clipfs_onezonefs_noend_pr1p0_pl1p0_pf1p0_pm1p0_dt1p0_fv0p03_hr1p0_hqtrapezoid_hp1p0_hc1p0_cim1p0_cp1p0_cn1p0_cd1p0_pg1p0,A55,OK,diagnostic_matched_wigley_sensitivity_not_hard_gate,wigley_iii,Fn0.4,0.4,2.1696064159197173,1.0,1.808005346599764,0.063,719.5500000000001,10,11,28,0.825,2.175,0.07499999999999996,-0.8674843749999999,0.8674843749999999,0.06503124999999987,0.0650312500000001,pitch,pitch_moment,0.675,-82.79639536339312,-302.5556369986748,-6.20972965225448,-22.691672774900596,-0.002640050867047607,0.0016854334411487346,-0.004325484308196342,-0.2026520836153282,0.01976139185942805,-0.22241347547475626,0.0,-0.2026520836153282,1.9817010854203185,0.8148227337091682,0.005739808234459376,0.0020781338478952868,0.053606099610912,0.01708736960961052,1.2521621636060738,5272.153700426671,2196.795828307327,3672.4993117475537,1510.033955554142,2784.6165405299434,1113.5280766634808,2.894635754767779,1.8489489594063562,0.00513281196310054,0.0022351866388507077,advance_eq19_20,0.28123540130848196,0.06706046205072007,0.30334232797926536,0.06852608150468797,1.0786064861248912,1.0218551946877343,105.69301673551143,5.328722216741937e-16,a1_station_hull_matched_sweep_free_surface_marching_not_benchmark_validated,41,8,24,10,3.0,2,16,15.0,False,none,0.0,1.0,0.03,1.0,trapezoid,1.0,1.0,-1.0,1.0,1.0,1.0,1.0,True,False,True,3.0,11,9,40,True,True,True,True,A1_GRID_RECOMMENDED,"A1 Section 3.3 recommends control radius about 3B, inner free-surface panels greater than 10, outer/free-surface proxy panels greater than 8, and roughly 60 stations at Fn=0.2 or 40 at Fn=0.3."
42,st41_bp8_fs24_cp10_r3p0_h2_fsm_clipfs_onezonefs_noend_pr1p0_pl1p0_pf1p0_pm1p0_dt1p0_fv0p03_hr1p0_hqtrapezoid_hp1p0_hc1p0_cim1p0_cp1p0_cn1p0_cd1p0_pg1p0,A55,OK,diagnostic_matched_wigley_sensitivity_not_hard_gate,wigley_iii,Fn0.4,0.4,2.1696064159197173,1.0,1.808005346599764,0.063,719.5500000000001,11,12,27,0.8999999999999999,2.1,0.07500000000000001,-0.8677499999999999,0.8677499999999999,0.06449999999999989,0.0645,pitch,pitch_moment,0.6000000000000001,-62.5646282695457,-282.27238974126374,-4.692347120215929,-21.170429230594785,-0.001994939518617667,0.0013979755807517768,-0.0033929150993694435,-0.20496957880816083,0.021303096370378305,-0.22627267517853913,0.0,-0.20496957880816083,1.8997958651401077,0.783183538344881,0.006251721203986339,0.002121161540697889,0.05898284993827436,0.0188883133793885,1.1516126045315853,5188.9780380021975,2172.869835313758,3520.712108661975,1451.4000253138777,2561.0097478318876,1026.064579317674,2.9445242868825736,1.872577644557338,0.005476098398804579,0.002380811406852843,advance_eq19_20,0.25406968080497566,0.06406068075793396,0.2753496698451579,0.0657031553417087,1.0837565071627606,1.0256393557536667,106.55145429053391,3.6946060585946004e-16,a1_station_hull_matched_sweep_free_surface_marching_not_benchmark_validated,41,8,24,10,3.0,2,16,15.0,False,none,0.0,1.0,0.03,1.0,trapezoid,1.0,1.0,-1.0,1.0,1.0,1.0,1.0,True,False,True,3.0,11,9,40,True,True,True,True,A1_GRID_RECOMMENDED,"A1 Section 3.3 recommends control radius about 3B, inner free-surface panels greater than 10, outer/free-surface proxy panels greater than 8, and roughly 60 stations at Fn=0.2 or 40 at Fn=0.3."
42,st41_bp8_fs24_cp10_r3p0_h2_fsm_clipfs_onezonefs_noend_pr1p0_pl1p0_pf1p0_pm1p0_dt1p0_fv0p03_hr1p0_hqtrapezoid_hp1p0_hc1p0_cim1p0_cp1p0_cn1p0_cd1p0_pg1p0,A55,OK,diagnostic_matched_wigley_sensitivity_not_hard_gate,wigley_iii,Fn0.4,0.4,2.1696064159197173,1.0,1.808005346599764,0.063,719.5500000000001,12,13,26,0.975,2.025,0.07500000000000007,-0.8679843749999999,0.8679843749999999,0.06403124999999998,0.0640312500000001,pitch,pitch_moment,0.525,-48.536138979701356,-257.7151525239546,-3.6402104234776047,-19.328636439296613,-0.0015476262611929805,0.0011029671551938008,-0.002650593416386781,-0.20674086169806613,0.022553567738351092,-0.22929442943641723,0.0,-0.20674086169806613,1.8281588181855786,0.7559712143692137,0.006692120358464034,0.0021631813444233272,0.06353109796095939,0.020398781555199627,1.0928169001499006,5146.22383275807,2166.7689161749627,3387.953940655858,1400.969997391431,2430.2571219404895,983.6671293993103,2.9878262119316967,1.8877324026317437,0.0057475883230094895,0.002495608095618265,advance_eq19_20,0.22886485745344598,0.06107978925535737,0.2493153273554027,0.06289237139018382,1.0893560948129253,1.0296756448724562,107.32128791426383,4.853228484748968e-16,a1_station_hull_matched_sweep_free_surface_marching_not_benchmark_validated,41,8,24,10,3.0,2,16,15.0,False,none,0.0,1.0,0.03,1.0,trapezoid,1.0,1.0,-1.0,1.0,1.0,1.0,1.0,True,False,True,3.0,11,9,40,True,True,True,True,A1_GRID_RECOMMENDED,"A1 Section 3.3 recommends control radius about 3B, inner free-surface panels greater than 10, outer/free-surface proxy panels greater than 8, and roughly 60 stations at Fn=0.2 or 40 at Fn=0.3."
42,st41_bp8_fs24_cp10_r3p0_h2_fsm_clipfs_onezonefs_noend_pr1p0_pl1p0_pf1p0_pm1p0_dt1p0_fv0p03_hr1p0_hqtrapezoid_hp1p0_hc1p0_cim1p0_cp1p0_cn1p0_cd1p0_pg1p0,A55,OK,diagnostic_matched_wigley_sensitivity_not_hard_gate,wigley_iii,Fn0.4,0.4,2.1696064159197173,1.0,1.808005346599764,0.063,719.5500000000001,13,14,25,1.05,1.95,0.07500000000000001,-0.8681874999999999,0.8681874999999999,0.06362499999999982,0.0636250000000001,pitch,pitch_moment,0.44999999999999996,-38.701337207945045,-229.0442663249536,-2.902600290595879,-17.178319974371522,-0.0012340331774505166,0.0008165561072144764,-0.0020505892846649928,-0.20813169141738788,0.023513329369555233,-0.23164502078694316,0.0,-0.20813169141738788,1.7649585403310926,0.7322956397322706,0.007052250424208878,0.0023143728432173634,0.06721952209227261,0.021613320496125427,1.0611762880134457,5124.887930497104,2168.9924919023856,3270.8308393816683,1357.0942927258307,2359.8932549682377,968.277067118138,3.0268701850511333,1.8993150062525048,0.005951099545599217,0.0025813098068185546,advance_eq19_20,0.20553313700858186,0.058125081990973,0.22515387877495752,0.06010329115335581,1.0954626687060998,1.0340336580117002,107.99806268512654,3.264891948050549e-16,a1_station_hull_matched_sweep_free_surface_marching_not_benchmark_validated,41,8,24,10,3.0,2,16,15.0,False,none,0.0,1.0,0.03,1.0,trapezoid,1.0,1.0,-1.0,1.0,1.0,1.0,1.0,True,False,True,3.0,11,9,40,True,True,True,True,A1_GRID_RECOMMENDED,"A1 Section 3.3 recommends control radius about 3B, inner free-surface panels greater than 10, outer/free-surface proxy panels greater than 8, and roughly 60 stations at Fn=0.2 or 40 at Fn=0.3."
42,st41_bp8_fs24_cp10_r3p0_h2_fsm_clipfs_onezonefs_noend_pr1p0_pl1p0_pf1p0_pm1p0_dt1p0_fv0p03_hr1p0_hqtrapezoid_hp1p0_hc1p0_cim1p0_cp1p0_cn1p0_cd1p0_pg1p0,A55,OK,diagnostic_matched_wigley_sensitivity_not_hard_gate,wigley_iii,Fn0.4,0.4,2.1696064159197173,1.0,1.808005346599764,0.063,719.5500000000001,14,15,24,1.125,1.875,0.07499999999999996,-0.8683593749999999,0.8683593749999999,0.06328124999999996,0.06328125000000007,pitch,pitch_moment,0.375,-31.530779849867045,-196.61670634536358,-2.364808488740027,-14.74625297590226,-0.001005392352118423,0.0005538899107515831,-0.001559282262870006,-0.20925140418217236,0.024198552378538265,-0.23344995656071066,0.0,-0.20925140418217236,1.7089901837127393,0.711596029214053,0.007331263468108911,0.002429391794335712,0.07007266071501644,0.022543519032555026,1.0465806397864692,5113.968151626278,2174.441022026868,3167.1099741751236,1318.733661074124,2327.434772629538,968.0933002484734,3.064178929896691,1.9125983155407413,0.006091829189386806,0.0026401895388738256,advance_eq19_20,0.18396020370018776,0.055196216793156824,0.2027512566506821,0.05733830630721184,1.102147380642823,1.0388086292595435,108.57779417676022,6.331734933706721e-16,a1_station_hull_matched_sweep_free_surface_marching_not_benchmark_validated,41,8,24,10,3.0,2,16,15.0,False,none,0.0,1.0,0.03,1.0,trapezoid,1.0,1.0,-1.0,1.0,1.0,1.0,1.0,True,False,True,3.0,11,9,40,True,True,True,True,A1_GRID_RECOMMENDED,"A1 Section 3.3 recommends control radius about 3B, inner free-surface panels greater than 10, outer/free-surface proxy panels greater than 8, and roughly 60 stations at Fn=0.2 or 40 at Fn=0.3."
42,st41_bp8_fs24_cp10_r3p0_h2_fsm_clipfs_onezonefs_noend_pr1p0_pl1p0_pf1p0_pm1p0_dt1p0_fv0p03_hr1p0_hqtrapezoid_hp1p0_hc1p0_cim1p0_cp1p0_cn1p0_cd1p0_pg1p0,A55,OK,diagnostic_matched_wigley_sensitivity_not_hard_gate,wigley_iii,Fn0.4,0.4,2.1696064159197173,1.0,1.808005346599764,0.063,719.5500000000001,15,16,23,1.2,1.8,0.07499999999999996,-0.8684999999999999,0.8684999999999998,0.06299999999999994,0.06300000000000008,pitch,pitch_moment,0.30000000000000004,-25.80225915477777,-160.9434096199598,-1.9351694366083314,-12.070755721496978,-0.0008227323949838976,0.00032861560588147285,-0.0011513480008653704,-0.21016546655572355,0.02463980513685479,-0.23480527169257837,0.0,-0.21016546655572355,1.6594440015167733,0.6935136833109585,0.0075324844244548566,0.0025107455237510473,0.07214263969276073,0.023214843630242323,1.0419651556436273,5106.771189101663,2180.2492475553195,3075.290717803364,1285.2233585504662,2317.1706440204307,975.501460543068,3.102613094857786,1.9327068533664065,0.006175452867505657,0.0026746979741908115,advance_eq19_20,0.16401534147704638,0.05228425441606639,0.18197424449067612,0.05459135657974471,1.1094952633814628,1.044126136815855,109.05701762428855,2.806198946682996e-16,a1_station_hull_matched_sweep_free_surface_marching_not_benchmark_validated,41,8,24,10,3.0,2,16,15.0,False,none,0.0,1.0,0.03,1.0,trapezoid,1.0,1.0,-1.0,1.0,1.0,1.0,1.0,True,False,True,3.0,11,9,40,True,True,True,True,A1_GRID_RECOMMENDED,"A1 Section 3.3 recommends control radius about 3B, inner free-surface panels greater than 10, outer/free-surface proxy panels greater than 8, and roughly 60 stations at Fn=0.2 or 40 at Fn=0.3."
42,st41_bp8_fs24_cp10_r3p0_h2_fsm_clipfs_onezonefs_noend_pr1p0_pl1p0_pf1p0_pm1p0_dt1p0_fv0p03_hr1p0_hqtrapezoid_hp1p0_hc1p0_cim1p0_cp1p0_cn1p0_cd1p0_pg1p0,A55,OK,diagnostic_matched_wigley_sensitivity_not_hard_gate,wigley_iii,Fn0.4,0.4,2.1696064159197173,1.0,1.808005346599764,0.063,719.5500000000001,16,17,22,1.275,1.725,0.07499999999999996,-0.8686093749999999,0.8686093749999999,0.0627812499999999,0.06278125000000001,pitch,pitch_moment,0.2250000000000001,-20.516466981124225,-122.66220836902045,-1.538735023584316,-9.199665627676529,-0.0006541893062438614,0.0001524561887100367,-0.0008066454949538981,-0.21090392740633743,0.02488034103415054,-0.23578426844048794,0.0,-0.21090392740633743,1.615758773134157,0.6778139045752395,0.0076612793631101374,0.002561431487407406,0.07349369639021146,0.02367340096519745,1.0424041627528162,5099.054200037137,2184.7478191037153,2994.333013158082,1256.1284425584877,2318.1469284771797,985.6436738947784,3.145348940077805,1.9639073703253782,0.006207529952479595,0.0026872199779858904,advance_eq19_20,0.14556532476881553,0.04937205178175607,0.162684214931319,0.05184777931539268,1.1176028026570983,1.0501443112913416,109.43283246067818,3.3339484943307495e-16,a1_station_hull_matched_sweep_free_surface_marching_not_benchmark_validated,41,8,24,10,3.0,2,16,15.0,False,none,0.0,1.0,0.03,1.0,trapezoid,1.0,1.0,-1.0,1.0,1.0,1.0,1.0,True,False,True,3.0,11,9,40,True,True,True,True,A1_GRID_RECOMMENDED,"A1 Section 3.3 recommends control radius about 3B, inner free-surface panels greater than 10, outer/free-surface proxy panels greater than 8, and roughly 60 stations at Fn=0.2 or 40 at Fn=0.3."
42,st41_bp8_fs24_cp10_r3p0_h2_fsm_clipfs_onezonefs_noend_pr1p0_pl1p0_pf1p0_pm1p0_dt1p0_fv0p03_hr1p0_hqtrapezoid_hp1p0_hc1p0_cim1p0_cp1p0_cn1p0_cd1p0_pg1p0,A55,OK,diagnostic_matched_wigley_sensitivity_not_hard_gate,wigley_iii,Fn0.4,0.4,2.1696064159197173,1.0,1.808005346599764,0.063,719.5500000000001,17,18,21,1.3499999999999999,1.6500000000000001,0.07500000000000007,-0.8686874999999998,0.8686875,0.0626249999999999,0.06262500000000004,pitch,pitch_moment,0.15000000000000013,-14.857899322939698,-82.51617169095437,-1.1143424492204783,-6.188712876821583,-0.00047375987587227665,3.485343808102061e-05,-0.0005086133139532973,-0.21146790199739549,0.02497399584754607,-0.23644189784494157,0.0,-0.21146790199739549,1.5775234593309642,0.6643351979101163,0.007723785987753432,0.0025845228251950105,0.07419303357400003,0.023942276372750242,1.0444798949775056,5088.044230714092,2186.941500891977,2923.4751200783626,1231.1496294998,2322.7630384784075,995.4379292234071,3.1955275675849335,2.008865079417544,0.006193120996483279,0.0026799165539358964,advance_eq19_20,0.1284891662082178,0.0464364598108969,0.14475240246747997,0.04908580735094248,1.1265728211895116,1.0570531765520996,109.70294068380586,2.1026928741865776e-16,a1_station_hull_matched_sweep_free_surface_marching_not_benchmark_validated,41,8,24,10,3.0,2,16,15.0,False,none,0.0,1.0,0.03,1.0,trapezoid,1.0,1.0,-1.0,1.0,1.0,1.0,1.0,True,False,True,3.0,11,9,40,True,True,True,True,A1_GRID_RECOMMENDED,"A1 Section 3.3 recommends control radius about 3B, inner free-surface panels greater than 10, outer/free-surface proxy panels greater than 8, and roughly 60 stations at Fn=0.2 or 40 at Fn=0.3."
42,st41_bp8_fs24_cp10_r3p0_h2_fsm_clipfs_onezonefs_noend_pr1p0_pl1p0_pf1p0_pm1p0_dt1p0_fv0p03_hr1p0_hqtrapezoid_hp1p0_hc1p0_cim1p0_cp1p0_cn1p0_cd1p0_pg1p0,A55,OK,diagnostic_matched_wigley_sensitivity_not_hard_gate,wigley_iii,Fn0.4,0.4,2.1696064159197173,1.0,1.808005346599764,0.063,719.5500000000001,18,19,20,1.425,1.575,0.07500000000000007,-0.8687343749999998,0.868734375,0.06253124999999993,0.06253125000000004,pitch,pitch_moment,0.07499999999999996,-8.179508372870343,-41.33256619209563,-0.6134631279652762,-3.0999424644071754,-0.00026081229837412784,-1.7323432281437635e-05,-0.00024348886609269025,-0.21183518808451868,0.02498276085044586,-0.2368179489349646,0.0,-0.21183518808451868,1.5444082526810112,0.6529547258035568,0.007726445121620284,0.0025830421682825123,0.07430445503785704,0.02402925852989366,1.0458352148220154,5071.9000368281395,2186.2364356501553,2862.1058376345695,1210.059276223924,2325.7770618744357,1002.9378652371898,3.255564919872191,2.0680989921631983,0.006138994228045473,0.0026556775944629745,advance_eq19_20,0.11269008179720842,0.04345224312536528,0.1280730782030032,0.04627979837078763,1.136507101250288,1.0650727106829556,109.86567790060892,4.256557054533029e-16,a1_station_hull_matched_sweep_free_surface_marching_not_benchmark_validated,41,8,24,10,3.0,2,16,15.0,False,none,0.0,1.0,0.03,1.0,trapezoid,1.0,1.0,-1.0,1.0,1.0,1.0,1.0,True,False,True,3.0,11,9,40,True,True,True,True,A1_GRID_RECOMMENDED,"A1 Section 3.3 recommends control radius about 3B, inner free-surface panels greater than 10, outer/free-surface proxy panels greater than 8, and roughly 60 stations at Fn=0.2 or 40 at Fn=0.3."
42,st41_bp8_fs24_cp10_r3p0_h2_fsm_clipfs_onezonefs_noend_pr1p0_pl1p0_pf1p0_pm1p0_dt1p0_fv0p03_hr1p0_hqtrapezoid_hp1p0_hc1p0_cim1p0_cp1p0_cn1p0_cd1p0_pg1p0,A55,OK,diagnostic_matched_wigley_sensitivity_not_hard_gate,wigley_iii,Fn0.4,0.4,2.1696064159197173,1.0,1.808005346599764,0.063,719.5500000000001,19,20,19,1.5,1.5,0.07499999999999996,-0.8687499999999999,0.8687499999999999,0.062499999999999944,0.06250000000000003,pitch,pitch_moment,0.0,0.0,-0.0,0.0,0.0,0.0,0.0,0.0,-0.21196559423370576,0.02497409913430514,-0.2369396933680109,0.0,-0.21196559423370576,1.516115870473329,0.6435646406968337,0.0076753686393204274,0.0025632260517020108,0.07388494169167528,0.023938127195247932,1.0450403725581774,5051.504532394704,2183.1467979403405,2809.6742398775477,1192.6575190439924,2324.0094546272867,1007.457902537631,3.3263163720760582,2.139834851330778,0.006052411808062969,0.0026176090406980776,advance_eq19_20,0.09810164920164377,0.04039699564692599,0.11257136105380576,0.04340466978195009,1.147497131494906,1.0744529162839604,109.92003615667433,4.579720791672666e-16,a1_station_hull_matched_sweep_free_surface_marching_not_benchmark_validated,41,8,24,10,3.0,2,16,15.0,False,none,0.0,1.0,0.03,1.0,trapezoid,1.0,1.0,-1.0,1.0,1.0,1.0,1.0,True,False,True,3.0,11,9,40,True,True,True,True,A1_GRID_RECOMMENDED,"A1 Section 3.3 recommends control radius about 3B, inner free-surface panels greater than 10, outer/free-surface proxy panels greater than 8, and roughly 60 stations at Fn=0.2 or 40 at Fn=0.3."
42,st41_bp8_fs24_cp10_r3p0_h2_fsm_clipfs_onezonefs_noend_pr1p0_pl1p0_pf1p0_pm1p0_dt1p0_fv0p03_hr1p0_hqtrapezoid_hp1p0_hc1p0_cim1p0_cp1p0_cn1p0_cd1p0_pg1p0,A55,OK,diagnostic_matched_wigley_sensitivity_not_hard_gate,wigley_iii,Fn0.4,0.4,2.1696064159197173,1.0,1.808005346599764,0.063,719.5500000000001,20,21,18,1.575,1.425,0.07499999999999996,-0.8687343749999998,0.868734375,0.06253124999999993,0.06253125000000004,pitch,pitch_moment,-0.07499999999999996,9.807286220136472,40.68018314604076,0.7355464665102349,3.051013735953055,0.00031271572120038075,8.808219442014599e-05,0.0002246335267802348,-0.21180923637310556,0.025018140231515214,-0.23682737660462078,0.0,-0.21180923637310556,1.4928539236696738,0.6362111193962361,0.007580521715093939,0.0025316108394912184,0.07304010140276644,0.023733768882645667,1.0416873729118141,5028.324396026876,2178.2488152887145,2766.5650725793867,1179.0299330704813,2316.5528978433276,1008.8343704489438,3.4025167894423265,2.2152545651182813,0.005935700099195443,0.0025666981099617373,advance_eq19_20,0.08493845363047464,0.037376372697482875,0.0984931114315581,0.04055396530434096,1.1595821117729914,1.0850160777391884,109.86567790060924,4.713859516601006e-16,a1_station_hull_matched_sweep_free_surface_marching_not_benchmark_validated,41,8,24,10,3.0,2,16,15.0,False,none,0.0,1.0,0.03,1.0,trapezoid,1.0,1.0,-1.0,1.0,1.0,1.0,1.0,True,False,True,3.0,11,9,40,True,True,True,True,A1_GRID_RECOMMENDED,"A1 Section 3.3 recommends control radius about 3B, inner free-surface panels greater than 10, outer/free-surface proxy panels greater than 8, and roughly 60 stations at Fn=0.2 or 40 at Fn=0.3."
42,st41_bp8_fs24_cp10_r3p0_h2_fsm_clipfs_onezonefs_noend_pr1p0_pl1p0_pf1p0_pm1p0_dt1p0_fv0p03_hr1p0_hqtrapezoid_hp1p0_hc1p0_cim1p0_cp1p0_cn1p0_cd1p0_pg1p0,A55,OK,diagnostic_matched_wigley_sensitivity_not_hard_gate,wigley_iii,Fn0.4,0.4,2.1696064159197173,1.0,1.808005346599764,0.063,719.5500000000001,21,22,17,1.65,1.35,0.07499999999999996,-0.8686874999999998,0.8686875,0.0626249999999999,0.06262500000000004,pitch,pitch_moment,-0.1499999999999999,21.35832736847205,79.8627750164812,1.6018745526354028,5.989708126236086,0.0006810329174396856,0.0002455848104019569,0.0004354481070377288,-0.21131236205378554,0.02518497373392627,-0.2364973357877118,0.0,-0.21131236205378554,1.4745567327981537,0.6308565065748974,0.007447808955016677,0.002485174706233467,0.07183651255994049,0.023414146933348243,1.0350782079445233,4999.346926860494,2170.3631221435116,2732.656618182835,1169.1067352452803,2301.855128958499,1005.9817266604308,3.4767831087160506,2.2863040314454772,0.005787578249375415,0.002502379751748489,advance_eq19_20,0.07329950947883213,0.034493062321035606,0.08596964470590618,0.0378211840655273,1.1728542976230012,1.09648669965908,109.70294068380586,2.981900141048292e-16,a1_station_hull_matched_sweep_free_surface_marching_not_benchmark_validated,41,8,24,10,3.0,2,16,15.0,False,none,0.0,1.0,0.03,1.0,trapezoid,1.0,1.0,-1.0,1.0,1.0,1.0,1.0,True,False,True,3.0,11,9,40,True,True,True,True,A1_GRID_RECOMMENDED,"A1 Section 3.3 recommends control radius about 3B, inner free-surface panels greater than 10, outer/free-surface proxy panels greater than 8, and roughly 60 stations at Fn=0.2 or 40 at Fn=0.3."
42,st41_bp8_fs24_cp10_r3p0_h2_fsm_clipfs_onezonefs_noend_pr1p0_pl1p0_pf1p0_pm1p0_dt1p0_fv0p03_hr1p0_hqtrapezoid_hp1p0_hc1p0_cim1p0_cp1p0_cn1p0_cd1p0_pg1p0,A55,OK,diagnostic_matched_wigley_sensitivity_not_hard_gate,wigley_iii,Fn0.4,0.4,2.1696064159197173,1.0,1.808005346599764,0.063,719.5500000000001,22,23,16,1.7249999999999999,1.2750000000000001,0.07499999999999996,-0.8686093749999999,0.8686093749999999,0.0627812499999999,0.06278125000000001,pitch,pitch_moment,-0.22499999999999987,34.860781771260164,116.55081892909827,2.6145586328445107,8.741311419682365,0.0011115729946603937,0.0004680415830791393,0.0006435314115812542,-0.2104160590977355,0.02554178693066682,-0.23595784602840228,0.0,-0.2104160590977355,1.460532474375787,0.6272676855114153,0.0072758361312951075,0.002426798861629432,0.07026151250880366,0.0229718738645347,1.0241158541981623,4961.571007344045,2158.5289661385864,2706.666785617856,1162.4559123827457,2277.47653611127,997.9604852313569,3.545485924954824,2.3509500825078633,0.005606438195742778,0.0024239474343499758,advance_eq19_20,0.06299129877685496,0.031731985008992984,0.07480374107222368,0.035190782784413524,1.187524984001584,1.1090003595564633,109.43283246067818,4.1186072052039904e-16,a1_station_hull_matched_sweep_free_surface_marching_not_benchmark_validated,41,8,24,10,3.0,2,16,15.0,False,none,0.0,1.0,0.03,1.0,trapezoid,1.0,1.0,-1.0,1.0,1.0,1.0,1.0,True,False,True,3.0,11,9,40,True,True,True,True,A1_GRID_RECOMMENDED,"A1 Section 3.3 recommends control radius about 3B, inner free-surface panels greater than 10, outer/free-surface proxy panels greater than 8, and roughly 60 stations at Fn=0.2 or 40 at Fn=0.3."
42,st41_bp8_fs24_cp10_r3p0_h2_fsm_clipfs_onezonefs_noend_pr1p0_pl1p0_pf1p0_pm1p0_dt1p0_fv0p03_hr1p0_hqtrapezoid_hp1p0_hc1p0_cim1p0_cp1p0_cn1p0_cd1p0_pg1p0,A55,OK,diagnostic_matched_wigley_sensitivity_not_hard_gate,wigley_iii,Fn0.4,0.4,2.1696064159197173,1.0,1.808005346599764,0.063,719.5500000000001,23,24,15,1.7999999999999998,1.2000000000000002,0.07500000000000007,-0.8684999999999999,0.8684999999999998,0.06299999999999994,0.06300000000000008,pitch,pitch_moment,-0.2999999999999998,50.28634489349129,149.78308315854596,3.77147586701185,11.233731236890957,0.0016034334327483728,0.0007478001420162584,0.0008556332907321143,-0.20905855588403113,0.026149707793214516,-0.2352082636772456,0.0,-0.20905855588403113,1.450088724019489,0.6252064780454801,0.0070627420887187115,0.002365132590298307,0.06829710465396957,0.022399756222364182,1.0082752775879043,4914.650830789061,2142.840808374377,2687.3123702230478,1158.6360714109119,2242.2495240496496,984.6826013360126,3.6051998825792864,2.4072475343637634,0.005390643105198867,0.0023306795868722418,advance_eq19_20,0.0538492887406533,0.02907887897057338,0.06482701729357669,0.032647553651310834,1.2038602330625734,1.1227239428434914,109.05701762428855,4.586570718524962e-16,a1_station_hull_matched_sweep_free_surface_marching_not_benchmark_validated,41,8,24,10,3.0,2,16,15.0,False,none,0.0,1.0,0.03,1.0,trapezoid,1.0,1.0,-1.0,1.0,1.0,1.0,1.0,True,False,True,3.0,11,9,40,True,True,True,True,A1_GRID_RECOMMENDED,"A1 Section 3.3 recommends control radius about 3B, inner free-surface panels greater than 10, outer/free-surface proxy panels greater than 8, and roughly 60 stations at Fn=0.2 or 40 at Fn=0.3."
42,st41_bp8_fs24_cp10_r3p0_h2_fsm_clipfs_onezonefs_noend_pr1p0_pl1p0_pf1p0_pm1p0_dt1p0_fv0p03_hr1p0_hqtrapezoid_hp1p0_hc1p0_cim1p0_cp1p0_cn1p0_cd1p0_pg1p0,A55,OK,diagnostic_matched_wigley_sensitivity_not_hard_gate,wigley_iii,Fn0.4,0.4,2.1696064159197173,1.0,1.808005346599764,0.063,719.5500000000001,24,25,14,1.875,1.125,0.07500000000000007,-0.8683593749999999,0.8683593749999999,0.06328124999999996,0.06328125000000007,pitch,pitch_moment,-0.375,67.38860717821659,178.67025957550698,5.054145538366249,13.400269468163035,0.002148757201676933,0.0010742037447710089,0.0010745534569059243,-0.20718246056681847,0.02706070973660815,-0.23424317030342653,0.0,-0.20718246056681847,1.4425198300041193,0.6244286447484587,0.006806542259788018,0.0022880714246865325,0.06592305202910834,0.02168979706008424,0.9874547491752292,4858.577600962287,2123.48097503197,2673.285654354221,1157.1945864821394,2195.9478632219966,966.3007434065787,3.6525534458516375,2.45322938360833,0.005138912794142818,0.002222003040635434,advance_eq19_20,0.04573402497712608,0.026520736383238958,0.055896230167589246,0.030177084487492695,1.2222022923970897,1.1378675181343962,108.57779417676022,3.307075309854934e-16,a1_station_hull_matched_sweep_free_surface_marching_not_benchmark_validated,41,8,24,10,3.0,2,16,15.0,False,none,0.0,1.0,0.03,1.0,trapezoid,1.0,1.0,-1.0,1.0,1.0,1.0,1.0,True,False,True,3.0,11,9,40,True,True,True,True,A1_GRID_RECOMMENDED,"A1 Section 3.3 recommends control radius about 3B, inner free-surface panels greater than 10, outer/free-surface proxy panels greater than 8, and roughly 60 stations at Fn=0.2 or 40 at Fn=0.3."
42,st41_bp8_fs24_cp10_r3p0_h2_fsm_clipfs_onezonefs_noend_pr1p0_pl1p0_pf1p0_pm1p0_dt1p0_fv0p03_hr1p0_hqtrapezoid_hp1p0_hc1p0_cim1p0_cp1p0_cn1p0_cd1p0_pg1p0,A55,OK,diagnostic_matched_wigley_sensitivity_not_hard_gate,wigley_iii,Fn0.4,0.4,2.1696064159197173,1.0,1.808005346599764,0.063,719.5500000000001,25,26,13,1.95,1.05,0.07499999999999996,-0.8681874999999999,0.8681874999999999,0.0636249999999999,0.06362500000000004,pitch,pitch_moment,-0.44999999999999996,85.71760424622711,202.43335950159806,6.42882031846703,15.182501962619845,0.0027331967100532656,0.001433865146179947,0.0012993315638733188,-0.20474148361095335,0.02831474418208363,-0.23305622779303692,0.0,-0.20474148361095335,1.437107282416698,0.62468895992967,0.0065055850602253485,0.0021949582869960444,0.0631210396352909,0.020834528344389668,0.9618836288722366,4793.616380100204,2100.72050218969,2663.255091503018,1157.6770040025563,2139.081614883578,943.1638041866871,3.6841499406575564,2.4868555875439933,0.004850797602165678,0.0020976938442977037,advance_eq19_20,0.03852772729853215,0.02404616442139432,0.0478900476093656,0.02776616152445238,1.2430021433210814,1.1547023066908877,107.99806268512636,3.584659265339904e-16,a1_station_hull_matched_sweep_free_surface_marching_not_benchmark_validated,41,8,24,10,3.0,2,16,15.0,False,none,0.0,1.0,0.03,1.0,trapezoid,1.0,1.0,-1.0,1.0,1.0,1.0,1.0,True,False,True,3.0,11,9,40,True,True,True,True,A1_GRID_RECOMMENDED,"A1 Section 3.3 recommends control radius about 3B, inner free-surface panels greater than 10, outer/free-surface proxy panels greater than 8, and roughly 60 stations at Fn=0.2 or 40 at Fn=0.3."
42,st41_bp8_fs24_cp10_r3p0_h2_fsm_clipfs_onezonefs_noend_pr1p0_pl1p0_pf1p0_pm1p0_dt1p0_fv0p03_hr1p0_hqtrapezoid_hp1p0_hc1p0_cim1p0_cp1p0_cn1p0_cd1p0_pg1p0,A55,OK,diagnostic_matched_wigley_sensitivity_not_hard_gate,wigley_iii,Fn0.4,0.4,2.1696064159197173,1.0,1.808005346599764,0.063,719.5500000000001,26,27,12,2.025,0.9750000000000001,0.07500000000000007,-0.8679843749999999,0.8679843749999999,0.06403124999999998,0.0640312500000001,pitch,pitch_moment,-0.5249999999999999,104.62944327154673,220.447408726619,7.847208245366012,16.53355565449644,0.003336220752309278,0.001811037257769578,0.0015251834945396998,-0.2017067748797721,0.02993719538405839,-0.2316439702638304,0.0,-0.2017067748797721,1.4331324716074778,0.6257529088640355,0.006159116879821319,0.002085426208449493,0.05987987140555061,0.019828640354677986,0.9320895429329811,4720.302285867405,2074.9425576527137,2655.8889503283553,1159.6487199984442,2072.824138873049,915.8117773787554,3.696539007119635,2.5060000320375306,0.004527257632237072,0.0019581222045135494,advance_eq19_20,0.0321313419121248,0.021645690647858606,0.040706251546034806,0.025403129812587178,1.2668705732042351,1.1735883241545029,107.32128791426383,3.2161460441171736e-16,a1_station_hull_matched_sweep_free_surface_marching_not_benchmark_validated,41,8,24,10,3.0,2,16,15.0,False,none,0.0,1.0,0.03,1.0,trapezoid,1.0,1.0,-1.0,1.0,1.0,1.0,1.0,True,False,True,3.0,11,9,40,True,True,True,True,A1_GRID_RECOMMENDED,"A1 Section 3.3 recommends control radius about 3B, inner free-surface panels greater than 10, outer/free-surface proxy panels greater than 8, and roughly 60 stations at Fn=0.2 or 40 at Fn=0.3."
42,st41_bp8_fs24_cp10_r3p0_h2_fsm_clipfs_onezonefs_noend_pr1p0_pl1p0_pf1p0_pm1p0_dt1p0_fv0p03_hr1p0_hqtrapezoid_hp1p0_hc1p0_cim1p0_cp1p0_cn1p0_cd1p0_pg1p0,A55,OK,diagnostic_matched_wigley_sensitivity_not_hard_gate,wigley_iii,Fn0.4,0.4,2.1696064159197173,1.0,1.808005346599764,0.063,719.5500000000001,27,28,11,2.1,0.8999999999999999,0.07499999999999996,-0.8677499999999999,0.8677499999999999,0.06449999999999989,0.06450000000000003,pitch,pitch_moment,-0.6000000000000001,123.28725767579974,232.2961031277681,9.246544325684974,17.422207734582596,0.0039311449501438535,0.002188091372918893,0.0017430535772249615,-0.1980730920285455,0.03193675969940263,-0.23000985172794808,0.0,-0.1980730920285455,1.4299038640490909,0.6274173371170239,0.005767965630602281,0.0019596336346396786,0.056201786017089486,0.018670917712773634,0.8989076141178065,4639.489945494515,2046.695590282511,2649.905677107529,1162.7332475583898,1999.0326200818051,885.0068335371614,3.6862233328523155,2.508462453807032,0.0041713955788636155,0.00180456120453302,advance_eq19_20,0.02646200195051688,0.01931202904980911,0.034259332925343645,0.02307822533113102,1.2946614163738455,1.1950181553480594,106.55145429053415,3.232687959808748e-16,a1_station_hull_matched_sweep_free_surface_marching_not_benchmark_validated,41,8,24,10,3.0,2,16,15.0,False,none,0.0,1.0,0.03,1.0,trapezoid,1.0,1.0,-1.0,1.0,1.0,1.0,1.0,True,False,True,3.0,11,9,40,True,True,True,True,A1_GRID_RECOMMENDED,"A1 Section 3.3 recommends control radius about 3B, inner free-surface panels greater than 10, outer/free-surface proxy panels greater than 8, and roughly 60 stations at Fn=0.2 or 40 at Fn=0.3."
42,st41_bp8_fs24_cp10_r3p0_h2_fsm_clipfs_onezonefs_noend_pr1p0_pl1p0_pf1p0_pm1p0_dt1p0_fv0p03_hr1p0_hqtrapezoid_hp1p0_hc1p0_cim1p0_cp1p0_cn1p0_cd1p0_pg1p0,A55,OK,diagnostic_matched_wigley_sensitivity_not_hard_gate,wigley_iii,Fn0.4,0.4,2.1696064159197173,1.0,1.808005346599764,0.063,719.5500000000001,28,29,10,2.175,0.8250000000000002,0.07499999999999996,-0.8674843749999999,0.8674843749999999,0.06503124999999987,0.0650312500000001,pitch,pitch_moment,-0.6749999999999998,140.64513069164715,237.8487735334414,10.54838480187353,17.838658015008093,0.0044846191382949385,0.002546125036955635,0.0019384941013393033,-0.19386520998432613,0.03430386790433988,-0.22816907788866597,0.0,-0.19386520998432613,1.426805799110997,0.6295459549745296,0.005335385316818811,0.0018185567908817373,0.05211024306398804,0.017366566548037095,0.8635204383946363,4552.468753200856,2016.8031340797445,2644.164326186037,1166.678013837309,1920.3369705042799,851.8256036306593,3.6496924752909248,2.4919985019560307,0.0037894565891911625,0.0016396057138616952,advance_eq19_20,0.02145085043876724,0.01704031657226864,0.02847843888323997,0.02078388990678441,1.3276135118527543,1.219689189378562,105.69301673551156,3.2746683899472625e-16,a1_station_hull_matched_sweep_free_surface_marching_not_benchmark_validated,41,8,24,10,3.0,2,16,15.0,False,none,0.0,1.0,0.03,1.0,trapezoid,1.0,1.0,-1.0,1.0,1.0,1.0,1.0,True,False,True,3.0,11,9,40,True,True,True,True,A1_GRID_RECOMMENDED,"A1 Section 3.3 recommends control radius about 3B, inner free-surface panels greater than 10, outer/free-surface proxy panels greater than 8, and roughly 60 stations at Fn=0.2 or 40 at Fn=0.3."
42,st41_bp8_fs24_cp10_r3p0_h2_fsm_clipfs_onezonefs_noend_pr1p0_pl1p0_pf1p0_pm1p0_dt1p0_fv0p03_hr1p0_hqtrapezoid_hp1p0_hc1p0_cim1p0_cp1p0_cn1p0_cd1p0_pg1p0,A55,OK,diagnostic_matched_wigley_sensitivity_not_hard_gate,wigley_iii,Fn0.4,0.4,2.1696064159197173,1.0,1.808005346599764,0.063,719.5500000000001,29,30,9,2.25,0.75,0.07499999999999996,-0.8671874999999999,0.8671874999999999,0.06562499999999982,0.0656250000000001,pitch,pitch_moment,-0.75,155.39557767019062,237.3845742589607,11.65466832526429,17.80384306942204,0.004954952782219017,0.0028657445654276764,0.002089208216791341,-0.18914542402406911,0.03700980270553155,-0.22615522672960064,0.0,-0.18914542402406911,1.42338717643796,0.6321333325412993,0.0048681879231986455,0.0016643831786840192,0.0476600631366599,0.015930164041044362,0.8275355802800024,4461.203630609954,1986.6183014328533,2637.8289159134074,1171.4729561235606,1840.3121669867728,817.9436316706547,3.583484779095347,2.4543683219503003,0.003392434636808222,0.0014678442163405419,advance_eq19_20,0.017041186357125884,0.014828316946986329,0.023305635282524946,0.018515073501898755,1.3676063857361398,1.2486294680706642,104.75084920458065,3.565187605653857e-16,a1_station_hull_matched_sweep_free_surface_marching_not_benchmark_validated,41,8,24,10,3.0,2,16,15.0,False,none,0.0,1.0,0.03,1.0,trapezoid,1.0,1.0,-1.0,1.0,1.0,1.0,1.0,True,False,True,3.0,11,9,40,True,True,True,True,A1_GRID_RECOMMENDED,"A1 Section 3.3 recommends control radius about 3B, inner free-surface panels greater than 10, outer/free-surface proxy panels greater than 8, and roughly 60 stations at Fn=0.2 or 40 at Fn=0.3."
42,st41_bp8_fs24_cp10_r3p0_h2_fsm_clipfs_onezonefs_noend_pr1p0_pl1p0_pf1p0_pm1p0_dt1p0_fv0p03_hr1p0_hqtrapezoid_hp1p0_hc1p0_cim1p0_cp1p0_cn1p0_cd1p0_pg1p0,A55,OK,diagnostic_matched_wigley_sensitivity_not_hard_gate,wigley_iii,Fn0.4,0.4,2.1696064159197173,1.0,1.808005346599764,0.063,719.5500000000001,30,31,8,2.3249999999999997,0.6750000000000003,0.07499999999999996,-0.866859375,0.866859375,0.06628124999999996,0.06628125000000007,pitch,pitch_moment,-0.8249999999999997,165.83125402377962,231.82490498879167,12.437344051783464,17.386867874159364,0.005287705389196663,0.0031281183802135608,0.0021595870089831004,-0.1840240949383613,0.040006734178352155,-0.22403082911671346,0.0,-0.1840240949383613,1.4195344330090645,0.6354293238430109,0.004378498816765316,0.0015011130279635283,0.04295197821431823,0.01438977699374405,0.7932350758758175,4368.949288722274,1958.7447885045367,2630.6889906769243,1177.5811052667975,1764.0331077015558,786.7266724538672,3.484294846132974,2.3934160993648192,0.002999164371551679,0.0012971530031675729,advance_eq19_20,0.0131869082725953,0.012676559177719647,0.01869445554451268,0.016269513968494628,1.4176526565641643,1.2834329679216083,103.73019523740956,4.713947505422833e-16,a1_station_hull_matched_sweep_free_surface_marching_not_benchmark_validated,41,8,24,10,3.0,2,16,15.0,False,none,0.0,1.0,0.03,1.0,trapezoid,1.0,1.0,-1.0,1.0,1.0,1.0,1.0,True,False,True,3.0,11,9,40,True,True,True,True,A1_GRID_RECOMMENDED,"A1 Section 3.3 recommends control radius about 3B, inner free-surface panels greater than 10, outer/free-surface proxy panels greater than 8, and roughly 60 stations at Fn=0.2 or 40 at Fn=0.3."
42,st41_bp8_fs24_cp10_r3p0_h2_fsm_clipfs_onezonefs_noend_pr1p0_pl1p0_pf1p0_pm1p0_dt1p0_fv0p03_hr1p0_hqtrapezoid_hp1p0_hc1p0_cim1p0_cp1p0_cn1p0_cd1p0_pg1p0,A55,OK,diagnostic_matched_wigley_sensitivity_not_hard_gate,wigley_iii,Fn0.4,0.4,2.1696064159197173,1.0,1.808005346599764,0.063,719.5500000000001,31,32,7,2.4,0.6000000000000001,0.07500000000000018,-0.8664999999999999,0.8664999999999998,0.06699999999999995,0.06700000000000006,pitch,pitch_moment,-0.8999999999999999,169.47997655070992,223.2435742796342,12.710998241303274,16.743268070972604,0.005404048776231345,0.0033165263453361015,0.002087522430895243,-0.1786782178556473,0.04322905654112699,-0.22190727439677432,0.0,-0.1786782178556473,1.415842793995055,0.6402042278277528,0.003886549014986333,0.001335471605641808,0.03815764427614457,0.012793770373899659,0.7649702444582509,4282.411653473311,1939.5956127445836,2623.847625025003,1186.4299834990593,1701.176459123403,768.1256874127965,3.34918470947511,2.3072223964359573,0.0026391683467461573,0.001139719123664485,advance_eq19_20,0.00985125933260738,0.010588302716183329,0.014608722714727051,0.014047950072607236,1.482929463279137,1.3267423919733734,102.63663006147284,5.067821339380325e-16,a1_station_hull_matched_sweep_free_surface_marching_not_benchmark_validated,41,8,24,10,3.0,2,16,15.0,False,none,0.0,1.0,0.03,1.0,trapezoid,1.0,1.0,-1.0,1.0,1.0,1.0,1.0,True,False,True,3.0,11,9,40,True,True,True,True,A1_GRID_RECOMMENDED,"A1 Section 3.3 recommends control radius about 3B, inner free-surface panels greater than 10, outer/free-surface proxy panels greater than 8, and roughly 60 stations at Fn=0.2 or 40 at Fn=0.3."
42,st41_bp8_fs24_cp10_r3p0_h2_fsm_clipfs_onezonefs_noend_pr1p0_pl1p0_pf1p0_pm1p0_dt1p0_fv0p03_hr1p0_hqtrapezoid_hp1p0_hc1p0_cim1p0_cp1p0_cn1p0_cd1p0_pg1p0,A55,OK,diagnostic_matched_wigley_sensitivity_not_hard_gate,wigley_iii,Fn0.4,0.4,2.1696064159197173,1.0,1.808005346599764,0.063,719.5500000000001,32,33,6,2.475,0.5249999999999999,0.07499999999999996,-0.866109375,0.866109375,0.06778124999999988,0.06778125000000013,pitch,pitch_moment,-0.9750000000000001,162.05287463949693,216.19691720573957,12.153965597962262,16.21476879043046,0.005167227755771565,0.00341900041423788,0.0017482273415336865,-0.17339257958964585,0.04659681992091398,-0.21998939951055985,0.0,-0.17339257958964585,1.4145106131441425,0.6483800223805204,0.0034266575300373144,0.001178618376091098,0.03357038344111523,0.011224163451296246,0.7581971390649723,4222.106634323859,1950.7581790920065,2621.3788201713883,1201.581410769767,1686.1141118835212,802.4036442838983,3.176075156423379,2.194457026058044,0.0023557133893496777,0.0010127092252741063,advance_eq19_20,0.007005945974364945,0.008569009278722685,0.011021666240497401,0.011854133402241736,1.5731874440405547,1.383372688331216,101.4760582021312,4.610980708463436e-16,a1_station_hull_matched_sweep_free_surface_marching_not_benchmark_validated,41,8,24,10,3.0,2,16,15.0,False,none,0.0,1.0,0.03,1.0,trapezoid,1.0,1.0,-1.0,1.0,1.0,1.0,1.0,True,False,True,3.0,11,9,40,True,True,True,True,A1_GRID_RECOMMENDED,"A1 Section 3.3 recommends control radius about 3B, inner free-surface panels greater than 10, outer/free-surface proxy panels greater than 8, and roughly 60 stations at Fn=0.2 or 40 at Fn=0.3."
42,st41_bp8_fs24_cp10_r3p0_h2_fsm_clipfs_onezonefs_noend_pr1p0_pl1p0_pf1p0_pm1p0_dt1p0_fv0p03_hr1p0_hqtrapezoid_hp1p0_hc1p0_cim1p0_cp1p0_cn1p0_cd1p0_pg1p0,A55,OK,diagnostic_matched_wigley_sensitivity_not_hard_gate,wigley_iii,Fn0.4,0.4,2.1696064159197173,1.0,1.808005346599764,0.063,719.5500000000001,33,34,5,2.55,0.4500000000000002,0.07499999999999996,-0.8656874999999999,0.8656874999999999,0.06862499999999994,0.06862500000000005,pitch,pitch_moment,-1.0499999999999998,133.67588709031506,222.2105796593002,10.025691531773623,16.665793474447504,0.004262397415578521,0.003433870775542845,0.0008285266400356762,-0.1686777670039708,0.05002325551580434,-0.21870102251977516,0.0,-0.1686777670039708,1.4218221259989758,0.6647597730321049,0.0030976398454323506,0.0010606363907036823,0.029667703765545547,0.00981581224121711,0.860178669239141,4289.559884102056,2093.3639075978444,2634.9285558629913,1231.9364544426537,1912.9053886089876,1069.1766307621645,2.9650572109243813,2.0553304085943305,0.002459497918921169,0.0010490092155996788,advance_eq19_20,0.004630882488586575,0.006624370001657127,0.007915436792914527,0.009694245930352669,1.7092717883520414,1.46342156732302,100.2548122089833,3.6565038508053576e-16,a1_station_hull_matched_sweep_free_surface_marching_not_benchmark_validated,41,8,24,10,3.0,2,16,15.0,False,none,0.0,1.0,0.03,1.0,trapezoid,1.0,1.0,-1.0,1.0,1.0,1.0,1.0,True,False,True,3.0,11,9,40,True,True,True,True,A1_GRID_RECOMMENDED,"A1 Section 3.3 recommends control radius about 3B, inner free-surface panels greater than 10, outer/free-surface proxy panels greater than 8, and roughly 60 stations at Fn=0.2 or 40 at Fn=0.3."
42,st41_bp8_fs24_cp10_r3p0_h2_fsm_clipfs_onezonefs_noend_pr1p0_pl1p0_pf1p0_pm1p0_dt1p0_fv0p03_hr1p0_hqtrapezoid_hp1p0_hc1p0_cim1p0_cp1p0_cn1p0_cd1p0_pg1p0,A55,OK,diagnostic_matched_wigley_sensitivity_not_hard_gate,wigley_iii,Fn0.4,0.4,2.1696064159197173,1.0,1.808005346599764,0.063,719.5500000000001,34,35,4,2.625,0.375,0.07499999999999996,-0.8652343749999999,0.8652343749999999,0.06953124999999993,0.06953125000000009,pitch,pitch_moment,-1.125,48.09565137467982,283.56684087366756,3.607173853100984,21.267513065525055,0.0015335808467947206,0.0033858081243600194,-0.001852227277565299,-0.16577977787278417,0.05343309496575579,-0.21921287283854,0.0,-0.16577977787278417,1.4568280668110594,0.702956431110653,0.0032370382568049417,0.001216217219717045,0.02732131976463295,0.009093722455964732,1.609128270344363,5293.526698305461,3021.9144307247434,2699.801757217768,1302.7227105216182,3578.4543948613505,2356.8874073275874,2.723029930794558,1.8949575205847458,0.004373176447886066,0.0018417532953320383,advance_eq19_20,0.0027153391962707364,0.004753164557131259,0.005281338960782522,0.007574540100515373,1.9450015556199924,1.5935783433273214,98.98004886155589,5.767756951791236e-16,a1_station_hull_matched_sweep_free_surface_marching_not_benchmark_validated,41,8,24,10,3.0,2,16,15.0,False,none,0.0,1.0,0.03,1.0,trapezoid,1.0,1.0,-1.0,1.0,1.0,1.0,1.0,True,False,True,3.0,11,9,40,True,True,True,True,A1_GRID_RECOMMENDED,"A1 Section 3.3 recommends control radius about 3B, inner free-surface panels greater than 10, outer/free-surface proxy panels greater than 8, and roughly 60 stations at Fn=0.2 or 40 at Fn=0.3."
42,st41_bp8_fs24_cp10_r3p0_h2_fsm_clipfs_onezonefs_noend_pr1p0_pl1p0_pf1p0_pm1p0_dt1p0_fv0p03_hr1p0_hqtrapezoid_hp1p0_hc1p0_cim1p0_cp1p0_cn1p0_cd1p0_pg1p0,A55,OK,diagnostic_matched_wigley_sensitivity_not_hard_gate,wigley_iii,Fn0.4,0.4,2.1696064159197173,1.0,1.808005346599764,0.063,719.5500000000001,35,36,3,2.6999999999999997,0.30000000000000027,0.07499999999999996,-0.8647499999999999,0.8647499999999999,0.0704999999999999,0.07050000000000001,pitch,pitch_moment,-1.1999999999999997,-417.8623581829619,763.4806454937445,-31.339676863722122,57.2610484120308,-0.013323984410017394,0.0034039598506652806,-0.01672794426068268,-0.1716749796543955,0.05682797895326842,-0.22850295860766393,0.0,-0.1716749796543955,1.59781698087039,0.8161366164469794,0.00333044515609653,0.0015218400886235924,0.03226912513498891,0.011325735699784555,7.900210200227452,18117.386767183198,11768.421583063446,2961.0831854090966,1512.4688502442789,17568.85540596607,11541.123400848155,2.491187336797168,1.742919202403751,0.0003817280562903299,0.00017736046745457282,advance_eq19_20,0.001263334495736735,0.0029109532678887177,0.0031217397607368794,0.005492553989726564,2.471031837784485,1.8868574945245522,97.66111149943443,4.0915287004210385e-16,a1_station_hull_matched_sweep_free_surface_marching_not_benchmark_validated,41,8,24,10,3.0,2,16,15.0,False,none,0.0,1.0,0.03,1.0,trapezoid,1.0,1.0,-1.0,1.0,1.0,1.0,1.0,True,False,True,3.0,11,9,40,True,True,True,True,A1_GRID_RECOMMENDED,"A1 Section 3.3 recommends control radius about 3B, inner free-surface panels greater than 10, outer/free-surface proxy panels greater than 8, and roughly 60 stations at Fn=0.2 or 40 at Fn=0.3."
42,st41_bp8_fs24_cp10_r3p0_h2_fsm_clipfs_onezonefs_noend_pr1p0_pl1p0_pf1p0_pm1p0_dt1p0_fv0p03_hr1p0_hqtrapezoid_hp1p0_hc1p0_cim1p0_cp1p0_cn1p0_cd1p0_pg1p0,A55,OK,diagnostic_matched_wigley_sensitivity_not_hard_gate,wigley_iii,Fn0.4,0.4,2.1696064159197173,1.0,1.808005346599764,0.063,719.5500000000001,36,37,2,2.775,0.2250000000000001,0.07500000000000018,-0.8642343749999999,0.8642343749999999,0.07153124999999994,0.07153125000000005,pitch,pitch_moment,-1.275,1182.4391240648285,-942.2607424134512,88.68293430486236,-70.66955568100902,0.03770332538049808,0.0046346013410228926,0.03306872403947519,-0.15948530916915515,0.06084725954911252,-0.22033256871826773,0.0,-0.15948530916915515,2.56786880125122,1.478826170447766,0.008443583971435022,0.004319697633273763,0.07370162335680558,0.027915343584895384,16.552830248539895,37160.95363985155,23567.847562432667,4758.788535079655,2740.568763432745,36810.95487658367,23402.848862812432,2.659465874780477,1.8767718786601573,0.002991712227740265,0.0012393812405139806,advance_eq19_20,0.000320152689616258,0.0007244378930237402,0.0014571051118260723,0.003392237727010568,4.551281807354454,4.682579086043753,96.3146992237131,9.21855418341674e-16,a1_station_hull_matched_sweep_free_surface_marching_not_benchmark_validated,41,8,24,10,3.0,2,16,15.0,False,none,0.0,1.0,0.03,1.0,trapezoid,1.0,1.0,-1.0,1.0,1.0,1.0,1.0,True,False,True,3.0,11,9,40,True,True,True,True,A1_GRID_RECOMMENDED,"A1 Section 3.3 recommends control radius about 3B, inner free-surface panels greater than 10, outer/free-surface proxy panels greater than 8, and roughly 60 stations at Fn=0.2 or 40 at Fn=0.3."
42,st41_bp8_fs24_cp10_r3p0_h2_fsm_clipfs_onezonefs_noend_pr1p0_pl1p0_pf1p0_pm1p0_dt1p0_fv0p03_hr1p0_hqtrapezoid_hp1p0_hc1p0_cim1p0_cp1p0_cn1p0_cd1p0_pg1p0,A55,OK,diagnostic_matched_wigley_sensitivity_not_hard_gate,wigley_iii,Fn0.4,0.4,2.1696064159197173,1.0,1.808005346599764,0.063,719.5500000000001,37,38,1,2.85,0.1499999999999999,0.07499999999999996,-0.8636874999999999,0.8636874999999999,0.07262499999999994,0.07262500000000005,pitch,pitch_moment,-1.35,551.9227057267389,-627.6121838668522,41.39420292950539,-47.07091379001389,0.017598640754853075,-0.0011064673314902618,0.018705108086343337,-0.13183432610147958,0.06261132655387884,-0.1944456526553584,0.0,-0.13183432610147958,1.0825330431847004,0.7630788166379235,0.009167576599356988,0.004789445537259691,0.06667144757963886,0.0267352202929236,14.925859696413754,33204.41114465031,23299.017450079893,2006.156168197573,1414.1418448673462,33192.82198446822,23291.688625548933,0.5299217477989723,0.2510499595389465,0.0003051762932463745,0.00012384626245968473,advance_eq19_20,0.0001007388246765633,0.00029716379579228843,0.0003583982534028605,0.0007883884674098521,3.5576973878100167,2.6530434681919326,94.99248929002074,9.80217247808775e-16,a1_station_hull_matched_sweep_free_surface_marching_not_benchmark_validated,41,8,24,10,3.0,2,16,15.0,False,none,0.0,1.0,0.03,1.0,trapezoid,1.0,1.0,-1.0,1.0,1.0,1.0,1.0,True,False,True,3.0,11,9,40,True,True,True,True,A1_GRID_RECOMMENDED,"A1 Section 3.3 recommends control radius about 3B, inner free-surface panels greater than 10, outer/free-surface proxy panels greater than 8, and roughly 60 stations at Fn=0.2 or 40 at Fn=0.3."
42,st41_bp8_fs24_cp10_r3p0_h2_fsm_clipfs_onezonefs_noend_pr1p0_pl1p0_pf1p0_pm1p0_dt1p0_fv0p03_hr1p0_hqtrapezoid_hp1p0_hc1p0_cim1p0_cp1p0_cn1p0_cd1p0_pg1p0,A55,OK,diagnostic_matched_wigley_sensitivity_not_hard_gate,wigley_iii,Fn0.4,0.4,2.1696064159197173,1.0,1.808005346599764,0.063,719.5500000000001,38,39,0,2.925,0.07500000000000018,0.03749999999999987,-0.8631093749999998,0.8631093749999998,0.07378124999999991,0.07378125000000002,pitch,pitch_moment,-1.4249999999999998,-1303.5843183130214,1494.1089920365298,-48.88441193673813,56.02908720136967,-0.02078308418335778,0.0002701186140182388,-0.021053202797376016,-0.14381808990741082,0.06232821150215194,-0.20614630140956278,0.0,-0.14381808990741082,1.2599848488532002,0.7346438802207268,0.0014313381846436683,0.0007675015609595167,0.007933194361182757,0.0035894596106624908,53.02813383138737,117933.0151118237,63073.46241205647,2335.0108269453135,1361.4460648680174,117926.43386944814,63066.66824783346,0.7008192414755099,0.4942801975917471,0.0,0.0,initialize_eq21_22,0.0,0.0,0.00012319088229061678,0.00036339385838593606,,,113.95001957184003,8.5024427923684295e-16,a1_station_hull_matched_sweep_free_surface_marching_not_benchmark_validated,41,8,24,10,3.0,2,16,15.0,False,none,0.0,1.0,0.03,1.0,trapezoid,1.0,1.0,-1.0,1.0,1.0,1.0,1.0,True,False,True,3.0,11,9,40,True,True,True,True,A1_GRID_RECOMMENDED,"A1 Section 3.3 recommends control radius about 3B, inner free-surface panels greater than 10, outer/free-surface proxy panels greater than 8, and roughly 60 stations at Fn=0.2 or 40 at Fn=0.3."
42,st41_bp8_fs24_cp10_r3p0_h2_fsm_clipfs_onezonefs_noend_pr1p0_pl1p0_pf1p0_pm1p0_dt1p0_fv0p03_hr1p0_hqtrapezoid_hp1p0_hc1p0_ci1p0_cp1p0_cnm1p0_cd1p0_pg1p0,A55,OK,diagnostic_matched_wigley_sensitivity_not_hard_gate,wigley_iii,Fn0.4,0.4,2.1696064159197173,1.0,1.808005346599764,0.063,719.5500000000001,0,1,38,0.075,2.925,0.0375,-0.8631093749999998,0.8631093749999998,0.07378124999999991,0.07378125000000002,pitch,pitch_moment,1.425,594097.746065232,-324043.60776766035,22278.665477446197,-12151.635291287263,9.471718320143232,0.09351381953629956,9.378204500606936,0.0,0.0,0.0,0.0,0.0,684.1103454061225,399.3767517815152,766.868709664381,489.0148003608879,4618.607509229639,3262.9697150644442,18583.851451928767,41347700.07850135,20096917.206356898,1267797.0412124428,740127.185091842,41327634.426168695,20083244.4823001,7154.44724382156,3394.237791725019,207.5601930862687,109.56240688876449,advance_eq19_20,32.39500560985075,23.120861096536412,42.747070605741364,30.538760604952103,1.319557437975647,1.320831455084816,690.6987294891596,7.7538159499514e-15,a1_station_hull_matched_sweep_free_surface_marching_not_benchmark_validated,41,8,24,10,3.0,2,16,15.0,False,none,0.0,1.0,0.03,1.0,trapezoid,1.0,1.0,1.0,1.0,-1.0,1.0,1.0,True,False,True,3.0,11,9,40,True,True,True,True,A1_GRID_RECOMMENDED,"A1 Section 3.3 recommends control radius about 3B, inner free-surface panels greater than 10, outer/free-surface proxy panels greater than 8, and roughly 60 stations at Fn=0.2 or 40 at Fn=0.3."
42,st41_bp8_fs24_cp10_r3p0_h2_fsm_clipfs_onezonefs_noend_pr1p0_pl1p0_pf1p0_pm1p0_dt1p0_fv0p03_hr1p0_hqtrapezoid_hp1p0_hc1p0_ci1p0_cp1p0_cnm1p0_cd1p0_pg1p0,A55,OK,diagnostic_matched_wigley_sensitivity_not_hard_gate,wigley_iii,Fn0.4,0.4,2.1696064159197173,1.0,1.808005346599764,0.063,719.5500000000001,1,2,37,0.15,2.85,0.07499999999999998,-0.8636874999999999,0.8636874999999999,0.07262499999999991,0.07262500000000005,pitch,pitch_moment,1.35,54826.89572916949,-52512.96120490342,4112.017179687711,-3938.4720903677553,1.7482137111408522,-0.3002110974896553,2.048424808630507,10.345825175713658,-0.05659172920852812,10.40241690492219,0.0,10.345825175713658,425.54893445418134,300.03494693564033,619.0320647720804,371.90459191618385,3456.377327317361,2442.9016828250406,4069.013011405817,9083029.395876352,4852828.681986913,788629.6174513173,556026.4079320745,9048860.654407041,4852481.54720056,5552.822378130691,2573.758978374582,152.28947757589378,81.6099353942012,advance_eq19_20,24.740163014834994,17.541677184384568,32.63539596963951,23.291838151115403,1.3191261492525446,1.3277999535785308,467.1647912208976,6.039176538449163e-15,a1_station_hull_matched_sweep_free_surface_marching_not_benchmark_validated,41,8,24,10,3.0,2,16,15.0,False,none,0.0,1.0,0.03,1.0,trapezoid,1.0,1.0,1.0,1.0,-1.0,1.0,1.0,True,False,True,3.0,11,9,40,True,True,True,True,A1_GRID_RECOMMENDED,"A1 Section 3.3 recommends control radius about 3B, inner free-surface panels greater than 10, outer/free-surface proxy panels greater than 8, and roughly 60 stations at Fn=0.2 or 40 at Fn=0.3."
42,st41_bp8_fs24_cp10_r3p0_h2_fsm_clipfs_onezonefs_noend_pr1p0_pl1p0_pf1p0_pm1p0_dt1p0_fv0p03_hr1p0_hqtrapezoid_hp1p0_hc1p0_ci1p0_cp1p0_cnm1p0_cd1p0_pg1p0,A55,OK,diagnostic_matched_wigley_sensitivity_not_hard_gate,wigley_iii,Fn0.4,0.4,2.1696064159197173,1.0,1.808005346599764,0.063,719.5500000000001,2,3,36,0.22499999999999998,2.775,0.075,-0.8642343749999999,0.8642343749999999,0.07153124999999994,0.07153125000000006,pitch,pitch_moment,1.275,-227483.86944344838,150322.6408883905,-17061.290208258626,11274.198066629287,-7.253564410958054,0.2818145258398022,-7.535378936797858,7.593149825805057,-0.06579001503345469,7.658939840838514,0.0,7.593149825805057,228.39459499576733,132.61907868899524,423.378728029314,277.15754684964594,2651.301387826733,1871.2123668094455,3399.7469064357388,7571398.484073592,5266061.238913553,423262.11510900594,245770.4034141092,7560515.518223844,5260990.724172808,4079.8842259530106,1923.2721494276925,116.2522655290464,62.153398058751726,advance_eq19_20,18.928958979412393,13.436116145845306,24.917150952729315,17.666152231810607,1.3163508347093904,1.3148258053182509,461.5326042201192,6.929368541561151e-15,a1_station_hull_matched_sweep_free_surface_marching_not_benchmark_validated,41,8,24,10,3.0,2,16,15.0,False,none,0.0,1.0,0.03,1.0,trapezoid,1.0,1.0,1.0,1.0,-1.0,1.0,1.0,True,False,True,3.0,11,9,40,True,True,True,True,A1_GRID_RECOMMENDED,"A1 Section 3.3 recommends control radius about 3B, inner free-surface panels greater than 10, outer/free-surface proxy panels greater than 8, and roughly 60 stations at Fn=0.2 or 40 at Fn=0.3."
42,st41_bp8_fs24_cp10_r3p0_h2_fsm_clipfs_onezonefs_noend_pr1p0_pl1p0_pf1p0_pm1p0_dt1p0_fv0p03_hr1p0_hqtrapezoid_hp1p0_hc1p0_ci1p0_cp1p0_cnm1p0_cd1p0_pg1p0,A55,OK,diagnostic_matched_wigley_sensitivity_not_hard_gate,wigley_iii,Fn0.4,0.4,2.1696064159197173,1.0,1.808005346599764,0.063,719.5500000000001,3,4,35,0.3,2.7,0.07500000000000001,-0.8647499999999999,0.8647499999999999,0.0704999999999999,0.07050000000000001,pitch,pitch_moment,1.2,111696.1924558414,-52001.35379731177,8377.214434188107,-3900.1015347983835,3.5615515439376,0.15976518023508807,3.4017863637025125,5.747143392294828,0.15499983800399048,5.592143554290841,0.0,5.747143392294828,105.23453765502708,54.824675569534065,324.16068141888087,211.00954006370836,2010.7857212158904,1419.717989728268,1101.6714625491006,2459797.375132496,1495470.0967067422,195021.22189542424,101601.38921919794,2449948.310216742,1491065.8542672417,3136.4014267976845,1462.7631162811197,88.2765234564156,47.19036183583653,advance_eq19_20,14.4739544697097,10.275224126158964,19.05912652872458,13.527561590268265,1.3167877906905454,1.3165222893610082,463.56398367166815,9.631126842219611e-15,a1_station_hull_matched_sweep_free_surface_marching_not_benchmark_validated,41,8,24,10,3.0,2,16,15.0,False,none,0.0,1.0,0.03,1.0,trapezoid,1.0,1.0,1.0,1.0,-1.0,1.0,1.0,True,False,True,3.0,11,9,40,True,True,True,True,A1_GRID_RECOMMENDED,"A1 Section 3.3 recommends control radius about 3B, inner free-surface panels greater than 10, outer/free-surface proxy panels greater than 8, and roughly 60 stations at Fn=0.2 or 40 at Fn=0.3."
42,st41_bp8_fs24_cp10_r3p0_h2_fsm_clipfs_onezonefs_noend_pr1p0_pl1p0_pf1p0_pm1p0_dt1p0_fv0p03_hr1p0_hqtrapezoid_hp1p0_hc1p0_ci1p0_cp1p0_cnm1p0_cd1p0_pg1p0,A55,OK,diagnostic_matched_wigley_sensitivity_not_hard_gate,wigley_iii,Fn0.4,0.4,2.1696064159197173,1.0,1.808005346599764,0.063,719.5500000000001,4,5,34,0.375,2.625,0.07499999999999998,-0.8652343749999999,0.8652343749999999,0.06953124999999993,0.06953125000000009,pitch,pitch_moment,1.125,49763.21971107776,-20286.258020850764,3732.2414783308313,-1521.469351563807,1.5867530315625016,0.11248885033262884,1.4742641812298727,8.32129568004488,0.29112685328784893,8.030168826757032,0.0,8.32129568004488,64.80610262471758,32.0488858345706,246.27650616009254,160.22600961198145,1526.361450438035,1077.743093106467,414.7911733043768,932493.0707821405,509086.7605377827,120099.02453872695,59393.17086500581,922431.9306397442,504615.79912909237,2398.524311527696,1110.021148804634,66.97801805565976,35.814438383869586,advance_eq19_20,11.0641085317559,7.854744136676324,14.569228720774023,10.341993894835655,1.3168009586093468,1.3166557324949089,465.55753958209425,9.734420278716387e-15,a1_station_hull_matched_sweep_free_surface_marching_not_benchmark_validated,41,8,24,10,3.0,2,16,15.0,False,none,0.0,1.0,0.03,1.0,trapezoid,1.0,1.0,1.0,1.0,-1.0,1.0,1.0,True,False,True,3.0,11,9,40,True,True,True,True,A1_GRID_RECOMMENDED,"A1 Section 3.3 recommends control radius about 3B, inner free-surface panels greater than 10, outer/free-surface proxy panels greater than 8, and roughly 60 stations at Fn=0.2 or 40 at Fn=0.3."
42,st41_bp8_fs24_cp10_r3p0_h2_fsm_clipfs_onezonefs_noend_pr1p0_pl1p0_pf1p0_pm1p0_dt1p0_fv0p03_hr1p0_hqtrapezoid_hp1p0_hc1p0_ci1p0_cp1p0_cnm1p0_cd1p0_pg1p0,A55,OK,diagnostic_matched_wigley_sensitivity_not_hard_gate,wigley_iii,Fn0.4,0.4,2.1696064159197173,1.0,1.808005346599764,0.063,719.5500000000001,5,6,33,0.44999999999999996,2.55,0.07500000000000001,-0.8656874999999999,0.8656874999999999,0.06862499999999994,0.06862500000000005,pitch,pitch_moment,1.05,30639.4457562735,-11679.64684230658,2297.958431720513,-875.9735131729936,0.9769712193348928,0.08239367646724177,0.894577542867651,9.603157805493575,0.3885681166877842,9.214589688805793,0.0,9.603157805493575,43.28332755643848,20.792283225881558,186.84812754592573,121.62379889594665,1158.9392092472224,818.3076268725677,232.76100761680183,526041.2974252364,269395.29587067594,80212.8998316864,38532.373221420705,517624.7698888852,265648.6605038175,1832.2531090087107,842.1416872107209,50.81531754425977,27.182126567116082,advance_eq19_20,8.455275777903474,6.00319754080901,11.133494558353156,7.903244717011145,1.3167512037216793,1.316505855968564,467.4627559098952,6.022494235487844e-15,a1_station_hull_matched_sweep_free_surface_marching_not_benchmark_validated,41,8,24,10,3.0,2,16,15.0,False,none,0.0,1.0,0.03,1.0,trapezoid,1.0,1.0,1.0,1.0,-1.0,1.0,1.0,True,False,True,3.0,11,9,40,True,True,True,True,A1_GRID_RECOMMENDED,"A1 Section 3.3 recommends control radius about 3B, inner free-surface panels greater than 10, outer/free-surface proxy panels greater than 8, and roughly 60 stations at Fn=0.2 or 40 at Fn=0.3."
42,st41_bp8_fs24_cp10_r3p0_h2_fsm_clipfs_onezonefs_noend_pr1p0_pl1p0_pf1p0_pm1p0_dt1p0_fv0p03_hr1p0_hqtrapezoid_hp1p0_hc1p0_ci1p0_cp1p0_cnm1p0_cd1p0_pg1p0,A55,OK,diagnostic_matched_wigley_sensitivity_not_hard_gate,wigley_iii,Fn0.4,0.4,2.1696064159197173,1.0,1.808005346599764,0.063,719.5500000000001,6,7,32,0.525,2.475,0.07500000000000001,-0.866109375,0.866109375,0.0677812499999999,0.06778125000000006,pitch,pitch_moment,0.975,20497.80546862825,-7542.219260308195,1537.3354101471189,-565.6664445231147,0.6535942641284511,0.06078689045174197,0.5928073736767092,10.418440547225249,0.46015840014727616,9.958282147077973,0.0,10.418440547225249,29.964385647095174,14.136137303491155,141.7309088158697,92.32715583009907,880.1525652757863,621.4484486521294,147.87477497816676,335650.9289700912,165333.32469558396,55530.16369396343,26197.16712060489,328850.8120589479,162307.01806240962,1399.090486003224,638.9856058168461,38.560082022880955,20.634526286070308,advance_eq19_20,6.459707896756523,4.5873826392552015,8.50551728743158,6.038234636821013,1.3167030805993993,1.316270106868907,469.26868604625724,6.9813615180433055e-15,a1_station_hull_matched_sweep_free_surface_marching_not_benchmark_validated,41,8,24,10,3.0,2,16,15.0,False,none,0.0,1.0,0.03,1.0,trapezoid,1.0,1.0,1.0,1.0,-1.0,1.0,1.0,True,False,True,3.0,11,9,40,True,True,True,True,A1_GRID_RECOMMENDED,"A1 Section 3.3 recommends control radius about 3B, inner free-surface panels greater than 10, outer/free-surface proxy panels greater than 8, and roughly 60 stations at Fn=0.2 or 40 at Fn=0.3."
42,st41_bp8_fs24_cp10_r3p0_h2_fsm_clipfs_onezonefs_noend_pr1p0_pl1p0_pf1p0_pm1p0_dt1p0_fv0p03_hr1p0_hqtrapezoid_hp1p0_hc1p0_ci1p0_cp1p0_cnm1p0_cd1p0_pg1p0,A55,OK,diagnostic_matched_wigley_sensitivity_not_hard_gate,wigley_iii,Fn0.4,0.4,2.1696064159197173,1.0,1.808005346599764,0.063,719.5500000000001,7,8,31,0.6,2.4,0.07499999999999996,-0.8664999999999999,0.8664999999999998,0.06699999999999995,0.06700000000000006,pitch,pitch_moment,0.9,14108.02276383643,-5111.712993503981,1058.1017072877316,-383.37847451279833,0.44984926658366725,0.04473213017477461,0.40511713640889263,10.970162312581307,0.5129179104605344,10.457244402120773,0.0,10.970162312581307,21.13572218175123,9.851328440222035,107.52394530392293,70.10002107751372,668.568889684842,472.04385901783974,99.55866668309672,226875.79419811477,108952.24440433786,39168.8361765748,18256.53585330755,221403.2000459607,106520.63747109787,1068.092522145853,484.95255236054913,29.268922804293712,15.668165363741384,advance_eq19_20,4.933507795651337,3.5049524978086914,6.495838140193328,4.612539197154835,1.3166773843793484,1.316006194103518,470.9710640470017,7.011518899306142e-15,a1_station_hull_matched_sweep_free_surface_marching_not_benchmark_validated,41,8,24,10,3.0,2,16,15.0,False,none,0.0,1.0,0.03,1.0,trapezoid,1.0,1.0,1.0,1.0,-1.0,1.0,1.0,True,False,True,3.0,11,9,40,True,True,True,True,A1_GRID_RECOMMENDED,"A1 Section 3.3 recommends control radius about 3B, inner free-surface panels greater than 10, outer/free-surface proxy panels greater than 8, and roughly 60 stations at Fn=0.2 or 40 at Fn=0.3."
42,st41_bp8_fs24_cp10_r3p0_h2_fsm_clipfs_onezonefs_noend_pr1p0_pl1p0_pf1p0_pm1p0_dt1p0_fv0p03_hr1p0_hqtrapezoid_hp1p0_hc1p0_ci1p0_cp1p0_cnm1p0_cd1p0_pg1p0,A55,OK,diagnostic_matched_wigley_sensitivity_not_hard_gate,wigley_iii,Fn0.4,0.4,2.1696064159197173,1.0,1.808005346599764,0.063,719.5500000000001,8,9,30,0.6749999999999999,2.325,0.07500000000000001,-0.866859375,0.866859375,0.06628124999999993,0.06628125000000007,pitch,pitch_moment,0.8250000000000001,9792.645317006069,-3548.1754798789384,734.4483987754553,-266.1131609909204,0.31224888047821997,0.03269956549424326,0.2795493149839767,11.35121138611225,0.5516337582950432,10.799577627817207,0.0,11.35121138611225,15.056541386486572,6.9596112564862285,81.59640447298563,53.235852275401676,507.9509007669247,358.63006949988034,69.27999119390417,158495.1020022539,74774.4633638777,27902.865011270052,12897.589721032578,154068.07122388488,72811.42021602677,815.2742325242755,368.1548016222796,22.224128995414834,11.900568565608278,advance_eq19_20,3.7664948503525415,2.6775054697054577,4.959273876541926,3.522889005533696,1.3166814435117948,1.3157355028377349,472.56584172229344,8.332993542883607e-15,a1_station_hull_matched_sweep_free_surface_marching_not_benchmark_validated,41,8,24,10,3.0,2,16,15.0,False,none,0.0,1.0,0.03,1.0,trapezoid,1.0,1.0,1.0,1.0,-1.0,1.0,1.0,True,False,True,3.0,11,9,40,True,True,True,True,A1_GRID_RECOMMENDED,"A1 Section 3.3 recommends control radius about 3B, inner free-surface panels greater than 10, outer/free-surface proxy panels greater than 8, and roughly 60 stations at Fn=0.2 or 40 at Fn=0.3."
42,st41_bp8_fs24_cp10_r3p0_h2_fsm_clipfs_onezonefs_noend_pr1p0_pl1p0_pf1p0_pm1p0_dt1p0_fv0p03_hr1p0_hqtrapezoid_hp1p0_hc1p0_ci1p0_cp1p0_cnm1p0_cd1p0_pg1p0,A55,OK,diagnostic_matched_wigley_sensitivity_not_hard_gate,wigley_iii,Fn0.4,0.4,2.1696064159197173,1.0,1.808005346599764,0.063,719.5500000000001,9,10,29,0.75,2.25,0.07500000000000001,-0.8671874999999999,0.8671874999999999,0.06562499999999982,0.0656250000000001,pitch,pitch_moment,0.75,6789.645192442617,-2494.801722040757,509.22338943319636,-187.1101291530568,0.2164950369950401,0.02368431632090721,0.19281072067413296,11.615583344848881,0.5798256992026185,11.035757645646264,0.0,11.615583344848881,10.770808265489219,4.950484207435431,61.94274751510136,40.438526898534455,385.99318382164864,272.5173201379961,49.242358407596996,113119.43132083259,52669.975380866585,19960.520904485576,9174.264463183477,109507.45015454419,51071.573123461334,622.2151495859327,279.5729223900795,16.881415178332613,9.041740319170678,advance_eq19_20,2.8743335300175157,2.0450472915186095,3.784680377803863,2.690190193143746,1.3167158015168825,1.3154660062389398,474.0481182363453,7.039473647216199e-15,a1_station_hull_matched_sweep_free_surface_marching_not_benchmark_validated,41,8,24,10,3.0,2,16,15.0,False,none,0.0,1.0,0.03,1.0,trapezoid,1.0,1.0,1.0,1.0,-1.0,1.0,1.0,True,False,True,3.0,11,9,40,True,True,True,True,A1_GRID_RECOMMENDED,"A1 Section 3.3 recommends control radius about 3B, inner free-surface panels greater than 10, outer/free-surface proxy panels greater than 8, and roughly 60 stations at Fn=0.2 or 40 at Fn=0.3."
42,st41_bp8_fs24_cp10_r3p0_h2_fsm_clipfs_onezonefs_noend_pr1p0_pl1p0_pf1p0_pm1p0_dt1p0_fv0p03_hr1p0_hqtrapezoid_hp1p0_hc1p0_ci1p0_cp1p0_cnm1p0_cd1p0_pg1p0,A55,OK,diagnostic_matched_wigley_sensitivity_not_hard_gate,wigley_iii,Fn0.4,0.4,2.1696064159197173,1.0,1.808005346599764,0.063,719.5500000000001,10,11,28,0.825,2.175,0.07499999999999996,-0.8674843749999999,0.8674843749999999,0.06503124999999987,0.0650312500000001,pitch,pitch_moment,0.675,4674.58726808329,-1766.8008270562054,350.59404510624654,-132.51006202921533,0.14905417217775888,0.01695489362237851,0.1320992785553804,11.798357949435282,0.6001453041742614,11.198212645261021,0.0,11.798357949435282,7.702167475575072,3.5276274925553697,47.04144524690382,30.725189603079354,293.3686497028492,207.1185813989026,35.52213214418234,81972.67771082335,37781.73686998124,14273.6989756527,6537.418601536238,78995.77195234518,36466.89085976698,474.81338461230894,212.3733545053771,12.828483692811174,6.87194305494796,advance_eq19_20,2.1924790857203904,1.5616884909197621,2.88700260887209,2.0539310007543103,1.316775438212902,1.315198909831653,475.4122985160682,7.335950758321525e-15,a1_station_hull_matched_sweep_free_surface_marching_not_benchmark_validated,41,8,24,10,3.0,2,16,15.0,False,none,0.0,1.0,0.03,1.0,trapezoid,1.0,1.0,1.0,1.0,-1.0,1.0,1.0,True,False,True,3.0,11,9,40,True,True,True,True,A1_GRID_RECOMMENDED,"A1 Section 3.3 recommends control radius about 3B, inner free-surface panels greater than 10, outer/free-surface proxy panels greater than 8, and roughly 60 stations at Fn=0.2 or 40 at Fn=0.3."
42,st41_bp8_fs24_cp10_r3p0_h2_fsm_clipfs_onezonefs_noend_pr1p0_pl1p0_pf1p0_pm1p0_dt1p0_fv0p03_hr1p0_hqtrapezoid_hp1p0_hc1p0_ci1p0_cp1p0_cnm1p0_cd1p0_pg1p0,A55,OK,diagnostic_matched_wigley_sensitivity_not_hard_gate,wigley_iii,Fn0.4,0.4,2.1696064159197173,1.0,1.808005346599764,0.063,719.5500000000001,11,12,27,0.8999999999999999,2.1,0.07500000000000001,-0.8677499999999999,0.8677499999999999,0.06449999999999989,0.0645,pitch,pitch_moment,0.6000000000000001,3180.7878581979126,-1255.7978094538553,238.5590893648435,-94.18483570903916,0.10142279390393219,0.011958107816542345,0.08946468608738985,11.923596432476126,0.6146018048937218,11.308994627582406,0.0,11.923596432476126,5.482195107862649,2.506849041171999,35.74014918823279,23.350903264544584,223.0062899153672,157.44006233044726,25.910792363769165,60102.689542483124,27479.207488802534,10159.634017771708,4645.7063812964025,57621.62688784712,26385.49523298268,362.2869817426452,161.3808173733291,9.753118336031209,5.2246931350224015,advance_eq19_20,1.671535629675492,1.1923341634306797,2.2011599683035334,1.5678364328960817,1.316848967635145,1.314930395338985,476.65246731613325,6.239775190380459e-15,a1_station_hull_matched_sweep_free_surface_marching_not_benchmark_validated,41,8,24,10,3.0,2,16,15.0,False,none,0.0,1.0,0.03,1.0,trapezoid,1.0,1.0,1.0,1.0,-1.0,1.0,1.0,True,False,True,3.0,11,9,40,True,True,True,True,A1_GRID_RECOMMENDED,"A1 Section 3.3 recommends control radius about 3B, inner free-surface panels greater than 10, outer/free-surface proxy panels greater than 8, and roughly 60 stations at Fn=0.2 or 40 at Fn=0.3."
42,st41_bp8_fs24_cp10_r3p0_h2_fsm_clipfs_onezonefs_noend_pr1p0_pl1p0_pf1p0_pm1p0_dt1p0_fv0p03_hr1p0_hqtrapezoid_hp1p0_hc1p0_ci1p0_cp1p0_cnm1p0_cd1p0_pg1p0,A55,OK,diagnostic_matched_wigley_sensitivity_not_hard_gate,wigley_iii,Fn0.4,0.4,2.1696064159197173,1.0,1.808005346599764,0.063,719.5500000000001,12,13,26,0.975,2.025,0.07500000000000007,-0.8679843749999999,0.8679843749999999,0.06403124999999998,0.0640312500000001,pitch,pitch_moment,0.525,2128.6702439800556,-893.069347559114,159.6502682985043,-66.98020106693362,0.06787490806348176,0.008271423026807072,0.05960348503667467,12.008245283459834,0.6247165703153965,11.383528713144438,0.0,12.008245283459834,3.8664196519874996,1.7684198015417196,27.166579012879154,17.75108573474109,169.54414261288395,119.69501769156105,19.069181301059615,44500.79864541769,20214.505288033255,7165.2700880665925,3277.245267625831,42406.93354954312,19293.570873597077,276.39684107504246,122.67592150298225,7.41887934383815,3.97383720614293,advance_eq19_20,1.273700916878793,0.9101467130077423,1.6773582178092443,1.1965254235869784,1.3169168645333273,1.3146511507280476,477.76272938128045,5.3841442278711145e-15,a1_station_hull_matched_sweep_free_surface_marching_not_benchmark_validated,41,8,24,10,3.0,2,16,15.0,False,none,0.0,1.0,0.03,1.0,trapezoid,1.0,1.0,1.0,1.0,-1.0,1.0,1.0,True,False,True,3.0,11,9,40,True,True,True,True,A1_GRID_RECOMMENDED,"A1 Section 3.3 recommends control radius about 3B, inner free-surface panels greater than 10, outer/free-surface proxy panels greater than 8, and roughly 60 stations at Fn=0.2 or 40 at Fn=0.3."
42,st41_bp8_fs24_cp10_r3p0_h2_fsm_clipfs_onezonefs_noend_pr1p0_pl1p0_pf1p0_pm1p0_dt1p0_fv0p03_hr1p0_hqtrapezoid_hp1p0_hc1p0_ci1p0_cp1p0_cnm1p0_cd1p0_pg1p0,A55,OK,diagnostic_matched_wigley_sensitivity_not_hard_gate,wigley_iii,Fn0.4,0.4,2.1696064159197173,1.0,1.808005346599764,0.063,719.5500000000001,13,14,25,1.05,1.95,0.07500000000000001,-0.8681874999999999,0.8681874999999999,0.06362499999999982,0.0636250000000001,pitch,pitch_moment,0.44999999999999996,1392.5850679324622,-632.8911567675237,104.44388009493467,-47.46683675756429,0.04440405164858353,0.0055726800706593395,0.0388313715779242,12.064384763315866,0.6316386218641297,11.432746141451737,0.0,12.064384763315866,2.6892401640873946,1.2323851851041387,20.660465937371733,13.497779516014614,128.9150696926745,91.01122049382083,14.142303646221249,33243.669276177,15022.48092694324,4983.714609834857,2283.8629788320886,31450.313544894594,14236.073621410907,210.84846551460754,93.28983469791676,5.646670596214639,3.023757238153193,advance_eq19_20,0.9700440648173383,0.6946040035879201,1.2774990687687318,0.912948804605179,1.3169495233283943,1.314344288097127,478.7374711729425,5.187245065978815e-15,a1_station_hull_matched_sweep_free_surface_marching_not_benchmark_validated,41,8,24,10,3.0,2,16,15.0,False,none,0.0,1.0,0.03,1.0,trapezoid,1.0,1.0,1.0,1.0,-1.0,1.0,1.0,True,False,True,3.0,11,9,40,True,True,True,True,A1_GRID_RECOMMENDED,"A1 Section 3.3 recommends control radius about 3B, inner free-surface panels greater than 10, outer/free-surface proxy panels greater than 8, and roughly 60 stations at Fn=0.2 or 40 at Fn=0.3."
42,st41_bp8_fs24_cp10_r3p0_h2_fsm_clipfs_onezonefs_noend_pr1p0_pl1p0_pf1p0_pm1p0_dt1p0_fv0p03_hr1p0_hqtrapezoid_hp1p0_hc1p0_ci1p0_cp1p0_cnm1p0_cd1p0_pg1p0,A55,OK,diagnostic_matched_wigley_sensitivity_not_hard_gate,wigley_iii,Fn0.4,0.4,2.1696064159197173,1.0,1.808005346599764,0.063,719.5500000000001,14,15,24,1.125,1.875,0.07499999999999996,-0.8683593749999999,0.8683593749999999,0.06328124999999996,0.06328125000000007,pitch,pitch_moment,0.375,882.830058323805,-443.9697611234908,66.21225437428534,-33.29773208426179,0.02814997260090786,0.003617851327449669,0.024532121273458198,12.10066177544061,0.6362338875631842,11.464427887877429,0.0,12.10066177544061,1.838658383769897,0.8449851389424404,15.721910783549003,10.266507502556125,98.0331402531497,69.209452619574,10.563788273216282,25056.740116334244,11276.034572503348,3407.4117931371156,1565.9310902304087,23492.244384337206,10592.82696837948,160.83344843022812,70.97309179865198,4.300787772908365,2.3019558798575632,advance_eq19_20,0.7384209465521768,0.5300139660628849,0.9724312546331613,0.6964286732588149,1.3169063786362258,1.3139817398249187,479.5715522185469,4.428622040432533e-15,a1_station_hull_matched_sweep_free_surface_marching_not_benchmark_validated,41,8,24,10,3.0,2,16,15.0,False,none,0.0,1.0,0.03,1.0,trapezoid,1.0,1.0,1.0,1.0,-1.0,1.0,1.0,True,False,True,3.0,11,9,40,True,True,True,True,A1_GRID_RECOMMENDED,"A1 Section 3.3 recommends control radius about 3B, inner free-surface panels greater than 10, outer/free-surface proxy panels greater than 8, and roughly 60 stations at Fn=0.2 or 40 at Fn=0.3."
42,st41_bp8_fs24_cp10_r3p0_h2_fsm_clipfs_onezonefs_noend_pr1p0_pl1p0_pf1p0_pm1p0_dt1p0_fv0p03_hr1p0_hqtrapezoid_hp1p0_hc1p0_ci1p0_cp1p0_cnm1p0_cd1p0_pg1p0,A55,OK,diagnostic_matched_wigley_sensitivity_not_hard_gate,wigley_iii,Fn0.4,0.4,2.1696064159197173,1.0,1.808005346599764,0.063,719.5500000000001,15,16,23,1.2,1.8,0.07499999999999996,-0.8684999999999999,0.8684999999999998,0.06299999999999994,0.06300000000000008,pitch,pitch_moment,0.30000000000000004,534.7662581872834,-304.5669682822889,40.10746936404623,-22.842522621171653,0.01705158923161705,0.0022235903909073817,0.014827998840709667,12.123262556356872,0.6391546084223627,11.484107947934513,0.0,12.123262556356872,1.2428919950901742,0.571311000843909,11.972301590801196,7.811174513525659,74.55615790733675,52.635767838927734,7.948204172259429,19073.220510894418,8555.44698624864,2303.33425667831,1058.7566776994759,17675.586636353273,7948.560381096282,122.67875715259159,54.02068668658218,3.2783658012592545,1.753445718878491,advance_eq19_20,0.5618779794073975,0.40437835525005406,0.7398460610111572,0.5311587703186302,1.3167379540153175,1.3135192905915536,480.2604432484979,4.256872908785632e-15,a1_station_hull_matched_sweep_free_surface_marching_not_benchmark_validated,41,8,24,10,3.0,2,16,15.0,False,none,0.0,1.0,0.03,1.0,trapezoid,1.0,1.0,1.0,1.0,-1.0,1.0,1.0,True,False,True,3.0,11,9,40,True,True,True,True,A1_GRID_RECOMMENDED,"A1 Section 3.3 recommends control radius about 3B, inner free-surface panels greater than 10, outer/free-surface proxy panels greater than 8, and roughly 60 stations at Fn=0.2 or 40 at Fn=0.3."
42,st41_bp8_fs24_cp10_r3p0_h2_fsm_clipfs_onezonefs_noend_pr1p0_pl1p0_pf1p0_pm1p0_dt1p0_fv0p03_hr1p0_hqtrapezoid_hp1p0_hc1p0_ci1p0_cp1p0_cnm1p0_cd1p0_pg1p0,A55,OK,diagnostic_matched_wigley_sensitivity_not_hard_gate,wigley_iii,Fn0.4,0.4,2.1696064159197173,1.0,1.808005346599764,0.063,719.5500000000001,16,17,22,1.275,1.725,0.07499999999999996,-0.8686093749999999,0.8686093749999999,0.0627812499999999,0.06278125000000001,pitch,pitch_moment,0.2250000000000001,301.6843586515519,-199.50164806419173,22.62632689886638,-14.96262360481437,0.00961952569477284,0.001253253000471752,0.008366272694301086,12.136598113820067,0.6408930301180523,11.49570508370202,0.0,12.136598113820067,0.8644368645653512,0.3919669318578489,9.124773701327275,5.945070936247874,56.7058471453486,40.03448119225375,6.0279362279112245,14692.313652733375,6573.64054989172,1601.9791347553933,726.3952662015287,13405.205342701869,6018.805731266279,93.57879342649098,41.13980764784466,2.501401371255953,1.3365048619101147,advance_eq19_20,0.42743059514522075,0.3085232108011951,0.5626666820183758,0.4050574798615075,1.3163930902681595,1.3128914314408477,480.80032593830697,3.118823684804099e-15,a1_station_hull_matched_sweep_free_surface_marching_not_benchmark_validated,41,8,24,10,3.0,2,16,15.0,False,none,0.0,1.0,0.03,1.0,trapezoid,1.0,1.0,1.0,1.0,-1.0,1.0,1.0,True,False,True,3.0,11,9,40,True,True,True,True,A1_GRID_RECOMMENDED,"A1 Section 3.3 recommends control radius about 3B, inner free-surface panels greater than 10, outer/free-surface proxy panels greater than 8, and roughly 60 stations at Fn=0.2 or 40 at Fn=0.3."
42,st41_bp8_fs24_cp10_r3p0_h2_fsm_clipfs_onezonefs_noend_pr1p0_pl1p0_pf1p0_pm1p0_dt1p0_fv0p03_hr1p0_hqtrapezoid_hp1p0_hc1p0_ci1p0_cp1p0_cnm1p0_cd1p0_pg1p0,A55,OK,diagnostic_matched_wigley_sensitivity_not_hard_gate,wigley_iii,Fn0.4,0.4,2.1696064159197173,1.0,1.808005346599764,0.063,719.5500000000001,17,18,21,1.3499999999999999,1.6500000000000001,0.07500000000000007,-0.8686874999999998,0.8686875,0.0626249999999999,0.06262500000000004,pitch,pitch_moment,0.15000000000000013,149.87125392388364,-118.19514915773644,11.240344044291284,-8.864636186830241,0.004778803861335717,0.0006056845061432792,0.004173119355192438,12.143797278598122,0.6418224988713598,11.501974779726766,0.0,12.143797278598122,0.6871518355994302,0.299243691913029,6.961880793415136,4.526489461331903,43.13161317922622,30.451938235531102,4.614278643637145,11491.225915118546,5130.912396810061,1273.433547506852,554.5600497878843,10261.447763828393,4605.273792379892,71.390709716176,31.349777751511144,1.9107184995321203,1.019463991890683,advance_eq19_20,0.32512980884996784,0.23543307375506398,0.4278165055394511,0.30889020575544773,1.315832919327518,1.312008550153008,481.18816478284884,2.4855466280604184e-15,a1_station_hull_matched_sweep_free_surface_marching_not_benchmark_validated,41,8,24,10,3.0,2,16,15.0,False,none,0.0,1.0,0.03,1.0,trapezoid,1.0,1.0,1.0,1.0,-1.0,1.0,1.0,True,False,True,3.0,11,9,40,True,True,True,True,A1_GRID_RECOMMENDED,"A1 Section 3.3 recommends control radius about 3B, inner free-surface panels greater than 10, outer/free-surface proxy panels greater than 8, and roughly 60 stations at Fn=0.2 or 40 at Fn=0.3."
42,st41_bp8_fs24_cp10_r3p0_h2_fsm_clipfs_onezonefs_noend_pr1p0_pl1p0_pf1p0_pm1p0_dt1p0_fv0p03_hr1p0_hqtrapezoid_hp1p0_hc1p0_ci1p0_cp1p0_cnm1p0_cd1p0_pg1p0,A55,OK,diagnostic_matched_wigley_sensitivity_not_hard_gate,wigley_iii,Fn0.4,0.4,2.1696064159197173,1.0,1.808005346599764,0.063,719.5500000000001,18,19,20,1.425,1.575,0.07500000000000007,-0.8687343749999998,0.868734375,0.06253124999999993,0.06253125000000004,pitch,pitch_moment,0.07499999999999996,55.087972672425174,-53.345565434582845,4.131597950431892,-4.000917407593717,0.0017565384263338664,0.00020629257096524997,0.0015502458553686162,12.147064949741956,0.6422284874099141,11.504836462332046,0.0,12.147064949741956,0.669974313313358,0.2803055558813599,5.318734408511724,3.447844361482909,32.807392344393236,23.163659703816396,3.5725666269558682,9168.09166675268,4086.209640673517,1241.6000690689332,519.4637923079956,7944.840062022717,3567.878912830553,54.47828822657531,23.906428426142003,1.4614127928625233,0.7782773723096753,advance_eq19_20,0.247350570594129,0.179740789645857,0.3252785602623573,0.2355975894458959,1.3150507778536653,1.310763071143136,481.4217579468673,2.410840667952322e-15,a1_station_hull_matched_sweep_free_surface_marching_not_benchmark_validated,41,8,24,10,3.0,2,16,15.0,False,none,0.0,1.0,0.03,1.0,trapezoid,1.0,1.0,1.0,1.0,-1.0,1.0,1.0,True,False,True,3.0,11,9,40,True,True,True,True,A1_GRID_RECOMMENDED,"A1 Section 3.3 recommends control radius about 3B, inner free-surface panels greater than 10, outer/free-surface proxy panels greater than 8, and roughly 60 stations at Fn=0.2 or 40 at Fn=0.3."
42,st41_bp8_fs24_cp10_r3p0_h2_fsm_clipfs_onezonefs_noend_pr1p0_pl1p0_pf1p0_pm1p0_dt1p0_fv0p03_hr1p0_hqtrapezoid_hp1p0_hc1p0_ci1p0_cp1p0_cnm1p0_cd1p0_pg1p0,A55,OK,diagnostic_matched_wigley_sensitivity_not_hard_gate,wigley_iii,Fn0.4,0.4,2.1696064159197173,1.0,1.808005346599764,0.063,719.5500000000001,19,20,19,1.5,1.5,0.07499999999999996,-0.8687499999999999,0.8687499999999999,0.062499999999999944,0.06250000000000003,pitch,pitch_moment,0.0,0.0,0.0,0.0,0.0,0.0,0.0,0.0,12.147943218955122,0.6423316336953968,11.50561158525973,0.0,12.147943218955122,0.7329994756311523,0.3032277645265533,4.070232899553635,2.6274173982632227,24.953340885593825,17.619032009972695,2.8080166342150052,7508.245583845882,3339.4449386842166,1358.3986452708455,561.9433549890401,6244.598178242219,2807.9722666660873,41.59251811223693,18.244772726355226,1.1193919728566035,0.5946789591928712,advance_eq19_20,0.18825053097497943,0.13733675994845707,0.24737860291045696,0.17978094310889528,1.3140924576905246,1.3090518749413316,481.49977128544,1.710996874782742e-15,a1_station_hull_matched_sweep_free_surface_marching_not_benchmark_validated,41,8,24,10,3.0,2,16,15.0,False,none,0.0,1.0,0.03,1.0,trapezoid,1.0,1.0,1.0,1.0,-1.0,1.0,1.0,True,False,True,3.0,11,9,40,True,True,True,True,A1_GRID_RECOMMENDED,"A1 Section 3.3 recommends control radius about 3B, inner free-surface panels greater than 10, outer/free-surface proxy panels greater than 8, and roughly 60 stations at Fn=0.2 or 40 at Fn=0.3."
42,st41_bp8_fs24_cp10_r3p0_h2_fsm_clipfs_onezonefs_noend_pr1p0_pl1p0_pf1p0_pm1p0_dt1p0_fv0p03_hr1p0_hqtrapezoid_hp1p0_hc1p0_ci1p0_cp1p0_cnm1p0_cd1p0_pg1p0,A55,OK,diagnostic_matched_wigley_sensitivity_not_hard_gate,wigley_iii,Fn0.4,0.4,2.1696064159197173,1.0,1.808005346599764,0.063,719.5500000000001,20,21,18,1.575,1.425,0.07499999999999996,-0.8687343749999998,0.868734375,0.06253124999999993,0.06253125000000004,pitch,pitch_moment,-0.07499999999999996,-27.84509430776328,45.19413934681758,-2.088382073082245,3.389560451011316,-0.0008878703601477681,-5.4159500523674984e-05,-0.000833710859624093,12.147499283775048,0.642304553945135,11.505194729829919,0.0,12.147499283775048,0.8169468225424255,0.339326057991626,3.1214855492065174,2.0031350395608305,18.976618202076413,13.399488659458886,2.2509561501115494,6349.367284802395,2816.2550718490247,1513.9703286205038,628.8409102667184,5005.781127866862,2253.9746917690377,31.780838377350335,13.935881536771852,0.8587452164531838,0.4547823586085666,advance_eq19_20,0.14347286909692322,0.10509764107228037,0.18835231081097573,0.13732950152490495,1.31280786392955,1.3066849086599126,481.4217579468676,1.103520466020159e-15,a1_station_hull_matched_sweep_free_surface_marching_not_benchmark_validated,41,8,24,10,3.0,2,16,15.0,False,none,0.0,1.0,0.03,1.0,trapezoid,1.0,1.0,1.0,1.0,-1.0,1.0,1.0,True,False,True,3.0,11,9,40,True,True,True,True,A1_GRID_RECOMMENDED,"A1 Section 3.3 recommends control radius about 3B, inner free-surface panels greater than 10, outer/free-surface proxy panels greater than 8, and roughly 60 stations at Fn=0.2 or 40 at Fn=0.3."
42,st41_bp8_fs24_cp10_r3p0_h2_fsm_clipfs_onezonefs_noend_pr1p0_pl1p0_pf1p0_pm1p0_dt1p0_fv0p03_hr1p0_hqtrapezoid_hp1p0_hc1p0_ci1p0_cp1p0_cnm1p0_cd1p0_pg1p0,A55,OK,diagnostic_matched_wigley_sensitivity_not_hard_gate,wigley_iii,Fn0.4,0.4,2.1696064159197173,1.0,1.808005346599764,0.063,719.5500000000001,21,22,17,1.65,1.35,0.07499999999999996,-0.8686874999999998,0.8686875,0.0626249999999999,0.06262500000000004,pitch,pitch_moment,-0.1499999999999999,-37.192139400640286,84.3680363026381,-2.78941045504802,6.327602722697854,-0.0011859108049458438,1.2935476216763716e-05,-0.0011988462811626075,12.1464623931925,0.6422839419329813,11.504178451259525,0.0,12.1464623931925,0.8977199528297071,0.3756498669869465,2.400409168944244,1.5277994452176897,14.426256748211706,10.18663176985185,1.845417398801564,5555.841689071882,2457.0829786006307,1663.659536327033,696.1563921609368,4103.925164201993,1850.740500519769,24.316522167812554,10.653685809377722,0.6597810473514294,0.34803216706566675,advance_eq19_20,0.10971546827142972,0.08065506004757407,0.14382867238030575,0.10511903585366493,1.310924290315035,1.3033160695889492,481.18816478284884,1.1118028664949201e-15,a1_station_hull_matched_sweep_free_surface_marching_not_benchmark_validated,41,8,24,10,3.0,2,16,15.0,False,none,0.0,1.0,0.03,1.0,trapezoid,1.0,1.0,1.0,1.0,-1.0,1.0,1.0,True,False,True,3.0,11,9,40,True,True,True,True,A1_GRID_RECOMMENDED,"A1 Section 3.3 recommends control radius about 3B, inner free-surface panels greater than 10, outer/free-surface proxy panels greater than 8, and roughly 60 stations at Fn=0.2 or 40 at Fn=0.3."
42,st41_bp8_fs24_cp10_r3p0_h2_fsm_clipfs_onezonefs_noend_pr1p0_pl1p0_pf1p0_pm1p0_dt1p0_fv0p03_hr1p0_hqtrapezoid_hp1p0_hc1p0_ci1p0_cp1p0_cnm1p0_cd1p0_pg1p0,A55,OK,diagnostic_matched_wigley_sensitivity_not_hard_gate,wigley_iii,Fn0.4,0.4,2.1696064159197173,1.0,1.808005346599764,0.063,719.5500000000001,22,23,16,1.7249999999999999,1.2750000000000001,0.07499999999999996,-0.8686093749999999,0.8686093749999999,0.0627812499999999,0.06278125000000001,pitch,pitch_moment,-0.22499999999999987,-34.03335611514074,118.68898446482405,-2.552501708635554,8.901673834861798,-0.0010851896501770017,0.0001769346361328211,-0.0012621242863098223,12.14532684296494,0.6423788769891562,11.502947965975789,0.0,12.14532684296494,0.9683965557531582,0.40820543778163054,1.8521712423777992,1.1655153186956106,10.959287412021073,7.738312037118388,1.5499438364537563,5022.010872525475,2215.6706419172756,1794.6378041912692,756.4885543707924,3446.837294182423,1557.550015205143,18.64593569770589,8.150247513979108,0.5075544682073707,0.2664145644856813,advance_eq19_20,0.08434829708937999,0.06218623148045609,0.11036816316541331,0.08075637888852698,1.308481225749718,1.2986215270804295,480.80032593830697,7.91698562790842e-16,a1_station_hull_matched_sweep_free_surface_marching_not_benchmark_validated,41,8,24,10,3.0,2,16,15.0,False,none,0.0,1.0,0.03,1.0,trapezoid,1.0,1.0,1.0,1.0,-1.0,1.0,1.0,True,False,True,3.0,11,9,40,True,True,True,True,A1_GRID_RECOMMENDED,"A1 Section 3.3 recommends control radius about 3B, inner free-surface panels greater than 10, outer/free-surface proxy panels greater than 8, and roughly 60 stations at Fn=0.2 or 40 at Fn=0.3."
42,st41_bp8_fs24_cp10_r3p0_h2_fsm_clipfs_onezonefs_noend_pr1p0_pl1p0_pf1p0_pm1p0_dt1p0_fv0p03_hr1p0_hqtrapezoid_hp1p0_hc1p0_ci1p0_cp1p0_cnm1p0_cd1p0_pg1p0,A55,OK,diagnostic_matched_wigley_sensitivity_not_hard_gate,wigley_iii,Fn0.4,0.4,2.1696064159197173,1.0,1.808005346599764,0.063,719.5500000000001,23,24,15,1.7999999999999998,1.2000000000000002,0.07500000000000007,-0.8684999999999999,0.8684999999999998,0.06299999999999994,0.06300000000000008,pitch,pitch_moment,-0.2999999999999998,-22.573653423647706,148.71436942493733,-1.6930240067735793,11.15357770687031,-0.0007197848774933803,0.0004175105994294368,-0.001137295476922817,12.144424355701105,0.6426760996069373,11.501748256094173,0.0,12.144424355701105,1.028336069626163,0.43637957130449273,1.435082405641979,0.889001581485459,8.314966542333709,5.870436668996938,1.3350012700760878,4669.23146477682,2056.9806644376476,1905.7180397851268,808.7010130170717,2968.838003838503,1344.8714638343968,14.348614998448637,6.237238774215002,0.3907205865548083,0.20384420984846777,advance_eq19_20,0.06533160211416199,0.048293464595103926,0.08531128905626194,0.06241249621297254,1.3058196385140988,1.2923590538853165,480.2604432484979,7.604940768708932e-16,a1_station_hull_matched_sweep_free_surface_marching_not_benchmark_validated,41,8,24,10,3.0,2,16,15.0,False,none,0.0,1.0,0.03,1.0,trapezoid,1.0,1.0,1.0,1.0,-1.0,1.0,1.0,True,False,True,3.0,11,9,40,True,True,True,True,A1_GRID_RECOMMENDED,"A1 Section 3.3 recommends control radius about 3B, inner free-surface panels greater than 10, outer/free-surface proxy panels greater than 8, and roughly 60 stations at Fn=0.2 or 40 at Fn=0.3."
42,st41_bp8_fs24_cp10_r3p0_h2_fsm_clipfs_onezonefs_noend_pr1p0_pl1p0_pf1p0_pm1p0_dt1p0_fv0p03_hr1p0_hqtrapezoid_hp1p0_hc1p0_ci1p0_cp1p0_cnm1p0_cd1p0_pg1p0,A55,OK,diagnostic_matched_wigley_sensitivity_not_hard_gate,wigley_iii,Fn0.4,0.4,2.1696064159197173,1.0,1.808005346599764,0.063,719.5500000000001,24,25,14,1.875,1.125,0.07500000000000007,-0.8683593749999999,0.8683593749999999,0.06328124999999996,0.06328125000000007,pitch,pitch_moment,-0.375,-5.782394583006553,174.58623285857686,-0.43367959372549186,13.093967464393277,-0.00018437778318097352,0.0007165707448835286,-0.0009009485280645023,12.143972274370766,0.6432431402790939,11.50072913409168,0.0,12.143972274370766,1.0788017371625067,0.4606281060673751,1.1174538193416796,0.677558754876986,6.2954058500653,4.443294377235396,1.1779295472821643,4437.672672632966,1954.3580243948916,1999.2412914286986,853.6385305280357,2619.534590866911,1190.2481372136772,11.10654973362392,4.77187635290148,0.3006916543936219,0.15571298453018018,advance_eq19_20,0.051074257775282975,0.03789669724282577,0.06658761307627087,0.04868250477618056,1.3037411795437872,1.2846107528643977,479.5715522185469,6.952519214366845e-16,a1_station_hull_matched_sweep_free_surface_marching_not_benchmark_validated,41,8,24,10,3.0,2,16,15.0,False,none,0.0,1.0,0.03,1.0,trapezoid,1.0,1.0,1.0,1.0,-1.0,1.0,1.0,True,False,True,3.0,11,9,40,True,True,True,True,A1_GRID_RECOMMENDED,"A1 Section 3.3 recommends control radius about 3B, inner free-surface panels greater than 10, outer/free-surface proxy panels greater than 8, and roughly 60 stations at Fn=0.2 or 40 at Fn=0.3."
42,st41_bp8_fs24_cp10_r3p0_h2_fsm_clipfs_onezonefs_noend_pr1p0_pl1p0_pf1p0_pm1p0_dt1p0_fv0p03_hr1p0_hqtrapezoid_hp1p0_hc1p0_ci1p0_cp1p0_cnm1p0_cd1p0_pg1p0,A55,OK,diagnostic_matched_wigley_sensitivity_not_hard_gate,wigley_iii,Fn0.4,0.4,2.1696064159197173,1.0,1.808005346599764,0.063,719.5500000000001,25,26,13,1.95,1.05,0.07499999999999996,-0.8681874999999999,0.8681874999999999,0.0636249999999999,0.06362500000000004,pitch,pitch_moment,-0.44999999999999996,14.214952726903954,196.16633505565207,1.066121454517796,14.712475129173896,0.00045325884184924223,0.001057012467066561,-0.0006037536252173186,12.1441067149001,0.644129931885069,11.499976783015038,0.0,12.1441067149001,1.1214177351970191,0.4816585989069927,0.8750765878991954,0.5154373414863064,4.749991671342409,3.3505560659918605,1.0613248279931866,4283.736906545845,1888.3375626245875,2078.217492533209,892.612355111084,2360.2235850936304,1076.564684210473,8.67878205961583,3.645597805110287,0.23094729127099448,0.11852064567428026,advance_eq19_20,0.04033219835276982,0.030151146139448904,0.05257547940105505,0.03847541022906198,1.3035609648945512,1.2760844994453409,478.73747117294215,5.773813226360938e-16,a1_station_hull_matched_sweep_free_surface_marching_not_benchmark_validated,41,8,24,10,3.0,2,16,15.0,False,none,0.0,1.0,0.03,1.0,trapezoid,1.0,1.0,1.0,1.0,-1.0,1.0,1.0,True,False,True,3.0,11,9,40,True,True,True,True,A1_GRID_RECOMMENDED,"A1 Section 3.3 recommends control radius about 3B, inner free-surface panels greater than 10, outer/free-surface proxy panels greater than 8, and roughly 60 stations at Fn=0.2 or 40 at Fn=0.3."
42,st41_bp8_fs24_cp10_r3p0_h2_fsm_clipfs_onezonefs_noend_pr1p0_pl1p0_pf1p0_pm1p0_dt1p0_fv0p03_hr1p0_hqtrapezoid_hp1p0_hc1p0_ci1p0_cp1p0_cnm1p0_cd1p0_pg1p0,A55,OK,diagnostic_matched_wigley_sensitivity_not_hard_gate,wigley_iii,Fn0.4,0.4,2.1696064159197173,1.0,1.808005346599764,0.063,719.5500000000001,26,27,12,2.025,0.9750000000000001,0.07500000000000007,-0.8679843749999999,0.8679843749999999,0.06403124999999998,0.0640312500000001,pitch,pitch_moment,-0.5249999999999999,35.81711264347093,213.17347130251113,2.686283448260322,15.988010347688348,0.0011420666186555371,0.0014217870027486866,-0.00027972038409314933,12.144904377630354,0.6453693316199764,11.499535046010383,0.0,12.144904377630354,1.1576092817907055,0.5001376882962806,0.6895743469318268,0.3907724895479639,3.5652363582370823,2.5121115322644094,0.9723995133642187,4177.580807369331,1845.5996362154312,2145.287865019886,926.8579048376145,2162.467328608025,991.3406021529664,6.883723748603911,2.7767403856025457,0.17660976865155673,0.089646401639189,advance_eq19_20,0.03213901404541026,0.024384518306538417,0.042004675520336716,0.030929759411119497,1.3069683924026712,1.2684178962364843,477.76272938128045,4.477903667893423e-16,a1_station_hull_matched_sweep_free_surface_marching_not_benchmark_validated,41,8,24,10,3.0,2,16,15.0,False,none,0.0,1.0,0.03,1.0,trapezoid,1.0,1.0,1.0,1.0,-1.0,1.0,1.0,True,False,True,3.0,11,9,40,True,True,True,True,A1_GRID_RECOMMENDED,"A1 Section 3.3 recommends control radius about 3B, inner free-surface panels greater than 10, outer/free-surface proxy panels greater than 8, and roughly 60 stations at Fn=0.2 or 40 at Fn=0.3."
42,st41_bp8_fs24_cp10_r3p0_h2_fsm_clipfs_onezonefs_noend_pr1p0_pl1p0_pf1p0_pm1p0_dt1p0_fv0p03_hr1p0_hqtrapezoid_hp1p0_hc1p0_ci1p0_cp1p0_cnm1p0_cd1p0_pg1p0,A55,OK,diagnostic_matched_wigley_sensitivity_not_hard_gate,wigley_iii,Fn0.4,0.4,2.1696064159197173,1.0,1.808005346599764,0.063,719.5500000000001,27,28,11,2.1,0.8999999999999999,0.07499999999999996,-0.8677499999999999,0.8677499999999999,0.06449999999999989,0.06450000000000003,pitch,pitch_moment,-0.6000000000000001,57.78122547942659,225.2315882749573,4.333591910956992,16.892369120621787,0.0018424156481270987,0.0017935158669785724,4.8899781148526486e-05,12.146396618763745,0.6469769830548401,11.499419635708911,0.0,12.146396618763745,1.1885209597962092,0.5166439475413205,0.5466787700424278,0.2944381980162241,2.6537878617500206,1.8663028014532166,0.9016717903649808,4098.897181974381,1817.1214337665838,2202.573556103865,957.4473949291933,2005.1797239654227,925.3604498021666,5.579070469011796,2.1025091691577478,0.13393166512928106,0.06707408318126189,advance_eq19_20,0.025759388188645184,0.02005725221788715,0.03389238672296023,0.025351386538513123,1.3157294915063276,1.2639511266605423,476.6524673161357,4.2984466711981046e-16,a1_station_hull_matched_sweep_free_surface_marching_not_benchmark_validated,41,8,24,10,3.0,2,16,15.0,False,none,0.0,1.0,0.03,1.0,trapezoid,1.0,1.0,1.0,1.0,-1.0,1.0,1.0,True,False,True,3.0,11,9,40,True,True,True,True,A1_GRID_RECOMMENDED,"A1 Section 3.3 recommends control radius about 3B, inner free-surface panels greater than 10, outer/free-surface proxy panels greater than 8, and roughly 60 stations at Fn=0.2 or 40 at Fn=0.3."
42,st41_bp8_fs24_cp10_r3p0_h2_fsm_clipfs_onezonefs_noend_pr1p0_pl1p0_pf1p0_pm1p0_dt1p0_fv0p03_hr1p0_hqtrapezoid_hp1p0_hc1p0_ci1p0_cp1p0_cnm1p0_cd1p0_pg1p0,A55,OK,diagnostic_matched_wigley_sensitivity_not_hard_gate,wigley_iii,Fn0.4,0.4,2.1696064159197173,1.0,1.808005346599764,0.063,719.5500000000001,28,29,10,2.175,0.8250000000000002,0.07499999999999996,-0.8674843749999999,0.8674843749999999,0.06503124999999987,0.0650312500000001,pitch,pitch_moment,-0.6749999999999998,78.928977932176,232.08331280184595,5.919673344913196,17.406248460138436,0.0025167341610762015,0.002153915999963659,0.0003628181611125427,12.14857619366835,0.6489506989883113,11.499625494680043,0.0,12.14857619366835,1.2148886056778747,0.5316144644456451,0.43590330468509025,0.21982836027178415,1.9524054732442597,1.3684968220084772,0.8434569463115462,4035.755241442872,1797.8096753136251,2251.438221953448,985.1908388986838,1875.7188423263228,873.2867854087276,4.654278477070382,2.073028298968549,0.10027891020021185,0.049379115377344615,advance_eq19_20,0.020653748573959352,0.01673596304587963,0.027499927755942094,0.021177605096405604,1.3314739286898523,1.2653950679951758,475.4122985160682,2.925503780309105e-16,a1_station_hull_matched_sweep_free_surface_marching_not_benchmark_validated,41,8,24,10,3.0,2,16,15.0,False,none,0.0,1.0,0.03,1.0,trapezoid,1.0,1.0,1.0,1.0,-1.0,1.0,1.0,True,False,True,3.0,11,9,40,True,True,True,True,A1_GRID_RECOMMENDED,"A1 Section 3.3 recommends control radius about 3B, inner free-surface panels greater than 10, outer/free-surface proxy panels greater than 8, and roughly 60 stations at Fn=0.2 or 40 at Fn=0.3."
42,st41_bp8_fs24_cp10_r3p0_h2_fsm_clipfs_onezonefs_noend_pr1p0_pl1p0_pf1p0_pm1p0_dt1p0_fv0p03_hr1p0_hqtrapezoid_hp1p0_hc1p0_ci1p0_cp1p0_cnm1p0_cd1p0_pg1p0,A55,OK,diagnostic_matched_wigley_sensitivity_not_hard_gate,wigley_iii,Fn0.4,0.4,2.1696064159197173,1.0,1.808005346599764,0.063,719.5500000000001,29,30,9,2.25,0.75,0.07499999999999996,-0.8671874999999999,0.8671874999999999,0.06562499999999982,0.0656250000000001,pitch,pitch_moment,-0.75,98.26546226426495,233.4563847588317,7.369909669819867,17.509228856912365,0.003133298469250835,0.0024845635614022324,0.0006487349078486036,12.15140120998351,0.6512699387689941,11.500131271214524,0.0,12.15140120998351,1.2373779914078975,0.5455163030776986,0.348574364557746,0.16142179970673998,1.4081564784341176,0.9812611117575767,0.7935093918335093,3979.738101241388,1784.2756653570932,2293.115674836114,1010.9538024373617,1764.643144304898,831.2006528371357,4.008351541243544,2.097546244520206,0.07339909591960056,0.03533647984478554,advance_eq19_20,0.016446138502281042,0.014086348093460259,0.022296546964200633,0.01795675270031945,1.3557314357475556,1.2747628115661909,474.0481182363453,3.495728068834028e-16,a1_station_hull_matched_sweep_free_surface_marching_not_benchmark_validated,41,8,24,10,3.0,2,16,15.0,False,none,0.0,1.0,0.03,1.0,trapezoid,1.0,1.0,1.0,1.0,-1.0,1.0,1.0,True,False,True,3.0,11,9,40,True,True,True,True,A1_GRID_RECOMMENDED,"A1 Section 3.3 recommends control radius about 3B, inner free-surface panels greater than 10, outer/free-surface proxy panels greater than 8, and roughly 60 stations at Fn=0.2 or 40 at Fn=0.3."
42,st41_bp8_fs24_cp10_r3p0_h2_fsm_clipfs_onezonefs_noend_pr1p0_pl1p0_pf1p0_pm1p0_dt1p0_fv0p03_hr1p0_hqtrapezoid_hp1p0_hc1p0_ci1p0_cp1p0_cnm1p0_cd1p0_pg1p0,A55,OK,diagnostic_matched_wigley_sensitivity_not_hard_gate,wigley_iii,Fn0.4,0.4,2.1696064159197173,1.0,1.808005346599764,0.063,719.5500000000001,30,31,8,2.3249999999999997,0.6750000000000003,0.07499999999999996,-0.866859375,0.866859375,0.06628124999999996,0.06628125000000007,pitch,pitch_moment,-0.8249999999999997,114.20402969312553,229.82091514345242,8.56530222698441,17.23656863575892,0.003641516593667692,0.0027657146579977547,0.0008758019356699367,12.154788617514969,0.6538950778786942,11.500893539636282,0.0,12.154788617514969,1.2561744839345523,0.5586969199237259,0.2797653300484579,0.11614381395716919,0.9915785248142178,0.6837095068998669,0.7529812039306274,3930.3144434097258,1777.5890021549858,2327.9494377962665,1035.3801938096897,1674.5146723927135,801.7794171146724,3.5638609952078504,2.0918557999348244,0.052276661267727946,0.024360650054466998,advance_eq19_20,0.012891027888055961,0.011858613649263937,0.017923074414377037,0.015344812607414255,1.390352621219869,1.2939803134885592,472.56584172230123,3.6909586276965004e-16,a1_station_hull_matched_sweep_free_surface_marching_not_benchmark_validated,41,8,24,10,3.0,2,16,15.0,False,none,0.0,1.0,0.03,1.0,trapezoid,1.0,1.0,1.0,1.0,-1.0,1.0,1.0,True,False,True,3.0,11,9,40,True,True,True,True,A1_GRID_RECOMMENDED,"A1 Section 3.3 recommends control radius about 3B, inner free-surface panels greater than 10, outer/free-surface proxy panels greater than 8, and roughly 60 stations at Fn=0.2 or 40 at Fn=0.3."
42,st41_bp8_fs24_cp10_r3p0_h2_fsm_clipfs_onezonefs_noend_pr1p0_pl1p0_pf1p0_pm1p0_dt1p0_fv0p03_hr1p0_hqtrapezoid_hp1p0_hc1p0_ci1p0_cp1p0_cnm1p0_cd1p0_pg1p0,A55,OK,diagnostic_matched_wigley_sensitivity_not_hard_gate,wigley_iii,Fn0.4,0.4,2.1696064159197173,1.0,1.808005346599764,0.063,719.5500000000001,31,32,7,2.4,0.6000000000000001,0.07500000000000018,-0.8664999999999999,0.8664999999999998,0.06699999999999995,0.06700000000000006,pitch,pitch_moment,-0.8999999999999999,125.66870207278916,221.41617698396664,9.42515265545921,16.606213273797536,0.004007079830128718,0.0029804781633167273,0.001026601666811989,12.158612915726867,0.6567681742893514,11.501844741437523,0.0,12.158612915726867,1.2723826803790992,0.5721123077554673,0.22364354543566412,0.07963183727492959,0.6614480633614493,0.44589988230867456,0.7222850134508415,3886.1021545988897,1779.125791750354,2357.9865562725086,1060.24166405935,1606.251054288245,787.6802417209399,3.2358280611793124,2.055100307493254,0.03503079922561588,0.015400244775373021,advance_eq19_20,0.00984122118861214,0.009885419499918596,0.014153936312248214,0.01309140758570981,1.4382296709910931,1.3243148240514846,470.9710640469985,4.747764363106474e-16,a1_station_hull_matched_sweep_free_surface_marching_not_benchmark_validated,41,8,24,10,3.0,2,16,15.0,False,none,0.0,1.0,0.03,1.0,trapezoid,1.0,1.0,1.0,1.0,-1.0,1.0,1.0,True,False,True,3.0,11,9,40,True,True,True,True,A1_GRID_RECOMMENDED,"A1 Section 3.3 recommends control radius about 3B, inner free-surface panels greater than 10, outer/free-surface proxy panels greater than 8, and roughly 60 stations at Fn=0.2 or 40 at Fn=0.3."
42,st41_bp8_fs24_cp10_r3p0_h2_fsm_clipfs_onezonefs_noend_pr1p0_pl1p0_pf1p0_pm1p0_dt1p0_fv0p03_hr1p0_hqtrapezoid_hp1p0_hc1p0_ci1p0_cp1p0_cnm1p0_cd1p0_pg1p0,A55,OK,diagnostic_matched_wigley_sensitivity_not_hard_gate,wigley_iii,Fn0.4,0.4,2.1696064159197173,1.0,1.808005346599764,0.063,719.5500000000001,32,33,6,2.475,0.5249999999999999,0.07499999999999996,-0.866109375,0.866109375,0.06778124999999988,0.06778125000000013,pitch,pitch_moment,-0.9750000000000001,127.62382359912218,212.84974981689226,9.571786769934157,15.96373123626691,0.004069420953291429,0.003109066708588917,0.0009603542447025141,12.162651166118579,0.6598129467253042,11.50283821939328,0.0,12.162651166118579,1.286061514231872,0.5865948928091432,0.18177257628681212,0.06028068897254263,0.42502126253453093,0.27202264339800064,0.7251793992960044,3873.669171507158,1812.496006454823,2383.336246132098,1087.0808700492223,1612.687724340553,831.7648429633371,2.980264658697419,1.982466339502277,0.022853990277535357,0.008882111217440033,advance_eq19_20,0.0072199555103841075,0.008061787216692394,0.010861675595697173,0.0110336064899276,1.5043964717061427,1.368630328902986,469.2686860462597,5.023304613905495e-16,a1_station_hull_matched_sweep_free_surface_marching_not_benchmark_validated,41,8,24,10,3.0,2,16,15.0,False,none,0.0,1.0,0.03,1.0,trapezoid,1.0,1.0,1.0,1.0,-1.0,1.0,1.0,True,False,True,3.0,11,9,40,True,True,True,True,A1_GRID_RECOMMENDED,"A1 Section 3.3 recommends control radius about 3B, inner free-surface panels greater than 10, outer/free-surface proxy panels greater than 8, and roughly 60 stations at Fn=0.2 or 40 at Fn=0.3."
42,st41_bp8_fs24_cp10_r3p0_h2_fsm_clipfs_onezonefs_noend_pr1p0_pl1p0_pf1p0_pm1p0_dt1p0_fv0p03_hr1p0_hqtrapezoid_hp1p0_hc1p0_ci1p0_cp1p0_cnm1p0_cd1p0_pg1p0,A55,OK,diagnostic_matched_wigley_sensitivity_not_hard_gate,wigley_iii,Fn0.4,0.4,2.1696064159197173,1.0,1.808005346599764,0.063,719.5500000000001,33,34,5,2.55,0.4500000000000002,0.07499999999999996,-0.8656874999999999,0.8656874999999999,0.06862499999999994,0.06862500000000005,pitch,pitch_moment,-1.0499999999999998,119.03282181759037,205.69728158424888,8.927461636319272,15.427296118818656,0.003795487751216688,0.0031513344716396587,0.0006441532795770291,12.166583620470831,0.6629431473154185,11.503640473155418,0.0,12.166583620470831,1.3042952637725838,0.6071609146083771,0.14752695997382648,0.052478109630279074,0.22899269143782092,0.11372189718151467,0.7931331164001347,3930.0561329111392,1917.9740485027608,2417.12713070672,1125.1939343548072,1763.8063654706355,996.0050995724841,2.733810078748231,1.8769734798408706,0.01156585400923972,0.003996948144245976,advance_eq19_20,0.00499517333173202,0.006329884112805386,0.007987787201989355,0.00907401548281789,1.5991011065114893,1.4335200014896186,467.4627559098952,3.5579316578962766e-16,a1_station_hull_matched_sweep_free_surface_marching_not_benchmark_validated,41,8,24,10,3.0,2,16,15.0,False,none,0.0,1.0,0.03,1.0,trapezoid,1.0,1.0,1.0,1.0,-1.0,1.0,1.0,True,False,True,3.0,11,9,40,True,True,True,True,A1_GRID_RECOMMENDED,"A1 Section 3.3 recommends control radius about 3B, inner free-surface panels greater than 10, outer/free-surface proxy panels greater than 8, and roughly 60 stations at Fn=0.2 or 40 at Fn=0.3."
42,st41_bp8_fs24_cp10_r3p0_h2_fsm_clipfs_onezonefs_noend_pr1p0_pl1p0_pf1p0_pm1p0_dt1p0_fv0p03_hr1p0_hqtrapezoid_hp1p0_hc1p0_ci1p0_cp1p0_cnm1p0_cd1p0_pg1p0,A55,OK,diagnostic_matched_wigley_sensitivity_not_hard_gate,wigley_iii,Fn0.4,0.4,2.1696064159197173,1.0,1.808005346599764,0.063,719.5500000000001,34,35,4,2.625,0.375,0.07499999999999996,-0.8652343749999999,0.8652343749999999,0.06953124999999993,0.06953125000000009,pitch,pitch_moment,-1.125,43.81219858855669,261.5858433866671,3.28591489414175,19.61893825400002,0.001396998412350217,0.0030886281183287083,-0.001691629705978491,12.169179863552614,0.6660631286104026,11.50311673494222,0.0,12.169179863552614,1.329051716979834,0.6385351014607616,0.13977936748302255,0.054225945155503386,0.16792735261539338,0.0701603411752058,1.4882459892119562,4878.059724918931,2780.197198791563,2463.0059254623147,1183.3367493684968,3309.6307478275726,2175.0883770406567,2.47786803990212,1.7222235791960465,0.01060788389985165,0.004273506109140468,advance_eq19_20,0.003169478030369492,0.004709324841158628,0.00551731572364194,0.007161139560638413,1.7407647791768228,1.5206297722449251,465.55753958209425,5.739095216398349e-16,a1_station_hull_matched_sweep_free_surface_marching_not_benchmark_validated,41,8,24,10,3.0,2,16,15.0,False,none,0.0,1.0,0.03,1.0,trapezoid,1.0,1.0,1.0,1.0,-1.0,1.0,1.0,True,False,True,3.0,11,9,40,True,True,True,True,A1_GRID_RECOMMENDED,"A1 Section 3.3 recommends control radius about 3B, inner free-surface panels greater than 10, outer/free-surface proxy panels greater than 8, and roughly 60 stations at Fn=0.2 or 40 at Fn=0.3."
42,st41_bp8_fs24_cp10_r3p0_h2_fsm_clipfs_onezonefs_noend_pr1p0_pl1p0_pf1p0_pm1p0_dt1p0_fv0p03_hr1p0_hqtrapezoid_hp1p0_hc1p0_ci1p0_cp1p0_cnm1p0_cd1p0_pg1p0,A55,OK,diagnostic_matched_wigley_sensitivity_not_hard_gate,wigley_iii,Fn0.4,0.4,2.1696064159197173,1.0,1.808005346599764,0.063,719.5500000000001,35,36,3,2.6999999999999997,0.30000000000000027,0.07499999999999996,-0.8647499999999999,0.8647499999999999,0.0704999999999999,0.07050000000000001,pitch,pitch_moment,-1.1999999999999997,-202.71761262825896,510.4579132490961,-15.203820947119413,38.28434349368219,-0.006463866049193707,0.003130646173001026,-0.009594512222194733,12.166646429734193,0.6691727657560675,11.49747366397813,0.0,12.166646429734193,1.466872607791692,0.7467084427069342,0.11580102816566694,0.052397566598014624,0.19477782872592503,0.10313281929000143,5.012066058934726,11828.640233949971,7821.6074348087095,2718.4163556098206,1383.8041781844536,11146.065945440188,7549.45319609021,2.275911159370608,1.5968245064914393,0.023390094800146404,0.007409173728181339,advance_eq19_20,0.0017437194812048042,0.0031068147848489335,0.003470023992166349,0.005319725309416646,1.990012745495493,1.7122762951172557,463.5639836716682,5.416859010741837e-16,a1_station_hull_matched_sweep_free_surface_marching_not_benchmark_validated,41,8,24,10,3.0,2,16,15.0,False,none,0.0,1.0,0.03,1.0,trapezoid,1.0,1.0,1.0,1.0,-1.0,1.0,1.0,True,False,True,3.0,11,9,40,True,True,True,True,A1_GRID_RECOMMENDED,"A1 Section 3.3 recommends control radius about 3B, inner free-surface panels greater than 10, outer/free-surface proxy panels greater than 8, and roughly 60 stations at Fn=0.2 or 40 at Fn=0.3."
42,st41_bp8_fs24_cp10_r3p0_h2_fsm_clipfs_onezonefs_noend_pr1p0_pl1p0_pf1p0_pm1p0_dt1p0_fv0p03_hr1p0_hqtrapezoid_hp1p0_hc1p0_ci1p0_cp1p0_cnm1p0_cd1p0_pg1p0,A55,OK,diagnostic_matched_wigley_sensitivity_not_hard_gate,wigley_iii,Fn0.4,0.4,2.1696064159197173,1.0,1.808005346599764,0.063,719.5500000000001,36,37,2,2.775,0.2250000000000001,0.07500000000000018,-0.8642343749999999,0.8642343749999999,0.07153124999999994,0.07153125000000005,pitch,pitch_moment,-1.275,1382.4299799844423,-1243.8951786254086,103.68224849883342,-93.29213839690587,0.044080245900465664,0.0036129280660290477,0.04046731783443662,12.185454619659827,0.6725445528755827,11.512910066784254,0.0,12.185454619659827,1.9982370105646452,1.1448729153521138,0.2515076118237278,0.11839202429535069,0.3287597723291839,0.13809425975103037,21.343671525905037,47608.128716587395,31763.629910858905,3703.1437788462677,2121.6847609372276,47465.05084893371,31708.38715843276,2.096171935645965,1.4587211991231475,0.03255085516003562,0.011213709603747783,advance_eq19_20,0.000766303883205463,0.002074812772725077,0.0018671396142796437,0.0034494412273593632,2.436552463324817,1.662531324611443,461.53260422011545,7.667558011761178e-16,a1_station_hull_matched_sweep_free_surface_marching_not_benchmark_validated,41,8,24,10,3.0,2,16,15.0,False,none,0.0,1.0,0.03,1.0,trapezoid,1.0,1.0,1.0,1.0,-1.0,1.0,1.0,True,False,True,3.0,11,9,40,True,True,True,True,A1_GRID_RECOMMENDED,"A1 Section 3.3 recommends control radius about 3B, inner free-surface panels greater than 10, outer/free-surface proxy panels greater than 8, and roughly 60 stations at Fn=0.2 or 40 at Fn=0.3."
42,st41_bp8_fs24_cp10_r3p0_h2_fsm_clipfs_onezonefs_noend_pr1p0_pl1p0_pf1p0_pm1p0_dt1p0_fv0p03_hr1p0_hqtrapezoid_hp1p0_hc1p0_ci1p0_cp1p0_cnm1p0_cd1p0_pg1p0,A55,OK,diagnostic_matched_wigley_sensitivity_not_hard_gate,wigley_iii,Fn0.4,0.4,2.1696064159197173,1.0,1.808005346599764,0.063,719.5500000000001,37,38,1,2.85,0.1499999999999999,0.07499999999999996,-0.8636874999999999,0.8636874999999999,0.07262499999999994,0.07262500000000005,pitch,pitch_moment,-1.35,323.55120264537743,-443.26776049972216,24.26634019840329,-33.24508203747914,0.010316773204064987,-0.002071715719346976,0.012388488923411961,12.212653129212095,0.6733151590489237,11.539337970163176,0.0,12.212653129212095,1.9747799067643896,1.392822767229429,0.6766082740740981,0.315005946353838,0.7571462791825214,0.36998063612437715,11.870329072974492,26566.333023959676,18610.894041830896,3659.672945532495,2581.1867852671035,26397.7906686989,18489.791823924337,1.8508018793357464,0.5227459656818196,0.0016393349715869193,0.0006461566276252759,advance_eq19_20,0.00011357520491132059,0.0003350291122384612,0.000786800511763607,0.0021031280888020544,6.9275729009508735,6.277448770795556,467.16479122089714,6.088895469903942e-16,a1_station_hull_matched_sweep_free_surface_marching_not_benchmark_validated,41,8,24,10,3.0,2,16,15.0,False,none,0.0,1.0,0.03,1.0,trapezoid,1.0,1.0,1.0,1.0,-1.0,1.0,1.0,True,False,True,3.0,11,9,40,True,True,True,True,A1_GRID_RECOMMENDED,"A1 Section 3.3 recommends control radius about 3B, inner free-surface panels greater than 10, outer/free-surface proxy panels greater than 8, and roughly 60 stations at Fn=0.2 or 40 at Fn=0.3."
42,st41_bp8_fs24_cp10_r3p0_h2_fsm_clipfs_onezonefs_noend_pr1p0_pl1p0_pf1p0_pm1p0_dt1p0_fv0p03_hr1p0_hqtrapezoid_hp1p0_hc1p0_ci1p0_cp1p0_cnm1p0_cd1p0_pg1p0,A55,OK,diagnostic_matched_wigley_sensitivity_not_hard_gate,wigley_iii,Fn0.4,0.4,2.1696064159197173,1.0,1.808005346599764,0.063,719.5500000000001,38,39,0,2.925,0.07500000000000018,0.03749999999999987,-0.8631093749999998,0.8631093749999998,0.07378124999999991,0.07378125000000002,pitch,pitch_moment,-1.4249999999999998,-1709.7188567593494,1963.419371098095,-64.11445712847538,73.62822641617831,-0.02725809940387102,0.00029556933911311907,-0.027553668742984136,12.190553416410257,0.6725748705283633,11.517978545881899,0.0,12.190553416410257,1.381088828024287,0.8056811850710806,0.05400710438727064,0.02729107903920096,0.07329923620664082,0.03726231704127896,70.54344130567365,156890.08839716762,95020.01992920751,2559.4413848270406,1493.0927875199313,156877.7904292917,95013.61264759547,0.7815371617650452,0.5456334329021091,0.0,0.0,initialize_eq21_22,0.0,0.0,0.00013737957921651161,0.00040524829781763035,,,690.6987294891596,5.588921008104122e-16,a1_station_hull_matched_sweep_free_surface_marching_not_benchmark_validated,41,8,24,10,3.0,2,16,15.0,False,none,0.0,1.0,0.03,1.0,trapezoid,1.0,1.0,1.0,1.0,-1.0,1.0,1.0,True,False,True,3.0,11,9,40,True,True,True,True,A1_GRID_RECOMMENDED,"A1 Section 3.3 recommends control radius about 3B, inner free-surface panels greater than 10, outer/free-surface proxy panels greater than 8, and roughly 60 stations at Fn=0.2 or 40 at Fn=0.3."
42,st41_bp8_fs24_cp10_r3p0_h2_fsm_clipfs_onezonefs_noend_pr1p0_pl1p0_pf1p0_pm1p0_dt1p0_fv0p03_hr1p0_hqtrapezoid_hp1p0_hc1p0_ci1p0_cp1p0_cn1p0_cd1p0_pg1p0,A55,OK,diagnostic_matched_wigley_sensitivity_not_hard_gate,wigley_iii,Fn0.4,0.4,2.1696064159197173,1.0,1.808005346599764,0.063,719.5500000000001,0,1,38,0.075,2.925,0.0375,-0.8631093749999998,0.8631093749999998,0.07378124999999991,0.07378125000000002,pitch,pitch_moment,1.425,-9503.936219561587,-1184.2270685272142,-356.3976082335595,-44.40851506977053,-0.15152154237328186,0.00011065480109563984,-0.15163219717437754,0.0,0.0,0.0,0.0,0.0,12.310535865590134,6.723767423282272,0.06943029898902225,0.029908082372068642,0.07522525129711456,0.03040805009566095,278.8892958650334,621007.4102946151,323462.6872069493,22813.95253110749,12460.522636852358,620207.0057811113,322949.1124887659,3.2249749431560675,2.0274629616014477,0.0024402485253626057,0.0011927715671277755,advance_eq19_20,0.6513502542789157,0.09230648891167773,0.6801317967321263,0.09115242005381236,1.0441875047474627,0.9874974243796704,113.94877021527233,5.870370908699248e-15,a1_station_hull_matched_sweep_free_surface_marching_not_benchmark_validated,41,8,24,10,3.0,2,16,15.0,False,none,0.0,1.0,0.03,1.0,trapezoid,1.0,1.0,1.0,1.0,1.0,1.0,1.0,True,False,True,3.0,11,9,40,True,True,True,True,A1_GRID_RECOMMENDED,"A1 Section 3.3 recommends control radius about 3B, inner free-surface panels greater than 10, outer/free-surface proxy panels greater than 8, and roughly 60 stations at Fn=0.2 or 40 at Fn=0.3."
42,st41_bp8_fs24_cp10_r3p0_h2_fsm_clipfs_onezonefs_noend_pr1p0_pl1p0_pf1p0_pm1p0_dt1p0_fv0p03_hr1p0_hqtrapezoid_hp1p0_hc1p0_ci1p0_cp1p0_cn1p0_cd1p0_pg1p0,A55,OK,diagnostic_matched_wigley_sensitivity_not_hard_gate,wigley_iii,Fn0.4,0.4,2.1696064159197173,1.0,1.808005346599764,0.063,719.5500000000001,1,2,37,0.15,2.85,0.07499999999999998,-0.8636874999999999,0.8636874999999999,0.07262499999999991,0.07262500000000005,pitch,pitch_moment,1.35,-185.92426734014674,634.2557743220142,-13.944320050511003,47.569183074151056,-0.005928392426291129,-0.00085311638461446,-0.005075276041676674,-0.15448573858642745,-0.0003159033912115902,-0.15416983519521585,0.0,-0.15448573858642745,4.230021568821387,2.8306028872695275,0.16533840588657497,0.07232851389683904,0.17777928029388118,0.07602180555303652,67.26636787472688,149955.930932433,67260.80525324742,7839.099152977926,5245.688783141136,149590.081899539,66870.3157055799,3.9937984373076483,2.4511659469895504,0.0018318055564106603,0.0009684280171907159,advance_eq19_20,0.6059654936299943,0.09211447691445619,0.6342819137758106,0.08972631210032295,1.0467294267470393,0.974073946961116,77.78531556101733,1.7356885450663965e-15,a1_station_hull_matched_sweep_free_surface_marching_not_benchmark_validated,41,8,24,10,3.0,2,16,15.0,False,none,0.0,1.0,0.03,1.0,trapezoid,1.0,1.0,1.0,1.0,1.0,1.0,1.0,True,False,True,3.0,11,9,40,True,True,True,True,A1_GRID_RECOMMENDED,"A1 Section 3.3 recommends control radius about 3B, inner free-surface panels greater than 10, outer/free-surface proxy panels greater than 8, and roughly 60 stations at Fn=0.2 or 40 at Fn=0.3."
42,st41_bp8_fs24_cp10_r3p0_h2_fsm_clipfs_onezonefs_noend_pr1p0_pl1p0_pf1p0_pm1p0_dt1p0_fv0p03_hr1p0_hqtrapezoid_hp1p0_hc1p0_ci1p0_cp1p0_cn1p0_cd1p0_pg1p0,A55,OK,diagnostic_matched_wigley_sensitivity_not_hard_gate,wigley_iii,Fn0.4,0.4,2.1696064159197173,1.0,1.808005346599764,0.063,719.5500000000001,2,3,36,0.22499999999999998,2.775,0.075,-0.8642343749999999,0.8642343749999999,0.07153124999999994,0.07153125000000006,pitch,pitch_moment,1.275,3891.457968947155,255.67697973968038,291.85934767103663,19.17577348047603,0.12408326401055576,0.0032612717779963753,0.12082199223255939,-0.09540830279429514,0.0008881743054793671,-0.0962964770997745,0.0,-0.09540830279429514,7.1053782703375585,3.859869242172764,0.05521062594050708,0.02505442792477709,0.06137121802997085,0.028815863088953418,45.42547317254029,101734.0045122102,68844.54136516551,13167.725949943691,7153.130832699944,101019.28299236573,68339.45381221815,3.1449878653809455,1.7792488983036145,0.00091268913248394,0.0004945138439156852,advance_eq19_20,0.5616233194499167,0.08857777080540186,0.5898199847169892,0.08935087431185479,1.050205652597705,1.0087279630027197,77.91010290862684,1.7058168761950006e-15,a1_station_hull_matched_sweep_free_surface_marching_not_benchmark_validated,41,8,24,10,3.0,2,16,15.0,False,none,0.0,1.0,0.03,1.0,trapezoid,1.0,1.0,1.0,1.0,1.0,1.0,1.0,True,False,True,3.0,11,9,40,True,True,True,True,A1_GRID_RECOMMENDED,"A1 Section 3.3 recommends control radius about 3B, inner free-surface panels greater than 10, outer/free-surface proxy panels greater than 8, and roughly 60 stations at Fn=0.2 or 40 at Fn=0.3."
42,st41_bp8_fs24_cp10_r3p0_h2_fsm_clipfs_onezonefs_noend_pr1p0_pl1p0_pf1p0_pm1p0_dt1p0_fv0p03_hr1p0_hqtrapezoid_hp1p0_hc1p0_ci1p0_cp1p0_cn1p0_cd1p0_pg1p0,A55,OK,diagnostic_matched_wigley_sensitivity_not_hard_gate,wigley_iii,Fn0.4,0.4,2.1696064159197173,1.0,1.808005346599764,0.063,719.5500000000001,3,4,35,0.3,2.7,0.07500000000000001,-0.8647499999999999,0.8647499999999999,0.0704999999999999,0.07050000000000001,pitch,pitch_moment,1.2,-2961.182013595391,-797.5210424357903,-222.08865101965435,-59.81407818268428,-0.09442042866922602,0.002443234309014639,-0.09686366297824064,-0.08057688512363025,0.003740427348984874,-0.08431731247261513,0.0,-0.08057688512363025,3.8743845935695225,1.784159944008408,0.015616813852025041,0.006183695668915506,0.0229964774180274,0.009775595136926364,27.63171423159186,61350.01155595159,37293.08848176891,7180.030761456387,3306.4149859052454,61448.69309171491,37408.59579485941,2.319885617566661,1.2069319422862779,0.0009372450761774154,0.0005164043347766781,advance_eq19_20,0.5193787736968886,0.08586854710234289,0.5465469677862392,0.0860509056974343,1.052309018899579,1.0021236948946401,78.9850404442889,7.690268070103513e-16,a1_station_hull_matched_sweep_free_surface_marching_not_benchmark_validated,41,8,24,10,3.0,2,16,15.0,False,none,0.0,1.0,0.03,1.0,trapezoid,1.0,1.0,1.0,1.0,1.0,1.0,1.0,True,False,True,3.0,11,9,40,True,True,True,True,A1_GRID_RECOMMENDED,"A1 Section 3.3 recommends control radius about 3B, inner free-surface panels greater than 10, outer/free-surface proxy panels greater than 8, and roughly 60 stations at Fn=0.2 or 40 at Fn=0.3."
42,st41_bp8_fs24_cp10_r3p0_h2_fsm_clipfs_onezonefs_noend_pr1p0_pl1p0_pf1p0_pm1p0_dt1p0_fv0p03_hr1p0_hqtrapezoid_hp1p0_hc1p0_ci1p0_cp1p0_cn1p0_cd1p0_pg1p0,A55,OK,diagnostic_matched_wigley_sensitivity_not_hard_gate,wigley_iii,Fn0.4,0.4,2.1696064159197173,1.0,1.808005346599764,0.063,719.5500000000001,4,5,34,0.375,2.625,0.07499999999999998,-0.8652343749999999,0.8652343749999999,0.06953124999999993,0.06953125000000009,pitch,pitch_moment,1.125,-920.7729442157436,-433.9597923799408,-69.05797081618076,-32.54698442849555,-0.029359821753852877,0.002436121790747557,-0.03179594354460044,-0.1424670103351697,0.006180105398865973,-0.1486471157340357,0.0,-0.1424670103351697,3.1101240433101207,1.3418211282016468,0.014435380285698468,0.005597531976957868,0.02242702909347387,0.010512370227404824,7.887167389914733,17796.452411899616,9595.553384348143,5763.698921365503,2486.6702683183325,17539.85019690657,9564.169477121062,2.365915947698297,1.3312706348511774,0.0011026838501500293,0.0006123143791227265,advance_eq19_20,0.4789725392900825,0.08318771192300303,0.5053648159649027,0.08347347344892317,1.0551018576428994,1.0034351410720928,80.04292683338196,1.0678719000348168e-15,a1_station_hull_matched_sweep_free_surface_marching_not_benchmark_validated,41,8,24,10,3.0,2,16,15.0,False,none,0.0,1.0,0.03,1.0,trapezoid,1.0,1.0,1.0,1.0,1.0,1.0,1.0,True,False,True,3.0,11,9,40,True,True,True,True,A1_GRID_RECOMMENDED,"A1 Section 3.3 recommends control radius about 3B, inner free-surface panels greater than 10, outer/free-surface proxy panels greater than 8, and roughly 60 stations at Fn=0.2 or 40 at Fn=0.3."
42,st41_bp8_fs24_cp10_r3p0_h2_fsm_clipfs_onezonefs_noend_pr1p0_pl1p0_pf1p0_pm1p0_dt1p0_fv0p03_hr1p0_hqtrapezoid_hp1p0_hc1p0_ci1p0_cp1p0_cn1p0_cd1p0_pg1p0,A55,OK,diagnostic_matched_wigley_sensitivity_not_hard_gate,wigley_iii,Fn0.4,0.4,2.1696064159197173,1.0,1.808005346599764,0.063,719.5500000000001,5,6,33,0.44999999999999996,2.55,0.07500000000000001,-0.8656874999999999,0.8656874999999999,0.06862499999999994,0.06862500000000005,pitch,pitch_moment,1.05,-502.4841914238727,-371.3716719097284,-37.686314356790454,-27.85287539322963,-0.016022241299563096,0.002459560931915404,-0.018481802231478505,-0.16515804186187769,0.008627946760197453,-0.17378598862207517,0.0,-0.16515804186187769,2.7272201988027267,1.1429477533969696,0.013352550724482977,0.005109362498713302,0.022140959669249033,0.01158707903138685,4.263800492511518,10182.623262612102,4925.238963078567,5054.0994183099565,2118.1170402515572,9482.038127373506,4709.895352297155,2.4662473383381656,1.4671529434168888,0.0013195264378410073,0.0007308955185022806,advance_eq19_20,0.4404166594429423,0.08044297609346963,0.4660569520026118,0.08091623873441502,1.0582182622067486,1.005883206513835,81.06571677861561,5.794648755399533e-16,a1_station_hull_matched_sweep_free_surface_marching_not_benchmark_validated,41,8,24,10,3.0,2,16,15.0,False,none,0.0,1.0,0.03,1.0,trapezoid,1.0,1.0,1.0,1.0,1.0,1.0,1.0,True,False,True,3.0,11,9,40,True,True,True,True,A1_GRID_RECOMMENDED,"A1 Section 3.3 recommends control radius about 3B, inner free-surface panels greater than 10, outer/free-surface proxy panels greater than 8, and roughly 60 stations at Fn=0.2 or 40 at Fn=0.3."
42,st41_bp8_fs24_cp10_r3p0_h2_fsm_clipfs_onezonefs_noend_pr1p0_pl1p0_pf1p0_pm1p0_dt1p0_fv0p03_hr1p0_hqtrapezoid_hp1p0_hc1p0_ci1p0_cp1p0_cn1p0_cd1p0_pg1p0,A55,OK,diagnostic_matched_wigley_sensitivity_not_hard_gate,wigley_iii,Fn0.4,0.4,2.1696064159197173,1.0,1.808005346599764,0.063,719.5500000000001,6,7,32,0.525,2.475,0.07500000000000001,-0.866109375,0.866109375,0.0677812499999999,0.06778125000000006,pitch,pitch_moment,0.975,-320.9970913495788,-350.14863853717077,-24.074781851218415,-26.261147890287813,-0.010235332656908151,0.002427696999008379,-0.012663029655916529,-0.1782868288401133,0.011071575725659345,-0.1893584045657727,0.0,-0.1782868288401133,2.4820797045540024,1.0262655273217531,0.013764115734173746,0.005202791025492406,0.02293631814708744,0.012617729231465593,2.838163185223194,7479.338745832301,3338.5492505668067,4599.803710933409,1901.8808994394747,6311.639482489566,2910.1596169673926,2.5677281991529286,1.5821353584941222,0.0015416723208703275,0.0008493541406038331,advance_eq19_20,0.4037580243945285,0.07762420825958789,0.42863930625995755,0.07830101658338041,1.061624241159642,1.0087190367408214,82.0454186369934,6.879340870293183e-16,a1_station_hull_matched_sweep_free_surface_marching_not_benchmark_validated,41,8,24,10,3.0,2,16,15.0,False,none,0.0,1.0,0.03,1.0,trapezoid,1.0,1.0,1.0,1.0,1.0,1.0,1.0,True,False,True,3.0,11,9,40,True,True,True,True,A1_GRID_RECOMMENDED,"A1 Section 3.3 recommends control radius about 3B, inner free-surface panels greater than 10, outer/free-surface proxy panels greater than 8, and roughly 60 stations at Fn=0.2 or 40 at Fn=0.3."
42,st41_bp8_fs24_cp10_r3p0_h2_fsm_clipfs_onezonefs_noend_pr1p0_pl1p0_pf1p0_pm1p0_dt1p0_fv0p03_hr1p0_hqtrapezoid_hp1p0_hc1p0_ci1p0_cp1p0_cn1p0_cd1p0_pg1p0,A55,OK,diagnostic_matched_wigley_sensitivity_not_hard_gate,wigley_iii,Fn0.4,0.4,2.1696064159197173,1.0,1.808005346599764,0.063,719.5500000000001,7,8,31,0.6,2.4,0.07499999999999996,-0.8664999999999999,0.8664999999999998,0.06699999999999995,0.06700000000000006,pitch,pitch_moment,0.9,-219.4781620715835,-338.7187688234502,-16.460862155368755,-25.40390766175875,-0.006998293941807097,0.0023258285895144627,-0.00932412253132156,-0.18690364213947092,0.013448338519920765,-0.20035198065939172,0.0,-0.18690364213947092,2.3046799823760336,0.9472975971252728,0.015771869513599008,0.005978391977169415,0.02482015307028095,0.013517605833087287,2.105883907689336,6281.435918141059,2676.940989892257,4271.045573595751,1755.5370984341926,4683.1627182374905,2037.2652763941653,2.6590647172021926,1.6741568419812158,0.0017476312357711846,0.000957755270768922,advance_eq19_20,0.3690463823118702,0.07474279145258214,0.393154663309355,0.07562171307179273,1.0653258835555028,1.0117592827633175,82.97650322796618,7.266546990274199e-16,a1_station_hull_matched_sweep_free_surface_marching_not_benchmark_validated,41,8,24,10,3.0,2,16,15.0,False,none,0.0,1.0,0.03,1.0,trapezoid,1.0,1.0,1.0,1.0,1.0,1.0,1.0,True,False,True,3.0,11,9,40,True,True,True,True,A1_GRID_RECOMMENDED,"A1 Section 3.3 recommends control radius about 3B, inner free-surface panels greater than 10, outer/free-surface proxy panels greater than 8, and roughly 60 stations at Fn=0.2 or 40 at Fn=0.3."
42,st41_bp8_fs24_cp10_r3p0_h2_fsm_clipfs_onezonefs_noend_pr1p0_pl1p0_pf1p0_pm1p0_dt1p0_fv0p03_hr1p0_hqtrapezoid_hp1p0_hc1p0_ci1p0_cp1p0_cn1p0_cd1p0_pg1p0,A55,OK,diagnostic_matched_wigley_sensitivity_not_hard_gate,wigley_iii,Fn0.4,0.4,2.1696064159197173,1.0,1.808005346599764,0.063,719.5500000000001,8,9,30,0.6749999999999999,2.325,0.07500000000000001,-0.866859375,0.866859375,0.06628124999999993,0.06628125000000007,pitch,pitch_moment,0.8250000000000001,-155.51660886469242,-328.33548116280326,-11.663745664851932,-24.625161087210248,-0.004958811990202434,0.00215808600140837,-0.007116897991610804,-0.19288219510547572,0.015690295815382182,-0.2085724909208579,0.0,-0.19288219510547572,2.166570446915294,0.8888529052488989,0.018569412423989427,0.007103440906102132,0.027308693754268157,0.014266096721208888,1.6792088577075457,5693.420217336928,2378.4912899723095,4015.10022560309,1647.2270751565113,3734.302869135298,1556.155850104182,2.7374052465960497,1.7446233898431345,0.001928445974431215,0.001052134841348757,advance_eq19_20,0.33632249725574376,0.07181692435314761,0.35964362291825913,0.07289086585836134,1.0693415571447238,1.0149538777229279,83.85411691935546,4.3744804883007036e-16,a1_station_hull_matched_sweep_free_surface_marching_not_benchmark_validated,41,8,24,10,3.0,2,16,15.0,False,none,0.0,1.0,0.03,1.0,trapezoid,1.0,1.0,1.0,1.0,1.0,1.0,1.0,True,False,True,3.0,11,9,40,True,True,True,True,A1_GRID_RECOMMENDED,"A1 Section 3.3 recommends control radius about 3B, inner free-surface panels greater than 10, outer/free-surface proxy panels greater than 8, and roughly 60 stations at Fn=0.2 or 40 at Fn=0.3."
42,st41_bp8_fs24_cp10_r3p0_h2_fsm_clipfs_onezonefs_noend_pr1p0_pl1p0_pf1p0_pm1p0_dt1p0_fv0p03_hr1p0_hqtrapezoid_hp1p0_hc1p0_ci1p0_cp1p0_cn1p0_cd1p0_pg1p0,A55,OK,diagnostic_matched_wigley_sensitivity_not_hard_gate,wigley_iii,Fn0.4,0.4,2.1696064159197173,1.0,1.808005346599764,0.063,719.5500000000001,9,10,29,0.75,2.25,0.07500000000000001,-0.8671874999999999,0.8671874999999999,0.06562499999999982,0.0656250000000001,pitch,pitch_moment,0.75,-112.76137308342115,-315.7432183132159,-8.457102981256588,-23.680741373491195,-0.0035955159578116803,0.0019358738567287692,-0.005531389814540449,-0.1971593590794828,0.01773727574445075,-0.21489663482393356,0.0,-0.1971593590794828,2.053813715761701,0.8429120558883311,0.021505258549362406,0.008294976205766635,0.02995075557053892,0.014863159995120076,1.4157628201890136,5388.483904524322,2240.2562256958126,3806.1388334925095,1562.0892413534891,3148.4393005552433,1276.708306411578,2.8030117008117026,1.795789830317067,0.0020810548057821152,0.001131268579579752,advance_eq19_20,0.30561068353052806,0.06886640299723151,0.3281329543449509,0.0701266233939629,1.0736959538005582,1.0182994949915136,84.67363722110893,5.09795327193561e-16,a1_station_hull_matched_sweep_free_surface_marching_not_benchmark_validated,41,8,24,10,3.0,2,16,15.0,False,none,0.0,1.0,0.03,1.0,trapezoid,1.0,1.0,1.0,1.0,1.0,1.0,1.0,True,False,True,3.0,11,9,40,True,True,True,True,A1_GRID_RECOMMENDED,"A1 Section 3.3 recommends control radius about 3B, inner free-surface panels greater than 10, outer/free-surface proxy panels greater than 8, and roughly 60 stations at Fn=0.2 or 40 at Fn=0.3."
42,st41_bp8_fs24_cp10_r3p0_h2_fsm_clipfs_onezonefs_noend_pr1p0_pl1p0_pf1p0_pm1p0_dt1p0_fv0p03_hr1p0_hqtrapezoid_hp1p0_hc1p0_ci1p0_cp1p0_cn1p0_cd1p0_pg1p0,A55,OK,diagnostic_matched_wigley_sensitivity_not_hard_gate,wigley_iii,Fn0.4,0.4,2.1696064159197173,1.0,1.808005346599764,0.063,719.5500000000001,10,11,28,0.825,2.175,0.07499999999999996,-0.8674843749999999,0.8674843749999999,0.06503124999999987,0.0650312500000001,pitch,pitch_moment,0.675,-83.38216220597867,-299.58509014516443,-6.253662165448397,-22.468881760887317,-0.0026587286639959927,0.001673878878205841,-0.004332607542201834,-0.2002864813903866,0.019542152111918055,-0.2198286335023047,0.0,-0.2002864813903866,1.9587505685030364,0.8052630927098698,0.024246284575723302,0.009409556774762077,0.032458846288312845,0.015316277349738436,1.2504914235838143,5225.929993988266,2177.3142848646385,3629.9672880215376,1492.3179764648787,2780.901071051525,1114.5229580695357,2.8575442319121116,1.8305232818405783,0.0022052262209547903,0.0011952392059256531,advance_eq19_20,0.27691260986084393,0.06591014124051886,0.29862787256789597,0.06734798208071009,1.0784191905091087,1.0218151685481036,85.43060038090825,4.946971027537094e-16,a1_station_hull_matched_sweep_free_surface_marching_not_benchmark_validated,41,8,24,10,3.0,2,16,15.0,False,none,0.0,1.0,0.03,1.0,trapezoid,1.0,1.0,1.0,1.0,1.0,1.0,1.0,True,False,True,3.0,11,9,40,True,True,True,True,A1_GRID_RECOMMENDED,"A1 Section 3.3 recommends control radius about 3B, inner free-surface panels greater than 10, outer/free-surface proxy panels greater than 8, and roughly 60 stations at Fn=0.2 or 40 at Fn=0.3."
42,st41_bp8_fs24_cp10_r3p0_h2_fsm_clipfs_onezonefs_noend_pr1p0_pl1p0_pf1p0_pm1p0_dt1p0_fv0p03_hr1p0_hqtrapezoid_hp1p0_hc1p0_ci1p0_cp1p0_cn1p0_cd1p0_pg1p0,A55,OK,diagnostic_matched_wigley_sensitivity_not_hard_gate,wigley_iii,Fn0.4,0.4,2.1696064159197173,1.0,1.808005346599764,0.063,719.5500000000001,11,12,27,0.8999999999999999,2.1,0.07500000000000001,-0.8677499999999999,0.8677499999999999,0.06449999999999989,0.0645,pitch,pitch_moment,0.6000000000000001,-62.98300415049982,-279.3313721345902,-4.723725311287487,-20.94985291009427,-0.002008279877245804,0.0013882018937787868,-0.003396481771024592,-0.2026199856610075,0.021073192497910367,-0.22369317815891793,0.0,-0.2026199856610075,1.87684406885494,0.7735132217670064,0.026647970985974757,0.01038608469465506,0.03467857855668554,0.015635860272426232,1.1483008610586234,5138.693316570371,2151.1351035007906,3478.177714004382,1433.4789416358656,2553.6449384478983,1024.681326273121,2.903237150080448,1.852374907383506,0.002302131363343034,0.0012447746515422806,advance_eq19_20,0.2502020993133747,0.0629644816257046,0.2711059950844828,0.06457231206895706,1.0835480430758746,1.0255355146542822,86.12073569235693,3.836728583325826e-16,a1_station_hull_matched_sweep_free_surface_marching_not_benchmark_validated,41,8,24,10,3.0,2,16,15.0,False,none,0.0,1.0,0.03,1.0,trapezoid,1.0,1.0,1.0,1.0,1.0,1.0,1.0,True,False,True,3.0,11,9,40,True,True,True,True,A1_GRID_RECOMMENDED,"A1 Section 3.3 recommends control radius about 3B, inner free-surface panels greater than 10, outer/free-surface proxy panels greater than 8, and roughly 60 stations at Fn=0.2 or 40 at Fn=0.3."
42,st41_bp8_fs24_cp10_r3p0_h2_fsm_clipfs_onezonefs_noend_pr1p0_pl1p0_pf1p0_pm1p0_dt1p0_fv0p03_hr1p0_hqtrapezoid_hp1p0_hc1p0_ci1p0_cp1p0_cn1p0_cd1p0_pg1p0,A55,OK,diagnostic_matched_wigley_sensitivity_not_hard_gate,wigley_iii,Fn0.4,0.4,2.1696064159197173,1.0,1.808005346599764,0.063,719.5500000000001,12,13,26,0.975,2.025,0.07500000000000007,-0.8679843749999999,0.8679843749999999,0.06403124999999998,0.0640312500000001,pitch,pitch_moment,0.525,-48.7613355740171,-254.8851166789013,-3.657100168051286,-19.116383750917617,-0.001554806893410966,0.0010952619454477552,-0.002650068838858721,-0.20440152904633588,0.022314924417523644,-0.22671645346385955,0.0,-0.20440152904633588,1.805268988362166,0.7462305487723352,0.028658842922151543,0.011203214683136908,0.03653905174523281,0.015833395465795895,1.0876512391428503,5092.278294182678,2143.1082205881435,3345.5343825847813,1382.9185425258695,2418.769484395543,979.8193369336717,2.942491727087422,1.865630327891368,0.0023736360946027065,0.0012809190413876042,advance_eq19_20,0.22542187000793243,0.06004157577058584,0.2455133482076524,0.06181347279829381,1.089128344996042,1.0295111679693125,86.74002633334426,5.484858226488191e-16,a1_station_hull_matched_sweep_free_surface_marching_not_benchmark_validated,41,8,24,10,3.0,2,16,15.0,False,none,0.0,1.0,0.03,1.0,trapezoid,1.0,1.0,1.0,1.0,1.0,1.0,1.0,True,False,True,3.0,11,9,40,True,True,True,True,A1_GRID_RECOMMENDED,"A1 Section 3.3 recommends control radius about 3B, inner free-surface panels greater than 10, outer/free-surface proxy panels greater than 8, and roughly 60 stations at Fn=0.2 or 40 at Fn=0.3."
42,st41_bp8_fs24_cp10_r3p0_h2_fsm_clipfs_onezonefs_noend_pr1p0_pl1p0_pf1p0_pm1p0_dt1p0_fv0p03_hr1p0_hqtrapezoid_hp1p0_hc1p0_ci1p0_cp1p0_cn1p0_cd1p0_pg1p0,A55,OK,diagnostic_matched_wigley_sensitivity_not_hard_gate,wigley_iii,Fn0.4,0.4,2.1696064159197173,1.0,1.808005346599764,0.063,719.5500000000001,13,14,25,1.05,1.95,0.07500000000000001,-0.8681874999999999,0.8681874999999999,0.06362499999999982,0.0636250000000001,pitch,pitch_moment,0.44999999999999996,-38.73915399205717,-226.41549008399915,-2.905436549404288,-16.98116175629994,-0.0012352390057144883,0.0008110384704678596,-0.002046277476182348,-0.20579655199589864,0.02326807462548145,-0.22906462662138008,0.0,-0.20579655199589864,1.7422059393881306,0.7225290839688255,0.03027284746306916,0.011858623101035323,0.03801785835802055,0.01592059991191109,1.054170625462106,5067.773863490114,2143.72198194232,3228.665594623895,1338.994858061703,2344.3137362886036,962.1489979307003,2.9777727763292194,1.8752329748111418,0.0024219198629602764,0.0013048541177933467,advance_eq19_20,0.2024837197542226,0.05714765307401513,0.22176375455313654,0.05907998153873935,1.0952177035384192,1.0338129102558518,87.28477208365122,2.987782319587818e-16,a1_station_hull_matched_sweep_free_surface_marching_not_benchmark_validated,41,8,24,10,3.0,2,16,15.0,False,none,0.0,1.0,0.03,1.0,trapezoid,1.0,1.0,1.0,1.0,1.0,1.0,1.0,True,False,True,3.0,11,9,40,True,True,True,True,A1_GRID_RECOMMENDED,"A1 Section 3.3 recommends control radius about 3B, inner free-surface panels greater than 10, outer/free-surface proxy panels greater than 8, and roughly 60 stations at Fn=0.2 or 40 at Fn=0.3."
42,st41_bp8_fs24_cp10_r3p0_h2_fsm_clipfs_onezonefs_noend_pr1p0_pl1p0_pf1p0_pm1p0_dt1p0_fv0p03_hr1p0_hqtrapezoid_hp1p0_hc1p0_ci1p0_cp1p0_cn1p0_cd1p0_pg1p0,A55,OK,diagnostic_matched_wigley_sensitivity_not_hard_gate,wigley_iii,Fn0.4,0.4,2.1696064159197173,1.0,1.808005346599764,0.063,719.5500000000001,14,15,24,1.125,1.875,0.07499999999999996,-0.8683593749999999,0.8683593749999999,0.06328124999999996,0.06328125000000007,pitch,pitch_moment,0.375,-31.410563484891355,-194.27939947273703,-2.35579226136685,-14.570954960455268,-0.0010015591258385299,0.0005504866322383556,-0.0015520457580768857,-0.20691495106167512,0.023948837176834555,-0.2308637882385097,0.0,-0.20691495106167512,1.6864547799271707,0.7018488887932883,0.03150634845708572,0.012359212172405069,0.03911993679152627,0.01590897100783818,1.0378894267009262,5054.218677900588,2147.8596367132395,3125.3472403797296,1300.6702070294527,2308.1068481652055,959.9950769888547,3.0117129068387167,1.8865088106945704,0.0024492513982405247,0.0013177928364090127,advance_eq19_20,0.18127348160085066,0.05428140664425023,0.19974297770934002,0.05637325999800574,1.1018874682903574,1.0385371987035104,87.75164677623461,3.227840083466381e-16,a1_station_hull_matched_sweep_free_surface_marching_not_benchmark_validated,41,8,24,10,3.0,2,16,15.0,False,none,0.0,1.0,0.03,1.0,trapezoid,1.0,1.0,1.0,1.0,1.0,1.0,1.0,True,False,True,3.0,11,9,40,True,True,True,True,A1_GRID_RECOMMENDED,"A1 Section 3.3 recommends control radius about 3B, inner free-surface panels greater than 10, outer/free-surface proxy panels greater than 8, and roughly 60 stations at Fn=0.2 or 40 at Fn=0.3."
42,st41_bp8_fs24_cp10_r3p0_h2_fsm_clipfs_onezonefs_noend_pr1p0_pl1p0_pf1p0_pm1p0_dt1p0_fv0p03_hr1p0_hqtrapezoid_hp1p0_hc1p0_ci1p0_cp1p0_cn1p0_cd1p0_pg1p0,A55,OK,diagnostic_matched_wigley_sensitivity_not_hard_gate,wigley_iii,Fn0.4,0.4,2.1696064159197173,1.0,1.808005346599764,0.063,719.5500000000001,15,16,23,1.2,1.8,0.07499999999999996,-0.8684999999999999,0.8684999999999998,0.06299999999999994,0.06300000000000008,pitch,pitch_moment,0.30000000000000004,-25.571343283821868,-158.98007080125615,-1.917850746286639,-11.923505310094203,-0.000815369397565272,0.00032705685650181993,-0.001142426254067092,-0.20782341532337703,0.024387608921204642,-0.2322110242445817,0.0,-0.20782341532337703,1.6372058562624947,0.6838301222992523,0.032386424398270684,0.012716216055791056,0.03986507133445376,0.01580949186008403,1.031820406893811,5044.943114243506,2152.643867108301,3034.078865147211,1267.2777302150942,2294.6102792455486,965.7822160254146,3.0472606746251447,1.9046536792303668,0.0024578443668518,0.001320909823378612,advance_eq19_20,0.16166105712658332,0.05143305063086336,0.17931813801798935,0.05368637736131018,1.1092228468949095,1.04381087069128,88.13774872231025,5.298907410128876e-16,a1_station_hull_matched_sweep_free_surface_marching_not_benchmark_validated,41,8,24,10,3.0,2,16,15.0,False,none,0.0,1.0,0.03,1.0,trapezoid,1.0,1.0,1.0,1.0,1.0,1.0,1.0,True,False,True,3.0,11,9,40,True,True,True,True,A1_GRID_RECOMMENDED,"A1 Section 3.3 recommends control radius about 3B, inner free-surface panels greater than 10, outer/free-surface proxy panels greater than 8, and roughly 60 stations at Fn=0.2 or 40 at Fn=0.3."
42,st41_bp8_fs24_cp10_r3p0_h2_fsm_clipfs_onezonefs_noend_pr1p0_pl1p0_pf1p0_pm1p0_dt1p0_fv0p03_hr1p0_hqtrapezoid_hp1p0_hc1p0_ci1p0_cp1p0_cn1p0_cd1p0_pg1p0,A55,OK,diagnostic_matched_wigley_sensitivity_not_hard_gate,wigley_iii,Fn0.4,0.4,2.1696064159197173,1.0,1.808005346599764,0.063,719.5500000000001,16,17,22,1.275,1.725,0.07499999999999996,-0.8686093749999999,0.8686093749999999,0.0627812499999999,0.06278125000000001,pitch,pitch_moment,0.2250000000000001,-20.235545282234526,-121.14106907742928,-1.5176658961675886,-9.08558018080719,-0.0006452318199732195,0.00015228947388790405,-0.0007975212938611237,-0.20855371593214628,0.024627282086399506,-0.23318099801854578,0.0,-0.20855371593214628,1.5938951069809206,0.6682357427617314,0.03294445601429803,0.012942561291867945,0.04028032984911365,0.01563240978170914,1.0310748872828914,5035.721157105576,2156.3987928340707,2953.8151472242253,1238.3781405948316,2292.952358011227,974.6513079727599,3.0876628560779387,1.9340224769770722,0.002449731648937039,0.0013152793105829289,advance_eq19_20,0.14351420512243626,0.04858471905544248,0.1603513518160397,0.0510039115224642,1.1173204191127921,1.0497932789167939,88.44064379627237,2.9308168236229897e-16,a1_station_hull_matched_sweep_free_surface_marching_not_benchmark_validated,41,8,24,10,3.0,2,16,15.0,False,none,0.0,1.0,0.03,1.0,trapezoid,1.0,1.0,1.0,1.0,1.0,1.0,1.0,True,False,True,3.0,11,9,40,True,True,True,True,A1_GRID_RECOMMENDED,"A1 Section 3.3 recommends control radius about 3B, inner free-surface panels greater than 10, outer/free-surface proxy panels greater than 8, and roughly 60 stations at Fn=0.2 or 40 at Fn=0.3."
42,st41_bp8_fs24_cp10_r3p0_h2_fsm_clipfs_onezonefs_noend_pr1p0_pl1p0_pf1p0_pm1p0_dt1p0_fv0p03_hr1p0_hqtrapezoid_hp1p0_hc1p0_ci1p0_cp1p0_cn1p0_cd1p0_pg1p0,A55,OK,diagnostic_matched_wigley_sensitivity_not_hard_gate,wigley_iii,Fn0.4,0.4,2.1696064159197173,1.0,1.808005346599764,0.063,719.5500000000001,17,18,21,1.3499999999999999,1.6500000000000001,0.07500000000000007,-0.8686874999999998,0.8686875,0.0626249999999999,0.06262500000000004,pitch,pitch_moment,0.15000000000000013,-14.596578472947431,-81.48584110606716,-1.0947433854710584,-6.1114380829550425,-0.00046542738345431894,3.5473874952366395e-05,-0.0005009012584066854,-0.20910904553386006,0.024721163760819644,-0.23383020929467968,0.0,-0.20910904553386006,1.5561068788023895,0.6549012388289659,0.03321234107572473,0.01305133182038484,0.04039528998722098,0.015387035820125268,1.032248563878493,5023.792368352683,2158.126309828704,2883.785795674276,1213.6665648300188,2295.56243469006,983.5050736208156,3.1361156077073704,1.9773741905418185,0.002426677378905364,0.0013018312366243367,advance_eq19_20,0.12671318260463318,0.04571265827781553,0.14271489682230504,0.048303447720772455,1.126282947746644,1.0566755367235827,88.65840109908919,4.445499455210462e-16,a1_station_hull_matched_sweep_free_surface_marching_not_benchmark_validated,41,8,24,10,3.0,2,16,15.0,False,none,0.0,1.0,0.03,1.0,trapezoid,1.0,1.0,1.0,1.0,1.0,1.0,1.0,True,False,True,3.0,11,9,40,True,True,True,True,A1_GRID_RECOMMENDED,"A1 Section 3.3 recommends control radius about 3B, inner free-surface panels greater than 10, outer/free-surface proxy panels greater than 8, and roughly 60 stations at Fn=0.2 or 40 at Fn=0.3."
42,st41_bp8_fs24_cp10_r3p0_h2_fsm_clipfs_onezonefs_noend_pr1p0_pl1p0_pf1p0_pm1p0_dt1p0_fv0p03_hr1p0_hqtrapezoid_hp1p0_hc1p0_ci1p0_cp1p0_cn1p0_cd1p0_pg1p0,A55,OK,diagnostic_matched_wigley_sensitivity_not_hard_gate,wigley_iii,Fn0.4,0.4,2.1696064159197173,1.0,1.808005346599764,0.063,719.5500000000001,18,19,20,1.425,1.575,0.07500000000000007,-0.8687343749999998,0.868734375,0.06253124999999993,0.06253125000000004,pitch,pitch_moment,0.07499999999999996,-8.01186658648345,-40.817998374966635,-0.6008899939862593,-3.0613498781225004,-0.00025546686224056636,-1.662928063539293e-05,-0.0002388375816051734,-0.20946949265670753,0.02473058605797813,-0.23420007871468562,0.0,-0.20946949265670753,1.5235059908472304,0.643700542651826,0.03322022823019037,0.013054846091988802,0.040238491800035074,0.015081068453973395,1.032984797783305,5007.322508397753,2157.230748504474,2823.3696514542776,1192.9093732917627,2297.1997059386454,990.3788426177092,3.1950724996336084,2.035311116271445,0.002391037106687273,0.0012818051607332178,advance_eq19_20,0.11116261046595975,0.04279113083078149,0.126304282865602,0.045558799362576,1.136211918163607,1.06467855553384,88.78962105356729,4.3455664694482634e-16,a1_station_hull_matched_sweep_free_surface_marching_not_benchmark_validated,41,8,24,10,3.0,2,16,15.0,False,none,0.0,1.0,0.03,1.0,trapezoid,1.0,1.0,1.0,1.0,1.0,1.0,1.0,True,False,True,3.0,11,9,40,True,True,True,True,A1_GRID_RECOMMENDED,"A1 Section 3.3 recommends control radius about 3B, inner free-surface panels greater than 10, outer/free-surface proxy panels greater than 8, and roughly 60 stations at Fn=0.2 or 40 at Fn=0.3."
42,st41_bp8_fs24_cp10_r3p0_h2_fsm_clipfs_onezonefs_noend_pr1p0_pl1p0_pf1p0_pm1p0_dt1p0_fv0p03_hr1p0_hqtrapezoid_hp1p0_hc1p0_ci1p0_cp1p0_cn1p0_cd1p0_pg1p0,A55,OK,diagnostic_matched_wigley_sensitivity_not_hard_gate,wigley_iii,Fn0.4,0.4,2.1696064159197173,1.0,1.808005346599764,0.063,719.5500000000001,19,20,19,1.5,1.5,0.07499999999999996,-0.8687499999999999,0.8687499999999999,0.062499999999999944,0.06250000000000003,pitch,pitch_moment,0.0,0.0,-0.0,0.0,0.0,0.0,0.0,0.0,-0.20959722608782777,0.024722271417660435,-0.23431949750548822,0.0,-0.20959722608782777,1.4957896261478334,0.634522628817393,0.03299497225514204,0.01296405746691434,0.039835573741937996,0.014720650440889896,1.031849456696939,4987.131374080906,2154.187505116399,2772.005532500338,1175.9008130763934,2294.6748815507767,994.5535211228914,3.2654039564142336,2.1061188789044105,0.0023453496623873833,0.0012565367175722839,advance_eq19_20,0.0967975513068486,0.039797307861965295,0.1110459746141959,0.04274442600074897,1.1471981792409163,1.0740532035233537,88.83345571237246,4.15298799959142e-16,a1_station_hull_matched_sweep_free_surface_marching_not_benchmark_validated,41,8,24,10,3.0,2,16,15.0,False,none,0.0,1.0,0.03,1.0,trapezoid,1.0,1.0,1.0,1.0,1.0,1.0,1.0,True,False,True,3.0,11,9,40,True,True,True,True,A1_GRID_RECOMMENDED,"A1 Section 3.3 recommends control radius about 3B, inner free-surface panels greater than 10, outer/free-surface proxy panels greater than 8, and roughly 60 stations at Fn=0.2 or 40 at Fn=0.3."
42,st41_bp8_fs24_cp10_r3p0_h2_fsm_clipfs_onezonefs_noend_pr1p0_pl1p0_pf1p0_pm1p0_dt1p0_fv0p03_hr1p0_hqtrapezoid_hp1p0_hc1p0_ci1p0_cp1p0_cn1p0_cd1p0_pg1p0,A55,OK,diagnostic_matched_wigley_sensitivity_not_hard_gate,wigley_iii,Fn0.4,0.4,2.1696064159197173,1.0,1.808005346599764,0.063,719.5500000000001,20,21,18,1.575,1.425,0.07499999999999996,-0.8687343749999998,0.868734375,0.06253124999999993,0.06253125000000004,pitch,pitch_moment,-0.07499999999999996,9.577168046903232,40.189327348234514,0.718287603517742,3.0141995511175868,0.0003053781592195553,8.662141731645347e-05,0.0002187567419031018,-0.209444537008218,0.024765582126318658,-0.23421011913453668,0.0,-0.209444537008218,1.4731429628946944,0.6274033801837696,0.03258341797537093,0.012797793671600343,0.03923765084005796,0.014320167271356586,1.0284182550225365,4964.618832276833,2149.5390205277386,2730.036612049911,1162.7073824931954,2287.044415454501,995.8354677912898,3.3418034607040314,2.1810308107416345,0.002290372383291183,0.0012264199451762412,advance_eq19_20,0.08383361924602964,0.03683617080151476,0.09718662985295518,0.03995313726666168,1.1592799013929955,1.084617005441259,88.78962105356736,4.489036566511463e-16,a1_station_hull_matched_sweep_free_surface_marching_not_benchmark_validated,41,8,24,10,3.0,2,16,15.0,False,none,0.0,1.0,0.03,1.0,trapezoid,1.0,1.0,1.0,1.0,1.0,1.0,1.0,True,False,True,3.0,11,9,40,True,True,True,True,A1_GRID_RECOMMENDED,"A1 Section 3.3 recommends control radius about 3B, inner free-surface panels greater than 10, outer/free-surface proxy panels greater than 8, and roughly 60 stations at Fn=0.2 or 40 at Fn=0.3."
42,st41_bp8_fs24_cp10_r3p0_h2_fsm_clipfs_onezonefs_noend_pr1p0_pl1p0_pf1p0_pm1p0_dt1p0_fv0p03_hr1p0_hqtrapezoid_hp1p0_hc1p0_ci1p0_cp1p0_cn1p0_cd1p0_pg1p0,A55,OK,diagnostic_matched_wigley_sensitivity_not_hard_gate,wigley_iii,Fn0.4,0.4,2.1696064159197173,1.0,1.808005346599764,0.063,719.5500000000001,21,22,17,1.65,1.35,0.07499999999999996,-0.8686874999999998,0.8686875,0.0626249999999999,0.06262500000000004,pitch,pitch_moment,-0.1499999999999999,20.845647204250486,78.92763960568212,1.5634235403187855,5.919572970426155,0.0006646855667352167,0.0002419449696276335,0.0004227405971075834,-0.20895950514524061,0.0249298653197907,-0.23388937046503136,0.0,-0.20895950514524061,1.4554876474692302,0.6222990687394157,0.032014687838000364,0.012567865611915465,0.03847636558248706,0.013888323759958413,1.0219657649796632,4936.827643664812,2142.143928120872,2697.3176847476375,1153.2480445515405,2272.6950675639337,993.1387149941795,3.416831241722111,2.2519998082293027,0.002225559516273804,0.0011911594950192784,advance_eq19_20,0.07237113447516899,0.03400988840471574,0.08485868604158553,0.03727786784981525,1.1725487883667363,1.0960890963889895,88.65840109908919,3.6240578374499115e-16,a1_station_hull_matched_sweep_free_surface_marching_not_benchmark_validated,41,8,24,10,3.0,2,16,15.0,False,none,0.0,1.0,0.03,1.0,trapezoid,1.0,1.0,1.0,1.0,1.0,1.0,1.0,True,False,True,3.0,11,9,40,True,True,True,True,A1_GRID_RECOMMENDED,"A1 Section 3.3 recommends control radius about 3B, inner free-surface panels greater than 10, outer/free-surface proxy panels greater than 8, and roughly 60 stations at Fn=0.2 or 40 at Fn=0.3."
42,st41_bp8_fs24_cp10_r3p0_h2_fsm_clipfs_onezonefs_noend_pr1p0_pl1p0_pf1p0_pm1p0_dt1p0_fv0p03_hr1p0_hqtrapezoid_hp1p0_hc1p0_ci1p0_cp1p0_cn1p0_cd1p0_pg1p0,A55,OK,diagnostic_matched_wigley_sensitivity_not_hard_gate,wigley_iii,Fn0.4,0.4,2.1696064159197173,1.0,1.808005346599764,0.063,719.5500000000001,22,23,16,1.7249999999999999,1.2750000000000001,0.07499999999999996,-0.8686093749999999,0.8686093749999999,0.0627812499999999,0.06278125000000001,pitch,pitch_moment,-0.22499999999999987,34.01796957024452,115.24423055772606,2.5513477177683375,8.64331729182945,0.0010846990338764266,0.00046161639171880483,0.0006230826421576217,-0.20808481284493482,0.025281646000463922,-0.23336645884539872,0.0,-0.20808481284493482,1.442140293418782,0.6189796962282814,0.031283357682272105,0.012272431497090812,0.037543144758120574,0.013421635409988806,1.0113725516894585,4900.7948979739485,2131.0660635698428,2672.582295074313,1147.0965652228663,2249.137386456309,985.5184547245659,3.4868334660075835,2.316968491434668,0.002150235127308698,0.0011503913068278138,advance_eq19_20,0.06221833089569127,0.03130321596884519,0.07386661537562468,0.03470290659369485,1.1872162803509096,1.1086051550816132,88.44064379627237,2.1060733361791894e-16,a1_station_hull_matched_sweep_free_surface_marching_not_benchmark_validated,41,8,24,10,3.0,2,16,15.0,False,none,0.0,1.0,0.03,1.0,trapezoid,1.0,1.0,1.0,1.0,1.0,1.0,1.0,True,False,True,3.0,11,9,40,True,True,True,True,A1_GRID_RECOMMENDED,"A1 Section 3.3 recommends control radius about 3B, inner free-surface panels greater than 10, outer/free-surface proxy panels greater than 8, and roughly 60 stations at Fn=0.2 or 40 at Fn=0.3."
42,st41_bp8_fs24_cp10_r3p0_h2_fsm_clipfs_onezonefs_noend_pr1p0_pl1p0_pf1p0_pm1p0_dt1p0_fv0p03_hr1p0_hqtrapezoid_hp1p0_hc1p0_ci1p0_cp1p0_cn1p0_cd1p0_pg1p0,A55,OK,diagnostic_matched_wigley_sensitivity_not_hard_gate,wigley_iii,Fn0.4,0.4,2.1696064159197173,1.0,1.808005346599764,0.063,719.5500000000001,23,24,15,1.7999999999999998,1.2000000000000002,0.07500000000000007,-0.8684999999999999,0.8684999999999998,0.06299999999999994,0.06300000000000008,pitch,pitch_moment,-0.2999999999999998,49.077422209971076,148.19987905374884,3.6808066657478338,11.114990929031173,0.0015648856509903255,0.000738156469811767,0.0008267291811785583,-0.20676002050250142,0.025881532431229207,-0.23264155293373062,0.0,-0.20676002050250142,1.4324160826827432,0.6172100194576321,0.03038153315151511,0.011908685167051493,0.03642678708407301,0.012915944035899933,0.9960874758417503,4856.130215156439,2116.3790143437122,2654.5613344470366,1143.8169905332018,2215.145722863626,972.8593284927065,3.548364547489976,2.373971626383312,0.0020636803101706513,0.001103727732321447,advance_eq19_20,0.0532122424293419,0.028701698499997638,0.06404353070541063,0.032212849414109186,1.2035488034628705,1.1223325133218802,88.13774872231025,3.9531674308510506e-16,a1_station_hull_matched_sweep_free_surface_marching_not_benchmark_validated,41,8,24,10,3.0,2,16,15.0,False,none,0.0,1.0,0.03,1.0,trapezoid,1.0,1.0,1.0,1.0,1.0,1.0,1.0,True,False,True,3.0,11,9,40,True,True,True,True,A1_GRID_RECOMMENDED,"A1 Section 3.3 recommends control radius about 3B, inner free-surface panels greater than 10, outer/free-surface proxy panels greater than 8, and roughly 60 stations at Fn=0.2 or 40 at Fn=0.3."
42,st41_bp8_fs24_cp10_r3p0_h2_fsm_clipfs_onezonefs_noend_pr1p0_pl1p0_pf1p0_pm1p0_dt1p0_fv0p03_hr1p0_hqtrapezoid_hp1p0_hc1p0_ci1p0_cp1p0_cn1p0_cd1p0_pg1p0,A55,OK,diagnostic_matched_wigley_sensitivity_not_hard_gate,wigley_iii,Fn0.4,0.4,2.1696064159197173,1.0,1.808005346599764,0.063,719.5500000000001,24,25,14,1.875,1.125,0.07500000000000007,-0.8683593749999999,0.8683593749999999,0.06328124999999996,0.06328125000000007,pitch,pitch_moment,-0.375,65.79501028680241,176.9209450645095,4.934625771510185,13.269070879838225,0.0020979436748749854,0.0010611295381485575,0.0010368141367264284,-0.20492860583956876,0.02678117543520937,-0.23170978127477815,0.0,-0.20492860583956876,1.4256159484798607,0.6167484117783725,0.02930025984905093,0.01147343839909963,0.03511485729213877,0.012366602350298187,0.9759695288360529,4802.76131654612,2098.237435630353,2641.9592884757194,1142.9615366522655,2170.4064952924646,955.2778606966386,3.5980342652151625,2.4210241711808806,0.001965250341082977,0.0010508184205014293,advance_eq19_20,0.045214856882066945,0.026192106564007615,0.05524754849527165,0.029793055562295542,1.221889270585834,1.1374822215803078,87.75164677623461,3.464049835619278e-16,a1_station_hull_matched_sweep_free_surface_marching_not_benchmark_validated,41,8,24,10,3.0,2,16,15.0,False,none,0.0,1.0,0.03,1.0,trapezoid,1.0,1.0,1.0,1.0,1.0,1.0,1.0,True,False,True,3.0,11,9,40,True,True,True,True,A1_GRID_RECOMMENDED,"A1 Section 3.3 recommends control radius about 3B, inner free-surface panels greater than 10, outer/free-surface proxy panels greater than 8, and roughly 60 stations at Fn=0.2 or 40 at Fn=0.3."
42,st41_bp8_fs24_cp10_r3p0_h2_fsm_clipfs_onezonefs_noend_pr1p0_pl1p0_pf1p0_pm1p0_dt1p0_fv0p03_hr1p0_hqtrapezoid_hp1p0_hc1p0_ci1p0_cp1p0_cn1p0_cd1p0_pg1p0,A55,OK,diagnostic_matched_wigley_sensitivity_not_hard_gate,wigley_iii,Fn0.4,0.4,2.1696064159197173,1.0,1.808005346599764,0.063,719.5500000000001,25,26,13,1.95,1.05,0.07499999999999996,-0.8681874999999999,0.8681874999999999,0.0636249999999999,0.06362500000000004,pitch,pitch_moment,-0.44999999999999996,83.74284850226859,200.63597399913527,6.28071363767014,15.047698049935137,0.0026702295290405766,0.0014173993672792564,0.001252830161761321,-0.20254451923761096,0.02802043988792327,-0.23056495912553426,0.0,-0.20254451923761096,1.421026412983241,0.617351648312173,0.028031430775635333,0.010963908942924755,0.0335956389319723,0.01176880125354708,0.9511989245906822,4740.874803095075,2076.8794657053013,2633.453936141514,1144.0794579026006,2115.320471848076,933.0810520700145,3.6324243780637495,2.4560668999972295,0.001854521273780736,0.0009914266069667372,advance_eq19_20,0.03810976454211045,0.023762801005397672,0.04735861275555338,0.02743005000189052,1.2426897233443452,1.1543273032358365,87.28477208365148,3.416632714450184e-16,a1_station_hull_matched_sweep_free_surface_marching_not_benchmark_validated,41,8,24,10,3.0,2,16,15.0,False,none,0.0,1.0,0.03,1.0,trapezoid,1.0,1.0,1.0,1.0,1.0,1.0,1.0,True,False,True,3.0,11,9,40,True,True,True,True,A1_GRID_RECOMMENDED,"A1 Section 3.3 recommends control radius about 3B, inner free-surface panels greater than 10, outer/free-surface proxy panels greater than 8, and roughly 60 stations at Fn=0.2 or 40 at Fn=0.3."
42,st41_bp8_fs24_cp10_r3p0_h2_fsm_clipfs_onezonefs_noend_pr1p0_pl1p0_pf1p0_pm1p0_dt1p0_fv0p03_hr1p0_hqtrapezoid_hp1p0_hc1p0_ci1p0_cp1p0_cn1p0_cd1p0_pg1p0,A55,OK,diagnostic_matched_wigley_sensitivity_not_hard_gate,wigley_iii,Fn0.4,0.4,2.1696064159197173,1.0,1.808005346599764,0.063,719.5500000000001,26,27,12,2.025,0.9750000000000001,0.07500000000000007,-0.8679843749999999,0.8679843749999999,0.06403124999999998,0.0640312500000001,pitch,pitch_moment,-0.5249999999999999,102.302466394531,218.717958493049,7.672684979589832,16.40384688697869,0.0032620226269585053,0.0017914780656174288,0.0014705445613410768,-0.19957839315961146,0.029624878604371616,-0.22920327176398306,0.0,-0.19957839315961146,1.417931487147276,0.6187861629598771,0.026570193255445376,0.010378719947911398,0.03186062097450508,0.011118026520111157,0.9222483656119311,4670.916903290194,2052.6522269810876,2627.71840262129,1146.737908309246,2050.9388703806967,906.7658778349885,3.64805467399076,2.4769497223477592,0.001731469178042064,0.0009255222978274353,advance_eq19_20,0.03179925573905172,0.021404046304483896,0.04027574461822737,0.025111887209645672,1.2665624928059533,1.1732308392729007,86.74002633334426,2.2267912042684693e-16,a1_station_hull_matched_sweep_free_surface_marching_not_benchmark_validated,41,8,24,10,3.0,2,16,15.0,False,none,0.0,1.0,0.03,1.0,trapezoid,1.0,1.0,1.0,1.0,1.0,1.0,1.0,True,False,True,3.0,11,9,40,True,True,True,True,A1_GRID_RECOMMENDED,"A1 Section 3.3 recommends control radius about 3B, inner free-surface panels greater than 10, outer/free-surface proxy panels greater than 8, and roughly 60 stations at Fn=0.2 or 40 at Fn=0.3."
42,st41_bp8_fs24_cp10_r3p0_h2_fsm_clipfs_onezonefs_noend_pr1p0_pl1p0_pf1p0_pm1p0_dt1p0_fv0p03_hr1p0_hqtrapezoid_hp1p0_hc1p0_ci1p0_cp1p0_cn1p0_cd1p0_pg1p0,A55,OK,diagnostic_matched_wigley_sensitivity_not_hard_gate,wigley_iii,Fn0.4,0.4,2.1696064159197173,1.0,1.808005346599764,0.063,719.5500000000001,27,28,11,2.1,0.8999999999999999,0.07499999999999996,-0.8677499999999999,0.8677499999999999,0.06449999999999989,0.06450000000000003,pitch,pitch_moment,-0.6000000000000001,120.66444018956707,230.7378921668121,9.049833014217525,17.305341912510897,0.0038475136332459968,0.002165979870560669,0.0016815337626853286,-0.19602362502950918,0.03160360757246067,-0.22762723260196988,0.0,-0.19602362502950918,1.4156386239832872,0.6208480802634004,0.024917918648959418,0.009719143880653872,0.029907543697519783,0.010410628639557247,0.8898991030375316,4593.6491929142,2026.06801861368,2623.469256040289,1150.5590647559882,1978.9990735582157,877.0584082988933,3.641383770372717,2.481439721970549,0.0015966912821013164,0.0008533968919552556,advance_eq19_20,0.026201819724322,0.019108289228412075,0.03391467831745043,0.022828490890374042,1.2943634707160787,1.1946904622120962,86.12073569235677,4.365320986299565e-16,a1_station_hull_matched_sweep_free_surface_marching_not_benchmark_validated,41,8,24,10,3.0,2,16,15.0,False,none,0.0,1.0,0.03,1.0,trapezoid,1.0,1.0,1.0,1.0,1.0,1.0,1.0,True,False,True,3.0,11,9,40,True,True,True,True,A1_GRID_RECOMMENDED,"A1 Section 3.3 recommends control radius about 3B, inner free-surface panels greater than 10, outer/free-surface proxy panels greater than 8, and roughly 60 stations at Fn=0.2 or 40 at Fn=0.3."
42,st41_bp8_fs24_cp10_r3p0_h2_fsm_clipfs_onezonefs_noend_pr1p0_pl1p0_pf1p0_pm1p0_dt1p0_fv0p03_hr1p0_hqtrapezoid_hp1p0_hc1p0_ci1p0_cp1p0_cn1p0_cd1p0_pg1p0,A55,OK,diagnostic_matched_wigley_sensitivity_not_hard_gate,wigley_iii,Fn0.4,0.4,2.1696064159197173,1.0,1.808005346599764,0.063,719.5500000000001,28,29,10,2.175,0.8250000000000002,0.07499999999999996,-0.8674843749999999,0.8674843749999999,0.06503124999999987,0.0650312500000001,pitch,pitch_moment,-0.6749999999999998,137.81126813497173,236.54078853359013,10.335845110122873,17.74055914001925,0.004394258425524675,0.0025222029843314023,0.0018720554411932732,-0.19190273900012386,0.0339476989999067,-0.22585043800003055,0.0,-0.19190273900012386,1.4135257758382007,0.6233978363482598,0.023085933931104436,0.008990684364191525,0.027744148417269385,0.00964449311216108,0.855293776361655,4510.273469537446,1997.9187279126513,2619.5537142788476,1155.284286705788,1902.0421363077119,845.0205550606178,3.608836582641504,2.467247136432652,0.0014516920776837354,0.0007758107440019728,advance_eq19_20,0.02124999923490578,0.016870413372677057,0.02820584401464611,0.020571981340428154,1.3273338837732513,1.219411812027444,85.43060038090854,3.088012577538034e-16,a1_station_hull_matched_sweep_free_surface_marching_not_benchmark_validated,41,8,24,10,3.0,2,16,15.0,False,none,0.0,1.0,0.03,1.0,trapezoid,1.0,1.0,1.0,1.0,1.0,1.0,1.0,True,False,True,3.0,11,9,40,True,True,True,True,A1_GRID_RECOMMENDED,"A1 Section 3.3 recommends control radius about 3B, inner free-surface panels greater than 10, outer/free-surface proxy panels greater than 8, and roughly 60 stations at Fn=0.2 or 40 at Fn=0.3."
42,st41_bp8_fs24_cp10_r3p0_h2_fsm_clipfs_onezonefs_noend_pr1p0_pl1p0_pf1p0_pm1p0_dt1p0_fv0p03_hr1p0_hqtrapezoid_hp1p0_hc1p0_ci1p0_cp1p0_cn1p0_cd1p0_pg1p0,A55,OK,diagnostic_matched_wigley_sensitivity_not_hard_gate,wigley_iii,Fn0.4,0.4,2.1696064159197173,1.0,1.808005346599764,0.063,719.5500000000001,29,30,9,2.25,0.75,0.07499999999999996,-0.8671874999999999,0.8671874999999999,0.06562499999999982,0.0656250000000001,pitch,pitch_moment,-0.75,152.46462383520006,236.36857131314497,11.434846787639998,17.72764284848586,0.004861496211079878,0.0028408851995353123,0.0020206110115445655,-0.18727486168182156,0.03662924309184006,-0.2239041047736616,0.0,-0.18727486168182156,1.4111274110712002,0.6264227956384797,0.021100506824955845,0.008205217399229614,0.025392994861022176,0.008819768081292707,0.8200383597958221,4422.687929397789,1969.5368699023131,2615.109051548968,1160.8901578400012,1823.6394988811294,812.3591096438226,3.5468591148684134,2.432069394920873,0.001299370437871893,0.0006942421125604573,advance_eq19_20,0.016888561434654874,0.014687967906060705,0.023092660944757412,0.01833699606655517,1.367355119860706,1.2484365559505861,84.67363722110893,5.249873068602214e-16,a1_station_hull_matched_sweep_free_surface_marching_not_benchmark_validated,41,8,24,10,3.0,2,16,15.0,False,none,0.0,1.0,0.03,1.0,trapezoid,1.0,1.0,1.0,1.0,1.0,1.0,1.0,True,False,True,3.0,11,9,40,True,True,True,True,A1_GRID_RECOMMENDED,"A1 Section 3.3 recommends control radius about 3B, inner free-surface panels greater than 10, outer/free-surface proxy panels greater than 8, and roughly 60 stations at Fn=0.2 or 40 at Fn=0.3."
42,st41_bp8_fs24_cp10_r3p0_h2_fsm_clipfs_onezonefs_noend_pr1p0_pl1p0_pf1p0_pm1p0_dt1p0_fv0p03_hr1p0_hqtrapezoid_hp1p0_hc1p0_ci1p0_cp1p0_cn1p0_cd1p0_pg1p0,A55,OK,diagnostic_matched_wigley_sensitivity_not_hard_gate,wigley_iii,Fn0.4,0.4,2.1696064159197173,1.0,1.808005346599764,0.063,719.5500000000001,30,31,8,2.3249999999999997,0.6750000000000003,0.07499999999999996,-0.866859375,0.866859375,0.06628124999999996,0.06628125000000007,pitch,pitch_moment,-0.8249999999999997,162.9490486360177,231.0893394342601,12.22117864770132,17.331700457569497,0.005195803213992373,0.00310322920130369,0.002092574012688683,-0.18224621196928545,0.039601300292259556,-0.22184751226154498,0.0,-0.18224621196928545,1.408302851340158,0.6301592336911013,0.019010213398237868,0.007384194674928191,0.022898268083516478,0.007939596029320588,0.7864943857959589,4334.123750626305,1943.5218436000273,2609.874561976066,1167.8145453157892,1749.0428471454434,782.5473572639395,3.452016835149246,2.3736648126167745,0.0011449792100188606,0.0006113742759571324,advance_eq19_20,0.01307295930622004,0.012561341091060484,0.018530111808447748,0.01612099569023158,1.4174381924092143,1.2833817323617134,83.85411691935549,3.8181984509844386e-16,a1_station_hull_matched_sweep_free_surface_marching_not_benchmark_validated,41,8,24,10,3.0,2,16,15.0,False,none,0.0,1.0,0.03,1.0,trapezoid,1.0,1.0,1.0,1.0,1.0,1.0,1.0,True,False,True,3.0,11,9,40,True,True,True,True,A1_GRID_RECOMMENDED,"A1 Section 3.3 recommends control radius about 3B, inner free-surface panels greater than 10, outer/free-surface proxy panels greater than 8, and roughly 60 stations at Fn=0.2 or 40 at Fn=0.3."
42,st41_bp8_fs24_cp10_r3p0_h2_fsm_clipfs_onezonefs_noend_pr1p0_pl1p0_pf1p0_pm1p0_dt1p0_fv0p03_hr1p0_hqtrapezoid_hp1p0_hc1p0_ci1p0_cp1p0_cn1p0_cd1p0_pg1p0,A55,OK,diagnostic_matched_wigley_sensitivity_not_hard_gate,wigley_iii,Fn0.4,0.4,2.1696064159197173,1.0,1.808005346599764,0.063,719.5500000000001,31,32,7,2.4,0.6000000000000001,0.07500000000000018,-0.8664999999999999,0.8664999999999998,0.06699999999999995,0.06700000000000006,pitch,pitch_moment,-0.8999999999999999,166.83527893640473,222.6978714328118,12.512645920230385,16.702340357460926,0.00531971978824726,0.0032924190250321656,0.0020273007632150937,-0.17698845046816564,0.042799124405427484,-0.2197875748735931,0.0,-0.17698845046816564,1.4055980247740854,0.6353524156092683,0.016898089552325146,0.006564035111541659,0.020338157014825047,0.0070121645652240355,0.7592234751701751,4251.317794812527,1926.2751667907085,2604.8619625606543,1177.438578506548,1688.396525917228,765.6772830652656,3.3211910834411196,2.2899952349918604,0.0009954317717029996,0.0005307487297946447,advance_eq19_20,0.009768086017269695,0.010493778480153721,0.014483584802647408,0.013924514840278334,1.4827454198336139,1.3269305109320695,82.97650322796612,5.761361591976754e-16,a1_station_hull_matched_sweep_free_surface_marching_not_benchmark_validated,41,8,24,10,3.0,2,16,15.0,False,none,0.0,1.0,0.03,1.0,trapezoid,1.0,1.0,1.0,1.0,1.0,1.0,1.0,True,False,True,3.0,11,9,40,True,True,True,True,A1_GRID_RECOMMENDED,"A1 Section 3.3 recommends control radius about 3B, inner free-surface panels greater than 10, outer/free-surface proxy panels greater than 8, and roughly 60 stations at Fn=0.2 or 40 at Fn=0.3."
42,st41_bp8_fs24_cp10_r3p0_h2_fsm_clipfs_onezonefs_noend_pr1p0_pl1p0_pf1p0_pm1p0_dt1p0_fv0p03_hr1p0_hqtrapezoid_hp1p0_hc1p0_ci1p0_cp1p0_cn1p0_cd1p0_pg1p0,A55,OK,diagnostic_matched_wigley_sensitivity_not_hard_gate,wigley_iii,Fn0.4,0.4,2.1696064159197173,1.0,1.808005346599764,0.063,719.5500000000001,32,33,6,2.475,0.5249999999999999,0.07499999999999996,-0.866109375,0.866109375,0.06778124999999988,0.06778125000000013,pitch,pitch_moment,-0.9750000000000001,159.90634876858158,215.62537552849767,11.99297615764361,16.171903164637317,0.0050987835021083705,0.003396208666426877,0.0017025748356814944,-0.1717791988229878,0.046143438251157014,-0.21792263707414478,0.0,-0.1717791988229878,1.405116772163212,0.6438753055398243,0.014905851519043696,0.005806926657080922,0.017850354392353295,0.00612457306243833,0.7538914133262936,4194.727873168564,1939.1581264654963,2603.9701025847917,1193.2332448335478,1676.5388384409978,801.5470239726337,3.1520393620665264,2.179557989724274,0.0008574432046262809,0.0004558201576261323,advance_eq19_20,0.006947391359331293,0.008490946779344472,0.010928003033513259,0.011751232885923545,1.5729649401189214,1.3839720341328976,82.0454186369934,4.749674732486997e-16,a1_station_hull_matched_sweep_free_surface_marching_not_benchmark_validated,41,8,24,10,3.0,2,16,15.0,False,none,0.0,1.0,0.03,1.0,trapezoid,1.0,1.0,1.0,1.0,1.0,1.0,1.0,True,False,True,3.0,11,9,40,True,True,True,True,A1_GRID_RECOMMENDED,"A1 Section 3.3 recommends control radius about 3B, inner free-surface panels greater than 10, outer/free-surface proxy panels greater than 8, and roughly 60 stations at Fn=0.2 or 40 at Fn=0.3."
42,st41_bp8_fs24_cp10_r3p0_h2_fsm_clipfs_onezonefs_noend_pr1p0_pl1p0_pf1p0_pm1p0_dt1p0_fv0p03_hr1p0_hqtrapezoid_hp1p0_hc1p0_ci1p0_cp1p0_cn1p0_cd1p0_pg1p0,A55,OK,diagnostic_matched_wigley_sensitivity_not_hard_gate,wigley_iii,Fn0.4,0.4,2.1696064159197173,1.0,1.808005346599764,0.063,719.5500000000001,33,34,5,2.55,0.4500000000000002,0.07499999999999996,-0.8656874999999999,0.8656874999999999,0.06862499999999994,0.06862500000000005,pitch,pitch_moment,-1.0499999999999998,132.4545377308119,221.15486388644393,9.934090329810886,16.586614791483285,0.004223453396078972,0.003412389760407837,0.0008110636356711358,-0.16711808037389417,0.04954773746457436,-0.21666581783846847,0.0,-0.16711808037389417,1.412953233117646,0.6604289678703337,0.013305485357333365,0.005230287606033985,0.01565677637662761,0.005297284268290616,0.856042610870636,4264.016976950502,2081.3110838948105,2618.4926749714296,1223.9105825829001,1903.7074293667379,1065.314657564638,2.9442679023387734,2.0423068884025755,0.0008339777542969838,0.00043847443881645334,advance_eq19_20,0.0045926045730645074,0.006559112888934148,0.007847340113725343,0.009607495598589904,1.708690567385175,1.4647553352525262,81.06571677861561,5.050076972926167e-16,a1_station_hull_matched_sweep_free_surface_marching_not_benchmark_validated,41,8,24,10,3.0,2,16,15.0,False,none,0.0,1.0,0.03,1.0,trapezoid,1.0,1.0,1.0,1.0,1.0,1.0,1.0,True,False,True,3.0,11,9,40,True,True,True,True,A1_GRID_RECOMMENDED,"A1 Section 3.3 recommends control radius about 3B, inner free-surface panels greater than 10, outer/free-surface proxy panels greater than 8, and roughly 60 stations at Fn=0.2 or 40 at Fn=0.3."
42,st41_bp8_fs24_cp10_r3p0_h2_fsm_clipfs_onezonefs_noend_pr1p0_pl1p0_pf1p0_pm1p0_dt1p0_fv0p03_hr1p0_hqtrapezoid_hp1p0_hc1p0_ci1p0_cp1p0_cn1p0_cd1p0_pg1p0,A55,OK,diagnostic_matched_wigley_sensitivity_not_hard_gate,wigley_iii,Fn0.4,0.4,2.1696064159197173,1.0,1.808005346599764,0.063,719.5500000000001,34,35,4,2.625,0.375,0.07499999999999996,-0.8652343749999999,0.8652343749999999,0.06953124999999993,0.06953125000000009,pitch,pitch_moment,-1.125,49.928588340071755,279.63407669011235,3.7446441255053795,20.972555751758414,0.0015920259856620352,0.0033645953669553985,-0.0017725693812933624,-0.16421034068302365,0.05293623002825599,-0.21714657071127957,0.0,-0.16421034068302365,1.4477076105422106,0.6983728879581423,0.012710396604546217,0.005096276605866768,0.01423748271677601,0.0046847153222752255,1.5805094872552223,5231.620706535867,2981.324815775568,2682.899677677823,1294.2284632323554,3514.810612070186,2315.248374805279,2.7041612336140566,1.8829267147518676,0.0012942629619749478,0.0006642954409115929,advance_eq19_20,0.0026948393327643426,0.004698343350832726,0.0052348305286976276,0.007500131004391207,1.9425390096736432,1.5963352280462637,80.04292683338196,4.505433832292652e-16,a1_station_hull_matched_sweep_free_surface_marching_not_benchmark_validated,41,8,24,10,3.0,2,16,15.0,False,none,0.0,1.0,0.03,1.0,trapezoid,1.0,1.0,1.0,1.0,1.0,1.0,1.0,True,False,True,3.0,11,9,40,True,True,True,True,A1_GRID_RECOMMENDED,"A1 Section 3.3 recommends control radius about 3B, inner free-surface panels greater than 10, outer/free-surface proxy panels greater than 8, and roughly 60 stations at Fn=0.2 or 40 at Fn=0.3."
42,st41_bp8_fs24_cp10_r3p0_h2_fsm_clipfs_onezonefs_noend_pr1p0_pl1p0_pf1p0_pm1p0_dt1p0_fv0p03_hr1p0_hqtrapezoid_hp1p0_hc1p0_ci1p0_cp1p0_cn1p0_cd1p0_pg1p0,A55,OK,diagnostic_matched_wigley_sensitivity_not_hard_gate,wigley_iii,Fn0.4,0.4,2.1696064159197173,1.0,1.808005346599764,0.063,719.5500000000001,35,36,3,2.6999999999999997,0.30000000000000027,0.07499999999999996,-0.8647499999999999,0.8647499999999999,0.0704999999999999,0.07050000000000001,pitch,pitch_moment,-1.1999999999999997,-392.76900181176586,734.2736103868094,-29.457675135882422,55.07052077901067,-0.012523856132039234,0.0033750435755791,-0.015898899707618337,-0.16967625575621223,0.056306049499523225,-0.2259823052557354,0.0,-0.16967625575621223,1.5842752961608508,0.8089768935577656,0.014678040078186048,0.006139988827015125,0.016282404171604006,0.006012299620214577,7.564456490521813,17382.062018912282,11316.1682854519,2935.9876610933616,1499.2004125488108,16822.190668151216,11085.069558374758,2.4683528899807157,1.727889435691838,0.00016465833841340842,9.299647953287768e-05,advance_eq19_20,0.0012599518557692352,0.002870977042821385,0.0030948228273547577,0.005428058066247355,2.4563024477354203,1.8906657856494244,78.98504044428888,5.23321137847045e-16,a1_station_hull_matched_sweep_free_surface_marching_not_benchmark_validated,41,8,24,10,3.0,2,16,15.0,False,none,0.0,1.0,0.03,1.0,trapezoid,1.0,1.0,1.0,1.0,1.0,1.0,1.0,True,False,True,3.0,11,9,40,True,True,True,True,A1_GRID_RECOMMENDED,"A1 Section 3.3 recommends control radius about 3B, inner free-surface panels greater than 10, outer/free-surface proxy panels greater than 8, and roughly 60 stations at Fn=0.2 or 40 at Fn=0.3."
42,st41_bp8_fs24_cp10_r3p0_h2_fsm_clipfs_onezonefs_noend_pr1p0_pl1p0_pf1p0_pm1p0_dt1p0_fv0p03_hr1p0_hqtrapezoid_hp1p0_hc1p0_ci1p0_cp1p0_cn1p0_cd1p0_pg1p0,A55,OK,diagnostic_matched_wigley_sensitivity_not_hard_gate,wigley_iii,Fn0.4,0.4,2.1696064159197173,1.0,1.808005346599764,0.063,719.5500000000001,36,37,2,2.775,0.2250000000000001,0.07500000000000018,-0.8642343749999999,0.8642343749999999,0.07153124999999994,0.07153125000000005,pitch,pitch_moment,-1.275,1183.8662875862942,-951.6567260427955,88.78997156897228,-71.37425445320983,0.03774883200280606,0.004525812232337154,0.033223019770468896,-0.15706376782082884,0.060256477403481355,-0.21732024522431015,0.0,-0.15706376782082884,2.5074958052184506,1.4434585581370964,0.03357628437341169,0.014692101343594466,0.03634176402399699,0.015567494062718111,16.66975849193287,37401.2611448468,23798.043391471023,4646.904967971725,2675.025310474733,37070.98535032799,23643.774609962205,2.5972536520094573,1.8324020901460691,0.0007549010569640805,0.0003739678545175339,advance_eq19_20,0.00033381969876890446,0.0007669221457800603,0.001449739142036008,0.003342715316373482,4.342880744852713,4.3586110203839565,77.91010290862681,7.567383654818521e-16,a1_station_hull_matched_sweep_free_surface_marching_not_benchmark_validated,41,8,24,10,3.0,2,16,15.0,False,none,0.0,1.0,0.03,1.0,trapezoid,1.0,1.0,1.0,1.0,1.0,1.0,1.0,True,False,True,3.0,11,9,40,True,True,True,True,A1_GRID_RECOMMENDED,"A1 Section 3.3 recommends control radius about 3B, inner free-surface panels greater than 10, outer/free-surface proxy panels greater than 8, and roughly 60 stations at Fn=0.2 or 40 at Fn=0.3."
42,st41_bp8_fs24_cp10_r3p0_h2_fsm_clipfs_onezonefs_noend_pr1p0_pl1p0_pf1p0_pm1p0_dt1p0_fv0p03_hr1p0_hqtrapezoid_hp1p0_hc1p0_ci1p0_cp1p0_cn1p0_cd1p0_pg1p0,A55,OK,diagnostic_matched_wigley_sensitivity_not_hard_gate,wigley_iii,Fn0.4,0.4,2.1696064159197173,1.0,1.808005346599764,0.063,719.5500000000001,37,38,1,2.85,0.1499999999999999,0.07499999999999996,-0.8636874999999999,0.8636874999999999,0.07262499999999994,0.07262500000000005,pitch,pitch_moment,-1.35,530.9206278373266,-607.3390205731554,39.81904708779947,-45.55042654298663,0.016928967229835595,-0.0011423142597844257,0.018071281489620023,-0.129724868204508,0.061948226389757714,-0.19167309459426565,0.0,-0.129724868204508,1.1156799409842248,0.7864967691480041,0.0332157420004761,0.014917916188457128,0.035610740356102996,0.016511250530479235,14.573126239125697,32423.78142059521,22785.60997262699,2067.5841808534274,1457.5401227956077,32408.396893125468,22775.538023508616,0.5730979329532452,0.2580464549045539,5.510347924230973e-05,2.510832358194116e-05,advance_eq19_20,0.0001014306367766429,0.00029920453341549116,0.00037106610658619644,0.0008283437462603073,3.6583237410143545,2.7684866161771207,77.78531556101758,7.015872286585855e-16,a1_station_hull_matched_sweep_free_surface_marching_not_benchmark_validated,41,8,24,10,3.0,2,16,15.0,False,none,0.0,1.0,0.03,1.0,trapezoid,1.0,1.0,1.0,1.0,1.0,1.0,1.0,True,False,True,3.0,11,9,40,True,True,True,True,A1_GRID_RECOMMENDED,"A1 Section 3.3 recommends control radius about 3B, inner free-surface panels greater than 10, outer/free-surface proxy panels greater than 8, and roughly 60 stations at Fn=0.2 or 40 at Fn=0.3."
42,st41_bp8_fs24_cp10_r3p0_h2_fsm_clipfs_onezonefs_noend_pr1p0_pl1p0_pf1p0_pm1p0_dt1p0_fv0p03_hr1p0_hqtrapezoid_hp1p0_hc1p0_ci1p0_cp1p0_cn1p0_cd1p0_pg1p0,A55,OK,diagnostic_matched_wigley_sensitivity_not_hard_gate,wigley_iii,Fn0.4,0.4,2.1696064159197173,1.0,1.808005346599764,0.063,719.5500000000001,38,39,0,2.925,0.07500000000000018,0.03749999999999987,-0.8631093749999998,0.8631093749999998,0.07378124999999991,0.07378125000000002,pitch,pitch_moment,-1.4249999999999998,-1312.6094937172666,1505.1784301578764,-49.22285601439732,56.44419113092017,-0.02092697282758352,0.000271526003880099,-0.02119849883146362,-0.14218735741717373,0.0616485952637456,-0.20383595268091928,0.0,-0.14218735741717373,1.2666760950798384,0.7385680650761,0.004010081029549538,0.0019154475514725538,0.004537021702051789,0.002367838681868957,53.40692538525146,118776.01188154984,63913.218293034384,2347.41108112232,1368.718385747567,118768.80816964686,63906.44917011097,0.7051877331151717,0.4971217299315475,0.0,0.0,initialize_eq21_22,0.0,0.0,0.00012395878121165108,0.0003656590402449859,,,113.94877021527233,1.4075170520088747e-15,a1_station_hull_matched_sweep_free_surface_marching_not_benchmark_validated,41,8,24,10,3.0,2,16,15.0,False,none,0.0,1.0,0.03,1.0,trapezoid,1.0,1.0,1.0,1.0,1.0,1.0,1.0,True,False,True,3.0,11,9,40,True,True,True,True,A1_GRID_RECOMMENDED,"A1 Section 3.3 recommends control radius about 3B, inner free-surface panels greater than 10, outer/free-surface proxy panels greater than 8, and roughly 60 stations at Fn=0.2 or 40 at Fn=0.3."
42,st41_bp8_fs24_cp10_r3p0_h2_fsm_clipfs_onezonefs_noend_pr1p0_pl1p0_pf1p0_pm1p0_dt1p0_fv1p0_hr1p0_hqtrapezoid_hp1p0_hc1p0_cim1p0_cp1p0_cnm1p0_cd1p0_pg1p0,A55,OK,diagnostic_matched_wigley_sensitivity_not_hard_gate,wigley_iii,Fn0.4,0.4,2.1696064159197173,1.0,1.808005346599764,0.063,719.5500000000001,0,1,38,0.075,2.925,0.0375,-0.8631093749999998,0.8631093749999998,0.07378124999999991,0.07378125000000002,pitch,pitch_moment,1.425,-4330.536938358571,-17517.099514324807,-162.3951351884464,-656.8912317871802,-0.0690418812843032,0.006594095395060867,-0.07563597667936409,0.0,0.0,0.0,0.0,0.0,23.461387140644195,12.788432758231881,1.3115562711459066,0.7254561436071324,3.775049798789315,2.284466021473915,526.9515909096326,1172520.0037928815,611852.1220715428,43478.77122365494,23699.593671552677,1171859.491329557,611728.0776802371,4.760193255996138,2.769297664563522,0.13299478728490097,0.08201728573928549,advance_eq19_20,2.1417103370676758,0.47472703664306487,2.0784113099683696,0.5227855763026841,0.9704446366981765,1.1012340480952072,418.23117884841605,3.4378462361345846e-15,a1_station_hull_matched_sweep_free_surface_marching_not_benchmark_validated,41,8,24,10,3.0,2,16,15.0,False,none,0.0,1.0,1.0,1.0,trapezoid,1.0,1.0,-1.0,1.0,-1.0,1.0,1.0,True,False,True,3.0,11,9,40,True,True,True,True,A1_GRID_RECOMMENDED,"A1 Section 3.3 recommends control radius about 3B, inner free-surface panels greater than 10, outer/free-surface proxy panels greater than 8, and roughly 60 stations at Fn=0.2 or 40 at Fn=0.3."
42,st41_bp8_fs24_cp10_r3p0_h2_fsm_clipfs_onezonefs_noend_pr1p0_pl1p0_pf1p0_pm1p0_dt1p0_fv1p0_hr1p0_hqtrapezoid_hp1p0_hc1p0_cim1p0_cp1p0_cnm1p0_cd1p0_pg1p0,A55,OK,diagnostic_matched_wigley_sensitivity_not_hard_gate,wigley_iii,Fn0.4,0.4,2.1696064159197173,1.0,1.808005346599764,0.063,719.5500000000001,1,2,37,0.15,2.85,0.07499999999999998,-0.8636874999999999,0.8636874999999999,0.07262499999999991,0.07262500000000005,pitch,pitch_moment,1.35,812.8697778915562,-310.89041663198356,60.9652333418667,-23.31678124739876,0.025919214870412356,-0.007829512906802713,0.033748727777215055,-0.05608227384909704,0.0026793389416595098,-0.058761612790756555,0.0,-0.05608227384909704,7.999534854920685,5.2859665056002845,1.3023101358703588,0.7315969790110501,3.908876399979521,2.3185950324317957,128.05568126849172,285240.04586985684,128944.17206652467,14824.781832707962,9795.982096674401,284776.18836696725,129245.30364561947,8.536173860143068,5.788975740440932,0.11965636876607486,0.07761353807568556,advance_eq19_20,2.172269210578133,0.5129739953299253,2.1320485509927356,0.47070737202422014,0.9814844958490697,0.9176047447034409,343.0542195004202,1.5022569794383102e-15,a1_station_hull_matched_sweep_free_surface_marching_not_benchmark_validated,41,8,24,10,3.0,2,16,15.0,False,none,0.0,1.0,1.0,1.0,trapezoid,1.0,1.0,-1.0,1.0,-1.0,1.0,1.0,True,False,True,3.0,11,9,40,True,True,True,True,A1_GRID_RECOMMENDED,"A1 Section 3.3 recommends control radius about 3B, inner free-surface panels greater than 10, outer/free-surface proxy panels greater than 8, and roughly 60 stations at Fn=0.2 or 40 at Fn=0.3."
42,st41_bp8_fs24_cp10_r3p0_h2_fsm_clipfs_onezonefs_noend_pr1p0_pl1p0_pf1p0_pm1p0_dt1p0_fv1p0_hr1p0_hqtrapezoid_hp1p0_hc1p0_cim1p0_cp1p0_cnm1p0_cd1p0_pg1p0,A55,OK,diagnostic_matched_wigley_sensitivity_not_hard_gate,wigley_iii,Fn0.4,0.4,2.1696064159197173,1.0,1.808005346599764,0.063,719.5500000000001,2,3,36,0.22499999999999998,2.775,0.075,-0.8642343749999999,0.8642343749999999,0.07153124999999994,0.07153125000000006,pitch,pitch_moment,1.275,3891.680669604168,6231.80581533016,291.8760502203126,467.385436149762,0.12409036505716604,0.031636982688039425,0.09245338236912662,0.018922516114692145,0.014583073832277861,0.004339442282414273,0.0,0.018922516114692145,13.890610658414358,7.500660742731837,1.4195272609181302,0.7330088763774485,4.163144650956137,2.3126914936061223,85.28523632955674,191897.28420564975,128726.32955989121,25742.15579639755,13900.265594037368,189661.28082193155,128276.06038681135,4.8548391652834475,2.4007201216091922,0.11764285706267662,0.07547867900040875,advance_eq19_20,2.1623882096991793,0.4727816816102623,2.1623514907952743,0.5157322045207764,0.9999830192822268,1.0908464193541245,342.8446096912935,2.081550864319097e-15,a1_station_hull_matched_sweep_free_surface_marching_not_benchmark_validated,41,8,24,10,3.0,2,16,15.0,False,none,0.0,1.0,1.0,1.0,trapezoid,1.0,1.0,-1.0,1.0,-1.0,1.0,1.0,True,False,True,3.0,11,9,40,True,True,True,True,A1_GRID_RECOMMENDED,"A1 Section 3.3 recommends control radius about 3B, inner free-surface panels greater than 10, outer/free-surface proxy panels greater than 8, and roughly 60 stations at Fn=0.2 or 40 at Fn=0.3."
42,st41_bp8_fs24_cp10_r3p0_h2_fsm_clipfs_onezonefs_noend_pr1p0_pl1p0_pf1p0_pm1p0_dt1p0_fv1p0_hr1p0_hqtrapezoid_hp1p0_hc1p0_cim1p0_cp1p0_cnm1p0_cd1p0_pg1p0,A55,OK,diagnostic_matched_wigley_sensitivity_not_hard_gate,wigley_iii,Fn0.4,0.4,2.1696064159197173,1.0,1.808005346599764,0.063,719.5500000000001,3,4,35,0.3,2.7,0.07500000000000001,-0.8647499999999999,0.8647499999999999,0.0704999999999999,0.07050000000000001,pitch,pitch_moment,1.2,-963.1004530140066,-6252.388355212425,-72.2325339760505,-468.92912664093194,-0.03070947925781019,0.019472213287445247,-0.05018169254525544,0.06561295901437007,0.0401376718200202,0.025475287194349872,0.0,0.06561295901437007,7.535170556875429,3.4035556155043056,1.3533218910652807,0.7206370858009536,3.900643122170931,2.2585379894507596,55.160844539768675,126510.92975910092,75682.14579922287,13964.219370731193,6307.487919038471,122669.25527655802,74250.3680397122,2.944550284311388,0.9700276788922491,0.11160367867192889,0.07160065310737962,advance_eq19_20,2.1549560157763485,0.48274780862823197,2.15599011608587,0.4714880901797978,1.000479870726804,0.9766757751207,342.76452809793557,1.036470564168416e-15,a1_station_hull_matched_sweep_free_surface_marching_not_benchmark_validated,41,8,24,10,3.0,2,16,15.0,False,none,0.0,1.0,1.0,1.0,trapezoid,1.0,1.0,-1.0,1.0,-1.0,1.0,1.0,True,False,True,3.0,11,9,40,True,True,True,True,A1_GRID_RECOMMENDED,"A1 Section 3.3 recommends control radius about 3B, inner free-surface panels greater than 10, outer/free-surface proxy panels greater than 8, and roughly 60 stations at Fn=0.2 or 40 at Fn=0.3."
42,st41_bp8_fs24_cp10_r3p0_h2_fsm_clipfs_onezonefs_noend_pr1p0_pl1p0_pf1p0_pm1p0_dt1p0_fv1p0_hr1p0_hqtrapezoid_hp1p0_hc1p0_cim1p0_cp1p0_cnm1p0_cd1p0_pg1p0,A55,OK,diagnostic_matched_wigley_sensitivity_not_hard_gate,wigley_iii,Fn0.4,0.4,2.1696064159197173,1.0,1.808005346599764,0.063,719.5500000000001,4,5,34,0.375,2.625,0.07499999999999998,-0.8652343749999999,0.8652343749999999,0.06953124999999993,0.06953125000000009,pitch,pitch_moment,1.125,322.3315067383604,-2435.6372607856124,24.174863005377027,-182.67279455892088,0.010277881906651357,0.016715296835453957,-0.0064374149288026015,0.05539716033879065,0.05823142688146981,-0.0028342665426791475,0.0,0.05539716033879065,6.110689131037429,2.5582373398143456,1.3214520727270855,0.699848945959175,3.746948223602745,2.1600472944683644,16.583381023096564,43429.241153009214,21793.253109157045,11324.362585832856,4740.939457961881,36878.89511198538,19524.663955785727,2.711934723119036,0.912481350394102,0.1032972580113533,0.06647182537349677,advance_eq19_20,2.1366619797407282,0.5047658627937913,2.1496593127688413,0.48060744875528366,1.0060830085204633,0.9521393663493901,342.70650863905854,8.741300103468686e-16,a1_station_hull_matched_sweep_free_surface_marching_not_benchmark_validated,41,8,24,10,3.0,2,16,15.0,False,none,0.0,1.0,1.0,1.0,trapezoid,1.0,1.0,-1.0,1.0,-1.0,1.0,1.0,True,False,True,3.0,11,9,40,True,True,True,True,A1_GRID_RECOMMENDED,"A1 Section 3.3 recommends control radius about 3B, inner free-surface panels greater than 10, outer/free-surface proxy panels greater than 8, and roughly 60 stations at Fn=0.2 or 40 at Fn=0.3."
42,st41_bp8_fs24_cp10_r3p0_h2_fsm_clipfs_onezonefs_noend_pr1p0_pl1p0_pf1p0_pm1p0_dt1p0_fv1p0_hr1p0_hqtrapezoid_hp1p0_hc1p0_cim1p0_cp1p0_cnm1p0_cd1p0_pg1p0,A55,OK,diagnostic_matched_wigley_sensitivity_not_hard_gate,wigley_iii,Fn0.4,0.4,2.1696064159197173,1.0,1.808005346599764,0.063,719.5500000000001,5,6,33,0.44999999999999996,2.55,0.07500000000000001,-0.8656874999999999,0.8656874999999999,0.06862499999999994,0.06862500000000005,pitch,pitch_moment,1.05,512.8521109275655,-1753.604037754013,38.463908319567416,-131.520302831551,0.016352833407529504,0.01493081267602196,0.0014220207315075414,0.06871251799588107,0.07405448163720776,-0.0053419636413266774,0.0,0.06871251799588107,5.421131992477695,2.18275968915616,1.2836275504308108,0.6700788646514998,3.5532489660607016,2.019906025642504,10.19768114034134,30290.64001500604,13352.84640283235,10046.471517698272,4045.102218045196,22678.07829032777,10636.261352827189,2.4886497719088707,0.82125522110905,0.09345168317547715,0.06038594963071946,advance_eq19_20,2.1072852230449346,0.531186484707634,2.1318199101746935,0.5025256808895471,1.0116427937051196,0.9460438007306194,342.6545414156471,7.371365302920691e-16,a1_station_hull_matched_sweep_free_surface_marching_not_benchmark_validated,41,8,24,10,3.0,2,16,15.0,False,none,0.0,1.0,1.0,1.0,trapezoid,1.0,1.0,-1.0,1.0,-1.0,1.0,1.0,True,False,True,3.0,11,9,40,True,True,True,True,A1_GRID_RECOMMENDED,"A1 Section 3.3 recommends control radius about 3B, inner free-surface panels greater than 10, outer/free-surface proxy panels greater than 8, and roughly 60 stations at Fn=0.2 or 40 at Fn=0.3."
42,st41_bp8_fs24_cp10_r3p0_h2_fsm_clipfs_onezonefs_noend_pr1p0_pl1p0_pf1p0_pm1p0_dt1p0_fv1p0_hr1p0_hqtrapezoid_hp1p0_hc1p0_cim1p0_cp1p0_cnm1p0_cd1p0_pg1p0,A55,OK,diagnostic_matched_wigley_sensitivity_not_hard_gate,wigley_iii,Fn0.4,0.4,2.1696064159197173,1.0,1.808005346599764,0.063,719.5500000000001,6,7,32,0.525,2.475,0.07500000000000001,-0.866109375,0.866109375,0.0677812499999999,0.06778125000000006,pitch,pitch_moment,0.975,540.841359006089,-1497.8434481122263,40.56310192545668,-112.338258608417,0.017245300263524867,0.0132521687509304,0.003993131512594469,0.08551158483140826,0.08814597235068394,-0.002634387519275671,0.0,0.08551158483140826,4.993632380730858,1.9649189130138784,1.2377543380033191,0.6321568134167237,3.322031101314228,1.8438998124646349,7.908800208080037,25491.125955031872,10450.619402760443,9254.226894397976,3641.398497873191,17587.958265519585,7556.536872506531,2.241054927378759,0.701532179308768,0.0825995141980156,0.05361535744719149,advance_eq19_20,2.0689773695071523,0.5562293048356757,2.1025743953943414,0.5291417221236708,1.0162384694885243,0.9513014102699835,342.6062403202438,6.699460602128411e-16,a1_station_hull_matched_sweep_free_surface_marching_not_benchmark_validated,41,8,24,10,3.0,2,16,15.0,False,none,0.0,1.0,1.0,1.0,trapezoid,1.0,1.0,-1.0,1.0,-1.0,1.0,1.0,True,False,True,3.0,11,9,40,True,True,True,True,A1_GRID_RECOMMENDED,"A1 Section 3.3 recommends control radius about 3B, inner free-surface panels greater than 10, outer/free-surface proxy panels greater than 8, and roughly 60 stations at Fn=0.2 or 40 at Fn=0.3."
42,st41_bp8_fs24_cp10_r3p0_h2_fsm_clipfs_onezonefs_noend_pr1p0_pl1p0_pf1p0_pm1p0_dt1p0_fv1p0_hr1p0_hqtrapezoid_hp1p0_hc1p0_cim1p0_cp1p0_cnm1p0_cd1p0_pg1p0,A55,OK,diagnostic_matched_wigley_sensitivity_not_hard_gate,wigley_iii,Fn0.4,0.4,2.1696064159197173,1.0,1.808005346599764,0.063,719.5500000000001,7,8,31,0.6,2.4,0.07499999999999996,-0.8664999999999999,0.8664999999999998,0.06699999999999995,0.06700000000000006,pitch,pitch_moment,0.9,509.2672690975688,-1363.358388335127,38.19504518231764,-102.25187912513447,0.016238526924258413,0.011517991123456972,0.004720535800801443,0.1022534984252999,0.10053105228787762,0.0017224461374222837,0.0,0.1022534984252999,4.696323350546819,1.8203596535049715,1.1849680227934705,0.5873796722256438,3.0693799990685195,1.6398939342141963,6.789325273862152,23001.178974715473,9059.760214175982,8703.252170328715,3373.5004859282694,15098.417765785645,6126.905954628224,2.005106376666519,0.565029998969811,0.07123587315010052,0.04643733885711888,advance_eq19_20,2.0247885247269006,0.5755164007439106,2.064212158475871,0.5544862691173644,1.0194704944578288,0.9634586753750845,342.56168396636383,8.563596338430601e-16,a1_station_hull_matched_sweep_free_surface_marching_not_benchmark_validated,41,8,24,10,3.0,2,16,15.0,False,none,0.0,1.0,1.0,1.0,trapezoid,1.0,1.0,-1.0,1.0,-1.0,1.0,1.0,True,False,True,3.0,11,9,40,True,True,True,True,A1_GRID_RECOMMENDED,"A1 Section 3.3 recommends control radius about 3B, inner free-surface panels greater than 10, outer/free-surface proxy panels greater than 8, and roughly 60 stations at Fn=0.2 or 40 at Fn=0.3."
42,st41_bp8_fs24_cp10_r3p0_h2_fsm_clipfs_onezonefs_noend_pr1p0_pl1p0_pf1p0_pm1p0_dt1p0_fv1p0_hr1p0_hqtrapezoid_hp1p0_hc1p0_cim1p0_cp1p0_cnm1p0_cd1p0_pg1p0,A55,OK,diagnostic_matched_wigley_sensitivity_not_hard_gate,wigley_iii,Fn0.4,0.4,2.1696064159197173,1.0,1.808005346599764,0.063,719.5500000000001,8,9,30,0.6749999999999999,2.325,0.07500000000000001,-0.866859375,0.866859375,0.06628124999999993,0.06628125000000007,pitch,pitch_moment,0.8250000000000001,448.832339704235,-1267.441267208488,33.66242547781763,-95.05809504063662,0.014311495112733757,0.009728154576784628,0.0045833405359491305,0.11752850944379598,0.11115412513799841,0.006374384305797568,0.0,0.11752850944379598,4.477516816676901,1.7171680364813136,1.1271082362314417,0.5373337103449969,2.8153281785119786,1.4170879471912465,6.1188945119944185,21413.48707359931,8238.97954315189,8297.758702643248,3182.265215742644,13607.482611348014,5325.5879951254965,1.8309287801075578,0.49106039814037145,0.059839361807019306,0.039127391081463056,advance_eq19_20,1.9779463409513214,0.586188357703267,2.019870997907382,0.574084595297955,1.0211960537493128,0.9793517523058022,342.5212065841895,4.6766266810488e-16,a1_station_hull_matched_sweep_free_surface_marching_not_benchmark_validated,41,8,24,10,3.0,2,16,15.0,False,none,0.0,1.0,1.0,1.0,trapezoid,1.0,1.0,-1.0,1.0,-1.0,1.0,1.0,True,False,True,3.0,11,9,40,True,True,True,True,A1_GRID_RECOMMENDED,"A1 Section 3.3 recommends control radius about 3B, inner free-surface panels greater than 10, outer/free-surface proxy panels greater than 8, and roughly 60 stations at Fn=0.2 or 40 at Fn=0.3."
42,st41_bp8_fs24_cp10_r3p0_h2_fsm_clipfs_onezonefs_noend_pr1p0_pl1p0_pf1p0_pm1p0_dt1p0_fv1p0_hr1p0_hqtrapezoid_hp1p0_hc1p0_cim1p0_cp1p0_cnm1p0_cd1p0_pg1p0,A55,OK,diagnostic_matched_wigley_sensitivity_not_hard_gate,wigley_iii,Fn0.4,0.4,2.1696064159197173,1.0,1.808005346599764,0.063,719.5500000000001,9,10,29,0.75,2.25,0.07500000000000001,-0.8671874999999999,0.8671874999999999,0.06562499999999982,0.0656250000000001,pitch,pitch_moment,0.75,374.19152475142835,-1179.5044624822806,28.06436435635713,-88.46283468617106,0.011931493575608609,0.007931447056379493,0.004000046519229114,0.13065000378796718,0.11998392595458049,0.010666077833386692,0.0,0.13065000378796718,4.312618574773392,1.6406955078534615,1.0660167959720968,0.4837588865900742,2.579625309744556,1.1852766388209512,5.650708523026392,20253.66581268438,7680.115604402922,7992.16837706164,3040.545906599805,12566.308802701546,4806.110390129037,1.762132944274926,0.5069591713845859,0.04886550670796435,0.031946330487838924,advance_eq19_20,1.9312870572469951,0.5868504446679155,1.97284725536621,0.5850278395663401,1.0215194307667852,0.9968942596565522,342.4849787194831,5.562950256600437e-16,a1_station_hull_matched_sweep_free_surface_marching_not_benchmark_validated,41,8,24,10,3.0,2,16,15.0,False,none,0.0,1.0,1.0,1.0,trapezoid,1.0,1.0,-1.0,1.0,-1.0,1.0,1.0,True,False,True,3.0,11,9,40,True,True,True,True,A1_GRID_RECOMMENDED,"A1 Section 3.3 recommends control radius about 3B, inner free-surface panels greater than 10, outer/free-surface proxy panels greater than 8, and roughly 60 stations at Fn=0.2 or 40 at Fn=0.3."
42,st41_bp8_fs24_cp10_r3p0_h2_fsm_clipfs_onezonefs_noend_pr1p0_pl1p0_pf1p0_pm1p0_dt1p0_fv1p0_hr1p0_hqtrapezoid_hp1p0_hc1p0_cim1p0_cp1p0_cnm1p0_cd1p0_pg1p0,A55,OK,diagnostic_matched_wigley_sensitivity_not_hard_gate,wigley_iii,Fn0.4,0.4,2.1696064159197173,1.0,1.808005346599764,0.063,719.5500000000001,10,11,28,0.825,2.175,0.07499999999999996,-0.8674843749999999,0.8674843749999999,0.06503124999999987,0.0650312500000001,pitch,pitch_moment,0.675,294.4427965195889,-1086.972631711396,22.083209738969156,-81.52294737835464,0.009388620806928885,0.006190390029824547,0.0031982307771043386,0.1413100609792359,0.1270448444976825,0.014265216481553418,0.0,0.1413100609792359,4.1880634816390705,1.5832030957498961,1.00319745431795,0.4284261566740908,2.3777813136986707,0.954169275311741,5.282559598084362,19322.638201013087,7258.623826985087,7761.342195870228,2934.0006534158383,11747.602076394169,4427.337064297797,1.8093071726416021,0.56458693997454,0.03873709013727956,0.025127379605543346,advance_eq19_20,1.8867921461338413,0.5774195099619802,1.9260334565053225,0.5859001606702152,1.0207978978775638,1.0146871564987359,342.4529909421924,6.386384379962947e-16,a1_station_hull_matched_sweep_free_surface_marching_not_benchmark_validated,41,8,24,10,3.0,2,16,15.0,False,none,0.0,1.0,1.0,1.0,trapezoid,1.0,1.0,-1.0,1.0,-1.0,1.0,1.0,True,False,True,3.0,11,9,40,True,True,True,True,A1_GRID_RECOMMENDED,"A1 Section 3.3 recommends control radius about 3B, inner free-surface panels greater than 10, outer/free-surface proxy panels greater than 8, and roughly 60 stations at Fn=0.2 or 40 at Fn=0.3."
42,st41_bp8_fs24_cp10_r3p0_h2_fsm_clipfs_onezonefs_noend_pr1p0_pl1p0_pf1p0_pm1p0_dt1p0_fv1p0_hr1p0_hqtrapezoid_hp1p0_hc1p0_cim1p0_cp1p0_cnm1p0_cd1p0_pg1p0,A55,OK,diagnostic_matched_wigley_sensitivity_not_hard_gate,wigley_iii,Fn0.4,0.4,2.1696064159197173,1.0,1.808005346599764,0.063,719.5500000000001,11,12,27,0.8999999999999999,2.1,0.07500000000000001,-0.8677499999999999,0.8677499999999999,0.06449999999999989,0.0645,pitch,pitch_moment,0.6000000000000001,215.9260452614556,-985.0644955729744,16.194453394609173,-73.8798371679731,0.006885030930497569,0.004567053765150432,0.002317977165347138,0.14944688684794916,0.13242356639516997,0.017023320452779156,0.0,0.14944688684794916,4.0951993052952025,1.5400442802799064,0.9396548581639889,0.39392562241575807,2.217395307618488,0.9160429704450197,4.966416804792228,18523.467966350498,6915.922409873799,7589.2457953494995,2854.0185000651177,11044.549007903937,4123.978922281955,1.9421996278232674,0.643984706619201,0.0298398420314667,0.018865285261005005,advance_eq19_20,1.8452888922400739,0.5589357034658302,1.881454702362786,0.5766167201774365,1.019598996273591,1.0316333642706494,342.4251138934239,3.2338651564613906e-16,a1_station_hull_matched_sweep_free_surface_marching_not_benchmark_validated,41,8,24,10,3.0,2,16,15.0,False,none,0.0,1.0,1.0,1.0,trapezoid,1.0,1.0,-1.0,1.0,-1.0,1.0,1.0,True,False,True,3.0,11,9,40,True,True,True,True,A1_GRID_RECOMMENDED,"A1 Section 3.3 recommends control radius about 3B, inner free-surface panels greater than 10, outer/free-surface proxy panels greater than 8, and roughly 60 stations at Fn=0.2 or 40 at Fn=0.3."
42,st41_bp8_fs24_cp10_r3p0_h2_fsm_clipfs_onezonefs_noend_pr1p0_pl1p0_pf1p0_pm1p0_dt1p0_fv1p0_hr1p0_hqtrapezoid_hp1p0_hc1p0_cim1p0_cp1p0_cnm1p0_cd1p0_pg1p0,A55,OK,diagnostic_matched_wigley_sensitivity_not_hard_gate,wigley_iii,Fn0.4,0.4,2.1696064159197173,1.0,1.808005346599764,0.063,719.5500000000001,12,13,26,0.975,2.025,0.07500000000000007,-0.8679843749999999,0.8679843749999999,0.06403124999999998,0.0640312500000001,pitch,pitch_moment,0.525,143.20783805244852,-872.8519153843292,10.740587853933649,-65.46389365382475,0.004566333780100043,0.0031164455228310773,0.0014498882572689651,0.15517256920324793,0.13626531603916076,0.018907253164087208,0.0,0.15517256920324793,4.027567580490514,1.5080277082656124,0.8758810144079006,0.3786415891526888,2.0962408545481113,0.9003877300647655,4.677484157387396,17803.11064735398,6620.963405308902,7463.910312301692,2794.6852133489365,10402.00712918629,3862.716727536841,2.1127151933599073,0.6991700218462915,0.022524653928068794,0.013308449836191122,advance_eq19_20,1.8063759595351263,0.5333657794922543,1.839969213998537,0.5582309513721437,1.018597044699408,1.0466193611137937,342.4011560901492,5.512554928885847e-16,a1_station_hull_matched_sweep_free_surface_marching_not_benchmark_validated,41,8,24,10,3.0,2,16,15.0,False,none,0.0,1.0,1.0,1.0,trapezoid,1.0,1.0,-1.0,1.0,-1.0,1.0,1.0,True,False,True,3.0,11,9,40,True,True,True,True,A1_GRID_RECOMMENDED,"A1 Section 3.3 recommends control radius about 3B, inner free-surface panels greater than 10, outer/free-surface proxy panels greater than 8, and roughly 60 stations at Fn=0.2 or 40 at Fn=0.3."
42,st41_bp8_fs24_cp10_r3p0_h2_fsm_clipfs_onezonefs_noend_pr1p0_pl1p0_pf1p0_pm1p0_dt1p0_fv1p0_hr1p0_hqtrapezoid_hp1p0_hc1p0_cim1p0_cp1p0_cnm1p0_cd1p0_pg1p0,A55,OK,diagnostic_matched_wigley_sensitivity_not_hard_gate,wigley_iii,Fn0.4,0.4,2.1696064159197173,1.0,1.808005346599764,0.063,719.5500000000001,13,14,25,1.05,1.95,0.07500000000000001,-0.8681874999999999,0.8681874999999999,0.06362499999999982,0.0636250000000001,pitch,pitch_moment,0.44999999999999996,79.61469168718698,-751.4670833129566,5.9711018765390245,-56.36003124847175,0.0025385988713153116,0.0018832546856337152,0.0006553441856815958,0.15872503552895562,0.13876516614339315,0.019959869385562486,0.0,0.15872503552895562,3.9795564798217082,1.4846369654666687,0.8119631515569774,0.3602902866907365,2.003590116696156,0.8755894518048226,4.402124075031835,17129.689367821455,6355.641404016511,7374.935877428718,2751.3373606064706,9789.648552785313,3625.2372327555277,2.278527823713339,0.7739160426833133,0.01709518905783682,0.008554668477748268,advance_eq19_20,1.768586720500676,0.503394224828465,1.8011970140968827,0.5327353431074362,1.018438617240649,1.0582865611717525,342.3809050598612,6.256557010720068e-16,a1_station_hull_matched_sweep_free_surface_marching_not_benchmark_validated,41,8,24,10,3.0,2,16,15.0,False,none,0.0,1.0,1.0,1.0,trapezoid,1.0,1.0,-1.0,1.0,-1.0,1.0,1.0,True,False,True,3.0,11,9,40,True,True,True,True,A1_GRID_RECOMMENDED,"A1 Section 3.3 recommends control radius about 3B, inner free-surface panels greater than 10, outer/free-surface proxy panels greater than 8, and roughly 60 stations at Fn=0.2 or 40 at Fn=0.3."
42,st41_bp8_fs24_cp10_r3p0_h2_fsm_clipfs_onezonefs_noend_pr1p0_pl1p0_pf1p0_pm1p0_dt1p0_fv1p0_hr1p0_hqtrapezoid_hp1p0_hc1p0_cim1p0_cp1p0_cnm1p0_cd1p0_pg1p0,A55,OK,diagnostic_matched_wigley_sensitivity_not_hard_gate,wigley_iii,Fn0.4,0.4,2.1696064159197173,1.0,1.808005346599764,0.063,719.5500000000001,14,15,24,1.125,1.875,0.07499999999999996,-0.8683593749999999,0.8683593749999999,0.06328124999999996,0.06328125000000007,pitch,pitch_moment,0.375,27.66087366511078,-623.2196744174717,2.0745655248833073,-46.74147558131035,0.0008819962896012399,0.0009002750449420304,-1.8278755340790417e-05,0.1604353331094139,0.140156931008681,0.020278402100732888,0.0,0.1604353331094139,3.945716154501567,1.467641597613293,0.7477678720977163,0.3389588687250703,1.9244126625474793,0.854077838613486,4.133003164919799,16483.20069115709,6108.738907050887,7312.2228010914905,2719.841451761479,9191.164938217154,3401.187412110257,2.41080481942216,0.8137119552903463,0.01369829899674502,0.0058173286191070825,advance_eq19_20,1.7297377959200886,0.47215958415431014,1.763688989925586,0.5028476809772112,1.0196279425041055,1.0649951792842813,342.3641533741088,5.637171386886278e-16,a1_station_hull_matched_sweep_free_surface_marching_not_benchmark_validated,41,8,24,10,3.0,2,16,15.0,False,none,0.0,1.0,1.0,1.0,trapezoid,1.0,1.0,-1.0,1.0,-1.0,1.0,1.0,True,False,True,3.0,11,9,40,True,True,True,True,A1_GRID_RECOMMENDED,"A1 Section 3.3 recommends control radius about 3B, inner free-surface panels greater than 10, outer/free-surface proxy panels greater than 8, and roughly 60 stations at Fn=0.2 or 40 at Fn=0.3."
42,st41_bp8_fs24_cp10_r3p0_h2_fsm_clipfs_onezonefs_noend_pr1p0_pl1p0_pf1p0_pm1p0_dt1p0_fv1p0_hr1p0_hqtrapezoid_hp1p0_hc1p0_cim1p0_cp1p0_cnm1p0_cd1p0_pg1p0,A55,OK,diagnostic_matched_wigley_sensitivity_not_hard_gate,wigley_iii,Fn0.4,0.4,2.1696064159197173,1.0,1.808005346599764,0.063,719.5500000000001,15,16,23,1.2,1.8,0.07499999999999996,-0.8684999999999999,0.8684999999999998,0.06299999999999994,0.06300000000000008,pitch,pitch_moment,0.30000000000000004,-10.61136346434266,-491.1587843198445,-0.795852259825699,-36.83690882398832,-0.0003383545768102514,0.0001876945427270913,-0.0005260491195373427,0.1607071539658094,0.1407009158025156,0.020006238163293822,0.0,0.1607071539658094,3.920481797523692,1.4549202449254093,0.6831442690852465,0.3149136103307953,1.8441634190356317,0.8601199249017615,3.8673896082939296,15851.878400599588,5873.306558502901,7265.458352449135,2696.2661712439126,8600.481139691145,3185.2280329918426,2.4944631750359703,0.8510591214883682,0.012060959769040128,0.005500943159109408,advance_eq19_20,1.6873633386197202,0.4428796481133982,1.7252810017820785,0.4717322911408786,1.0224715461658516,1.065147818714155,342.35071396278477,5.501636791983008e-16,a1_station_hull_matched_sweep_free_surface_marching_not_benchmark_validated,41,8,24,10,3.0,2,16,15.0,False,none,0.0,1.0,1.0,1.0,trapezoid,1.0,1.0,-1.0,1.0,-1.0,1.0,1.0,True,False,True,3.0,11,9,40,True,True,True,True,A1_GRID_RECOMMENDED,"A1 Section 3.3 recommends control radius about 3B, inner free-surface panels greater than 10, outer/free-surface proxy panels greater than 8, and roughly 60 stations at Fn=0.2 or 40 at Fn=0.3."
42,st41_bp8_fs24_cp10_r3p0_h2_fsm_clipfs_onezonefs_noend_pr1p0_pl1p0_pf1p0_pm1p0_dt1p0_fv1p0_hr1p0_hqtrapezoid_hp1p0_hc1p0_cim1p0_cp1p0_cnm1p0_cd1p0_pg1p0,A55,OK,diagnostic_matched_wigley_sensitivity_not_hard_gate,wigley_iii,Fn0.4,0.4,2.1696064159197173,1.0,1.808005346599764,0.063,719.5500000000001,16,17,22,1.275,1.725,0.07499999999999996,-0.8686093749999999,0.8686093749999999,0.0627812499999999,0.06278125000000001,pitch,pitch_moment,0.2250000000000001,-33.46881059360328,-358.84592126983665,-2.5101607945202447,-26.913444095237733,-0.0010671885175542427,-0.000247147444166028,-0.0008200410733882148,0.16000438241862713,0.14067118935179612,0.019333193066831043,0.0,0.16000438241862713,3.89820321533836,1.4444187337965244,0.6180934706188753,0.2885882358903266,1.752036796566922,0.8433445751855698,3.606737069292998,15230.625461964559,5645.4192559535495,7224.17156185075,2676.8047132688016,8020.829883225404,2975.804251056502,2.5268195162093003,0.8781478195437583,0.011435642576816092,0.005061004027244694,advance_eq19_20,1.6391266587667956,0.4183754142890475,1.6835301202196191,0.44260316418500095,1.0270897073239176,1.0579091148009356,342.34042855322906,9.307975448440255e-16,a1_station_hull_matched_sweep_free_surface_marching_not_benchmark_validated,41,8,24,10,3.0,2,16,15.0,False,none,0.0,1.0,1.0,1.0,trapezoid,1.0,1.0,-1.0,1.0,-1.0,1.0,1.0,True,False,True,3.0,11,9,40,True,True,True,True,A1_GRID_RECOMMENDED,"A1 Section 3.3 recommends control radius about 3B, inner free-surface panels greater than 10, outer/free-surface proxy panels greater than 8, and roughly 60 stations at Fn=0.2 or 40 at Fn=0.3."
42,st41_bp8_fs24_cp10_r3p0_h2_fsm_clipfs_onezonefs_noend_pr1p0_pl1p0_pf1p0_pm1p0_dt1p0_fv1p0_hr1p0_hqtrapezoid_hp1p0_hc1p0_cim1p0_cp1p0_cnm1p0_cd1p0_pg1p0,A55,OK,diagnostic_matched_wigley_sensitivity_not_hard_gate,wigley_iii,Fn0.4,0.4,2.1696064159197173,1.0,1.808005346599764,0.063,719.5500000000001,17,18,21,1.3499999999999999,1.6500000000000001,0.07500000000000007,-0.8686874999999998,0.8686875,0.0626249999999999,0.06262500000000004,pitch,pitch_moment,0.15000000000000013,-39.571543129448806,-230.19017048121424,-2.967865734708663,-17.264262786091084,-0.0012617806160617362,-0.00040967063387659813,-0.0008521099821851377,0.15883989785181915,0.1403427803127748,0.01849711753904437,0.0,0.15883989785181915,3.8734024875972306,1.4341971062493264,0.5528712966488613,0.26055594584706104,1.642144938049857,0.8057268346178924,3.356357429823374,14619.479227642245,5423.331306010868,7178.210717286333,2657.861937081109,7464.023979211218,2774.4261905697376,2.512920447096661,0.8607145429215658,0.011050134997848475,0.004520628923584753,advance_eq19_20,1.5831297657227659,0.4005975654964626,1.6361220860186831,0.4182438604783483,1.033473137479494,1.0440499306580073,342.3331719804855,4.571909999238158e-16,a1_station_hull_matched_sweep_free_surface_marching_not_benchmark_validated,41,8,24,10,3.0,2,16,15.0,False,none,0.0,1.0,1.0,1.0,trapezoid,1.0,1.0,-1.0,1.0,-1.0,1.0,1.0,True,False,True,3.0,11,9,40,True,True,True,True,A1_GRID_RECOMMENDED,"A1 Section 3.3 recommends control radius about 3B, inner free-surface panels greater than 10, outer/free-surface proxy panels greater than 8, and roughly 60 stations at Fn=0.2 or 40 at Fn=0.3."
42,st41_bp8_fs24_cp10_r3p0_h2_fsm_clipfs_onezonefs_noend_pr1p0_pl1p0_pf1p0_pm1p0_dt1p0_fv1p0_hr1p0_hqtrapezoid_hp1p0_hc1p0_cim1p0_cp1p0_cnm1p0_cd1p0_pg1p0,A55,OK,diagnostic_matched_wigley_sensitivity_not_hard_gate,wigley_iii,Fn0.4,0.4,2.1696064159197173,1.0,1.808005346599764,0.063,719.5500000000001,18,19,20,1.425,1.575,0.07500000000000007,-0.8687343749999998,0.868734375,0.06253124999999993,0.06253125000000004,pitch,pitch_moment,0.07499999999999996,-28.273579621129706,-109.2542242049049,-2.1205184715847296,-8.194066815367874,-0.0009015330687488534,-0.0003175942947054267,-0.0005839387740434267,0.15775824100941385,0.1399791478484838,0.017779093160930088,0.0,0.15775824100941385,3.841151686769148,1.422523001326052,0.4880152896379394,0.23148944025589951,1.5132073404983928,0.7506192720476013,3.1243378823105195,14021.160450556961,5206.591328912915,7118.443356448805,2636.227421860111,6948.048102835974,2584.7810471558664,2.4583238712954314,0.8885689650166184,0.010454637412510036,0.003907623619166038,advance_eq19_20,1.5180938966817963,0.3902621850098372,1.5811715725782896,0.4005630734743274,1.0415505760443189,1.0263947901184187,342.3288541718238,5.86062429537627e-16,a1_station_hull_matched_sweep_free_surface_marching_not_benchmark_validated,41,8,24,10,3.0,2,16,15.0,False,none,0.0,1.0,1.0,1.0,trapezoid,1.0,1.0,-1.0,1.0,-1.0,1.0,1.0,True,False,True,3.0,11,9,40,True,True,True,True,A1_GRID_RECOMMENDED,"A1 Section 3.3 recommends control radius about 3B, inner free-surface panels greater than 10, outer/free-surface proxy panels greater than 8, and roughly 60 stations at Fn=0.2 or 40 at Fn=0.3."
42,st41_bp8_fs24_cp10_r3p0_h2_fsm_clipfs_onezonefs_noend_pr1p0_pl1p0_pf1p0_pm1p0_dt1p0_fv1p0_hr1p0_hqtrapezoid_hp1p0_hc1p0_cim1p0_cp1p0_cnm1p0_cd1p0_pg1p0,A55,OK,diagnostic_matched_wigley_sensitivity_not_hard_gate,wigley_iii,Fn0.4,0.4,2.1696064159197173,1.0,1.808005346599764,0.063,719.5500000000001,19,20,19,1.5,1.5,0.07499999999999996,-0.8687499999999999,0.8687499999999999,0.062499999999999944,0.06250000000000003,pitch,pitch_moment,0.0,0.0,-0.0,0.0,0.0,0.0,0.0,0.0,0.1573074744750394,0.13982035070113108,0.017487123773908375,0.0,0.1573074744750394,3.7974398840595045,1.4079694465424206,0.4243054191525014,0.20211301641449855,1.367526357758217,0.6822026448403952,2.914793805532487,13430.558578499993,4993.1789231608445,7037.436404115041,2609.2566943777524,6482.054225105489,2408.761433927593,2.3667717844679466,0.8299275584233634,0.009496920200869525,0.00339675480877892,advance_eq19_20,1.4434304968720904,0.3866908181858819,1.517393665597255,0.3902630387193738,1.051241240146611,1.0092379243713376,342.3274209292955,5.190339267678386e-16,a1_station_hull_matched_sweep_free_surface_marching_not_benchmark_validated,41,8,24,10,3.0,2,16,15.0,False,none,0.0,1.0,1.0,1.0,trapezoid,1.0,1.0,-1.0,1.0,-1.0,1.0,1.0,True,False,True,3.0,11,9,40,True,True,True,True,A1_GRID_RECOMMENDED,"A1 Section 3.3 recommends control radius about 3B, inner free-surface panels greater than 10, outer/free-surface proxy panels greater than 8, and roughly 60 stations at Fn=0.2 or 40 at Fn=0.3."
42,st41_bp8_fs24_cp10_r3p0_h2_fsm_clipfs_onezonefs_noend_pr1p0_pl1p0_pf1p0_pm1p0_dt1p0_fv1p0_hr1p0_hqtrapezoid_hp1p0_hc1p0_cim1p0_cp1p0_cnm1p0_cd1p0_pg1p0,A55,OK,diagnostic_matched_wigley_sensitivity_not_hard_gate,wigley_iii,Fn0.4,0.4,2.1696064159197173,1.0,1.808005346599764,0.063,719.5500000000001,20,21,18,1.575,1.425,0.07499999999999996,-0.8687343749999998,0.868734375,0.06253124999999993,0.06253125000000004,pitch,pitch_moment,-0.07499999999999996,42.75269821216881,94.13949957086678,3.206452365912659,7.060462467815004,0.0013632151193089742,0.0005042053707300263,0.000859009748578948,0.15798908203469392,0.14007245338649613,0.01791662864819785,0.0,0.15798908203469392,3.7410751475943944,1.389995944736666,0.3626413847667538,0.17313105916294777,1.2096674475407865,0.6049885603473817,2.7283175205530643,12842.956010435097,4781.9075836750135,6932.980965604221,2575.94810233178,6067.359577189555,2247.0507333821506,2.248032843001902,0.8374945968602101,0.008203212609152036,0.0033333115936170256,advance_eq19_20,1.3595417374567575,0.38814990050979303,1.444459802134837,0.3867898235545789,1.0624608000905749,0.9964960007630356,342.32885417182297,4.242530336081441e-16,a1_station_hull_matched_sweep_free_surface_marching_not_benchmark_validated,41,8,24,10,3.0,2,16,15.0,False,none,0.0,1.0,1.0,1.0,trapezoid,1.0,1.0,-1.0,1.0,-1.0,1.0,1.0,True,False,True,3.0,11,9,40,True,True,True,True,A1_GRID_RECOMMENDED,"A1 Section 3.3 recommends control radius about 3B, inner free-surface panels greater than 10, outer/free-surface proxy panels greater than 8, and roughly 60 stations at Fn=0.2 or 40 at Fn=0.3."
42,st41_bp8_fs24_cp10_r3p0_h2_fsm_clipfs_onezonefs_noend_pr1p0_pl1p0_pf1p0_pm1p0_dt1p0_fv1p0_hr1p0_hqtrapezoid_hp1p0_hc1p0_cim1p0_cp1p0_cnm1p0_cd1p0_pg1p0,A55,OK,diagnostic_matched_wigley_sensitivity_not_hard_gate,wigley_iii,Fn0.4,0.4,2.1696064159197173,1.0,1.808005346599764,0.063,719.5500000000001,21,22,17,1.65,1.35,0.07499999999999996,-0.8686874999999998,0.8686875,0.0626249999999999,0.06262500000000004,pitch,pitch_moment,-0.1499999999999999,96.45880652503268,170.80964738129717,7.2344104893774475,12.81072355359728,0.003075691335149373,0.0011489512876221802,0.001926740047527192,0.16020853526192308,0.14089903171567222,0.019309503546250918,0.0,0.16020853526192308,3.671859600892202,1.3683965035654224,0.30395173033517775,0.1451910245511526,1.045344347093871,0.523353341817954,2.5751717350177667,12273.266582818116,4577.035088359772,6804.710335136197,2535.919899582574,5726.786846349397,2106.429821538578,2.1146925384479043,0.8033802184894601,0.006692083081867991,0.0029740941837239267,advance_eq19_20,1.2675128780377387,0.3923457147900817,1.3627987367700773,0.38844420882191016,1.075175456110436,0.9900559485650073,342.3331719804855,7.568927976057206e-16,a1_station_hull_matched_sweep_free_surface_marching_not_benchmark_validated,41,8,24,10,3.0,2,16,15.0,False,none,0.0,1.0,1.0,1.0,trapezoid,1.0,1.0,-1.0,1.0,-1.0,1.0,1.0,True,False,True,3.0,11,9,40,True,True,True,True,A1_GRID_RECOMMENDED,"A1 Section 3.3 recommends control radius about 3B, inner free-surface panels greater than 10, outer/free-surface proxy panels greater than 8, and roughly 60 stations at Fn=0.2 or 40 at Fn=0.3."
42,st41_bp8_fs24_cp10_r3p0_h2_fsm_clipfs_onezonefs_noend_pr1p0_pl1p0_pf1p0_pm1p0_dt1p0_fv1p0_hr1p0_hqtrapezoid_hp1p0_hc1p0_cim1p0_cp1p0_cnm1p0_cd1p0_pg1p0,A55,OK,diagnostic_matched_wigley_sensitivity_not_hard_gate,wigley_iii,Fn0.4,0.4,2.1696064159197173,1.0,1.808005346599764,0.063,719.5500000000001,22,23,16,1.7249999999999999,1.2750000000000001,0.07499999999999996,-0.8686093749999999,0.8686093749999999,0.0627812499999999,0.06278125000000001,pitch,pitch_moment,-0.22499999999999987,157.80657860926735,228.6758027225497,11.835493395695044,17.150685204191216,0.005031830103891361,0.001884164635954805,0.0031476654679365563,0.16426229598144343,0.1424155896774607,0.02184670630398279,0.0,0.16426229598144343,3.588556652853678,1.3426760115249623,0.24916610233341618,0.1188842654656869,0.8807354504005439,0.44129633455446626,2.466556128256753,11736.089760512561,4382.390353666654,6650.332855308992,2488.2545427780874,5485.242401119246,1994.1885031836723,1.9762360365615432,0.729446277173771,0.005130753458655347,0.002432590399413508,advance_eq19_20,1.1686471869964437,0.3968843353381033,1.2731938745849993,0.39287161003743293,1.0894595809170196,0.9898894339146644,342.34042855322906,4.639044334075126e-16,a1_station_hull_matched_sweep_free_surface_marching_not_benchmark_validated,41,8,24,10,3.0,2,16,15.0,False,none,0.0,1.0,1.0,1.0,trapezoid,1.0,1.0,-1.0,1.0,-1.0,1.0,1.0,True,False,True,3.0,11,9,40,True,True,True,True,A1_GRID_RECOMMENDED,"A1 Section 3.3 recommends control radius about 3B, inner free-surface panels greater than 10, outer/free-surface proxy panels greater than 8, and roughly 60 stations at Fn=0.2 or 40 at Fn=0.3."
42,st41_bp8_fs24_cp10_r3p0_h2_fsm_clipfs_onezonefs_noend_pr1p0_pl1p0_pf1p0_pm1p0_dt1p0_fv1p0_hr1p0_hqtrapezoid_hp1p0_hc1p0_cim1p0_cp1p0_cnm1p0_cd1p0_pg1p0,A55,OK,diagnostic_matched_wigley_sensitivity_not_hard_gate,wigley_iii,Fn0.4,0.4,2.1696064159197173,1.0,1.808005346599764,0.063,719.5500000000001,23,24,15,1.7999999999999998,1.2000000000000002,0.07500000000000007,-0.8684999999999999,0.8684999999999998,0.06299999999999994,0.06300000000000008,pitch,pitch_moment,-0.2999999999999998,223.13489481632334,267.3611421963365,16.735117111224266,20.052085664725258,0.007114892743131013,0.002658510165053277,0.004456382578077737,0.1703356574049546,0.14468692707796474,0.025648730326989937,0.0,0.1703356574049546,3.4905426280107545,1.3125571549463124,0.19911260518940452,0.0947070066928058,0.7217602459027197,0.36225275697290726,2.4036173044144378,11234.014627905299,4198.499008409736,6468.692727327281,2432.438112707225,5345.2761132000505,1911.8781105123276,1.8415668684595112,0.7263976611899379,0.0037338631111636933,0.001817962496383623,advance_eq19_20,1.0646191346649005,0.3997263077596475,1.1769032369937018,0.39773052099917344,1.1054687997545185,0.9950071168153533,342.35071396278477,3.661625977358494e-16,a1_station_hull_matched_sweep_free_surface_marching_not_benchmark_validated,41,8,24,10,3.0,2,16,15.0,False,none,0.0,1.0,1.0,1.0,trapezoid,1.0,1.0,-1.0,1.0,-1.0,1.0,1.0,True,False,True,3.0,11,9,40,True,True,True,True,A1_GRID_RECOMMENDED,"A1 Section 3.3 recommends control radius about 3B, inner free-surface panels greater than 10, outer/free-surface proxy panels greater than 8, and roughly 60 stations at Fn=0.2 or 40 at Fn=0.3."
42,st41_bp8_fs24_cp10_r3p0_h2_fsm_clipfs_onezonefs_noend_pr1p0_pl1p0_pf1p0_pm1p0_dt1p0_fv1p0_hr1p0_hqtrapezoid_hp1p0_hc1p0_cim1p0_cp1p0_cnm1p0_cd1p0_pg1p0,A55,OK,diagnostic_matched_wigley_sensitivity_not_hard_gate,wigley_iii,Fn0.4,0.4,2.1696064159197173,1.0,1.808005346599764,0.063,719.5500000000001,24,25,14,1.875,1.125,0.07500000000000007,-0.8683593749999999,0.8683593749999999,0.06328124999999996,0.06328125000000007,pitch,pitch_moment,-0.375,288.60008810760326,287.472106684218,21.645006608070265,21.560408001316368,0.009202319853351529,0.0034220991863974965,0.00578022066695403,0.1784942637031959,0.14772723175369012,0.03076703194950583,0.0,0.1784942637031959,3.377827303808702,1.2779854661590342,0.15445266161822785,0.07304103708325076,0.5735960906187744,0.2889602600795018,2.3822002776503397,10767.44838834544,4025.285157417275,6259.808070806218,2368.369669584634,5297.647931555806,1893.7386932706468,1.7188083242814298,0.6678699154237976,0.00279619268376058,0.0012456018308568532,advance_eq19_20,0.9573547201735055,0.39931854626985847,1.0755428471212558,0.4010400546078045,1.1234528064230263,1.0043111154090565,342.3641533741088,4.531777274594477e-16,a1_station_hull_matched_sweep_free_surface_marching_not_benchmark_validated,41,8,24,10,3.0,2,16,15.0,False,none,0.0,1.0,1.0,1.0,trapezoid,1.0,1.0,-1.0,1.0,-1.0,1.0,1.0,True,False,True,3.0,11,9,40,True,True,True,True,A1_GRID_RECOMMENDED,"A1 Section 3.3 recommends control radius about 3B, inner free-surface panels greater than 10, outer/free-surface proxy panels greater than 8, and roughly 60 stations at Fn=0.2 or 40 at Fn=0.3."
42,st41_bp8_fs24_cp10_r3p0_h2_fsm_clipfs_onezonefs_noend_pr1p0_pl1p0_pf1p0_pm1p0_dt1p0_fv1p0_hr1p0_hqtrapezoid_hp1p0_hc1p0_cim1p0_cp1p0_cnm1p0_cd1p0_pg1p0,A55,OK,diagnostic_matched_wigley_sensitivity_not_hard_gate,wigley_iii,Fn0.4,0.4,2.1696064159197173,1.0,1.808005346599764,0.063,719.5500000000001,25,26,13,1.95,1.05,0.07499999999999996,-0.8681874999999999,0.8681874999999999,0.0636249999999999,0.06362500000000004,pitch,pitch_moment,-0.44999999999999996,350.37910511213863,290.53553098716316,26.27843288341038,21.790164824037223,0.011172209323688093,0.004129041513166087,0.007043167810522005,0.1886815282917157,0.15150280210347192,0.03717872618824384,0.0,0.1886815282917157,3.2510432793727193,1.2391260104394268,0.11563894538983782,0.054143145608731,0.4403826533248817,0.223399432790325,2.3932323966049625,10333.936643118564,3861.840202096123,6024.851221911435,2296.3551132849516,5322.181671522573,1946.867368908181,1.61564090723555,0.6275123941250043,0.002588268690582077,0.0008727321816465696,advance_eq19_20,0.8489129119485634,0.3945942288401533,0.9709659369137084,0.4013138005170042,1.143775672683537,1.0170290672942734,342.3809050598591,6.080412577957302e-16,a1_station_hull_matched_sweep_free_surface_marching_not_benchmark_validated,41,8,24,10,3.0,2,16,15.0,False,none,0.0,1.0,1.0,1.0,trapezoid,1.0,1.0,-1.0,1.0,-1.0,1.0,1.0,True,False,True,3.0,11,9,40,True,True,True,True,A1_GRID_RECOMMENDED,"A1 Section 3.3 recommends control radius about 3B, inner free-surface panels greater than 10, outer/free-surface proxy panels greater than 8, and roughly 60 stations at Fn=0.2 or 40 at Fn=0.3."
42,st41_bp8_fs24_cp10_r3p0_h2_fsm_clipfs_onezonefs_noend_pr1p0_pl1p0_pf1p0_pm1p0_dt1p0_fv1p0_hr1p0_hqtrapezoid_hp1p0_hc1p0_cim1p0_cp1p0_cnm1p0_cd1p0_pg1p0,A55,OK,diagnostic_matched_wigley_sensitivity_not_hard_gate,wigley_iii,Fn0.4,0.4,2.1696064159197173,1.0,1.808005346599764,0.063,719.5500000000001,26,27,12,2.025,0.9750000000000001,0.07500000000000007,-0.8679843749999999,0.8679843749999999,0.06403124999999998,0.0640312500000001,pitch,pitch_moment,-0.5249999999999999,404.89639508391406,278.8448610744218,30.367229631293583,20.91336458058165,0.012910550926935091,0.004739616818293752,0.008170934108641342,0.20072290841702728,0.15593713126920186,0.0447857771478255,0.0,0.20072290841702728,3.1113911751356147,1.196349486587214,0.08289897997675043,0.03814343126332104,0.3251001102717554,0.16679906915658033,2.424816022162598,9928.253609004525,3706.3616526659575,5766.047177008727,2217.0814248553547,5392.418809086621,2013.139376014889,1.539994703850023,0.5893164610084513,0.002928996234103882,0.000990553521240379,advance_eq19_20,0.7413704207228649,0.3849237072150206,0.8651439714514608,0.3975577122431002,1.1669523726181468,1.0328221016042074,342.4011560901492,6.46927561282906e-16,a1_station_hull_matched_sweep_free_surface_marching_not_benchmark_validated,41,8,24,10,3.0,2,16,15.0,False,none,0.0,1.0,1.0,1.0,trapezoid,1.0,1.0,-1.0,1.0,-1.0,1.0,1.0,True,False,True,3.0,11,9,40,True,True,True,True,A1_GRID_RECOMMENDED,"A1 Section 3.3 recommends control radius about 3B, inner free-surface panels greater than 10, outer/free-surface proxy panels greater than 8, and roughly 60 stations at Fn=0.2 or 40 at Fn=0.3."
42,st41_bp8_fs24_cp10_r3p0_h2_fsm_clipfs_onezonefs_noend_pr1p0_pl1p0_pf1p0_pm1p0_dt1p0_fv1p0_hr1p0_hqtrapezoid_hp1p0_hc1p0_cim1p0_cp1p0_cnm1p0_cd1p0_pg1p0,A55,OK,diagnostic_matched_wigley_sensitivity_not_hard_gate,wigley_iii,Fn0.4,0.4,2.1696064159197173,1.0,1.808005346599764,0.063,719.5500000000001,27,28,11,2.1,0.8999999999999999,0.07499999999999996,-0.8677499999999999,0.8677499999999999,0.06449999999999989,0.06450000000000003,pitch,pitch_moment,-0.6000000000000001,449.04541673909466,255.23918003023158,33.67840625543208,19.142938502267356,0.01431828929994637,0.00522187221598501,0.009096417083961358,0.21433732853046805,0.16091787578634123,0.05341945274412688,0.0,0.21433732853046805,2.960537964910637,1.1502091980472744,0.056246616627039725,0.025229282859281152,0.2296105767608494,0.1196946945091648,2.4649454634255092,9543.356553573954,3556.2632172129506,5486.485181104266,2131.573989272141,5481.66052964869,2081.6900551998756,1.499629582788842,0.527290107913693,0.003377610305651724,0.001124227503408082,advance_eq19_20,0.6367084276196133,0.37006912309010176,0.7600512054126641,0.3892132454918686,1.193719405056688,1.0517312069753675,342.4251138934241,6.045023069875953e-16,a1_station_hull_matched_sweep_free_surface_marching_not_benchmark_validated,41,8,24,10,3.0,2,16,15.0,False,none,0.0,1.0,1.0,1.0,trapezoid,1.0,1.0,-1.0,1.0,-1.0,1.0,1.0,True,False,True,3.0,11,9,40,True,True,True,True,A1_GRID_RECOMMENDED,"A1 Section 3.3 recommends control radius about 3B, inner free-surface panels greater than 10, outer/free-surface proxy panels greater than 8, and roughly 60 stations at Fn=0.2 or 40 at Fn=0.3."
42,st41_bp8_fs24_cp10_r3p0_h2_fsm_clipfs_onezonefs_noend_pr1p0_pl1p0_pf1p0_pm1p0_dt1p0_fv1p0_hr1p0_hqtrapezoid_hp1p0_hc1p0_cim1p0_cp1p0_cnm1p0_cd1p0_pg1p0,A55,OK,diagnostic_matched_wigley_sensitivity_not_hard_gate,wigley_iii,Fn0.4,0.4,2.1696064159197173,1.0,1.808005346599764,0.063,719.5500000000001,28,29,10,2.175,0.8250000000000002,0.07499999999999996,-0.8674843749999999,0.8674843749999999,0.06503124999999987,0.0650312500000001,pitch,pitch_moment,-0.6749999999999998,480.3575158946309,222.87042649848604,36.0268136920973,16.715281987386444,0.015316708786227571,0.005552548383890754,0.00976416040233682,0.22915482757355496,0.16630508608627909,0.06284974148727594,0.0,0.22915482757355496,2.800482109160728,1.1014166918583548,0.03552910739440824,0.016002254344818317,0.15485982537148352,0.0820279616978051,2.503589549975185,9171.844580092502,3408.32764813703,5189.868792080069,2041.1514494069834,5567.59904921711,2144.613358068153,1.4987991935858445,0.5794270070374755,0.0036906628555004434,0.001242747888939484,advance_eq19_20,0.5366975647780426,0.35015881542527555,0.6575498042422877,0.37610185984617484,1.2251775439194044,1.0740893653909325,342.45299094219155,3.62084664567867e-16,a1_station_hull_matched_sweep_free_surface_marching_not_benchmark_validated,41,8,24,10,3.0,2,16,15.0,False,none,0.0,1.0,1.0,1.0,trapezoid,1.0,1.0,-1.0,1.0,-1.0,1.0,1.0,True,False,True,3.0,11,9,40,True,True,True,True,A1_GRID_RECOMMENDED,"A1 Section 3.3 recommends control radius about 3B, inner free-surface panels greater than 10, outer/free-surface proxy panels greater than 8, and roughly 60 stations at Fn=0.2 or 40 at Fn=0.3."
42,st41_bp8_fs24_cp10_r3p0_h2_fsm_clipfs_onezonefs_noend_pr1p0_pl1p0_pf1p0_pm1p0_dt1p0_fv1p0_hr1p0_hqtrapezoid_hp1p0_hc1p0_cim1p0_cp1p0_cnm1p0_cd1p0_pg1p0,A55,OK,diagnostic_matched_wigley_sensitivity_not_hard_gate,wigley_iii,Fn0.4,0.4,2.1696064159197173,1.0,1.808005346599764,0.063,719.5500000000001,29,30,9,2.25,0.75,0.07499999999999996,-0.8671874999999999,0.8671874999999999,0.06562499999999982,0.0656250000000001,pitch,pitch_moment,-0.75,497.0487003276915,185.0525533062343,37.27865252457684,13.878941497967565,0.015848924901931034,0.005717400467439938,0.010131524434491092,0.24473764441763432,0.17194006051194446,0.07279758390568992,0.0,0.24473764441763432,2.6334262290861514,1.05083577284851,0.020541815874029104,0.009104549493298211,0.101194573343083,0.053275423443361156,2.5333074751125593,8807.003029222911,3258.5790501812926,4880.279919615413,1947.4146131011114,5633.687155289128,2197.3081069769387,1.5334336939620643,0.6262478682190961,0.0037970551186425794,0.001354739556031924,advance_eq19_20,0.4427805406962933,0.32565470941513097,0.559269107427511,0.358392082312727,1.2630842054351212,1.1005278657151671,342.4849787194831,6.407455652755295e-16,a1_station_hull_matched_sweep_free_surface_marching_not_benchmark_validated,41,8,24,10,3.0,2,16,15.0,False,none,0.0,1.0,1.0,1.0,trapezoid,1.0,1.0,-1.0,1.0,-1.0,1.0,1.0,True,False,True,3.0,11,9,40,True,True,True,True,A1_GRID_RECOMMENDED,"A1 Section 3.3 recommends control radius about 3B, inner free-surface panels greater than 10, outer/free-surface proxy panels greater than 8, and roughly 60 stations at Fn=0.2 or 40 at Fn=0.3."
42,st41_bp8_fs24_cp10_r3p0_h2_fsm_clipfs_onezonefs_noend_pr1p0_pl1p0_pf1p0_pm1p0_dt1p0_fv1p0_hr1p0_hqtrapezoid_hp1p0_hc1p0_cim1p0_cp1p0_cnm1p0_cd1p0_pg1p0,A55,OK,diagnostic_matched_wigley_sensitivity_not_hard_gate,wigley_iii,Fn0.4,0.4,2.1696064159197173,1.0,1.808005346599764,0.063,719.5500000000001,30,31,8,2.3249999999999997,0.6750000000000003,0.07499999999999996,-0.866859375,0.866859375,0.06628124999999996,0.06628125000000007,pitch,pitch_moment,-0.8249999999999997,497.8403582724907,145.3393191942756,37.33802687043678,10.900448939570662,0.015874167755009345,0.0057112133305642805,0.010162954424445068,0.26059919074610444,0.17765436741094653,0.08294482333515799,0.0,0.26059919074610444,2.461746795377555,0.9995392139434665,0.01128893413501277,0.005098436240149961,0.06828190669808529,0.03259742257842991,2.547734617616605,8441.763986987513,3101.222453781034,4562.122652217891,1852.3515490195607,5665.770906752798,2237.3166988437374,1.590817457632213,0.7008369014110962,0.0037159813673855583,0.0013798718626610539,advance_eq19_20,0.35596671339991626,0.29724270698195476,0.4664761331816625,0.3365585397820914,1.3104487459691005,1.1322684522669328,342.52120658418943,5.756812889104551e-16,a1_station_hull_matched_sweep_free_surface_marching_not_benchmark_validated,41,8,24,10,3.0,2,16,15.0,False,none,0.0,1.0,1.0,1.0,trapezoid,1.0,1.0,-1.0,1.0,-1.0,1.0,1.0,True,False,True,3.0,11,9,40,True,True,True,True,A1_GRID_RECOMMENDED,"A1 Section 3.3 recommends control radius about 3B, inner free-surface panels greater than 10, outer/free-surface proxy panels greater than 8, and roughly 60 stations at Fn=0.2 or 40 at Fn=0.3."
42,st41_bp8_fs24_cp10_r3p0_h2_fsm_clipfs_onezonefs_noend_pr1p0_pl1p0_pf1p0_pm1p0_dt1p0_fv1p0_hr1p0_hqtrapezoid_hp1p0_hc1p0_cim1p0_cp1p0_cnm1p0_cd1p0_pg1p0,A55,OK,diagnostic_matched_wigley_sensitivity_not_hard_gate,wigley_iii,Fn0.4,0.4,2.1696064159197173,1.0,1.808005346599764,0.063,719.5500000000001,31,32,7,2.4,0.6000000000000001,0.07500000000000018,-0.8664999999999999,0.8664999999999998,0.06699999999999995,0.06700000000000006,pitch,pitch_moment,-0.8999999999999999,481.3732919477218,108.0775479597052,36.10299689607922,8.10581609697791,0.015349097882853366,0.005538123878607266,0.009810974004246097,0.2762108235650358,0.18327903601553233,0.09293178754950358,0.0,0.2762108235650358,2.288250105568898,0.9490298765603344,0.0077894921932777665,0.0032054447901566675,0.0528824117013682,0.023209711451717987,2.5366758559286104,8062.568372500104,2936.1932725566653,4240.597635856693,1758.7473681765987,5641.1779174346375,2261.196370663885,1.6577668917407027,0.8178213541609259,0.0035291330489826667,0.0013497096034763684,advance_eq19_20,0.2767832560469941,0.26556472777388973,0.37995468843597746,0.31123808470081543,1.3727517114383039,1.1719857803021696,342.56168396636383,4.0428613019545307e-16,a1_station_hull_matched_sweep_free_surface_marching_not_benchmark_validated,41,8,24,10,3.0,2,16,15.0,False,none,0.0,1.0,1.0,1.0,trapezoid,1.0,1.0,-1.0,1.0,-1.0,1.0,1.0,True,False,True,3.0,11,9,40,True,True,True,True,A1_GRID_RECOMMENDED,"A1 Section 3.3 recommends control radius about 3B, inner free-surface panels greater than 10, outer/free-surface proxy panels greater than 8, and roughly 60 stations at Fn=0.2 or 40 at Fn=0.3."
42,st41_bp8_fs24_cp10_r3p0_h2_fsm_clipfs_onezonefs_noend_pr1p0_pl1p0_pf1p0_pm1p0_dt1p0_fv1p0_hr1p0_hqtrapezoid_hp1p0_hc1p0_cim1p0_cp1p0_cnm1p0_cd1p0_pg1p0,A55,OK,diagnostic_matched_wigley_sensitivity_not_hard_gate,wigley_iii,Fn0.4,0.4,2.1696064159197173,1.0,1.808005346599764,0.063,719.5500000000001,32,33,6,2.475,0.5249999999999999,0.07499999999999996,-0.866109375,0.866109375,0.06778124999999988,0.06778125000000013,pitch,pitch_moment,-0.9750000000000001,444.754055436043,80.01089125820536,33.35655415770321,6.000816844365398,0.014181454694053068,0.005213324616103418,0.008968130077949648,0.29097609985348905,0.1886547602628877,0.10232133959060147,0.0,0.29097609985348905,2.117145428786661,0.9018817484991838,0.00730862287893818,0.0030742465446839625,0.04670717543254209,0.01796984777309565,2.4745466372512017,7632.199091171141,2786.088672997202,3923.5055111449215,1671.3721988694494,5503.0120671895875,2258.106722818339,1.7325474924408697,0.8403779419313894,0.0034055977708978874,0.0013434451013176266,advance_eq19_20,0.20536298757327268,0.2307883467632983,0.29995403404429083,0.28286183097789125,1.4606041604126374,1.2256330743943527,342.6062403202417,3.356586984071057e-16,a1_station_hull_matched_sweep_free_surface_marching_not_benchmark_validated,41,8,24,10,3.0,2,16,15.0,False,none,0.0,1.0,1.0,1.0,trapezoid,1.0,1.0,-1.0,1.0,-1.0,1.0,1.0,True,False,True,3.0,11,9,40,True,True,True,True,A1_GRID_RECOMMENDED,"A1 Section 3.3 recommends control radius about 3B, inner free-surface panels greater than 10, outer/free-surface proxy panels greater than 8, and roughly 60 stations at Fn=0.2 or 40 at Fn=0.3."
42,st41_bp8_fs24_cp10_r3p0_h2_fsm_clipfs_onezonefs_noend_pr1p0_pl1p0_pf1p0_pm1p0_dt1p0_fv1p0_hr1p0_hqtrapezoid_hp1p0_hc1p0_cim1p0_cp1p0_cnm1p0_cd1p0_pg1p0,A55,OK,diagnostic_matched_wigley_sensitivity_not_hard_gate,wigley_iii,Fn0.4,0.4,2.1696064159197173,1.0,1.808005346599764,0.063,719.5500000000001,33,34,5,2.55,0.4500000000000002,0.07499999999999996,-0.8656874999999999,0.8656874999999999,0.06862499999999994,0.06862500000000005,pitch,pitch_moment,-1.0499999999999998,379.4475017395558,75.02105619957409,28.458562630466666,5.626579214968054,0.012099085975540819,0.0047683520082166956,0.007330733967324124,0.3041163701882859,0.1936455985750477,0.11047077161323834,0.0,0.3041163701882859,1.9569470534165383,0.8635753326031065,0.0062242989578277395,0.002929887047500573,0.042384814260301114,0.016376463027097596,2.2959707558601274,7054.885395190717,2581.419630492143,3626.625003979499,1600.382539001538,5105.886704745129,2195.3440407927033,1.8282769887455204,0.9529094555183584,0.003773501284321739,0.0015028991496936373,advance_eq19_20,0.1417553110939452,0.19219608192917165,0.22632026787165524,0.2510548635752178,1.5965558265514754,1.306243400256915,342.6545414156471,5.597850333943222e-16,a1_station_hull_matched_sweep_free_surface_marching_not_benchmark_validated,41,8,24,10,3.0,2,16,15.0,False,none,0.0,1.0,1.0,1.0,trapezoid,1.0,1.0,-1.0,1.0,-1.0,1.0,1.0,True,False,True,3.0,11,9,40,True,True,True,True,A1_GRID_RECOMMENDED,"A1 Section 3.3 recommends control radius about 3B, inner free-surface panels greater than 10, outer/free-surface proxy panels greater than 8, and roughly 60 stations at Fn=0.2 or 40 at Fn=0.3."
42,st41_bp8_fs24_cp10_r3p0_h2_fsm_clipfs_onezonefs_noend_pr1p0_pl1p0_pf1p0_pm1p0_dt1p0_fv1p0_hr1p0_hqtrapezoid_hp1p0_hc1p0_cim1p0_cp1p0_cnm1p0_cd1p0_pg1p0,A55,OK,diagnostic_matched_wigley_sensitivity_not_hard_gate,wigley_iii,Fn0.4,0.4,2.1696064159197173,1.0,1.808005346599764,0.063,719.5500000000001,34,35,4,2.625,0.375,0.07499999999999996,-0.8652343749999999,0.8652343749999999,0.06953124999999993,0.06953125000000009,pitch,pitch_moment,-1.125,248.05826004023757,140.46276537866834,18.604369503017807,10.53470740340012,0.007909600673112102,0.004266812180090453,0.0036427884930216466,0.3141207135126124,0.1981631806692013,0.11595753284341125,0.0,0.3141207135126124,1.8298425031116954,0.8485435598429387,0.0034815373844858484,0.0014050945877026634,0.039787221916571726,0.014764137925565423,1.9267685133342083,6269.645518770084,2376.0651990123743,3391.0741547879766,1572.5255753443007,4284.837561735044,1945.420393477573,1.956943419224319,1.2153449049062643,0.007192799861708766,0.002867699301444574,advance_eq19_20,0.08648413251855847,0.14811823083847878,0.15893241011332115,0.21408995350795199,1.837706010165693,1.4453990727273445,342.70650863905854,5.116269728116573e-16,a1_station_hull_matched_sweep_free_surface_marching_not_benchmark_validated,41,8,24,10,3.0,2,16,15.0,False,none,0.0,1.0,1.0,1.0,trapezoid,1.0,1.0,-1.0,1.0,-1.0,1.0,1.0,True,False,True,3.0,11,9,40,True,True,True,True,A1_GRID_RECOMMENDED,"A1 Section 3.3 recommends control radius about 3B, inner free-surface panels greater than 10, outer/free-surface proxy panels greater than 8, and roughly 60 stations at Fn=0.2 or 40 at Fn=0.3."
42,st41_bp8_fs24_cp10_r3p0_h2_fsm_clipfs_onezonefs_noend_pr1p0_pl1p0_pf1p0_pm1p0_dt1p0_fv1p0_hr1p0_hqtrapezoid_hp1p0_hc1p0_cim1p0_cp1p0_cnm1p0_cd1p0_pg1p0,A55,OK,diagnostic_matched_wigley_sensitivity_not_hard_gate,wigley_iii,Fn0.4,0.4,2.1696064159197173,1.0,1.808005346599764,0.063,719.5500000000001,35,36,3,2.6999999999999997,0.30000000000000027,0.07499999999999996,-0.8647499999999999,0.8647499999999999,0.0704999999999999,0.07050000000000001,pitch,pitch_moment,-1.1999999999999997,-278.805596208296,650.9532315214466,-20.910419715622186,48.821492364108465,-0.008890012092638426,0.0038903696532724265,-0.012780381745910849,0.3136305078028493,0.20224177158588272,0.11138873621696666,0.0,0.3136305078028493,1.823323891285655,0.913102194867307,0.007983765996813923,0.004252026472932721,0.05537962073826497,0.028992935649253725,6.788745026307937,15842.050665880008,10625.25017510463,3378.99382762824,1692.1659915698724,15097.127384248788,10335.839450487852,2.1277909320062993,1.4468477838315852,0.0002555809019503751,8.954744964464948e-05,advance_eq19_20,0.04126992741278383,0.09556724641294945,0.0984708145513373,0.16889872768880004,2.386018602999404,1.767328598743786,342.76452809793597,6.318057236743115e-16,a1_station_hull_matched_sweep_free_surface_marching_not_benchmark_validated,41,8,24,10,3.0,2,16,15.0,False,none,0.0,1.0,1.0,1.0,trapezoid,1.0,1.0,-1.0,1.0,-1.0,1.0,1.0,True,False,True,3.0,11,9,40,True,True,True,True,A1_GRID_RECOMMENDED,"A1 Section 3.3 recommends control radius about 3B, inner free-surface panels greater than 10, outer/free-surface proxy panels greater than 8, and roughly 60 stations at Fn=0.2 or 40 at Fn=0.3."
42,st41_bp8_fs24_cp10_r3p0_h2_fsm_clipfs_onezonefs_noend_pr1p0_pl1p0_pf1p0_pm1p0_dt1p0_fv1p0_hr1p0_hqtrapezoid_hp1p0_hc1p0_cim1p0_cp1p0_cnm1p0_cd1p0_pg1p0,A55,OK,diagnostic_matched_wigley_sensitivity_not_hard_gate,wigley_iii,Fn0.4,0.4,2.1696064159197173,1.0,1.808005346599764,0.063,719.5500000000001,36,37,2,2.775,0.2250000000000001,0.07500000000000018,-0.8642343749999999,0.8642343749999999,0.07153124999999994,0.07153125000000005,pitch,pitch_moment,-1.275,1283.2325567049727,-1038.842737431496,96.24244175287318,-77.91320530736239,0.04091723086595317,0.004857233053077192,0.036059997812875985,0.3296441171895066,0.20661557293905755,0.1230285442504492,0.0,0.3296441171895066,2.6872850959874715,1.5430445552777494,0.03743912822387696,0.01910669671389443,0.1743420510100222,0.10290697209599714,17.96226712892029,40298.29808828888,25137.202337849612,4980.091466917788,2859.5786261334215,39945.32625755353,24968.07073275641,2.6351018904515655,1.8569474262301988,0.005612887685225313,0.002287484639692538,advance_eq19_20,0.010226414565737831,0.022984834716721234,0.047384494444485246,0.11091283127755931,4.633539364152159,4.825478740417974,342.84460969129094,8.577043553349412e-16,a1_station_hull_matched_sweep_free_surface_marching_not_benchmark_validated,41,8,24,10,3.0,2,16,15.0,False,none,0.0,1.0,1.0,1.0,trapezoid,1.0,1.0,-1.0,1.0,-1.0,1.0,1.0,True,False,True,3.0,11,9,40,True,True,True,True,A1_GRID_RECOMMENDED,"A1 Section 3.3 recommends control radius about 3B, inner free-surface panels greater than 10, outer/free-surface proxy panels greater than 8, and roughly 60 stations at Fn=0.2 or 40 at Fn=0.3."
42,st41_bp8_fs24_cp10_r3p0_h2_fsm_clipfs_onezonefs_noend_pr1p0_pl1p0_pf1p0_pm1p0_dt1p0_fv1p0_hr1p0_hqtrapezoid_hp1p0_hc1p0_cim1p0_cp1p0_cnm1p0_cd1p0_pg1p0,A55,OK,diagnostic_matched_wigley_sensitivity_not_hard_gate,wigley_iii,Fn0.4,0.4,2.1696064159197173,1.0,1.808005346599764,0.063,719.5500000000001,37,38,1,2.85,0.1499999999999999,0.07499999999999996,-0.8636874999999999,0.8636874999999999,0.07262499999999994,0.07262500000000005,pitch,pitch_moment,-1.35,587.1663195560052,-668.246905231003,44.03747396670036,-50.118517892325194,0.0187224207556547,-0.0011140629888000692,0.019836483744454774,0.3594639430003106,0.2084871579711961,0.1509767850291146,0.0,0.3594639430003106,1.0951357424452615,0.7716290645523197,0.04826966665991326,0.023357070874875353,0.19785417334003574,0.11840152110232945,15.59318511386543,34688.8972188923,24253.565281232335,2029.5115595333732,1429.9872111599277,34676.85132935792,24246.194146315825,0.5000037297566103,0.21005995887963788,0.000654394407340157,0.0002628881653068424,advance_eq19_20,0.0033602862483052,0.009912319502446146,0.011359046575473987,0.02474861619345041,3.380380639061049,2.496753276298548,343.0542195004204,9.964918155278704e-16,a1_station_hull_matched_sweep_free_surface_marching_not_benchmark_validated,41,8,24,10,3.0,2,16,15.0,False,none,0.0,1.0,1.0,1.0,trapezoid,1.0,1.0,-1.0,1.0,-1.0,1.0,1.0,True,False,True,3.0,11,9,40,True,True,True,True,A1_GRID_RECOMMENDED,"A1 Section 3.3 recommends control radius about 3B, inner free-surface panels greater than 10, outer/free-surface proxy panels greater than 8, and roughly 60 stations at Fn=0.2 or 40 at Fn=0.3."
42,st41_bp8_fs24_cp10_r3p0_h2_fsm_clipfs_onezonefs_noend_pr1p0_pl1p0_pf1p0_pm1p0_dt1p0_fv1p0_hr1p0_hqtrapezoid_hp1p0_hc1p0_cim1p0_cp1p0_cnm1p0_cd1p0_pg1p0,A55,OK,diagnostic_matched_wigley_sensitivity_not_hard_gate,wigley_iii,Fn0.4,0.4,2.1696064159197173,1.0,1.808005346599764,0.063,719.5500000000001,38,39,0,2.925,0.07500000000000018,0.03749999999999987,-0.8631093749999998,0.8631093749999998,0.07378124999999991,0.07378125000000002,pitch,pitch_moment,-1.4249999999999998,-1326.9142843584655,1521.0464336825792,-49.75928566344228,57.039241263096514,-0.0211550345370908,0.00027044120407919707,-0.021425475741169993,0.3476701188410471,0.20820056768087525,0.13946955116017196,0.0,0.3476701188410471,1.26157244707874,0.735583041222461,0.010454394107139943,0.00474513533088891,0.038729992408305366,0.02172962236910855,53.97719302487766,120043.1130406143,64525.65789419073,2337.952972677342,1363.1865231832821,120036.99590761437,64518.96377794802,0.7014564042865528,0.4948947131443826,0.0,0.0,initialize_eq21_22,0.0,0.0,0.004110096118866514,0.01212414148839753,,,418.23117884841605,9.654287929229632e-16,a1_station_hull_matched_sweep_free_surface_marching_not_benchmark_validated,41,8,24,10,3.0,2,16,15.0,False,none,0.0,1.0,1.0,1.0,trapezoid,1.0,1.0,-1.0,1.0,-1.0,1.0,1.0,True,False,True,3.0,11,9,40,True,True,True,True,A1_GRID_RECOMMENDED,"A1 Section 3.3 recommends control radius about 3B, inner free-surface panels greater than 10, outer/free-surface proxy panels greater than 8, and roughly 60 stations at Fn=0.2 or 40 at Fn=0.3."
42,st41_bp8_fs24_cp10_r3p0_h2_fsm_clipfs_onezonefs_noend_pr1p0_pl1p0_pf1p0_pm1p0_dt1p0_fv1p0_hr1p0_hqtrapezoid_hp1p0_hc1p0_cim1p0_cp1p0_cn1p0_cd1p0_pg1p0,A55,OK,diagnostic_matched_wigley_sensitivity_not_hard_gate,wigley_iii,Fn0.4,0.4,2.1696064159197173,1.0,1.808005346599764,0.063,719.5500000000001,0,1,38,0.075,2.925,0.0375,-0.8631093749999998,0.8631093749999998,0.07378124999999991,0.07378125000000002,pitch,pitch_moment,1.425,-8321.08377105621,-18191.62908604691,-312.0406414146079,-682.1860907267591,-0.13266329003898586,0.00685910451953104,-0.13952239455851692,0.0,0.0,0.0,0.0,0.0,25.85982204726308,14.117221982514094,0.12670102308625994,0.07580654079805368,0.8908091039163256,0.3968200240766577,583.428306725198,1298055.5936507501,676599.0414593485,47923.56393665935,26162.113144109233,1297455.0424376705,676523.0408228579,4.635641221318833,2.8915946392146057,0.06887803841242816,0.03143437430011828,advance_eq19_20,1.6627067006784677,0.5884694557321438,1.6525335178277991,0.59789129814378,0.9938815529843493,1.0160107586211318,113.95001957184003,3.0354729419286236e-15,a1_station_hull_matched_sweep_free_surface_marching_not_benchmark_validated,41,8,24,10,3.0,2,16,15.0,False,none,0.0,1.0,1.0,1.0,trapezoid,1.0,1.0,-1.0,1.0,1.0,1.0,1.0,True,False,True,3.0,11,9,40,True,True,True,True,A1_GRID_RECOMMENDED,"A1 Section 3.3 recommends control radius about 3B, inner free-surface panels greater than 10, outer/free-surface proxy panels greater than 8, and roughly 60 stations at Fn=0.2 or 40 at Fn=0.3."
42,st41_bp8_fs24_cp10_r3p0_h2_fsm_clipfs_onezonefs_noend_pr1p0_pl1p0_pf1p0_pm1p0_dt1p0_fv1p0_hr1p0_hqtrapezoid_hp1p0_hc1p0_cim1p0_cp1p0_cn1p0_cd1p0_pg1p0,A55,OK,diagnostic_matched_wigley_sensitivity_not_hard_gate,wigley_iii,Fn0.4,0.4,2.1696064159197173,1.0,1.808005346599764,0.063,719.5500000000001,1,2,37,0.15,2.85,0.07499999999999998,-0.8636874999999999,0.8636874999999999,0.07262499999999991,0.07262500000000005,pitch,pitch_moment,1.35,812.7229498305796,-502.2259571293182,60.95422123729346,-37.66694678469886,0.025914533101985278,-0.008173181433249143,0.03408771453523442,-0.11970602348799322,0.002772513802906469,-0.12247853729089969,0.0,-0.11970602348799322,8.909484837201397,5.915251155325239,0.12684821843165178,0.0607147302248977,1.2668104346497435,0.4628956257016002,141.49095980062927,315098.6666461481,142426.9087944556,16511.106126637394,10962.175858191174,314654.1865325362,142700.87605178516,8.944202188495865,6.236560946027342,0.03791635763050177,0.018239373088077528,advance_eq19_20,1.6351088800256246,0.6424624479406019,1.634488810742751,0.5859480530864256,0.9996207779858282,0.9120347110787068,94.99248929002052,1.3131953149100406e-15,a1_station_hull_matched_sweep_free_surface_marching_not_benchmark_validated,41,8,24,10,3.0,2,16,15.0,False,none,0.0,1.0,1.0,1.0,trapezoid,1.0,1.0,-1.0,1.0,1.0,1.0,1.0,True,False,True,3.0,11,9,40,True,True,True,True,A1_GRID_RECOMMENDED,"A1 Section 3.3 recommends control radius about 3B, inner free-surface panels greater than 10, outer/free-surface proxy panels greater than 8, and roughly 60 stations at Fn=0.2 or 40 at Fn=0.3."
42,st41_bp8_fs24_cp10_r3p0_h2_fsm_clipfs_onezonefs_noend_pr1p0_pl1p0_pf1p0_pm1p0_dt1p0_fv1p0_hr1p0_hqtrapezoid_hp1p0_hc1p0_cim1p0_cp1p0_cn1p0_cd1p0_pg1p0,A55,OK,diagnostic_matched_wigley_sensitivity_not_hard_gate,wigley_iii,Fn0.4,0.4,2.1696064159197173,1.0,1.808005346599764,0.063,719.5500000000001,2,3,36,0.22499999999999998,2.775,0.075,-0.8642343749999999,0.8642343749999999,0.07153124999999994,0.07153125000000006,pitch,pitch_moment,1.275,5508.336725356188,6034.80182626722,413.12525440171413,452.61013697004154,0.1756391577669623,0.03159993075354894,0.14403922701341337,-0.018929178053519444,0.014485888463056363,-0.033415066516575796,0.0,-0.018929178053519444,15.269259021221222,8.267284658093308,0.12104785090510482,0.06747666820492068,0.4038030120179015,0.2329910639695542,94.87052949402084,213399.53779352756,143247.47267413125,28297.07449770926,15320.977235287275,210977.5022087266,142747.75062493997,4.843744063316608,2.776775992862082,0.04769584925479819,0.022301143963015264,advance_eq19_20,1.5755451126598974,0.6119030093453276,1.6056945840735048,0.6464345029102169,1.0191358985352745,1.0564329526697938,96.31469922371299,1.2101642844391713e-15,a1_station_hull_matched_sweep_free_surface_marching_not_benchmark_validated,41,8,24,10,3.0,2,16,15.0,False,none,0.0,1.0,1.0,1.0,trapezoid,1.0,1.0,-1.0,1.0,1.0,1.0,1.0,True,False,True,3.0,11,9,40,True,True,True,True,A1_GRID_RECOMMENDED,"A1 Section 3.3 recommends control radius about 3B, inner free-surface panels greater than 10, outer/free-surface proxy panels greater than 8, and roughly 60 stations at Fn=0.2 or 40 at Fn=0.3."
42,st41_bp8_fs24_cp10_r3p0_h2_fsm_clipfs_onezonefs_noend_pr1p0_pl1p0_pf1p0_pm1p0_dt1p0_fv1p0_hr1p0_hqtrapezoid_hp1p0_hc1p0_cim1p0_cp1p0_cn1p0_cd1p0_pg1p0,A55,OK,diagnostic_matched_wigley_sensitivity_not_hard_gate,wigley_iii,Fn0.4,0.4,2.1696064159197173,1.0,1.808005346599764,0.063,719.5500000000001,3,4,35,0.3,2.7,0.07500000000000001,-0.8647499999999999,0.8647499999999999,0.0704999999999999,0.07050000000000001,pitch,pitch_moment,1.2,-2347.2822606078958,-6528.795821021803,-176.04616954559222,-489.6596865766353,-0.07484558403931689,0.019071238716982124,-0.09391682275629899,0.03146760881030328,0.03982147319832189,-0.008353864388018594,0.0,0.03146760881030328,8.255970842871358,3.749281265784312,0.10491995138457542,0.06191091531530966,0.5684482612618237,0.2744596494454709,60.632024793124685,138795.25823003522,83260.0893884225,15300.010410915256,6948.188588805477,134836.32075140084,81766.32677470829,2.1445882846106663,0.8579432837561096,0.048910751696989586,0.02290768003147608,advance_eq19_20,1.5482287835343793,0.6084728694608741,1.5510763715403166,0.6125746178617183,1.001839255306594,1.0067410538854074,97.66111149943426,9.112085502199965e-16,a1_station_hull_matched_sweep_free_surface_marching_not_benchmark_validated,41,8,24,10,3.0,2,16,15.0,False,none,0.0,1.0,1.0,1.0,trapezoid,1.0,1.0,-1.0,1.0,1.0,1.0,1.0,True,False,True,3.0,11,9,40,True,True,True,True,A1_GRID_RECOMMENDED,"A1 Section 3.3 recommends control radius about 3B, inner free-surface panels greater than 10, outer/free-surface proxy panels greater than 8, and roughly 60 stations at Fn=0.2 or 40 at Fn=0.3."
42,st41_bp8_fs24_cp10_r3p0_h2_fsm_clipfs_onezonefs_noend_pr1p0_pl1p0_pf1p0_pm1p0_dt1p0_fv1p0_hr1p0_hqtrapezoid_hp1p0_hc1p0_cim1p0_cp1p0_cn1p0_cd1p0_pg1p0,A55,OK,diagnostic_matched_wigley_sensitivity_not_hard_gate,wigley_iii,Fn0.4,0.4,2.1696064159197173,1.0,1.808005346599764,0.063,719.5500000000001,4,5,34,0.375,2.625,0.07499999999999998,-0.8652343749999999,0.8652343749999999,0.06953124999999993,0.06953125000000009,pitch,pitch_moment,1.125,-168.04289157277,-2641.3348344268043,-12.603216867957748,-198.10011258201027,-0.0053582257977625265,0.01605520196717106,-0.02141342776493359,-0.00863429610823643,0.0573846935403985,-0.06601898964863491,0.0,-0.00863429610823643,6.681933688955063,2.815040478606837,0.10648846138908609,0.06347072465529012,0.5885859449648556,0.28387925116470963,17.94115046128003,46731.55701958243,23700.077062158955,12382.996131137234,5216.848442121318,39898.3660285185,21322.859155763897,1.9779736764295897,0.7370166150948448,0.0499458832299639,0.02352801907826835,advance_eq19_20,1.535246025854531,0.600682467082051,1.5258207719772865,0.6082920166876472,0.9938607534437366,1.012668173323855,98.98004886155589,7.413042311934283e-16,a1_station_hull_matched_sweep_free_surface_marching_not_benchmark_validated,41,8,24,10,3.0,2,16,15.0,False,none,0.0,1.0,1.0,1.0,trapezoid,1.0,1.0,-1.0,1.0,1.0,1.0,1.0,True,False,True,3.0,11,9,40,True,True,True,True,A1_GRID_RECOMMENDED,"A1 Section 3.3 recommends control radius about 3B, inner free-surface panels greater than 10, outer/free-surface proxy panels greater than 8, and roughly 60 stations at Fn=0.2 or 40 at Fn=0.3."
42,st41_bp8_fs24_cp10_r3p0_h2_fsm_clipfs_onezonefs_noend_pr1p0_pl1p0_pf1p0_pm1p0_dt1p0_fv1p0_hr1p0_hqtrapezoid_hp1p0_hc1p0_cim1p0_cp1p0_cn1p0_cd1p0_pg1p0,A55,OK,diagnostic_matched_wigley_sensitivity_not_hard_gate,wigley_iii,Fn0.4,0.4,2.1696064159197173,1.0,1.808005346599764,0.063,719.5500000000001,5,6,33,0.44999999999999996,2.55,0.07500000000000001,-0.8656874999999999,0.8656874999999999,0.06862499999999994,0.06862500000000005,pitch,pitch_moment,1.05,188.3170866056409,-1919.8167796710989,14.123781495423069,-143.98625847533245,0.00600469000602066,0.01407800939603707,-0.008073319390016412,-0.008311064004107365,0.07245129922200255,-0.0807623632261099,0.0,-0.008311064004107365,5.924533511990079,2.401521511827899,0.11305118549126403,0.06804659113562068,0.6018871519590001,0.29870634183421746,10.73022867490343,31911.93992602241,14251.796263556722,10979.377972432228,4450.51282669317,23862.38230179011,11377.195969128901,2.0073103050180965,0.6539239693857953,0.0513686722563676,0.024333444850241404,advance_eq19_20,1.5340854492595564,0.5871199993004437,1.514500523428957,0.6000176489603682,0.9872334843928986,1.0219676551221082,100.2548122089833,7.621706019341499e-16,a1_station_hull_matched_sweep_free_surface_marching_not_benchmark_validated,41,8,24,10,3.0,2,16,15.0,False,none,0.0,1.0,1.0,1.0,trapezoid,1.0,1.0,-1.0,1.0,1.0,1.0,1.0,True,False,True,3.0,11,9,40,True,True,True,True,A1_GRID_RECOMMENDED,"A1 Section 3.3 recommends control radius about 3B, inner free-surface panels greater than 10, outer/free-surface proxy panels greater than 8, and roughly 60 stations at Fn=0.2 or 40 at Fn=0.3."
42,st41_bp8_fs24_cp10_r3p0_h2_fsm_clipfs_onezonefs_noend_pr1p0_pl1p0_pf1p0_pm1p0_dt1p0_fv1p0_hr1p0_hqtrapezoid_hp1p0_hc1p0_cim1p0_cp1p0_cn1p0_cd1p0_pg1p0,A55,OK,diagnostic_matched_wigley_sensitivity_not_hard_gate,wigley_iii,Fn0.4,0.4,2.1696064159197173,1.0,1.808005346599764,0.063,719.5500000000001,6,7,32,0.525,2.475,0.07500000000000001,-0.866109375,0.866109375,0.0677812499999999,0.06778125000000006,pitch,pitch_moment,0.975,282.2418696919537,-1631.8329315115602,21.16814022689653,-122.38746986336703,0.008999581316638179,0.012270498252120596,-0.0032709169354824207,-0.0008089283427779397,0.0856255530460814,-0.08643448138885933,0.0,-0.0008089283427779397,5.4579898447898225,2.1627187887649932,0.12133668177554674,0.07351604756944938,0.6203887167977643,0.31717607301164297,8.097122995951107,26443.540409124424,10975.674235641838,10114.776691593896,4007.9623116108446,18006.759252569267,7884.114872132579,2.078337770177728,0.6197195347004857,0.05289133753781435,0.02514946631355696,advance_eq19_20,1.5430514202182828,0.568311085615301,1.514997901959215,0.5860859324930447,0.9818194533950791,1.0312766147408496,101.47605820213124,8.103454367571009e-16,a1_station_hull_matched_sweep_free_surface_marching_not_benchmark_validated,41,8,24,10,3.0,2,16,15.0,False,none,0.0,1.0,1.0,1.0,trapezoid,1.0,1.0,-1.0,1.0,1.0,1.0,1.0,True,False,True,3.0,11,9,40,True,True,True,True,A1_GRID_RECOMMENDED,"A1 Section 3.3 recommends control radius about 3B, inner free-surface panels greater than 10, outer/free-surface proxy panels greater than 8, and roughly 60 stations at Fn=0.2 or 40 at Fn=0.3."
42,st41_bp8_fs24_cp10_r3p0_h2_fsm_clipfs_onezonefs_noend_pr1p0_pl1p0_pf1p0_pm1p0_dt1p0_fv1p0_hr1p0_hqtrapezoid_hp1p0_hc1p0_cim1p0_cp1p0_cn1p0_cd1p0_pg1p0,A55,OK,diagnostic_matched_wigley_sensitivity_not_hard_gate,wigley_iii,Fn0.4,0.4,2.1696064159197173,1.0,1.808005346599764,0.063,719.5500000000001,7,8,31,0.6,2.4,0.07499999999999996,-0.8664999999999999,0.8664999999999998,0.06699999999999995,0.06700000000000006,pitch,pitch_moment,0.9,287.2865279788845,-1468.6000170184416,21.546489598416326,-110.14500127638306,0.00916043559569123,0.010468949228048748,-0.0013085136323575176,0.008271080113386762,0.09699527678616607,-0.0887241966727793,0.0,0.008271080113386762,5.1339811194797145,2.004487358896133,0.1290531127028788,0.07839539539258242,0.6412202519960823,0.3346452499011176,6.794075303831931,23591.451492003875,9398.020697065444,9514.321946195605,3714.7269586277453,15108.981103671345,6244.466233159402,2.1547297798166447,0.6614628143309043,0.05411584758428701,0.025776777496059108,advance_eq19_20,1.5598846026161561,0.5452934085841643,1.525688043953792,0.566984244827849,0.9780775073970143,1.0397782843185364,102.63663006147286,8.165156786770302e-16,a1_station_hull_matched_sweep_free_surface_marching_not_benchmark_validated,41,8,24,10,3.0,2,16,15.0,False,none,0.0,1.0,1.0,1.0,trapezoid,1.0,1.0,-1.0,1.0,1.0,1.0,1.0,True,False,True,3.0,11,9,40,True,True,True,True,A1_GRID_RECOMMENDED,"A1 Section 3.3 recommends control radius about 3B, inner free-surface panels greater than 10, outer/free-surface proxy panels greater than 8, and roughly 60 stations at Fn=0.2 or 40 at Fn=0.3."
42,st41_bp8_fs24_cp10_r3p0_h2_fsm_clipfs_onezonefs_noend_pr1p0_pl1p0_pf1p0_pm1p0_dt1p0_fv1p0_hr1p0_hqtrapezoid_hp1p0_hc1p0_cim1p0_cp1p0_cn1p0_cd1p0_pg1p0,A55,OK,diagnostic_matched_wigley_sensitivity_not_hard_gate,wigley_iii,Fn0.4,0.4,2.1696064159197173,1.0,1.808005346599764,0.063,719.5500000000001,8,9,30,0.6749999999999999,2.325,0.07500000000000001,-0.866859375,0.866859375,0.06628124999999993,0.06628125000000007,pitch,pitch_moment,0.8250000000000001,252.97974270378026,-1346.8859321121004,18.973480702783522,-101.01644490840754,0.008066527366792668,0.008667933398842373,-0.0006014060320497052,0.016884561594628707,0.10656371809961163,-0.08967915650498291,0.0,0.016884561594628707,4.893449979407339,1.8908553017026895,0.13475246299289248,0.08179950576447122,0.6592142500176374,0.34746468685378457,6.013445687467871,21772.684033916878,8465.183426450416,9068.568319239148,3504.143407503097,13372.980603947924,5321.159973058435,2.22132696374245,0.694834186645416,0.05472406694945852,0.02606780739169554,advance_eq19_20,1.5817345239552916,0.5192745090247782,1.5442769545983088,0.5437575961778525,0.9763186749800996,1.0471486405120378,103.73019523740942,6.334381712989103e-16,a1_station_hull_matched_sweep_free_surface_marching_not_benchmark_validated,41,8,24,10,3.0,2,16,15.0,False,none,0.0,1.0,1.0,1.0,trapezoid,1.0,1.0,-1.0,1.0,1.0,1.0,1.0,True,False,True,3.0,11,9,40,True,True,True,True,A1_GRID_RECOMMENDED,"A1 Section 3.3 recommends control radius about 3B, inner free-surface panels greater than 10, outer/free-surface proxy panels greater than 8, and roughly 60 stations at Fn=0.2 or 40 at Fn=0.3."
42,st41_bp8_fs24_cp10_r3p0_h2_fsm_clipfs_onezonefs_noend_pr1p0_pl1p0_pf1p0_pm1p0_dt1p0_fv1p0_hr1p0_hqtrapezoid_hp1p0_hc1p0_cim1p0_cp1p0_cn1p0_cd1p0_pg1p0,A55,OK,diagnostic_matched_wigley_sensitivity_not_hard_gate,wigley_iii,Fn0.4,0.4,2.1696064159197173,1.0,1.808005346599764,0.063,719.5500000000001,9,10,29,0.75,2.25,0.07500000000000001,-0.8671874999999999,0.8671874999999999,0.06562499999999982,0.0656250000000001,pitch,pitch_moment,0.75,200.72450807584593,-1236.2917815257965,15.054338105688448,-92.72188361443476,0.006400313796965579,0.006908374818387782,-0.0005080610214222033,0.024117982176507836,0.11435187220822673,-0.09023389003171887,0.0,0.024117982176507836,4.707896246235579,1.8051403663314665,0.1376636659853869,0.08329440552453354,0.6700773505781663,0.35349387625692685,5.475716168544632,20452.647184154343,7830.979566561905,8724.69912404166,3345.296019532607,12177.15265430551,4725.3647151118785,2.272811694253428,0.7124857781097077,0.05451738998375369,0.025937610376956667,advance_eq19_20,1.605446555782581,0.49147155564085254,1.5678499526160892,0.5176229176667552,0.9765818407152362,1.0532103266725226,104.75084920458065,9.283324569864332e-16,a1_station_hull_matched_sweep_free_surface_marching_not_benchmark_validated,41,8,24,10,3.0,2,16,15.0,False,none,0.0,1.0,1.0,1.0,trapezoid,1.0,1.0,-1.0,1.0,1.0,1.0,1.0,True,False,True,3.0,11,9,40,True,True,True,True,A1_GRID_RECOMMENDED,"A1 Section 3.3 recommends control radius about 3B, inner free-surface panels greater than 10, outer/free-surface proxy panels greater than 8, and roughly 60 stations at Fn=0.2 or 40 at Fn=0.3."
42,st41_bp8_fs24_cp10_r3p0_h2_fsm_clipfs_onezonefs_noend_pr1p0_pl1p0_pf1p0_pm1p0_dt1p0_fv1p0_hr1p0_hqtrapezoid_hp1p0_hc1p0_cim1p0_cp1p0_cn1p0_cd1p0_pg1p0,A55,OK,diagnostic_matched_wigley_sensitivity_not_hard_gate,wigley_iii,Fn0.4,0.4,2.1696064159197173,1.0,1.808005346599764,0.063,719.5500000000001,10,11,28,0.825,2.175,0.07499999999999996,-0.8674843749999999,0.8674843749999999,0.06503124999999987,0.0650312500000001,pitch,pitch_moment,0.675,142.24686472495048,-1124.518634631804,10.66851485437128,-84.33889759738524,0.0045356921264949985,0.005243270313018662,-0.0007075781865236626,0.02958598513823812,0.12042769477392995,-0.09084170963569178,0.0,0.02958598513823812,4.561602957168653,1.7384961126759302,0.13750595059872003,0.08275922345283329,0.6710885265623144,0.35185687467779786,5.064054218638811,19406.662514560172,7355.417300659232,8453.587599016873,3221.790523430012,11261.679636407174,4297.439844191576,2.3098330440481374,0.7460126087022039,0.053407540332655455,0.02535540505098092,advance_eq19_20,1.6278705902345378,0.4630481742990188,1.5931946683027367,0.4897953147396037,0.9786986004048361,1.0577631916615928,105.69301673551143,5.256983867916975e-16,a1_station_hull_matched_sweep_free_surface_marching_not_benchmark_validated,41,8,24,10,3.0,2,16,15.0,False,none,0.0,1.0,1.0,1.0,trapezoid,1.0,1.0,-1.0,1.0,1.0,1.0,1.0,True,False,True,3.0,11,9,40,True,True,True,True,A1_GRID_RECOMMENDED,"A1 Section 3.3 recommends control radius about 3B, inner free-surface panels greater than 10, outer/free-surface proxy panels greater than 8, and roughly 60 stations at Fn=0.2 or 40 at Fn=0.3."
42,st41_bp8_fs24_cp10_r3p0_h2_fsm_clipfs_onezonefs_noend_pr1p0_pl1p0_pf1p0_pm1p0_dt1p0_fv1p0_hr1p0_hqtrapezoid_hp1p0_hc1p0_cim1p0_cp1p0_cn1p0_cd1p0_pg1p0,A55,OK,diagnostic_matched_wigley_sensitivity_not_hard_gate,wigley_iii,Fn0.4,0.4,2.1696064159197173,1.0,1.808005346599764,0.063,719.5500000000001,11,12,27,0.8999999999999999,2.1,0.07500000000000001,-0.8677499999999999,0.8677499999999999,0.06449999999999989,0.0645,pitch,pitch_moment,0.6000000000000001,84.78126395586615,-1006.9565323478646,6.358594796689962,-75.52173992608985,0.002703340506959286,0.00372439668324759,-0.0010210561762883032,0.033205501454965265,0.12491152827206307,-0.09170602681709777,0.0,0.033205501454965265,4.444841856108499,1.6856823024112388,0.1343401381845925,0.08028538100864512,0.6609940037417077,0.34260082439842016,4.723056230983263,18524.95808361752,6972.719685840405,8237.20528665045,3123.915680813823,10503.352429028158,3963.140373692299,2.3359680413327304,0.7489244987949353,0.05139533388491907,0.02433250191857526,advance_eq19_20,1.646087177348517,0.43513818548889777,1.6171250881897832,0.46142509748217747,0.9824054949474879,1.0604104922755633,106.55145429053391,4.641651874310289e-16,a1_station_hull_matched_sweep_free_surface_marching_not_benchmark_validated,41,8,24,10,3.0,2,16,15.0,False,none,0.0,1.0,1.0,1.0,trapezoid,1.0,1.0,-1.0,1.0,1.0,1.0,1.0,True,False,True,3.0,11,9,40,True,True,True,True,A1_GRID_RECOMMENDED,"A1 Section 3.3 recommends control radius about 3B, inner free-surface panels greater than 10, outer/free-surface proxy panels greater than 8, and roughly 60 stations at Fn=0.2 or 40 at Fn=0.3."
42,st41_bp8_fs24_cp10_r3p0_h2_fsm_clipfs_onezonefs_noend_pr1p0_pl1p0_pf1p0_pm1p0_dt1p0_fv1p0_hr1p0_hqtrapezoid_hp1p0_hc1p0_cim1p0_cp1p0_cn1p0_cd1p0_pg1p0,A55,OK,diagnostic_matched_wigley_sensitivity_not_hard_gate,wigley_iii,Fn0.4,0.4,2.1696064159197173,1.0,1.808005346599764,0.063,719.5500000000001,12,13,26,0.975,2.025,0.07500000000000007,-0.8679843749999999,0.8679843749999999,0.06403124999999998,0.0640312500000001,pitch,pitch_moment,0.525,32.980031473158085,-882.6891325818724,2.4735023604868585,-66.20168494364049,0.0010516032769762875,0.0023964664589829613,-0.0013448631820066731,0.035082973346933055,0.12797195984317836,-0.09288898649624527,0.0,0.035082973346933055,4.3508084760016,1.643239341441148,0.12845747447602857,0.07610404567178988,0.6397019136861162,0.3264053271536965,4.423941351166567,17747.279006092605,6648.147064497156,8062.9421113085245,3045.2601529453873,9838.166827622115,3684.5629935502066,2.3547524149240138,0.790765433730604,0.04854953160847512,0.02291125284062492,advance_eq19_20,1.6575369425142603,0.40893300097322133,1.6367115719137,0.433629552903649,0.9874359538744452,1.0603926605865808,107.32128791426383,4.171556736325536e-16,a1_station_hull_matched_sweep_free_surface_marching_not_benchmark_validated,41,8,24,10,3.0,2,16,15.0,False,none,0.0,1.0,1.0,1.0,trapezoid,1.0,1.0,-1.0,1.0,1.0,1.0,1.0,True,False,True,3.0,11,9,40,True,True,True,True,A1_GRID_RECOMMENDED,"A1 Section 3.3 recommends control radius about 3B, inner free-surface panels greater than 10, outer/free-surface proxy panels greater than 8, and roughly 60 stations at Fn=0.2 or 40 at Fn=0.3."
42,st41_bp8_fs24_cp10_r3p0_h2_fsm_clipfs_onezonefs_noend_pr1p0_pl1p0_pf1p0_pm1p0_dt1p0_fv1p0_hr1p0_hqtrapezoid_hp1p0_hc1p0_cim1p0_cp1p0_cn1p0_cd1p0_pg1p0,A55,OK,diagnostic_matched_wigley_sensitivity_not_hard_gate,wigley_iii,Fn0.4,0.4,2.1696064159197173,1.0,1.808005346599764,0.063,719.5500000000001,13,14,25,1.05,1.95,0.07500000000000001,-0.8681874999999999,0.8681874999999999,0.06362499999999982,0.0636250000000001,pitch,pitch_moment,0.44999999999999996,-10.123404938990397,-752.7011485167224,-0.7592553704242799,-56.452586138754185,-0.0003227955017770276,0.0012944852397411017,-0.0016172807415181293,0.03544737723453269,0.1298174356925404,-0.09437005845800767,0.0,0.03544737723453269,4.274053193918396,1.6086044361584462,0.12029513111650836,0.07053167656721633,0.6079793480198747,0.30435581672678375,4.1508965564765195,17037.40049713271,6361.577542923685,7920.698801912665,2981.0745566670334,9230.95709576928,3441.024509687549,2.3669019245092593,0.806606400617412,0.04498843006264297,0.021155762601326844,advance_eq19_20,1.6600800381489442,0.3857627617704217,1.6494087168818055,0.4075913470959557,0.9935718031529144,1.0565855170295697,107.99806268512654,5.731612316834003e-16,a1_station_hull_matched_sweep_free_surface_marching_not_benchmark_validated,41,8,24,10,3.0,2,16,15.0,False,none,0.0,1.0,1.0,1.0,trapezoid,1.0,1.0,-1.0,1.0,1.0,1.0,1.0,True,False,True,3.0,11,9,40,True,True,True,True,A1_GRID_RECOMMENDED,"A1 Section 3.3 recommends control radius about 3B, inner free-surface panels greater than 10, outer/free-surface proxy panels greater than 8, and roughly 60 stations at Fn=0.2 or 40 at Fn=0.3."
42,st41_bp8_fs24_cp10_r3p0_h2_fsm_clipfs_onezonefs_noend_pr1p0_pl1p0_pf1p0_pm1p0_dt1p0_fv1p0_hr1p0_hqtrapezoid_hp1p0_hc1p0_cim1p0_cp1p0_cn1p0_cd1p0_pg1p0,A55,OK,diagnostic_matched_wigley_sensitivity_not_hard_gate,wigley_iii,Fn0.4,0.4,2.1696064159197173,1.0,1.808005346599764,0.063,719.5500000000001,14,15,24,1.125,1.875,0.07499999999999996,-0.8683593749999999,0.8683593749999999,0.06328124999999996,0.06328125000000007,pitch,pitch_moment,0.375,-42.46198867139468,-619.0180312572421,-3.184649150354599,-46.42635234429313,-0.0013539455373203953,0.000442628860177327,-0.0017965743974977225,0.03460900671498397,0.13068599274249962,-0.0960769860275156,0.0,0.03460900671498397,4.209630680305423,1.5796549284391967,0.11037042590168379,0.06392769529176048,0.5672006318066082,0.27776865678914253,3.8954158264592187,16372.466557913312,6100.608290421744,7801.310646632673,2927.425170310754,8662.807149005157,3220.95594963896,2.369254142493191,0.839617379798312,0.04086377126869951,0.019143981652651697,advance_eq19_20,1.6520209248114865,0.36704710699779175,1.6531108216803114,0.38464383735634355,1.000659735510886,1.0479413405611113,108.57779417676022,5.918087766793366e-16,a1_station_hull_matched_sweep_free_surface_marching_not_benchmark_validated,41,8,24,10,3.0,2,16,15.0,False,none,0.0,1.0,1.0,1.0,trapezoid,1.0,1.0,-1.0,1.0,1.0,1.0,1.0,True,False,True,3.0,11,9,40,True,True,True,True,A1_GRID_RECOMMENDED,"A1 Section 3.3 recommends control radius about 3B, inner free-surface panels greater than 10, outer/free-surface proxy panels greater than 8, and roughly 60 stations at Fn=0.2 or 40 at Fn=0.3."
42,st41_bp8_fs24_cp10_r3p0_h2_fsm_clipfs_onezonefs_noend_pr1p0_pl1p0_pf1p0_pm1p0_dt1p0_fv1p0_hr1p0_hqtrapezoid_hp1p0_hc1p0_cim1p0_cp1p0_cn1p0_cd1p0_pg1p0,A55,OK,diagnostic_matched_wigley_sensitivity_not_hard_gate,wigley_iii,Fn0.4,0.4,2.1696064159197173,1.0,1.808005346599764,0.063,719.5500000000001,15,16,23,1.2,1.8,0.07499999999999996,-0.8684999999999999,0.8684999999999998,0.06299999999999994,0.06300000000000008,pitch,pitch_moment,0.30000000000000004,-62.471831448113505,-484.2964017698493,-4.68538735860851,-36.322230132738675,-0.001991980593560529,-0.00014615452495087282,-0.001845826068609656,0.032936043649543514,0.13083422991011284,-0.09789818626056929,0.0,0.032936043649543514,4.1526905961003635,1.5544810099843425,0.09922924270141,0.056661261585313684,0.5191434992745962,0.24805515893049992,3.654011460895708,15738.436209715632,5857.448350743891,7695.788970537118,2880.772726670479,8125.960877138595,3018.2938793948865,2.3573447775481853,0.8452425394421165,0.03634610570523687,0.016960712318078785,advance_eq19_20,1.6321232716870713,0.35402505543835555,1.646171142744263,0.36620572864912665,1.0086071139973827,1.0344062461785055,109.05701762428855,6.195210232801023e-16,a1_station_hull_matched_sweep_free_surface_marching_not_benchmark_validated,41,8,24,10,3.0,2,16,15.0,False,none,0.0,1.0,1.0,1.0,trapezoid,1.0,1.0,-1.0,1.0,1.0,1.0,1.0,True,False,True,3.0,11,9,40,True,True,True,True,A1_GRID_RECOMMENDED,"A1 Section 3.3 recommends control radius about 3B, inner free-surface panels greater than 10, outer/free-surface proxy panels greater than 8, and roughly 60 stations at Fn=0.2 or 40 at Fn=0.3."
42,st41_bp8_fs24_cp10_r3p0_h2_fsm_clipfs_onezonefs_noend_pr1p0_pl1p0_pf1p0_pm1p0_dt1p0_fv1p0_hr1p0_hqtrapezoid_hp1p0_hc1p0_cim1p0_cp1p0_cn1p0_cd1p0_pg1p0,A55,OK,diagnostic_matched_wigley_sensitivity_not_hard_gate,wigley_iii,Fn0.4,0.4,2.1696064159197173,1.0,1.808005346599764,0.063,719.5500000000001,16,17,22,1.275,1.725,0.07499999999999996,-0.8686093749999999,0.8686093749999999,0.0627812499999999,0.06278125000000001,pitch,pitch_moment,0.2250000000000001,-68.8627834723087,-351.62326679704336,-5.16470876042315,-26.371745009778238,-0.002195762876094486,-0.0004701922241262498,-0.001725570651968236,0.030842171914716002,0.13052605653557428,-0.09968388462085824,0.0,0.030842171914716002,4.098401072974639,1.5313031626091136,0.08740611986739581,0.04908563199466755,0.4658173239723072,0.21661505561780914,3.4272353438023075,15127.801037409772,5627.346701426934,7595.179328759566,2837.819412893965,7621.6455855498125,2830.72753555636,2.329445592710085,0.8720525172799986,0.03161142513887007,0.014691400524082507,advance_eq19_20,1.5996209946539532,0.3473669022434552,1.6274093440332789,0.3534834862825424,1.017371833373153,1.0176084249811468,109.43283246067818,4.766985477850977e-16,a1_station_hull_matched_sweep_free_surface_marching_not_benchmark_validated,41,8,24,10,3.0,2,16,15.0,False,none,0.0,1.0,1.0,1.0,trapezoid,1.0,1.0,-1.0,1.0,1.0,1.0,1.0,True,False,True,3.0,11,9,40,True,True,True,True,A1_GRID_RECOMMENDED,"A1 Section 3.3 recommends control radius about 3B, inner free-surface panels greater than 10, outer/free-surface proxy panels greater than 8, and roughly 60 stations at Fn=0.2 or 40 at Fn=0.3."
42,st41_bp8_fs24_cp10_r3p0_h2_fsm_clipfs_onezonefs_noend_pr1p0_pl1p0_pf1p0_pm1p0_dt1p0_fv1p0_hr1p0_hqtrapezoid_hp1p0_hc1p0_cim1p0_cp1p0_cn1p0_cd1p0_pg1p0,A55,OK,diagnostic_matched_wigley_sensitivity_not_hard_gate,wigley_iii,Fn0.4,0.4,2.1696064159197173,1.0,1.808005346599764,0.063,719.5500000000001,17,18,21,1.3499999999999999,1.6500000000000001,0.07500000000000007,-0.8686874999999998,0.8686875,0.0626249999999999,0.06262500000000004,pitch,pitch_moment,0.15000000000000013,-60.66673497879736,-224.3735391596833,-4.550005123409806,-16.828015436976262,-0.0019344231784338619,-0.0005388937775759329,-0.0013955294008579293,0.02877707888745183,0.1300215135347232,-0.10124443464727133,0.0,0.02877707888745183,4.042123671186996,1.508485376469933,0.0753944153081315,0.04151923088302135,0.4093113305713106,0.18475361591869413,3.218775180913815,14537.561971641146,5407.539861605351,7490.885739351644,2795.5333665733265,7158.062166011605,2658.527269002381,2.286130256428247,0.8360206408167982,0.02682945735694309,0.012416841262379344,advance_eq19_20,1.5542186608304738,0.34692593255570475,1.596112310745251,0.3470856308300817,1.0269547979126643,1.0004603238310854,109.70294068380586,6.653588852870836e-16,a1_station_hull_matched_sweep_free_surface_marching_not_benchmark_validated,41,8,24,10,3.0,2,16,15.0,False,none,0.0,1.0,1.0,1.0,trapezoid,1.0,1.0,-1.0,1.0,1.0,1.0,1.0,True,False,True,3.0,11,9,40,True,True,True,True,A1_GRID_RECOMMENDED,"A1 Section 3.3 recommends control radius about 3B, inner free-surface panels greater than 10, outer/free-surface proxy panels greater than 8, and roughly 60 stations at Fn=0.2 or 40 at Fn=0.3."
42,st41_bp8_fs24_cp10_r3p0_h2_fsm_clipfs_onezonefs_noend_pr1p0_pl1p0_pf1p0_pm1p0_dt1p0_fv1p0_hr1p0_hqtrapezoid_hp1p0_hc1p0_cim1p0_cp1p0_cn1p0_cd1p0_pg1p0,A55,OK,diagnostic_matched_wigley_sensitivity_not_hard_gate,wigley_iii,Fn0.4,0.4,2.1696064159197173,1.0,1.808005346599764,0.063,719.5500000000001,18,19,20,1.425,1.575,0.07500000000000007,-0.8687343749999998,0.868734375,0.06253124999999993,0.06253125000000004,pitch,pitch_moment,0.07499999999999996,-37.515868611138565,-106.0385542807476,-2.8136901458353947,-7.952891571056077,-0.0011962332541190675,-0.0003722619514585139,-0.0008239713026605533,0.027211750671175365,0.12956593567020597,-0.10235418499903057,0.0,0.027211750671175365,3.979729461682372,1.4846007602022946,0.06362507263134641,0.03423257922610791,0.3516623980592656,0.153621210765321,3.0338804065260345,13966.631885891326,5196.297246500725,7375.256448360887,2751.270264812118,6746.884555010305,2503.3243611182966,2.225469540993525,0.8667425903630932,0.02214929120219999,0.010206821275109143,advance_eq19_20,1.4960785434553723,0.35173711218270226,1.5520227953467922,0.3468186090930641,1.0373939270342116,0.9860165364436059,109.86567790060892,4.771937414184563e-16,a1_station_hull_matched_sweep_free_surface_marching_not_benchmark_validated,41,8,24,10,3.0,2,16,15.0,False,none,0.0,1.0,1.0,1.0,trapezoid,1.0,1.0,-1.0,1.0,1.0,1.0,1.0,True,False,True,3.0,11,9,40,True,True,True,True,A1_GRID_RECOMMENDED,"A1 Section 3.3 recommends control radius about 3B, inner free-surface panels greater than 10, outer/free-surface proxy panels greater than 8, and roughly 60 stations at Fn=0.2 or 40 at Fn=0.3."
42,st41_bp8_fs24_cp10_r3p0_h2_fsm_clipfs_onezonefs_noend_pr1p0_pl1p0_pf1p0_pm1p0_dt1p0_fv1p0_hr1p0_hqtrapezoid_hp1p0_hc1p0_cim1p0_cp1p0_cn1p0_cd1p0_pg1p0,A55,OK,diagnostic_matched_wigley_sensitivity_not_hard_gate,wigley_iii,Fn0.4,0.4,2.1696064159197173,1.0,1.808005346599764,0.063,719.5500000000001,19,20,19,1.5,1.5,0.07499999999999996,-0.8687499999999999,0.8687499999999999,0.062499999999999944,0.06250000000000003,pitch,pitch_moment,0.0,0.0,-0.0,0.0,0.0,0.0,0.0,0.0,0.026613634044115833,0.1293798046944767,-0.10276617065036085,0.0,0.026613634044115833,3.9079203128905156,1.4585067116706478,0.05245385820081578,0.02744098578884494,0.29474577214171177,0.12417244408638631,2.871169925544072,13404.392028643622,4989.715173962532,7242.1793402866715,2702.9126310709757,6385.04140894756,2363.0537504041986,2.143211554441799,0.8119491818106688,0.017694556979150466,0.00811806866396852,advance_eq19_20,1.4258013786759511,0.36016237215186164,1.4953177049834863,0.351716841827359,1.0487559679400018,0.9765507699373392,109.92003615667433,4.9014920297312005e-16,a1_station_hull_matched_sweep_free_surface_marching_not_benchmark_validated,41,8,24,10,3.0,2,16,15.0,False,none,0.0,1.0,1.0,1.0,trapezoid,1.0,1.0,-1.0,1.0,1.0,1.0,1.0,True,False,True,3.0,11,9,40,True,True,True,True,A1_GRID_RECOMMENDED,"A1 Section 3.3 recommends control radius about 3B, inner free-surface panels greater than 10, outer/free-surface proxy panels greater than 8, and roughly 60 stations at Fn=0.2 or 40 at Fn=0.3."
42,st41_bp8_fs24_cp10_r3p0_h2_fsm_clipfs_onezonefs_noend_pr1p0_pl1p0_pf1p0_pm1p0_dt1p0_fv1p0_hr1p0_hqtrapezoid_hp1p0_hc1p0_cim1p0_cp1p0_cn1p0_cd1p0_pg1p0,A55,OK,diagnostic_matched_wigley_sensitivity_not_hard_gate,wigley_iii,Fn0.4,0.4,2.1696064159197173,1.0,1.808005346599764,0.063,719.5500000000001,20,21,18,1.575,1.425,0.07499999999999996,-0.8687343749999998,0.868734375,0.06253124999999993,0.06253125000000004,pitch,pitch_moment,-0.07499999999999996,49.35215615604286,90.87835587386778,3.701411711703212,6.815876690540079,0.0015736458342006047,0.0005399223320037043,0.0010337235021969009,0.027400456961216135,0.12964976586047858,-0.10224930889926241,0.0,0.027400456961216135,3.826138023127703,1.4299154852688754,0.042147827901079245,0.021297249876503378,0.24008774873061736,0.1000006964589021,2.7254862720921533,12841.01287686913,4784.784751431809,7090.619952709627,2649.9272136157206,6061.063314993054,2234.1512977040315,2.043459644461011,0.8063254983479308,0.013573281458540618,0.006198816294325891,advance_eq19_20,1.34472850664311,0.3703022187858885,1.426899217192128,0.3602762461234985,1.061105799529857,0.9729248917404217,109.86567790060924,7.573038477565458e-16,a1_station_hull_matched_sweep_free_surface_marching_not_benchmark_validated,41,8,24,10,3.0,2,16,15.0,False,none,0.0,1.0,1.0,1.0,trapezoid,1.0,1.0,-1.0,1.0,1.0,1.0,1.0,True,False,True,3.0,11,9,40,True,True,True,True,A1_GRID_RECOMMENDED,"A1 Section 3.3 recommends control radius about 3B, inner free-surface panels greater than 10, outer/free-surface proxy panels greater than 8, and roughly 60 stations at Fn=0.2 or 40 at Fn=0.3."
42,st41_bp8_fs24_cp10_r3p0_h2_fsm_clipfs_onezonefs_noend_pr1p0_pl1p0_pf1p0_pm1p0_dt1p0_fv1p0_hr1p0_hqtrapezoid_hp1p0_hc1p0_cim1p0_cp1p0_cn1p0_cd1p0_pg1p0,A55,OK,diagnostic_matched_wigley_sensitivity_not_hard_gate,wigley_iii,Fn0.4,0.4,2.1696064159197173,1.0,1.808005346599764,0.063,719.5500000000001,21,22,17,1.65,1.35,0.07499999999999996,-0.8686874999999998,0.8686875,0.0626249999999999,0.06262500000000004,pitch,pitch_moment,-0.1499999999999999,107.17591037474602,164.68645685211757,8.038193278105947,12.35148426390881,0.0034174175562788553,0.0012037011792824916,0.002213716376996364,0.029895988656455867,0.13052157761612168,-0.10062558895966577,0.0,0.029895988656455867,3.734575331980262,1.3987934385487522,0.032895602238632915,0.015899206190877396,0.18896354148006167,0.08112901460824426,2.60485674792959,12289.766712322547,4585.055730600564,6920.9354716873995,2592.2516660769325,5792.801760681303,2121.5787678573074,1.9349918068268723,0.7776968444695841,0.009879842245169218,0.004489905115271668,advance_eq19_20,1.2546169955301378,0.3802908199410027,1.3481394191306189,0.37063958193267105,1.0745426085679344,0.9746214278592659,109.70294068380586,5.357481726291786e-16,a1_station_hull_matched_sweep_free_surface_marching_not_benchmark_validated,41,8,24,10,3.0,2,16,15.0,False,none,0.0,1.0,1.0,1.0,trapezoid,1.0,1.0,-1.0,1.0,1.0,1.0,1.0,True,False,True,3.0,11,9,40,True,True,True,True,A1_GRID_RECOMMENDED,"A1 Section 3.3 recommends control radius about 3B, inner free-surface panels greater than 10, outer/free-surface proxy panels greater than 8, and roughly 60 stations at Fn=0.2 or 40 at Fn=0.3."
42,st41_bp8_fs24_cp10_r3p0_h2_fsm_clipfs_onezonefs_noend_pr1p0_pl1p0_pf1p0_pm1p0_dt1p0_fv1p0_hr1p0_hqtrapezoid_hp1p0_hc1p0_cim1p0_cp1p0_cn1p0_cd1p0_pg1p0,A55,OK,diagnostic_matched_wigley_sensitivity_not_hard_gate,wigley_iii,Fn0.4,0.4,2.1696064159197173,1.0,1.808005346599764,0.063,719.5500000000001,22,23,16,1.7249999999999999,1.2750000000000001,0.07499999999999996,-0.8686093749999999,0.8686093749999999,0.0627812499999999,0.06278125000000001,pitch,pitch_moment,-0.22499999999999987,170.4756516097323,220.3631442977614,12.785673870729914,16.527235822332095,0.005435796931345239,0.0019443100351624687,0.00349148689618277,0.034322595900267906,0.13209558322334414,-0.09777298732307621,0.0,0.034322595900267906,3.6321409235347564,1.364740583011228,0.024825540103884818,0.011300607368240104,0.14254723211183515,0.06332051352494963,2.519074969573763,11764.75357282502,4394.015619154638,6731.10346458851,2529.144727576129,5602.036246574252,2031.2415639917358,1.8244342648167895,0.6937169891588866,0.006696441908562684,0.003025621996833331,advance_eq19_20,1.1572028404955514,0.38842065658087116,1.2604828360654257,0.380885066629106,1.0892496906814075,0.9805994098818063,109.43283246067818,6.34695052534597e-16,a1_station_hull_matched_sweep_free_surface_marching_not_benchmark_validated,41,8,24,10,3.0,2,16,15.0,False,none,0.0,1.0,1.0,1.0,trapezoid,1.0,1.0,-1.0,1.0,1.0,1.0,1.0,True,False,True,3.0,11,9,40,True,True,True,True,A1_GRID_RECOMMENDED,"A1 Section 3.3 recommends control radius about 3B, inner free-surface panels greater than 10, outer/free-surface proxy panels greater than 8, and roughly 60 stations at Fn=0.2 or 40 at Fn=0.3."
42,st41_bp8_fs24_cp10_r3p0_h2_fsm_clipfs_onezonefs_noend_pr1p0_pl1p0_pf1p0_pm1p0_dt1p0_fv1p0_hr1p0_hqtrapezoid_hp1p0_hc1p0_cim1p0_cp1p0_cn1p0_cd1p0_pg1p0,A55,OK,diagnostic_matched_wigley_sensitivity_not_hard_gate,wigley_iii,Fn0.4,0.4,2.1696064159197173,1.0,1.808005346599764,0.063,719.5500000000001,23,24,15,1.7999999999999998,1.2000000000000002,0.07500000000000007,-0.8684999999999999,0.8684999999999998,0.06299999999999994,0.06300000000000008,pitch,pitch_moment,-0.2999999999999998,235.98263137094827,257.6828530672823,17.698697352821135,19.326213980046187,0.007524556447471857,0.0027138341519530053,0.004810722295518853,0.040802772589676455,0.13442465531690187,-0.0936218827272254,0.0,0.040802772589676455,3.518215946996183,1.3275218077939628,0.01800965060083308,0.008213922139354426,0.10184995633728304,0.0470510822097019,2.4679885538624524,11267.92386962947,4211.780240282046,6519.9770737281915,2460.1706893747505,5488.427895898311,1963.0616926673167,1.7186068874587834,0.6976824959042482,0.004119238651252154,0.0018454111043021881,advance_eq19_20,1.0544288909908797,0.3933424046199802,1.1656360015454643,0.38935370192687885,1.1054666763256837,0.989859464308317,109.05701762428855,3.9637854307650784e-16,a1_station_hull_matched_sweep_free_surface_marching_not_benchmark_validated,41,8,24,10,3.0,2,16,15.0,False,none,0.0,1.0,1.0,1.0,trapezoid,1.0,1.0,-1.0,1.0,1.0,1.0,1.0,True,False,True,3.0,11,9,40,True,True,True,True,A1_GRID_RECOMMENDED,"A1 Section 3.3 recommends control radius about 3B, inner free-surface panels greater than 10, outer/free-surface proxy panels greater than 8, and roughly 60 stations at Fn=0.2 or 40 at Fn=0.3."
42,st41_bp8_fs24_cp10_r3p0_h2_fsm_clipfs_onezonefs_noend_pr1p0_pl1p0_pf1p0_pm1p0_dt1p0_fv1p0_hr1p0_hqtrapezoid_hp1p0_hc1p0_cim1p0_cp1p0_cn1p0_cd1p0_pg1p0,A55,OK,diagnostic_matched_wigley_sensitivity_not_hard_gate,wigley_iii,Fn0.4,0.4,2.1696064159197173,1.0,1.808005346599764,0.063,719.5500000000001,24,25,14,1.875,1.125,0.07500000000000007,-0.8683593749999999,0.8683593749999999,0.06328124999999996,0.06328125000000007,pitch,pitch_moment,-0.375,300.287487836732,277.28845291504337,22.52156158775492,20.79663396862827,0.009574984987539972,0.0034658445466783866,0.006109140440861582,0.04935254330718238,0.13751449466621757,-0.08816195135903516,0.0,0.04935254330718238,3.392695890596054,1.2870767079796968,0.012483296153243893,0.0057884924951526525,0.06788602600175703,0.03270815721612132,2.4479094249848763,10799.827146221181,4038.1217962490946,6287.362617324332,2385.217608749098,5443.774993888471,1938.5686106180785,1.623830745537782,0.6463233586155059,0.00236854870779949,0.0010439051659437218,advance_eq19_20,0.9483679280523826,0.3940757127257694,1.0654973006910406,0.39475096099546864,1.123506256563527,1.0017134988224181,108.57779417676022,5.459669073673568e-16,a1_station_hull_matched_sweep_free_surface_marching_not_benchmark_validated,41,8,24,10,3.0,2,16,15.0,False,none,0.0,1.0,1.0,1.0,trapezoid,1.0,1.0,-1.0,1.0,1.0,1.0,1.0,True,False,True,3.0,11,9,40,True,True,True,True,A1_GRID_RECOMMENDED,"A1 Section 3.3 recommends control radius about 3B, inner free-surface panels greater than 10, outer/free-surface proxy panels greater than 8, and roughly 60 stations at Fn=0.2 or 40 at Fn=0.3."
42,st41_bp8_fs24_cp10_r3p0_h2_fsm_clipfs_onezonefs_noend_pr1p0_pl1p0_pf1p0_pm1p0_dt1p0_fv1p0_hr1p0_hqtrapezoid_hp1p0_hc1p0_cim1p0_cp1p0_cn1p0_cd1p0_pg1p0,A55,OK,diagnostic_matched_wigley_sensitivity_not_hard_gate,wigley_iii,Fn0.4,0.4,2.1696064159197173,1.0,1.808005346599764,0.063,719.5500000000001,25,26,13,1.95,1.05,0.07499999999999996,-0.8681874999999999,0.8681874999999999,0.0636249999999999,0.06362500000000004,pitch,pitch_moment,-0.44999999999999996,360.00920996913425,280.64442882934253,27.000690747685052,21.048332162200676,0.011479275429233932,0.004157663610224621,0.007321611819009314,0.059879673515569325,0.1413262487446691,-0.08144657522909972,0.0,0.059879673515569325,3.2560030643007876,1.2435225239046999,0.00828006860303315,0.003763071481045079,0.04224326500851117,0.02062362236044026,2.4518883269664595,10358.930182030317,3872.2587106961173,6034.042722521065,2304.5027561328534,5452.62346143772,1982.4734388836323,1.5460186643741178,0.5961234961215554,0.0019370983578001835,0.000846459857466735,advance_eq19_20,0.8411401487418237,0.3899784690886007,0.9620787319435689,0.39616158867586804,1.143779349235255,1.0158550281037761,107.99806268512636,7.179304638179161e-16,a1_station_hull_matched_sweep_free_surface_marching_not_benchmark_validated,41,8,24,10,3.0,2,16,15.0,False,none,0.0,1.0,1.0,1.0,trapezoid,1.0,1.0,-1.0,1.0,1.0,1.0,1.0,True,False,True,3.0,11,9,40,True,True,True,True,A1_GRID_RECOMMENDED,"A1 Section 3.3 recommends control radius about 3B, inner free-surface panels greater than 10, outer/free-surface proxy panels greater than 8, and roughly 60 stations at Fn=0.2 or 40 at Fn=0.3."
42,st41_bp8_fs24_cp10_r3p0_h2_fsm_clipfs_onezonefs_noend_pr1p0_pl1p0_pf1p0_pm1p0_dt1p0_fv1p0_hr1p0_hqtrapezoid_hp1p0_hc1p0_cim1p0_cp1p0_cn1p0_cd1p0_pg1p0,A55,OK,diagnostic_matched_wigley_sensitivity_not_hard_gate,wigley_iii,Fn0.4,0.4,2.1696064159197173,1.0,1.808005346599764,0.063,719.5500000000001,26,27,12,2.025,0.9750000000000001,0.07500000000000007,-0.8679843749999999,0.8679843749999999,0.06403124999999998,0.0640312500000001,pitch,pitch_moment,-0.5249999999999999,411.9903825383028,269.9058166646285,30.89927869037274,20.242936249847155,0.013136750239690008,0.0047523154093334664,0.008384434830356542,0.07218768635003128,0.14578123825444814,-0.0735935519044168,0.0,0.07218768635003128,3.109055457173743,1.1971475432712777,0.005485603972234093,0.002571876961536346,0.02843095997528254,0.011257921393858037,2.471053518362062,9941.565915354815,3712.7703441178783,5761.718611681434,2218.5603878758234,5495.243906707303,2037.2386027697805,1.491447544095788,0.5666177005688231,0.00247680832804479,0.0010920356494173277,advance_eq19_20,0.7348269000387845,0.3807095017059962,0.8574226582763959,0.3930173147853151,1.1668362416116513,1.0323286207046747,107.32128791426383,4.3301674447228867e-16,a1_station_hull_matched_sweep_free_surface_marching_not_benchmark_validated,41,8,24,10,3.0,2,16,15.0,False,none,0.0,1.0,1.0,1.0,trapezoid,1.0,1.0,-1.0,1.0,1.0,1.0,1.0,True,False,True,3.0,11,9,40,True,True,True,True,A1_GRID_RECOMMENDED,"A1 Section 3.3 recommends control radius about 3B, inner free-surface panels greater than 10, outer/free-surface proxy panels greater than 8, and roughly 60 stations at Fn=0.2 or 40 at Fn=0.3."
42,st41_bp8_fs24_cp10_r3p0_h2_fsm_clipfs_onezonefs_noend_pr1p0_pl1p0_pf1p0_pm1p0_dt1p0_fv1p0_hr1p0_hqtrapezoid_hp1p0_hc1p0_cim1p0_cp1p0_cn1p0_cd1p0_pg1p0,A55,OK,diagnostic_matched_wigley_sensitivity_not_hard_gate,wigley_iii,Fn0.4,0.4,2.1696064159197173,1.0,1.808005346599764,0.063,719.5500000000001,27,28,11,2.1,0.8999999999999999,0.07499999999999996,-0.8677499999999999,0.8677499999999999,0.06449999999999989,0.06450000000000003,pitch,pitch_moment,-0.6000000000000001,453.49174616007167,247.72413159779808,34.01188096200536,18.579309869834844,0.014460065228614634,0.0052199779210574,0.009240087307557232,0.08598609408418365,0.15076738491964356,-0.06478129083545989,0.0,0.08598609408418365,2.9531883447129466,1.1483960382102578,0.004187987456926814,0.0021652712106950468,0.028481122635629328,0.0113212998731385,2.4964222811371566,9542.61735388077,3557.6357661818092,5472.864824676042,2128.2138315255866,5551.660142950113,2094.294364778447,1.466669001731826,0.5126228151597586,0.0030494995101047803,0.0013473169169746703,advance_eq19_20,0.6313800941068026,0.3662082097468238,0.7535150271066225,0.38505128035421926,1.1934412157427945,1.0514545280686705,106.55145429053415,6.055978556084411e-16,a1_station_hull_matched_sweep_free_surface_marching_not_benchmark_validated,41,8,24,10,3.0,2,16,15.0,False,none,0.0,1.0,1.0,1.0,trapezoid,1.0,1.0,-1.0,1.0,1.0,1.0,1.0,True,False,True,3.0,11,9,40,True,True,True,True,A1_GRID_RECOMMENDED,"A1 Section 3.3 recommends control radius about 3B, inner free-surface panels greater than 10, outer/free-surface proxy panels greater than 8, and roughly 60 stations at Fn=0.2 or 40 at Fn=0.3."
42,st41_bp8_fs24_cp10_r3p0_h2_fsm_clipfs_onezonefs_noend_pr1p0_pl1p0_pf1p0_pm1p0_dt1p0_fv1p0_hr1p0_hqtrapezoid_hp1p0_hc1p0_cim1p0_cp1p0_cn1p0_cd1p0_pg1p0,A55,OK,diagnostic_matched_wigley_sensitivity_not_hard_gate,wigley_iii,Fn0.4,0.4,2.1696064159197173,1.0,1.808005346599764,0.063,719.5500000000001,28,29,10,2.175,0.8250000000000002,0.07499999999999996,-0.8674843749999999,0.8674843749999999,0.06503124999999987,0.0650312500000001,pitch,pitch_moment,-0.6749999999999998,482.34060352258075,217.0428526020778,36.17554526419354,16.278213945155827,0.015379941638196816,0.005538842796265757,0.009841098841931057,0.10090609751758932,0.15614679527830513,-0.055240697760715766,0.0,0.10090609751758932,2.790041604998416,1.0978521510202588,0.004027629369139495,0.001847266162274502,0.03429267726867346,0.012870638905717628,2.5203821543570557,9156.643204373107,3404.2842719010523,5170.520392549745,2034.5456227911966,5604.9432249791935,2147.2070771324256,1.4756124333489673,0.5755513505587151,0.0033745915085547393,0.0014888938149688656,advance_eq19_20,0.5325247368157805,0.34669483546063473,0.6521930360390411,0.3722666167384614,1.224718761308281,1.0737587603341447,105.69301673551156,4.3725616363805155e-16,a1_station_hull_matched_sweep_free_surface_marching_not_benchmark_validated,41,8,24,10,3.0,2,16,15.0,False,none,0.0,1.0,1.0,1.0,trapezoid,1.0,1.0,-1.0,1.0,1.0,1.0,1.0,True,False,True,3.0,11,9,40,True,True,True,True,A1_GRID_RECOMMENDED,"A1 Section 3.3 recommends control radius about 3B, inner free-surface panels greater than 10, outer/free-surface proxy panels greater than 8, and roughly 60 stations at Fn=0.2 or 40 at Fn=0.3."
42,st41_bp8_fs24_cp10_r3p0_h2_fsm_clipfs_onezonefs_noend_pr1p0_pl1p0_pf1p0_pm1p0_dt1p0_fv1p0_hr1p0_hqtrapezoid_hp1p0_hc1p0_cim1p0_cp1p0_cn1p0_cd1p0_pg1p0,A55,OK,diagnostic_matched_wigley_sensitivity_not_hard_gate,wigley_iii,Fn0.4,0.4,2.1696064159197173,1.0,1.808005346599764,0.063,719.5500000000001,29,30,9,2.25,0.75,0.07499999999999996,-0.8671874999999999,0.8671874999999999,0.06562499999999982,0.0656250000000001,pitch,pitch_moment,-0.75,496.96488316400087,180.97332096854723,37.27236623730004,13.572999072641034,0.0158462523027834,0.00569544477102633,0.01015080753175707,0.11651919448807947,0.1617639390619512,-0.04524474457387168,0.0,0.11651919448807947,2.6214529033877434,1.0462420309680633,0.004221953052073672,0.0017661048248952466,0.0390525431933436,0.014253553462554415,2.537107342788013,8778.620017294968,3249.3640537959122,4858.090886814127,1938.9014654733458,5642.137478009645,2192.1071530377444,1.5150388396398462,0.6213623271839538,0.003433277732756178,0.0015107963584567665,advance_eq19_20,0.43965506985386216,0.32266051355167996,0.5550420477627559,0.3549283759583695,1.2624488737210455,1.100005612870015,104.75084920458065,7.610161152014368e-16,a1_station_hull_matched_sweep_free_surface_marching_not_benchmark_validated,41,8,24,10,3.0,2,16,15.0,False,none,0.0,1.0,1.0,1.0,trapezoid,1.0,1.0,-1.0,1.0,1.0,1.0,1.0,True,False,True,3.0,11,9,40,True,True,True,True,A1_GRID_RECOMMENDED,"A1 Section 3.3 recommends control radius about 3B, inner free-surface panels greater than 10, outer/free-surface proxy panels greater than 8, and roughly 60 stations at Fn=0.2 or 40 at Fn=0.3."
42,st41_bp8_fs24_cp10_r3p0_h2_fsm_clipfs_onezonefs_noend_pr1p0_pl1p0_pf1p0_pm1p0_dt1p0_fv1p0_hr1p0_hqtrapezoid_hp1p0_hc1p0_cim1p0_cp1p0_cn1p0_cd1p0_pg1p0,A55,OK,diagnostic_matched_wigley_sensitivity_not_hard_gate,wigley_iii,Fn0.4,0.4,2.1696064159197173,1.0,1.808005346599764,0.063,719.5500000000001,30,31,8,2.3249999999999997,0.6750000000000003,0.07499999999999996,-0.866859375,0.866859375,0.06628124999999996,0.06628125000000007,pitch,pitch_moment,-0.8249999999999997,496.2098774475556,142.89477091437016,37.21574080856664,10.717107818577755,0.01582217814487376,0.00568474938730248,0.010137428757571282,0.132353409711908,0.1674540361411156,-0.03510062642920753,0.0,0.132353409711908,2.4494457727937493,0.9944981529305057,0.004302029486426247,0.0017964979952280855,0.041003436748584574,0.014393221758245539,2.541110264805385,8402.713177355186,3087.612151045694,4539.326329752722,1843.0094271239927,5651.0393624332455,2226.7117227725143,1.5739679750303546,0.6959076163677167,0.0032758138336300884,0.001436599027968401,advance_eq19_20,0.35373963964775673,0.2947760745530995,0.4632800170157562,0.3335442413358726,1.309663846203599,1.1315173452986247,103.73019523740956,6.493525116913596e-16,a1_station_hull_matched_sweep_free_surface_marching_not_benchmark_validated,41,8,24,10,3.0,2,16,15.0,False,none,0.0,1.0,1.0,1.0,trapezoid,1.0,1.0,-1.0,1.0,1.0,1.0,1.0,True,False,True,3.0,11,9,40,True,True,True,True,A1_GRID_RECOMMENDED,"A1 Section 3.3 recommends control radius about 3B, inner free-surface panels greater than 10, outer/free-surface proxy panels greater than 8, and roughly 60 stations at Fn=0.2 or 40 at Fn=0.3."
42,st41_bp8_fs24_cp10_r3p0_h2_fsm_clipfs_onezonefs_noend_pr1p0_pl1p0_pf1p0_pm1p0_dt1p0_fv1p0_hr1p0_hqtrapezoid_hp1p0_hc1p0_cim1p0_cp1p0_cn1p0_cd1p0_pg1p0,A55,OK,diagnostic_matched_wigley_sensitivity_not_hard_gate,wigley_iii,Fn0.4,0.4,2.1696064159197173,1.0,1.808005346599764,0.063,719.5500000000001,31,32,7,2.4,0.6000000000000001,0.07500000000000018,-0.8664999999999999,0.8664999999999998,0.06699999999999995,0.06700000000000006,pitch,pitch_moment,-0.8999999999999999,478.7551932400532,107.02511205087232,35.90663949300407,8.026883403815443,0.015265617029214019,0.0055105939199564385,0.009755023109257585,0.14789730729895192,0.17305170779474507,-0.02515440049579308,0.0,0.14789730729895192,2.276501024071132,0.94398695645095,0.0041535037798662135,0.0016542580695955982,0.04019413337748263,0.013555426456955132,2.5224954958937253,8016.087375096381,2919.6444772645937,4218.8241736369555,1749.40180099335,5609.642972320105,2247.364148947215,1.6412053379603662,0.812039727107514,0.002982446092813692,0.0013019735006093004,advance_eq19_20,0.27528069834363744,0.26363918488402205,0.37764786419580315,0.30873783292698115,1.3718646692925018,1.171062006821173,102.63663006147284,4.1842888222956037e-16,a1_station_hull_matched_sweep_free_surface_marching_not_benchmark_validated,41,8,24,10,3.0,2,16,15.0,False,none,0.0,1.0,1.0,1.0,trapezoid,1.0,1.0,-1.0,1.0,1.0,1.0,1.0,True,False,True,3.0,11,9,40,True,True,True,True,A1_GRID_RECOMMENDED,"A1 Section 3.3 recommends control radius about 3B, inner free-surface panels greater than 10, outer/free-surface proxy panels greater than 8, and roughly 60 stations at Fn=0.2 or 40 at Fn=0.3."
42,st41_bp8_fs24_cp10_r3p0_h2_fsm_clipfs_onezonefs_noend_pr1p0_pl1p0_pf1p0_pm1p0_dt1p0_fv1p0_hr1p0_hqtrapezoid_hp1p0_hc1p0_cim1p0_cp1p0_cn1p0_cd1p0_pg1p0,A55,OK,diagnostic_matched_wigley_sensitivity_not_hard_gate,wigley_iii,Fn0.4,0.4,2.1696064159197173,1.0,1.808005346599764,0.063,719.5500000000001,32,33,6,2.475,0.5249999999999999,0.07499999999999996,-0.866109375,0.866109375,0.06778124999999988,0.06778125000000013,pitch,pitch_moment,-0.9750000000000001,441.6729286751184,80.03362956415558,33.12546965063386,6.002522217311665,0.01408320969992064,0.0051875433062435776,0.008895666393677063,0.1625717206635193,0.17840077640784505,-0.015829055744325745,0.0,0.1625717206635193,2.106544621315306,0.8971562814793901,0.003819064191601664,0.00140189725368153,0.03732230442316621,0.012072052936071597,2.455610952672526,7581.895692991253,2767.5352472123386,3903.860036643774,1662.6149374915576,5460.902009869067,2242.756487048258,1.7167011980026625,0.8344332198408109,0.002655283824245933,0.0011505362905670736,advance_eq19_20,0.2044079866641833,0.22935901592135532,0.2983675468706087,0.28089444022463855,1.4596667759405564,1.224693256972092,101.4760582021312,4.1032704871359613e-16,a1_station_hull_matched_sweep_free_surface_marching_not_benchmark_validated,41,8,24,10,3.0,2,16,15.0,False,none,0.0,1.0,1.0,1.0,trapezoid,1.0,1.0,-1.0,1.0,1.0,1.0,1.0,True,False,True,3.0,11,9,40,True,True,True,True,A1_GRID_RECOMMENDED,"A1 Section 3.3 recommends control radius about 3B, inner free-surface panels greater than 10, outer/free-surface proxy panels greater than 8, and roughly 60 stations at Fn=0.2 or 40 at Fn=0.3."
42,st41_bp8_fs24_cp10_r3p0_h2_fsm_clipfs_onezonefs_noend_pr1p0_pl1p0_pf1p0_pm1p0_dt1p0_fv1p0_hr1p0_hqtrapezoid_hp1p0_hc1p0_cim1p0_cp1p0_cn1p0_cd1p0_pg1p0,A55,OK,diagnostic_matched_wigley_sensitivity_not_hard_gate,wigley_iii,Fn0.4,0.4,2.1696064159197173,1.0,1.808005346599764,0.063,719.5500000000001,33,34,5,2.55,0.4500000000000002,0.07499999999999996,-0.8656874999999999,0.8656874999999999,0.06862499999999994,0.06862500000000005,pitch,pitch_moment,-1.0499999999999998,376.1738361723969,75.96322746739096,28.213037712929747,5.697242060054319,0.01199470167739512,0.004746330205777698,0.007248371471617421,0.17561067635217711,0.18336771316385567,-0.007757036811678528,0.0,0.17561067635217711,1.9478590821523796,0.8593749017027738,0.0034580313938645576,0.0011000266712069635,0.03347260536169293,0.01068895073775756,2.2738055104819983,7003.247091456906,2561.279781698348,3609.7831258282713,1592.598277437568,5056.594599697734,2178.8962660853267,1.8144927582826496,0.9475532720012584,0.002669235624790355,0.001143550623133851,advance_eq19_20,0.1411921181532556,0.19116515398171485,0.22528078818055497,0.24957565401223158,1.5955620690952885,1.305549933206466,100.2548122089833,6.019977399832276e-16,a1_station_hull_matched_sweep_free_surface_marching_not_benchmark_validated,41,8,24,10,3.0,2,16,15.0,False,none,0.0,1.0,1.0,1.0,trapezoid,1.0,1.0,-1.0,1.0,1.0,1.0,1.0,True,False,True,3.0,11,9,40,True,True,True,True,A1_GRID_RECOMMENDED,"A1 Section 3.3 recommends control radius about 3B, inner free-surface panels greater than 10, outer/free-surface proxy panels greater than 8, and roughly 60 stations at Fn=0.2 or 40 at Fn=0.3."
42,st41_bp8_fs24_cp10_r3p0_h2_fsm_clipfs_onezonefs_noend_pr1p0_pl1p0_pf1p0_pm1p0_dt1p0_fv1p0_hr1p0_hqtrapezoid_hp1p0_hc1p0_cim1p0_cp1p0_cn1p0_cd1p0_pg1p0,A55,OK,diagnostic_matched_wigley_sensitivity_not_hard_gate,wigley_iii,Fn0.4,0.4,2.1696064159197173,1.0,1.808005346599764,0.063,719.5500000000001,34,35,4,2.625,0.375,0.07499999999999996,-0.8652343749999999,0.8652343749999999,0.06953124999999993,0.06953125000000009,pitch,pitch_moment,-1.125,246.31695284611482,140.51292236144263,18.4737714634586,10.53846917710819,0.007854077246669887,0.004250388158991919,0.0036036890876779675,0.18553506581420967,0.1878660723462405,-0.002331006532030817,0.0,0.18553506581420967,1.822721605958716,0.845115132621707,0.003496113533341572,0.0013017105794091066,0.030221986620705982,0.01007804648415634,1.9151991498437326,6238.146497799443,2368.11045767087,3377.877669159673,1566.1719952292253,4259.109072346574,1933.8389108450708,1.946839866037919,1.211128998593955,0.004510762892817731,0.0019018480718819705,advance_eq19_20,0.08619946527440743,0.14734330399000775,0.15828862260272514,0.21299578416486503,1.8363063169687774,1.4455749151607837,98.98004886155589,6.229215937135364e-16,a1_station_hull_matched_sweep_free_surface_marching_not_benchmark_validated,41,8,24,10,3.0,2,16,15.0,False,none,0.0,1.0,1.0,1.0,trapezoid,1.0,1.0,-1.0,1.0,1.0,1.0,1.0,True,False,True,3.0,11,9,40,True,True,True,True,A1_GRID_RECOMMENDED,"A1 Section 3.3 recommends control radius about 3B, inner free-surface panels greater than 10, outer/free-surface proxy panels greater than 8, and roughly 60 stations at Fn=0.2 or 40 at Fn=0.3."
42,st41_bp8_fs24_cp10_r3p0_h2_fsm_clipfs_onezonefs_noend_pr1p0_pl1p0_pf1p0_pm1p0_dt1p0_fv1p0_hr1p0_hqtrapezoid_hp1p0_hc1p0_cim1p0_cp1p0_cn1p0_cd1p0_pg1p0,A55,OK,diagnostic_matched_wigley_sensitivity_not_hard_gate,wigley_iii,Fn0.4,0.4,2.1696064159197173,1.0,1.808005346599764,0.063,719.5500000000001,35,36,3,2.6999999999999997,0.30000000000000027,0.07499999999999996,-0.8647499999999999,0.8647499999999999,0.0704999999999999,0.07050000000000001,pitch,pitch_moment,-1.1999999999999997,-273.85235985660086,644.109988426362,-20.538926989245052,48.30824913197712,-0.008732072898938138,0.0038745158383552084,-0.012606588737293343,0.1850960679880755,0.19192852434491406,-0.00683245635683849,0.0,0.1850960679880755,1.8158897595193235,0.9092418219001084,0.0034963688852019813,0.0016141715835421536,0.034128612063833684,0.012038250286858896,6.715763997043103,15680.476350244122,10518.807467055669,3365.216853897864,1685.011927231194,14934.828772182047,10229.322649261821,2.1166614666096573,1.4408838649223152,0.0003977574433382224,0.00018480315098683814,advance_eq19_20,0.04121419754247016,0.09507617316066833,0.09811664200724146,0.1680387616150853,2.3806515195676154,1.7674119185583772,97.66111149943443,8.794052738709799e-16,a1_station_hull_matched_sweep_free_surface_marching_not_benchmark_validated,41,8,24,10,3.0,2,16,15.0,False,none,0.0,1.0,1.0,1.0,trapezoid,1.0,1.0,-1.0,1.0,1.0,1.0,1.0,True,False,True,3.0,11,9,40,True,True,True,True,A1_GRID_RECOMMENDED,"A1 Section 3.3 recommends control radius about 3B, inner free-surface panels greater than 10, outer/free-surface proxy panels greater than 8, and roughly 60 stations at Fn=0.2 or 40 at Fn=0.3."
42,st41_bp8_fs24_cp10_r3p0_h2_fsm_clipfs_onezonefs_noend_pr1p0_pl1p0_pf1p0_pm1p0_dt1p0_fv1p0_hr1p0_hqtrapezoid_hp1p0_hc1p0_cim1p0_cp1p0_cn1p0_cd1p0_pg1p0,A55,OK,diagnostic_matched_wigley_sensitivity_not_hard_gate,wigley_iii,Fn0.4,0.4,2.1696064159197173,1.0,1.808005346599764,0.063,719.5500000000001,36,37,2,2.775,0.2250000000000001,0.07500000000000018,-0.8642343749999999,0.8642343749999999,0.07153124999999994,0.07153125000000005,pitch,pitch_moment,-1.275,1280.0224718396082,-1037.7578453361195,96.00168538797084,-77.83183840020915,0.04081487390590791,0.004824327627677428,0.035990546278230486,0.20113746849156044,0.1962779460779304,0.004859522413630065,0.0,0.20113746849156044,2.669078761936568,1.532439725782311,0.008628540272332622,0.004431713415183673,0.0750770315261611,0.028521848499889424,17.93541407042663,40234.071505206244,25116.240784117977,4946.351388879124,2839.925697995202,39885.60917535875,24949.58974570252,2.6134793674474524,1.842892625307364,0.003032524608988374,0.001256222682661094,advance_eq19_20,0.01036976351487157,0.023459494183726615,0.04728153184470536,0.11032876822333967,4.559557387870764,4.702947444615943,96.3146992237131,7.413559349887301e-16,a1_station_hull_matched_sweep_free_surface_marching_not_benchmark_validated,41,8,24,10,3.0,2,16,15.0,False,none,0.0,1.0,1.0,1.0,trapezoid,1.0,1.0,-1.0,1.0,1.0,1.0,1.0,True,False,True,3.0,11,9,40,True,True,True,True,A1_GRID_RECOMMENDED,"A1 Section 3.3 recommends control radius about 3B, inner free-surface panels greater than 10, outer/free-surface proxy panels greater than 8, and roughly 60 stations at Fn=0.2 or 40 at Fn=0.3."
42,st41_bp8_fs24_cp10_r3p0_h2_fsm_clipfs_onezonefs_noend_pr1p0_pl1p0_pf1p0_pm1p0_dt1p0_fv1p0_hr1p0_hqtrapezoid_hp1p0_hc1p0_cim1p0_cp1p0_cn1p0_cd1p0_pg1p0,A55,OK,diagnostic_matched_wigley_sensitivity_not_hard_gate,wigley_iii,Fn0.4,0.4,2.1696064159197173,1.0,1.808005346599764,0.063,719.5500000000001,37,38,1,2.85,0.1499999999999999,0.07499999999999996,-0.8636874999999999,0.8636874999999999,0.07262499999999994,0.07262500000000005,pitch,pitch_moment,-1.35,581.6560962969636,-662.6159963879436,43.62420722227225,-49.69619972909574,0.018546721443760617,-0.001117693659300029,0.019664415103060644,0.2308182661663947,0.19813126306211906,0.03268700310427566,0.0,0.2308182661663947,1.0988497900248329,0.7742423881019547,0.009310784234923822,0.004862935837397583,0.067689764495413,0.027141674544760467,15.484881891761288,34448.72442406341,24094.476721838615,2036.3944528617992,1434.830236683816,34436.001579677446,24086.640221234065,0.51485575662037,0.2118762625220205,0.0003051762932463745,0.00012384626245968473,advance_eq19_20,0.00335796082255211,0.009905459859742949,0.01148481309125001,0.02518204778911971,3.420174831736526,2.542239143430661,94.99248929002074,9.474787502057408e-16,a1_station_hull_matched_sweep_free_surface_marching_not_benchmark_validated,41,8,24,10,3.0,2,16,15.0,False,none,0.0,1.0,1.0,1.0,trapezoid,1.0,1.0,-1.0,1.0,1.0,1.0,1.0,True,False,True,3.0,11,9,40,True,True,True,True,A1_GRID_RECOMMENDED,"A1 Section 3.3 recommends control radius about 3B, inner free-surface panels greater than 10, outer/free-surface proxy panels greater than 8, and roughly 60 stations at Fn=0.2 or 40 at Fn=0.3."
42,st41_bp8_fs24_cp10_r3p0_h2_fsm_clipfs_onezonefs_noend_pr1p0_pl1p0_pf1p0_pm1p0_dt1p0_fv1p0_hr1p0_hqtrapezoid_hp1p0_hc1p0_cim1p0_cp1p0_cn1p0_cd1p0_pg1p0,A55,OK,diagnostic_matched_wigley_sensitivity_not_hard_gate,wigley_iii,Fn0.4,0.4,2.1696064159197173,1.0,1.808005346599764,0.063,719.5500000000001,38,39,0,2.925,0.07500000000000018,0.03749999999999987,-0.8631093749999998,0.8631093749999998,0.07378124999999991,0.07378125000000002,pitch,pitch_moment,-1.4249999999999998,-1325.2317108058007,1519.2608784220474,-49.696189155217354,56.972282940826574,-0.021128209216090484,0.0002701186140182388,-0.02139832783010872,0.21896341767218455,0.19784253484648728,0.02112088282569723,0.0,0.21896341767218455,1.2599848488532002,0.7346438802207268,0.0014313381846436683,0.0007675015609595167,0.007933194361182757,0.0035894596106624908,53.91126086596171,119896.60917456035,64530.39368132211,2335.0108269453135,1361.4460648680174,119890.37290173989,64523.72247345959,0.7008192414755099,0.4942801975917471,0.0,0.0,initialize_eq21_22,0.0,0.0,0.00410636274302056,0.012113128612864536,,,113.95001957184003,8.5024427923684295e-16,a1_station_hull_matched_sweep_free_surface_marching_not_benchmark_validated,41,8,24,10,3.0,2,16,15.0,False,none,0.0,1.0,1.0,1.0,trapezoid,1.0,1.0,-1.0,1.0,1.0,1.0,1.0,True,False,True,3.0,11,9,40,True,True,True,True,A1_GRID_RECOMMENDED,"A1 Section 3.3 recommends control radius about 3B, inner free-surface panels greater than 10, outer/free-surface proxy panels greater than 8, and roughly 60 stations at Fn=0.2 or 40 at Fn=0.3."
42,st41_bp8_fs24_cp10_r3p0_h2_fsm_clipfs_onezonefs_noend_pr1p0_pl1p0_pf1p0_pm1p0_dt1p0_fv1p0_hr1p0_hqtrapezoid_hp1p0_hc1p0_ci1p0_cp1p0_cnm1p0_cd1p0_pg1p0,A55,OK,diagnostic_matched_wigley_sensitivity_not_hard_gate,wigley_iii,Fn0.4,0.4,2.1696064159197173,1.0,1.808005346599764,0.063,719.5500000000001,0,1,38,0.075,2.925,0.0375,-0.8631093749999998,0.8631093749999998,0.07378124999999991,0.07378125000000002,pitch,pitch_moment,1.425,-1435211727674122.5,1666430399348795.8,-53820439787779.59,62491139975579.836,-22881623948.80184,-680654826.2830256,-22200969122.518814,0.0,0.0,0.0,0.0,0.0,3164159638741.6636,1836413308014.2876,3320510140691.614,2131186371783.665,19404884969192.918,13706715200180.855,68489219502784.32,1.5242235188199024e+17,8.587262673279621e+16,5863837982948608.0,3403251206443211.0,1.5230951630593904e+17,8.58051624508427e+16,28835549495900.004,13304224765454.09,382350611083.4018,201437253595.84674,advance_eq19_20,398995143577.4303,698154903606.1372,973450047522.3298,1694618963959.036,2.4397541253116004,2.4272821908231585,690.6987294891596,4.649877232875698e-15,a1_station_hull_matched_sweep_free_surface_marching_not_benchmark_validated,41,8,24,10,3.0,2,16,15.0,False,none,0.0,1.0,1.0,1.0,trapezoid,1.0,1.0,1.0,1.0,-1.0,1.0,1.0,True,False,True,3.0,11,9,40,True,True,True,True,A1_GRID_RECOMMENDED,"A1 Section 3.3 recommends control radius about 3B, inner free-surface panels greater than 10, outer/free-surface proxy panels greater than 8, and roughly 60 stations at Fn=0.2 or 40 at Fn=0.3."
42,st41_bp8_fs24_cp10_r3p0_h2_fsm_clipfs_onezonefs_noend_pr1p0_pl1p0_pf1p0_pm1p0_dt1p0_fv1p0_hr1p0_hqtrapezoid_hp1p0_hc1p0_ci1p0_cp1p0_cnm1p0_cd1p0_pg1p0,A55,OK,diagnostic_matched_wigley_sensitivity_not_hard_gate,wigley_iii,Fn0.4,0.4,2.1696064159197173,1.0,1.808005346599764,0.063,719.5500000000001,1,2,37,0.15,2.85,0.07499999999999998,-0.8636874999999999,0.8636874999999999,0.07262499999999991,0.07262500000000005,pitch,pitch_moment,1.35,-399523142630439.0,559963238041690.9,-29964235697282.918,41997242853126.805,-12739219074.42626,1122551875.3850555,-13861770949.81132,-29251233486.01497,-119378888.59049769,-29131854597.424477,0.0,-29251233486.01497,1027525928091.5768,724321691426.9968,1451492041253.7551,879030859911.334,7870443171775.87,5563236275117.714,20186788633186.875,4.493268862386484e+16,2.58002317856892e+16,1904216681053441.8,1342316928027149.5,4.4892320788761896e+16,2.5800093694260964e+16,12175068170310.744,5469405970507.819,150423200177.13776,80920736785.0048,advance_eq19_20,163607018478.78082,283047799892.7936,401980163371.1147,703410789606.0692,2.45698605786432,2.4851307442505868,467.1647912208976,5.061587001606794e-15,a1_station_hull_matched_sweep_free_surface_marching_not_benchmark_validated,41,8,24,10,3.0,2,16,15.0,False,none,0.0,1.0,1.0,1.0,trapezoid,1.0,1.0,1.0,1.0,-1.0,1.0,1.0,True,False,True,3.0,11,9,40,True,True,True,True,A1_GRID_RECOMMENDED,"A1 Section 3.3 recommends control radius about 3B, inner free-surface panels greater than 10, outer/free-surface proxy panels greater than 8, and roughly 60 stations at Fn=0.2 or 40 at Fn=0.3."
42,st41_bp8_fs24_cp10_r3p0_h2_fsm_clipfs_onezonefs_noend_pr1p0_pl1p0_pf1p0_pm1p0_dt1p0_fv1p0_hr1p0_hqtrapezoid_hp1p0_hc1p0_ci1p0_cp1p0_cnm1p0_cd1p0_pg1p0,A55,OK,diagnostic_matched_wigley_sensitivity_not_hard_gate,wigley_iii,Fn0.4,0.4,2.1696064159197173,1.0,1.808005346599764,0.063,719.5500000000001,2,3,36,0.22499999999999998,2.775,0.075,-0.8642343749999999,0.8642343749999999,0.07153124999999994,0.07153125000000006,pitch,pitch_moment,1.275,323661090686155.7,-432580715996304.1,24274581801461.676,-32443553699722.81,10320277100.77525,-580330435.0651609,10900607535.84041,-30460704472.840477,151731831.56944975,-30612436304.409935,0.0,-30460704472.840477,302868965841.181,174127463896.68863,541695001754.50287,355823399822.4925,3283764056424.951,2316545981530.8047,7232515705229.576,1.6093795687090924e+16,1.132412422743482e+16,561278427298996.5,322693970357947.2,1.6084005289238862e+16,1.131952552537235e+16,4831915008370.087,2215408298371.0522,62486515506.75786,33514499647.5557,advance_eq19_20,68141144927.66673,118061301827.92778,164779183348.6431,285079610847.1289,2.4182039137082256,2.414674465157324,461.5326042201192,4.654042328165226e-15,a1_station_hull_matched_sweep_free_surface_marching_not_benchmark_validated,41,8,24,10,3.0,2,16,15.0,False,none,0.0,1.0,1.0,1.0,trapezoid,1.0,1.0,1.0,1.0,-1.0,1.0,1.0,True,False,True,3.0,11,9,40,True,True,True,True,A1_GRID_RECOMMENDED,"A1 Section 3.3 recommends control radius about 3B, inner free-surface panels greater than 10, outer/free-surface proxy panels greater than 8, and roughly 60 stations at Fn=0.2 or 40 at Fn=0.3."
42,st41_bp8_fs24_cp10_r3p0_h2_fsm_clipfs_onezonefs_noend_pr1p0_pl1p0_pf1p0_pm1p0_dt1p0_fv1p0_hr1p0_hqtrapezoid_hp1p0_hc1p0_ci1p0_cp1p0_cnm1p0_cd1p0_pg1p0,A55,OK,diagnostic_matched_wigley_sensitivity_not_hard_gate,wigley_iii,Fn0.4,0.4,2.1696064159197173,1.0,1.808005346599764,0.063,719.5500000000001,3,4,35,0.3,2.7,0.07500000000000001,-0.8647499999999999,0.8647499999999999,0.0704999999999999,0.07050000000000001,pitch,pitch_moment,1.2,-137500161528405.97,156602930165436.94,-10312512114630.45,11745219762407.771,-4384338461.463402,-178072377.65490577,-4206266083.8084965,-27492735153.18455,-227469574.7905836,-27265265578.393974,0.0,-27492735153.18455,76520212381.15813,39188186856.655525,225118500460.6957,147190484003.57486,1352887837050.05,954870091927.4803,1850941119727.9133,4118651058547140.5,2397532110042664.5,141807676935785.44,72623762644393.38,4116209072072589.0,2396431932651681.5,2019623022946.0098,915470114977.2902,25787053602.593124,13827705634.761372,advance_eq19_20,28311437322.297,49059151806.340096,68609001537.41403,118873143701.17065,2.423366950832278,2.4230574586861944,463.56398367166815,6.707128317131144e-15,a1_station_hull_matched_sweep_free_surface_marching_not_benchmark_validated,41,8,24,10,3.0,2,16,15.0,False,none,0.0,1.0,1.0,1.0,trapezoid,1.0,1.0,1.0,1.0,-1.0,1.0,1.0,True,False,True,3.0,11,9,40,True,True,True,True,A1_GRID_RECOMMENDED,"A1 Section 3.3 recommends control radius about 3B, inner free-surface panels greater than 10, outer/free-surface proxy panels greater than 8, and roughly 60 stations at Fn=0.2 or 40 at Fn=0.3."
42,st41_bp8_fs24_cp10_r3p0_h2_fsm_clipfs_onezonefs_noend_pr1p0_pl1p0_pf1p0_pm1p0_dt1p0_fv1p0_hr1p0_hqtrapezoid_hp1p0_hc1p0_ci1p0_cp1p0_cnm1p0_cd1p0_pg1p0,A55,OK,diagnostic_matched_wigley_sensitivity_not_hard_gate,wigley_iii,Fn0.4,0.4,2.1696064159197173,1.0,1.808005346599764,0.063,719.5500000000001,4,5,34,0.375,2.625,0.07499999999999998,-0.8652343749999999,0.8652343749999999,0.06953124999999993,0.06953125000000009,pitch,pitch_moment,1.125,-38437109139258.055,42634107110325.04,-2882783185444.3535,3197558033274.3774,-1225607985.281536,-67642552.54163122,-1157965432.7399046,-30297708376.55702,-350327039.8888522,-29947381336.66818,0.0,-30297708376.55702,25782429593.13381,12486461443.650126,92916798102.38918,60726184786.42717,557975218285.9564,393843365169.34814,447554198525.44104,996438082576025.1,515934610939700.06,47780139816535.85,23139978776487.016,995291872107419.0,515415428713303.5,839222011919.8153,377349366156.8834,10631455194.721937,5702401922.297999,advance_eq19_20,11756827788.33452,20370587534.450687,28496837882.826786,49380876174.90213,2.423854324982306,2.424126260049658,465.55753958209425,7.798216023967835e-15,a1_station_hull_matched_sweep_free_surface_marching_not_benchmark_validated,41,8,24,10,3.0,2,16,15.0,False,none,0.0,1.0,1.0,1.0,trapezoid,1.0,1.0,1.0,1.0,-1.0,1.0,1.0,True,False,True,3.0,11,9,40,True,True,True,True,A1_GRID_RECOMMENDED,"A1 Section 3.3 recommends control radius about 3B, inner free-surface panels greater than 10, outer/free-surface proxy panels greater than 8, and roughly 60 stations at Fn=0.2 or 40 at Fn=0.3."
42,st41_bp8_fs24_cp10_r3p0_h2_fsm_clipfs_onezonefs_noend_pr1p0_pl1p0_pf1p0_pm1p0_dt1p0_fv1p0_hr1p0_hqtrapezoid_hp1p0_hc1p0_ci1p0_cp1p0_cnm1p0_cd1p0_pg1p0,A55,OK,diagnostic_matched_wigley_sensitivity_not_hard_gate,wigley_iii,Fn0.4,0.4,2.1696064159197173,1.0,1.808005346599764,0.063,719.5500000000001,5,6,33,0.44999999999999996,2.55,0.07500000000000001,-0.8656874999999999,0.8656874999999999,0.06862499999999994,0.06862500000000005,pitch,pitch_moment,1.05,-13787761764552.428,15138781645691.744,-1034082132341.4323,1135408623426.8809,-439637405.0028543,-26678371.07295411,-412959033.92990017,-31130331071.699215,-397487501.6961449,-30732843570.003082,0.0,-31130331071.699215,9428464654.906979,4423057314.755728,38306002113.132,25047031266.484074,230210803519.54944,162491585540.19342,148041751735.76144,329685487828738.5,160929940536898.16,17472882368956.182,8196834055230.44,329222142749649.44,160721055480348.03,348330516502.973,155506944947.31525,4382841087.674893,2351791028.843889,advance_eq19_20,4881317955.035691,8456195317.222423,11829886067.662298,20497342651.22961,2.4235024590967873,2.4239438520871706,467.4627559098952,5.8364194643500405e-15,a1_station_hull_matched_sweep_free_surface_marching_not_benchmark_validated,41,8,24,10,3.0,2,16,15.0,False,none,0.0,1.0,1.0,1.0,trapezoid,1.0,1.0,1.0,1.0,-1.0,1.0,1.0,True,False,True,3.0,11,9,40,True,True,True,True,A1_GRID_RECOMMENDED,"A1 Section 3.3 recommends control radius about 3B, inner free-surface panels greater than 10, outer/free-surface proxy panels greater than 8, and roughly 60 stations at Fn=0.2 or 40 at Fn=0.3."
42,st41_bp8_fs24_cp10_r3p0_h2_fsm_clipfs_onezonefs_noend_pr1p0_pl1p0_pf1p0_pm1p0_dt1p0_fv1p0_hr1p0_hqtrapezoid_hp1p0_hc1p0_ci1p0_cp1p0_cnm1p0_cd1p0_pg1p0,A55,OK,diagnostic_matched_wigley_sensitivity_not_hard_gate,wigley_iii,Fn0.4,0.4,2.1696064159197173,1.0,1.808005346599764,0.063,719.5500000000001,6,7,32,0.525,2.475,0.07500000000000001,-0.866109375,0.866109375,0.0677812499999999,0.06778125000000006,pitch,pitch_moment,0.975,-5222069753657.939,5703358063263.608,-391655231524.3455,427751854744.7707,-166511231.80446082,-10579544.15372729,-155931687.65073353,-31433405390.10287,-416116459.3094856,-31017288930.793396,0.0,-31433405390.10287,3581397977.062551,1645714344.1038227,15790370375.007906,10332271139.673145,95010767104.81184,67060342747.274254,53592365741.83995,119365861362864.16,56323062550806.625,6637066358101.439,3049846841443.5264,119181199071757.31,56240428607411.984,144524389643.19272,64096833721.41279,1807205874.9128296,970162067.1941767,advance_eq19_20,2026468184.517937,3509888503.4049783,4909938746.789597,8505839939.446262,2.422904432599118,2.423393202147208,469.26868604625724,4.693687339448886e-15,a1_station_hull_matched_sweep_free_surface_marching_not_benchmark_validated,41,8,24,10,3.0,2,16,15.0,False,none,0.0,1.0,1.0,1.0,trapezoid,1.0,1.0,1.0,1.0,-1.0,1.0,1.0,True,False,True,3.0,11,9,40,True,True,True,True,A1_GRID_RECOMMENDED,"A1 Section 3.3 recommends control radius about 3B, inner free-surface panels greater than 10, outer/free-surface proxy panels greater than 8, and roughly 60 stations at Fn=0.2 or 40 at Fn=0.3."
42,st41_bp8_fs24_cp10_r3p0_h2_fsm_clipfs_onezonefs_noend_pr1p0_pl1p0_pf1p0_pm1p0_dt1p0_fv1p0_hr1p0_hqtrapezoid_hp1p0_hc1p0_ci1p0_cp1p0_cnm1p0_cd1p0_pg1p0,A55,OK,diagnostic_matched_wigley_sensitivity_not_hard_gate,wigley_iii,Fn0.4,0.4,2.1696064159197173,1.0,1.808005346599764,0.063,719.5500000000001,7,8,31,0.6,2.4,0.07499999999999996,-0.8664999999999999,0.8664999999999998,0.06699999999999995,0.06700000000000006,pitch,pitch_moment,0.9,-2006649135757.0815,2184427246227.6367,-150498685181.78104,163832043467.07266,-63984135.631320916,-4177279.6947932714,-59806855.93652765,-31548653073.82076,-423494871.2337458,-31125158202.587025,0.0,-31548653073.82076,1390518646.7601721,629601245.9110824,6510400079.884643,4263296353.112298,39223911020.96501,27683986713.170246,20226270133.857983,45053877049556.305,20796555527261.254,2576916776586.2866,1166780479303.9377,44980121588857.22,20763798913051.605,59953699538.29184,26427491720.123222,745400411.2569427,400329961.27763563,advance_eq19_20,841209569.678187,1456709962.9761584,2037607642.230262,3529205467.2364845,2.4222354519929783,2.4227235049769797,470.9710640470017,5.054470915580452e-15,a1_station_hull_matched_sweep_free_surface_marching_not_benchmark_validated,41,8,24,10,3.0,2,16,15.0,False,none,0.0,1.0,1.0,1.0,trapezoid,1.0,1.0,1.0,1.0,-1.0,1.0,1.0,True,False,True,3.0,11,9,40,True,True,True,True,A1_GRID_RECOMMENDED,"A1 Section 3.3 recommends control radius about 3B, inner free-surface panels greater than 10, outer/free-surface proxy panels greater than 8, and roughly 60 stations at Fn=0.2 or 40 at Fn=0.3."
42,st41_bp8_fs24_cp10_r3p0_h2_fsm_clipfs_onezonefs_noend_pr1p0_pl1p0_pf1p0_pm1p0_dt1p0_fv1p0_hr1p0_hqtrapezoid_hp1p0_hc1p0_ci1p0_cp1p0_cnm1p0_cd1p0_pg1p0,A55,OK,diagnostic_matched_wigley_sensitivity_not_hard_gate,wigley_iii,Fn0.4,0.4,2.1696064159197173,1.0,1.808005346599764,0.063,719.5500000000001,8,9,30,0.6749999999999999,2.325,0.07500000000000001,-0.866859375,0.866859375,0.06628124999999993,0.06628125000000007,pitch,pitch_moment,0.8250000000000001,-771645854669.4786,838143822315.3138,-57873439100.21091,62860786673.648544,-24604746.3628417,-1635506.5613613056,-22969239.8014804,-31592947514.81785,-426401264.36182314,-31166546250.456028,0.0,-31592947514.81785,547650886.486166,245181649.93078035,2685096475.718381,1759628515.0200706,16197724867.409863,11431831196.437225,7817937403.2418785,17415491035614.627,7914206123463.451,1014909624108.0159,454371977312.07764,17385893328065.621,7901152114338.59,24868107878.174355,10899952706.982975,307549683.72337705,165244018.80785304,advance_eq19_20,349159845.3771453,604522278.1641328,845513041.5281119,1464170582.648091,2.4215643715125097,2.422029155144811,472.56584172229344,3.783302179924539e-15,a1_station_hull_matched_sweep_free_surface_marching_not_benchmark_validated,41,8,24,10,3.0,2,16,15.0,False,none,0.0,1.0,1.0,1.0,trapezoid,1.0,1.0,1.0,1.0,-1.0,1.0,1.0,True,False,True,3.0,11,9,40,True,True,True,True,A1_GRID_RECOMMENDED,"A1 Section 3.3 recommends control radius about 3B, inner free-surface panels greater than 10, outer/free-surface proxy panels greater than 8, and roughly 60 stations at Fn=0.2 or 40 at Fn=0.3."
42,st41_bp8_fs24_cp10_r3p0_h2_fsm_clipfs_onezonefs_noend_pr1p0_pl1p0_pf1p0_pm1p0_dt1p0_fv1p0_hr1p0_hqtrapezoid_hp1p0_hc1p0_ci1p0_cp1p0_cnm1p0_cd1p0_pg1p0,A55,OK,diagnostic_matched_wigley_sensitivity_not_hard_gate,wigley_iii,Fn0.4,0.4,2.1696064159197173,1.0,1.808005346599764,0.063,719.5500000000001,9,10,29,0.75,2.25,0.07500000000000001,-0.8671874999999999,0.8671874999999999,0.06562499999999982,0.0656250000000001,pitch,pitch_moment,0.75,-295033448301.9509,319941955754.4923,-22127508622.646324,23995646681.586926,-9407454.365362251,-633397.1227708836,-8774057.242591368,-31609953615.181946,-427535716.2038892,-31182417898.978065,0.0,-31609953615.181946,217874977.1381546,96663034.35818799,1107805367.0035284,726480883.2915149,6690746055.376324,4721942224.377235,3068872055.0583034,6836634128385.035,3070047670321.435,403767101644.987,179136465011.6146,6824700612798.503,3064816935231.861,10313952295.84696,4497234874.203603,126936371.99389075,68228332.87100822,advance_eq19_20,144906736.0691545,250842807.88249943,350808108.8032999,607378973.3213466,2.4209234043880623,2.4213529518687933,474.0481182363453,4.644243458319604e-15,a1_station_hull_matched_sweep_free_surface_marching_not_benchmark_validated,41,8,24,10,3.0,2,16,15.0,False,none,0.0,1.0,1.0,1.0,trapezoid,1.0,1.0,1.0,1.0,-1.0,1.0,1.0,True,False,True,3.0,11,9,40,True,True,True,True,A1_GRID_RECOMMENDED,"A1 Section 3.3 recommends control radius about 3B, inner free-surface panels greater than 10, outer/free-surface proxy panels greater than 8, and roughly 60 stations at Fn=0.2 or 40 at Fn=0.3."
42,st41_bp8_fs24_cp10_r3p0_h2_fsm_clipfs_onezonefs_noend_pr1p0_pl1p0_pf1p0_pm1p0_dt1p0_fv1p0_hr1p0_hqtrapezoid_hp1p0_hc1p0_ci1p0_cp1p0_cnm1p0_cd1p0_pg1p0,A55,OK,diagnostic_matched_wigley_sensitivity_not_hard_gate,wigley_iii,Fn0.4,0.4,2.1696064159197173,1.0,1.808005346599764,0.063,719.5500000000001,10,11,28,0.825,2.175,0.07499999999999996,-0.8674843749999999,0.8674843749999999,0.06503124999999987,0.0650312500000001,pitch,pitch_moment,0.675,-111697287870.81548,120978763763.17485,-8377296590.311155,9073407282.238108,-3561586.472405671,-242122.73263191298,-3319463.7397737573,-31616438135.600834,-427973476.13159066,-31188464659.469246,0.0,-31616438135.600834,87332466.62963957,38457613.66835199,457213508.2503157,300020455.66100013,2764415902.809561,1950898503.4269836,1217779566.5814228,2712986699712.088,1206754451782.5278,161845005763.08716,71269860408.09477,2708154919851.762,1204648048774.1152,4277174390.3690104,1856159776.870034,52407989.381192006,28179188.135227554,advance_eq19_20,60128848.59288684,104070638.04723027,145531633.41035342,251925560.9276624,2.420329622403074,2.420716982760606,475.4122985160682,4.805983303208966e-15,a1_station_hull_matched_sweep_free_surface_marching_not_benchmark_validated,41,8,24,10,3.0,2,16,15.0,False,none,0.0,1.0,1.0,1.0,trapezoid,1.0,1.0,1.0,1.0,-1.0,1.0,1.0,True,False,True,3.0,11,9,40,True,True,True,True,A1_GRID_RECOMMENDED,"A1 Section 3.3 recommends control radius about 3B, inner free-surface panels greater than 10, outer/free-surface proxy panels greater than 8, and roughly 60 stations at Fn=0.2 or 40 at Fn=0.3."
42,st41_bp8_fs24_cp10_r3p0_h2_fsm_clipfs_onezonefs_noend_pr1p0_pl1p0_pf1p0_pm1p0_dt1p0_fv1p0_hr1p0_hqtrapezoid_hp1p0_hc1p0_ci1p0_cp1p0_cnm1p0_cd1p0_pg1p0,A55,OK,diagnostic_matched_wigley_sensitivity_not_hard_gate,wigley_iii,Fn0.4,0.4,2.1696064159197173,1.0,1.808005346599764,0.063,719.5500000000001,11,12,27,0.8999999999999999,2.1,0.07500000000000001,-0.8677499999999999,0.8677499999999999,0.06449999999999989,0.0645,pitch,pitch_moment,0.6000000000000001,-41724288809.314514,45147504358.87127,-3129321660.698589,3386062826.9153457,-1330423.1949290666,-91129.89442040573,-1239293.3005086612,-31618884140.434498,-428140102.44511676,-31190744037.989388,0.0,-31618884140.434498,35211481.56008617,15408684.691980768,188764674.652465,123934856.49315238,1142431902.8151593,806209545.2488093,487130547.4733122,1085267143955.3124,478959087068.0631,65254110595.393166,28555458914.850445,1083303600218.2971,478107096288.32947,1773484460.4531622,766349802.7431686,21644208.832835887,11641471.19370924,advance_eq19_20,24945470.50633142,43169523.180688895,60362874.027885444,104476025.82339805,2.4197929645209424,2.420133884409766,476.65246731613325,4.7022634377343364e-15,a1_station_hull_matched_sweep_free_surface_marching_not_benchmark_validated,41,8,24,10,3.0,2,16,15.0,False,none,0.0,1.0,1.0,1.0,trapezoid,1.0,1.0,1.0,1.0,-1.0,1.0,1.0,True,False,True,3.0,11,9,40,True,True,True,True,A1_GRID_RECOMMENDED,"A1 Section 3.3 recommends control radius about 3B, inner free-surface panels greater than 10, outer/free-surface proxy panels greater than 8, and roughly 60 stations at Fn=0.2 or 40 at Fn=0.3."
42,st41_bp8_fs24_cp10_r3p0_h2_fsm_clipfs_onezonefs_noend_pr1p0_pl1p0_pf1p0_pm1p0_dt1p0_fv1p0_hr1p0_hqtrapezoid_hp1p0_hc1p0_ci1p0_cp1p0_cnm1p0_cd1p0_pg1p0,A55,OK,diagnostic_matched_wigley_sensitivity_not_hard_gate,wigley_iii,Fn0.4,0.4,2.1696064159197173,1.0,1.808005346599764,0.063,719.5500000000001,12,13,26,0.975,2.025,0.07500000000000007,-0.8679843749999999,0.8679843749999999,0.06403124999999998,0.0640312500000001,pitch,pitch_moment,0.525,-15317745893.987665,16561352548.283163,-1148830942.0490758,1242101441.1212382,-488422.5714313735,-33660.44554882119,-454762.12588255235,-31619793563.31768,-428202497.6151014,-31191591065.702583,0.0,-31619793563.31768,14263864.009301893,6208957.12568798,77957717.01028071,51208552.28524688,472219916.1386198,333234210.82911754,196073491.20079824,436837870477.60187,191520693008.8593,26433870951.789516,11506473372.053885,436037362113.5558,191174731283.02527,735229837.8848405,316498494.2838621,8941470.07407429,4810524.101859342,advance_eq19_20,10346627.754186451,17903298.704201832,25031799.032885816,43319027.29801378,2.4193195722884155,2.419611492481381,477.76272938128045,4.686694159390613e-15,a1_station_hull_matched_sweep_free_surface_marching_not_benchmark_validated,41,8,24,10,3.0,2,16,15.0,False,none,0.0,1.0,1.0,1.0,trapezoid,1.0,1.0,1.0,1.0,-1.0,1.0,1.0,True,False,True,3.0,11,9,40,True,True,True,True,A1_GRID_RECOMMENDED,"A1 Section 3.3 recommends control radius about 3B, inner free-surface panels greater than 10, outer/free-surface proxy panels greater than 8, and roughly 60 stations at Fn=0.2 or 40 at Fn=0.3."
42,st41_bp8_fs24_cp10_r3p0_h2_fsm_clipfs_onezonefs_noend_pr1p0_pl1p0_pf1p0_pm1p0_dt1p0_fv1p0_hr1p0_hqtrapezoid_hp1p0_hc1p0_ci1p0_cp1p0_cnm1p0_cd1p0_pg1p0,A55,OK,diagnostic_matched_wigley_sensitivity_not_hard_gate,wigley_iii,Fn0.4,0.4,2.1696064159197173,1.0,1.808005346599764,0.063,719.5500000000001,13,14,25,1.05,1.95,0.07500000000000001,-0.8681874999999999,0.8681874999999999,0.06362499999999982,0.0636250000000001,pitch,pitch_moment,0.44999999999999996,-5497878070.034769,5940294741.120255,-412340855.25260776,445522105.58401924,-175305.67245122753,-12143.065462645864,-163162.60698858168,-31620125427.439617,-428225399.3706071,-31191900028.069023,0.0,-31620125427.439617,5800738.020628812,2513815.955156379,32204973.27479189,21163484.539161313,195224145.25719276,137761530.15565786,79314029.77123694,176709512734.87137,77041967117.89586,10749959489.40946,4658617504.472789,176382233560.72617,76900990429.1126,304740108.3234942,130749134.6267609,3694775.3503459026,1988247.6196666851,advance_eq19_20,4290302.144812185,7423000.995560359,10377868.64093801,17957388.913831104,2.418913235163841,2.419154857256692,478.7374711729425,4.534311710696082e-15,a1_station_hull_matched_sweep_free_surface_marching_not_benchmark_validated,41,8,24,10,3.0,2,16,15.0,False,none,0.0,1.0,1.0,1.0,trapezoid,1.0,1.0,1.0,1.0,-1.0,1.0,1.0,True,False,True,3.0,11,9,40,True,True,True,True,A1_GRID_RECOMMENDED,"A1 Section 3.3 recommends control radius about 3B, inner free-surface panels greater than 10, outer/free-surface proxy panels greater than 8, and roughly 60 stations at Fn=0.2 or 40 at Fn=0.3."
42,st41_bp8_fs24_cp10_r3p0_h2_fsm_clipfs_onezonefs_noend_pr1p0_pl1p0_pf1p0_pm1p0_dt1p0_fv1p0_hr1p0_hqtrapezoid_hp1p0_hc1p0_ci1p0_cp1p0_cnm1p0_cd1p0_pg1p0,A55,OK,diagnostic_matched_wigley_sensitivity_not_hard_gate,wigley_iii,Fn0.4,0.4,2.1696064159197173,1.0,1.808005346599764,0.063,719.5500000000001,14,15,24,1.125,1.875,0.07499999999999996,-0.8683593749999999,0.8683593749999999,0.06328124999999996,0.06328125000000007,pitch,pitch_moment,0.375,-1914358015.4166634,2067229243.0864825,-143576851.15624967,155042193.2314861,-61041.335389763015,-4246.611541329383,-56794.723848433634,-31620243600.94354,-428233594.2091091,-31192010006.734436,0.0,-31620243600.94354,2366838.381734117,1021931.7763647445,13307602.488925278,8748141.125303376,80720822.10224767,56960096.97128703,32214930.00107914,71775205049.26561,31145091595.96881,4386237859.930636,1893849568.415844,71641061789.21452,31087460365.01241,126279159.08497728,54027808.87199065,1527098.5845278697,821920.331895217,advance_eq19_20,1778453.9476652667,3076808.708573005,4301326.059254506,7442083.426249588,2.4185760136781926,2.4187670184088748,479.5715522185469,5.599842656382315e-15,a1_station_hull_matched_sweep_free_surface_marching_not_benchmark_validated,41,8,24,10,3.0,2,16,15.0,False,none,0.0,1.0,1.0,1.0,trapezoid,1.0,1.0,1.0,1.0,-1.0,1.0,1.0,True,False,True,3.0,11,9,40,True,True,True,True,A1_GRID_RECOMMENDED,"A1 Section 3.3 recommends control radius about 3B, inner free-surface panels greater than 10, outer/free-surface proxy panels greater than 8, and roughly 60 stations at Fn=0.2 or 40 at Fn=0.3."
42,st41_bp8_fs24_cp10_r3p0_h2_fsm_clipfs_onezonefs_noend_pr1p0_pl1p0_pf1p0_pm1p0_dt1p0_fv1p0_hr1p0_hqtrapezoid_hp1p0_hc1p0_ci1p0_cp1p0_cnm1p0_cd1p0_pg1p0,A55,OK,diagnostic_matched_wigley_sensitivity_not_hard_gate,wigley_iii,Fn0.4,0.4,2.1696064159197173,1.0,1.808005346599764,0.063,719.5500000000001,15,16,23,1.2,1.8,0.07499999999999996,-0.8684999999999999,0.8684999999999998,0.06299999999999994,0.06300000000000008,pitch,pitch_moment,0.30000000000000004,-638456552.8218735,689094851.7079312,-47884241.461640485,51682113.87809481,-20357.86423372305,-1421.6826836412429,-18936.181550081805,-31620284300.543354,-428236428.3562216,-31192047872.187138,0.0,-31620284300.543354,968519.8440957604,416945.1078560083,5500177.23321251,3616727.8442988456,33380077.298371665,23554008.61898964,13129978.525697147,29254166208.2903,12644115951.912392,1794866282.8234322,772684958.8483351,29199057791.496655,12620486248.844864,52313514.0257531,22330339.450671524,631296.6927206622,339826.4498029899,advance_eq19_20,736965.6355575105,1274911.955474533,1782210.3633904613,3083309.7213833737,2.4183086393739766,2.4184491392864382,480.2604432484979,6.294252599295423e-15,a1_station_hull_matched_sweep_free_surface_marching_not_benchmark_validated,41,8,24,10,3.0,2,16,15.0,False,none,0.0,1.0,1.0,1.0,trapezoid,1.0,1.0,1.0,1.0,-1.0,1.0,1.0,True,False,True,3.0,11,9,40,True,True,True,True,A1_GRID_RECOMMENDED,"A1 Section 3.3 recommends control radius about 3B, inner free-surface panels greater than 10, outer/free-surface proxy panels greater than 8, and roughly 60 stations at Fn=0.2 or 40 at Fn=0.3."
42,st41_bp8_fs24_cp10_r3p0_h2_fsm_clipfs_onezonefs_noend_pr1p0_pl1p0_pf1p0_pm1p0_dt1p0_fv1p0_hr1p0_hqtrapezoid_hp1p0_hc1p0_ci1p0_cp1p0_cnm1p0_cd1p0_pg1p0,A55,OK,diagnostic_matched_wigley_sensitivity_not_hard_gate,wigley_iii,Fn0.4,0.4,2.1696064159197173,1.0,1.808005346599764,0.063,719.5500000000001,16,17,22,1.275,1.725,0.07499999999999996,-0.8686093749999999,0.8686093749999999,0.0627812499999999,0.06278125000000001,pitch,pitch_moment,0.2250000000000001,-199151948.8331792,214850074.69127065,-14936396.16248843,16113755.601845289,-6350.171077903173,-444.9789591214058,-5905.19211878177,-31620297654.56101,-428237361.68704295,-31192060292.873974,0.0,-31620297654.56101,397346.9608426432,170671.1914478368,2273736.6616049805,1495457.7877179615,13804636.018177608,9740841.46351775,5367456.249749009,11959086756.703352,5152274882.640689,736365565.4001327,316288787.31444687,11936399204.539429,5142559212.8455105,21665113.93472268,9231236.380877987,261020.5113532796,140520.43103020568,advance_eq19_20,305271.6241622829,528084.6018427036,738180.7609507192,1277014.5059822516,2.418111290154833,2.4182006093838457,480.80032593830697,5.755120042517642e-15,a1_station_hull_matched_sweep_free_surface_marching_not_benchmark_validated,41,8,24,10,3.0,2,16,15.0,False,none,0.0,1.0,1.0,1.0,trapezoid,1.0,1.0,1.0,1.0,-1.0,1.0,1.0,True,False,True,3.0,11,9,40,True,True,True,True,A1_GRID_RECOMMENDED,"A1 Section 3.3 recommends control radius about 3B, inner free-surface panels greater than 10, outer/free-surface proxy panels greater than 8, and roughly 60 stations at Fn=0.2 or 40 at Fn=0.3."
42,st41_bp8_fs24_cp10_r3p0_h2_fsm_clipfs_onezonefs_noend_pr1p0_pl1p0_pf1p0_pm1p0_dt1p0_fv1p0_hr1p0_hqtrapezoid_hp1p0_hc1p0_ci1p0_cp1p0_cnm1p0_cd1p0_pg1p0,A55,OK,diagnostic_matched_wigley_sensitivity_not_hard_gate,wigley_iii,Fn0.4,0.4,2.1696064159197173,1.0,1.808005346599764,0.063,719.5500000000001,17,18,21,1.3499999999999999,1.6500000000000001,0.07500000000000007,-0.8686874999999998,0.8686875,0.0626249999999999,0.06262500000000004,pitch,pitch_moment,0.15000000000000013,-55085061.3907569,59402191.872155495,-4131379.604306771,4455164.390411666,-1756.445597030624,-123.46788375839346,-1632.977713272231,-31620301707.86935,-428237645.91046447,-31192064061.958893,0.0,-31620301707.86935,163402.58071168527,70075.90827571921,940106.2479972979,618410.667294309,5709310.560241585,4028569.941533749,2200008.7904100823,4901840530.665988,2106498613.237028,302818558.06429964,129865057.25109334,4892482016.422328,2102493264.9041336,8969294.71183312,3816770.9808726544,107938.88453165372,58111.64543433287,advance_eq19_20,126399.48207995259,218653.3479906251,305632.0929405697,528708.2256837889,2.4179853264528846,2.418020261489239,481.18816478284884,5.086930116138441e-15,a1_station_hull_matched_sweep_free_surface_marching_not_benchmark_validated,41,8,24,10,3.0,2,16,15.0,False,none,0.0,1.0,1.0,1.0,trapezoid,1.0,1.0,1.0,1.0,-1.0,1.0,1.0,True,False,True,3.0,11,9,40,True,True,True,True,A1_GRID_RECOMMENDED,"A1 Section 3.3 recommends control radius about 3B, inner free-surface panels greater than 10, outer/free-surface proxy panels greater than 8, and roughly 60 stations at Fn=0.2 or 40 at Fn=0.3."
42,st41_bp8_fs24_cp10_r3p0_h2_fsm_clipfs_onezonefs_noend_pr1p0_pl1p0_pf1p0_pm1p0_dt1p0_fv1p0_hr1p0_hqtrapezoid_hp1p0_hc1p0_ci1p0_cp1p0_cnm1p0_cd1p0_pg1p0,A55,OK,diagnostic_matched_wigley_sensitivity_not_hard_gate,wigley_iii,Fn0.4,0.4,2.1696064159197173,1.0,1.808005346599764,0.063,719.5500000000001,18,19,20,1.425,1.575,0.07500000000000007,-0.8687343749999998,0.868734375,0.06253124999999993,0.06253125000000004,pitch,pitch_moment,0.07499999999999996,-11399130.0113378,12287596.436318705,-854934.7508503358,921569.7327239037,-363.47334854297816,-25.625692395418614,-337.84765614755946,-31620302767.828823,-428237720.45725256,-31192065047.371574,0.0,-31620302767.828823,67345.83401138194,28856.556808083296,388753.43073738454,255746.6967167775,2361281.445932426,1666143.6321509744,903915.3130370087,2014036077.2258816,863902212.1855984,124805668.66289374,53477129.21831128,2010168974.178503,862246849.6846768,3711868.706786578,1578284.2430587332,44640.711439674305,24033.4159060566,advance_eq19_20,52312.87671211874,90494.8345094631,126489.17370855027,218808.49924688312,2.4179357293736428,2.4179114800635633,481.4217579468673,4.668335812477976e-15,a1_station_hull_matched_sweep_free_surface_marching_not_benchmark_validated,41,8,24,10,3.0,2,16,15.0,False,none,0.0,1.0,1.0,1.0,trapezoid,1.0,1.0,1.0,1.0,-1.0,1.0,1.0,True,False,True,3.0,11,9,40,True,True,True,True,A1_GRID_RECOMMENDED,"A1 Section 3.3 recommends control radius about 3B, inner free-surface panels greater than 10, outer/free-surface proxy panels greater than 8, and roughly 60 stations at Fn=0.2 or 40 at Fn=0.3."
42,st41_bp8_fs24_cp10_r3p0_h2_fsm_clipfs_onezonefs_noend_pr1p0_pl1p0_pf1p0_pm1p0_dt1p0_fv1p0_hr1p0_hqtrapezoid_hp1p0_hc1p0_ci1p0_cp1p0_cnm1p0_cd1p0_pg1p0,A55,OK,diagnostic_matched_wigley_sensitivity_not_hard_gate,wigley_iii,Fn0.4,0.4,2.1696064159197173,1.0,1.808005346599764,0.063,719.5500000000001,19,20,19,1.5,1.5,0.07499999999999996,-0.8687499999999999,0.8687499999999999,0.062499999999999944,0.06250000000000003,pitch,pitch_moment,0.0,-0.0,0.0,-0.0,0.0,-0.0,0.0,-0.0,-31620302949.5655,-428237733.27009875,-31192065216.295403,0.0,-31620302949.5655,27815.296372444504,11916.757914457456,160775.58473606838,105769.14719863766,976564.6729183422,689072.3953959073,372223.1907980077,829367479.5877305,355338932.2357434,51547459.672602594,22084201.074060984,827767268.4822032,354653265.94810194,1535509.420810455,652685.4578266481,18463.81823223975,9939.96714732903,advance_eq19_20,21640.163296945342,37436.02070291132,52325.25583322054,90516.24712531222,2.4179695464962876,2.4178917904667405,481.49977128544,4.9702677833478805e-15,a1_station_hull_matched_sweep_free_surface_marching_not_benchmark_validated,41,8,24,10,3.0,2,16,15.0,False,none,0.0,1.0,1.0,1.0,trapezoid,1.0,1.0,1.0,1.0,-1.0,1.0,1.0,True,False,True,3.0,11,9,40,True,True,True,True,A1_GRID_RECOMMENDED,"A1 Section 3.3 recommends control radius about 3B, inner free-surface panels greater than 10, outer/free-surface proxy panels greater than 8, and roughly 60 stations at Fn=0.2 or 40 at Fn=0.3."
42,st41_bp8_fs24_cp10_r3p0_h2_fsm_clipfs_onezonefs_noend_pr1p0_pl1p0_pf1p0_pm1p0_dt1p0_fv1p0_hr1p0_hqtrapezoid_hp1p0_hc1p0_ci1p0_cp1p0_cnm1p0_cd1p0_pg1p0,A55,OK,diagnostic_matched_wigley_sensitivity_not_hard_gate,wigley_iii,Fn0.4,0.4,2.1696064159197173,1.0,1.808005346599764,0.063,719.5500000000001,20,21,18,1.575,1.425,0.07499999999999996,-0.8687343749999998,0.868734375,0.06253124999999993,0.06253125000000004,pitch,pitch_moment,-0.07499999999999996,1937671.0811705834,-2087046.9862560825,145325.33108779366,-156528.5239692061,61.784697213512004,4.3804504145956145,57.40424679891639,-31620302918.67314,-428237731.0798735,-31192065187.593273,0.0,-31620302918.67314,11512.357672605804,4934.947116477743,66496.91967675538,43743.48866932549,403863.54582993896,284970.15825318184,153600.30261273324,342246204.92883414,146573657.21466637,21334764.329641107,9145471.04107332,341583507.0866911,146289202.36251426,634927.394841704,269926.62508792925,7637.223217472323,4111.1084746693405,advance_eq19_20,8947.246044877762,15478.894506039485,21635.15323225604,37427.36413793071,2.418079610612924,2.4179610580928417,481.4217579468676,4.471786381654508e-15,a1_station_hull_matched_sweep_free_surface_marching_not_benchmark_validated,41,8,24,10,3.0,2,16,15.0,False,none,0.0,1.0,1.0,1.0,trapezoid,1.0,1.0,1.0,1.0,-1.0,1.0,1.0,True,False,True,3.0,11,9,40,True,True,True,True,A1_GRID_RECOMMENDED,"A1 Section 3.3 recommends control radius about 3B, inner free-surface panels greater than 10, outer/free-surface proxy panels greater than 8, and roughly 60 stations at Fn=0.2 or 40 at Fn=0.3."
42,st41_bp8_fs24_cp10_r3p0_h2_fsm_clipfs_onezonefs_noend_pr1p0_pl1p0_pf1p0_pm1p0_dt1p0_fv1p0_hr1p0_hqtrapezoid_hp1p0_hc1p0_ci1p0_cp1p0_cnm1p0_cd1p0_pg1p0,A55,OK,diagnostic_matched_wigley_sensitivity_not_hard_gate,wigley_iii,Fn0.4,0.4,2.1696064159197173,1.0,1.808005346599764,0.063,719.5500000000001,21,22,17,1.65,1.35,0.07499999999999996,-0.8686874999999998,0.8686875,0.0626249999999999,0.06262500000000004,pitch,pitch_moment,-0.1499999999999999,1591312.7685631758,-1713224.2514103735,119348.45764223812,-128491.81885577794,50.740695122659886,3.607763199801286,47.132931922858596,-31620302862.41045,-428237727.08576673,-31192065135.32469,0.0,-31620302862.41045,4775.259839461685,2049.4494265263706,27504.543752222744,18091.009743410083,167009.36451002015,117844.18894882612,63510.553690420136,141512073.5139216,60623620.42289999,8849537.704178603,3798050.9087641365,141237727.38448292,60505557.51871331,262417.07350406557,111637.37212946362,3159.0653172851626,1700.2901523720054,advance_eq19_20,3697.316431507905,6396.815157259185,8941.035714573098,15468.168473897125,2.4182500687198707,2.4181046495213567,481.18816478284884,4.9904550710862216e-15,a1_station_hull_matched_sweep_free_surface_marching_not_benchmark_validated,41,8,24,10,3.0,2,16,15.0,False,none,0.0,1.0,1.0,1.0,trapezoid,1.0,1.0,1.0,1.0,-1.0,1.0,1.0,True,False,True,3.0,11,9,40,True,True,True,True,A1_GRID_RECOMMENDED,"A1 Section 3.3 recommends control radius about 3B, inner free-surface panels greater than 10, outer/free-surface proxy panels greater than 8, and roughly 60 stations at Fn=0.2 or 40 at Fn=0.3."
42,st41_bp8_fs24_cp10_r3p0_h2_fsm_clipfs_onezonefs_noend_pr1p0_pl1p0_pf1p0_pm1p0_dt1p0_fv1p0_hr1p0_hqtrapezoid_hp1p0_hc1p0_ci1p0_cp1p0_cnm1p0_cd1p0_pg1p0,A55,OK,diagnostic_matched_wigley_sensitivity_not_hard_gate,wigley_iii,Fn0.4,0.4,2.1696064159197173,1.0,1.808005346599764,0.063,719.5500000000001,22,23,16,1.7249999999999999,1.2750000000000001,0.07499999999999996,-0.8686093749999999,0.8686093749999999,0.0627812499999999,0.06278125000000001,pitch,pitch_moment,-0.22499999999999987,977339.2956979804,-1051615.153498065,73300.44717734848,-78871.13651235483,31.16349985627453,2.222943520753699,28.940556335520835,-31620302821.45835,-428237724.1704134,-31192065097.287945,0.0,-31620302821.45835,1985.7847007938099,853.8052692557029,11376.670612574446,7481.5708555046795,69056.5664528407,48727.782598061574,26311.48931649468,58625978.57716227,25139432.768375333,3680067.0901370016,1582276.6040635959,58512715.434306696,25090512.383901093,108403.55118094278,46172.2883432457,1306.7003221533246,703.1735100353745,advance_eq19_20,1527.02245706846,2642.1014221459577,3693.046430389029,6389.4426510628655,2.4184624222742923,2.4183184632909573,480.80032593830697,4.120366187261479e-15,a1_station_hull_matched_sweep_free_surface_marching_not_benchmark_validated,41,8,24,10,3.0,2,16,15.0,False,none,0.0,1.0,1.0,1.0,trapezoid,1.0,1.0,1.0,1.0,-1.0,1.0,1.0,True,False,True,3.0,11,9,40,True,True,True,True,A1_GRID_RECOMMENDED,"A1 Section 3.3 recommends control radius about 3B, inner free-surface panels greater than 10, outer/free-surface proxy panels greater than 8, and roughly 60 stations at Fn=0.2 or 40 at Fn=0.3."
42,st41_bp8_fs24_cp10_r3p0_h2_fsm_clipfs_onezonefs_noend_pr1p0_pl1p0_pf1p0_pm1p0_dt1p0_fv1p0_hr1p0_hqtrapezoid_hp1p0_hc1p0_ci1p0_cp1p0_cnm1p0_cd1p0_pg1p0,A55,OK,diagnostic_matched_wigley_sensitivity_not_hard_gate,wigley_iii,Fn0.4,0.4,2.1696064159197173,1.0,1.808005346599764,0.063,719.5500000000001,23,24,15,1.7999999999999998,1.2000000000000002,0.07500000000000007,-0.8684999999999999,0.8684999999999998,0.06299999999999994,0.06300000000000008,pitch,pitch_moment,-0.2999999999999998,531990.9309065487,-571935.942309459,39899.31981799119,-42895.19567320946,16.963094978193528,1.214940130550259,15.748154847643276,-31620302797.39505,-428237722.4514716,-31192065074.943592,0.0,-31620302797.39505,828.544588421375,357.077158398349,4705.6556850329625,3093.7752596200075,28550.412050761417,20146.05468144254,10922.174335609796,24335634.3270555,10452232.011005027,1535463.3719062007,661737.3468211874,24289240.002191,10432089.678421626,44757.51258190463,19096.186597063137,540.4702128765881,290.77830538019845,advance_eq19_20,630.3283252908424,1090.6551594881935,1524.5604382067029,2637.8511760366723,2.41867670710062,2.418593221779214,480.2604432484979,4.7901794820903774e-15,a1_station_hull_matched_sweep_free_surface_marching_not_benchmark_validated,41,8,24,10,3.0,2,16,15.0,False,none,0.0,1.0,1.0,1.0,trapezoid,1.0,1.0,1.0,1.0,-1.0,1.0,1.0,True,False,True,3.0,11,9,40,True,True,True,True,A1_GRID_RECOMMENDED,"A1 Section 3.3 recommends control radius about 3B, inner free-surface panels greater than 10, outer/free-surface proxy panels greater than 8, and roughly 60 stations at Fn=0.2 or 40 at Fn=0.3."
42,st41_bp8_fs24_cp10_r3p0_h2_fsm_clipfs_onezonefs_noend_pr1p0_pl1p0_pf1p0_pm1p0_dt1p0_fv1p0_hr1p0_hqtrapezoid_hp1p0_hc1p0_ci1p0_cp1p0_cnm1p0_cd1p0_pg1p0,A55,OK,diagnostic_matched_wigley_sensitivity_not_hard_gate,wigley_iii,Fn0.4,0.4,2.1696064159197173,1.0,1.808005346599764,0.063,719.5500000000001,24,25,14,1.875,1.125,0.07500000000000007,-0.8683593749999999,0.8683593749999999,0.06328124999999996,0.06328125000000007,pitch,pitch_moment,-0.375,270683.9898133098,-290581.86026060925,20301.299235998253,-21793.63951954571,8.631046060230913,0.6218754700244454,8.00917059020647,-31620302784.597977,-428237721.5330638,-31192065063.064934,0.0,-31620302784.597977,347.4643728944658,150.15405335774406,1946.2811542013233,1279.1923530330093,11801.799514192602,8327.858627235131,4543.539431361041,10122784.407024099,4357588.336515181,643922.8800447814,278266.3145665382,10104134.608796766,4349429.898953265,18469.184890726847,7897.513269388599,223.52581946196943,120.22787147542915,advance_eq19_20,260.0569056031845,449.9586290386173,629.0271012224389,1088.4083886056533,2.418805606270877,2.4189076914274303,479.5715522185469,5.1172220987666826e-15,a1_station_hull_matched_sweep_free_surface_marching_not_benchmark_validated,41,8,24,10,3.0,2,16,15.0,False,none,0.0,1.0,1.0,1.0,trapezoid,1.0,1.0,1.0,1.0,-1.0,1.0,1.0,True,False,True,3.0,11,9,40,True,True,True,True,A1_GRID_RECOMMENDED,"A1 Section 3.3 recommends control radius about 3B, inner free-surface panels greater than 10, outer/free-surface proxy panels greater than 8, and roughly 60 stations at Fn=0.2 or 40 at Fn=0.3."
42,st41_bp8_fs24_cp10_r3p0_h2_fsm_clipfs_onezonefs_noend_pr1p0_pl1p0_pf1p0_pm1p0_dt1p0_fv1p0_hr1p0_hqtrapezoid_hp1p0_hc1p0_ci1p0_cp1p0_cnm1p0_cd1p0_pg1p0,A55,OK,diagnostic_matched_wigley_sensitivity_not_hard_gate,wigley_iii,Fn0.4,0.4,2.1696064159197173,1.0,1.808005346599764,0.063,719.5500000000001,25,26,13,1.95,1.05,0.07499999999999996,-0.8681874999999999,0.8681874999999999,0.0636249999999999,0.06362500000000004,pitch,pitch_moment,-0.44999999999999996,131865.89457947033,-141157.83443701468,9889.94209346027,-10586.837582776096,4.204683884975738,0.30605501714915984,3.8986288678265777,-31620302778.180115,-428237721.06909853,-31192065057.111034,0.0,-31620302778.180115,147.0182641757732,63.70600356869213,804.9277572873198,528.8335815874563,4877.511949522725,3441.8522669874483,1894.6317212587383,4220550.451697393,1822041.8372515591,272455.05286955484,118060.3149392665,4213370.266704176,1818863.0282803632,7616.897404111729,3265.851406969642,92.4316048784047,49.70196912104743,advance_eq19_20,107.25171540125785,185.52791282679104,259.40469106668525,448.83140699439775,2.418653073250919,2.4192122907857376,478.73747117294215,4.3203503221273654e-15,a1_station_hull_matched_sweep_free_surface_marching_not_benchmark_validated,41,8,24,10,3.0,2,16,15.0,False,none,0.0,1.0,1.0,1.0,trapezoid,1.0,1.0,1.0,1.0,-1.0,1.0,1.0,True,False,True,3.0,11,9,40,True,True,True,True,A1_GRID_RECOMMENDED,"A1 Section 3.3 recommends control radius about 3B, inner free-surface panels greater than 10, outer/free-surface proxy panels greater than 8, and roughly 60 stations at Fn=0.2 or 40 at Fn=0.3."
42,st41_bp8_fs24_cp10_r3p0_h2_fsm_clipfs_onezonefs_noend_pr1p0_pl1p0_pf1p0_pm1p0_dt1p0_fv1p0_hr1p0_hqtrapezoid_hp1p0_hc1p0_ci1p0_cp1p0_cnm1p0_cd1p0_pg1p0,A55,OK,diagnostic_matched_wigley_sensitivity_not_hard_gate,wigley_iii,Fn0.4,0.4,2.1696064159197173,1.0,1.808005346599764,0.063,719.5500000000001,26,27,12,2.025,0.9750000000000001,0.07500000000000007,-0.8679843749999999,0.8679843749999999,0.06403124999999998,0.0640312500000001,pitch,pitch_moment,-0.5249999999999999,62342.57081753723,-66344.28150619625,4675.692811315296,-4975.8211129647225,1.9878589812810326,0.14755245193550456,1.8403065293455279,-31620302775.083843,-428237720.8422949,-31192065054.241566,0.0,-31620302775.083843,63.27474187095769,27.472125218368447,332.8564627323895,218.58647395255545,2015.351497809474,1422.1789983750616,792.4235299708657,1764721.1147331602,764407.1440546273,117261.09839759674,50911.493009200065,1762228.354119304,763279.3441817296,3139.4069115100324,1350.349687933951,38.213396491110444,20.54209635248693,advance_eq19_20,44.22976139165115,76.45823092085253,106.93674199453477,184.98205732053023,2.417755344588412,2.419387096622973,477.76272938128045,6.1311657705123176e-15,a1_station_hull_matched_sweep_free_surface_marching_not_benchmark_validated,41,8,24,10,3.0,2,16,15.0,False,none,0.0,1.0,1.0,1.0,trapezoid,1.0,1.0,1.0,1.0,-1.0,1.0,1.0,True,False,True,3.0,11,9,40,True,True,True,True,A1_GRID_RECOMMENDED,"A1 Section 3.3 recommends control radius about 3B, inner free-surface panels greater than 10, outer/free-surface proxy panels greater than 8, and roughly 60 stations at Fn=0.2 or 40 at Fn=0.3."
42,st41_bp8_fs24_cp10_r3p0_h2_fsm_clipfs_onezonefs_noend_pr1p0_pl1p0_pf1p0_pm1p0_dt1p0_fv1p0_hr1p0_hqtrapezoid_hp1p0_hc1p0_ci1p0_cp1p0_cnm1p0_cd1p0_pg1p0,A55,OK,diagnostic_matched_wigley_sensitivity_not_hard_gate,wigley_iii,Fn0.4,0.4,2.1696064159197173,1.0,1.808005346599764,0.063,719.5500000000001,27,28,11,2.1,0.8999999999999999,0.07499999999999996,-0.8677499999999999,0.8677499999999999,0.06449999999999989,0.06450000000000003,pitch,pitch_moment,-0.6000000000000001,28886.944023167856,-30357.04530603483,2166.520801737588,-2276.7783979526107,0.9210908431460322,0.0711405778205327,0.8499502653254993,-31620302773.629364,-428237720.73294836,-31192065052.896442,0.0,-31620302773.629364,28.162444192928334,12.22507512966682,137.62032593557694,90.33057225254146,832.5308523148818,587.507150090344,332.8461938887983,740838.6460176434,322041.99599050876,52190.7959159852,22655.57622694695,740198.8687199849,321736.36146552797,1293.1529757994035,558.234828554938,15.792693202421155,8.487669116769494,advance_eq19_20,18.254104478452657,31.49926955441621,44.08228226590798,76.2007786392685,2.414924397849436,2.4191284343158723,476.6524673161357,4.483753270286133e-15,a1_station_hull_matched_sweep_free_surface_marching_not_benchmark_validated,41,8,24,10,3.0,2,16,15.0,False,none,0.0,1.0,1.0,1.0,trapezoid,1.0,1.0,1.0,1.0,-1.0,1.0,1.0,True,False,True,3.0,11,9,40,True,True,True,True,A1_GRID_RECOMMENDED,"A1 Section 3.3 recommends control radius about 3B, inner free-surface panels greater than 10, outer/free-surface proxy panels greater than 8, and roughly 60 stations at Fn=0.2 or 40 at Fn=0.3."
42,st41_bp8_fs24_cp10_r3p0_h2_fsm_clipfs_onezonefs_noend_pr1p0_pl1p0_pf1p0_pm1p0_dt1p0_fv1p0_hr1p0_hqtrapezoid_hp1p0_hc1p0_ci1p0_cp1p0_cnm1p0_cd1p0_pg1p0,A55,OK,diagnostic_matched_wigley_sensitivity_not_hard_gate,wigley_iii,Fn0.4,0.4,2.1696064159197173,1.0,1.808005346599764,0.063,719.5500000000001,28,29,10,2.175,0.8250000000000002,0.07499999999999996,-0.8674843749999999,0.8674843749999999,0.06503124999999987,0.0650312500000001,pitch,pitch_moment,-0.6749999999999998,13255.932601530123,-13557.954805117977,994.1949451147586,-1016.8466103838477,0.42267946816519525,0.03536998792939092,0.38730948023580436,-31620302772.95748,-428237720.6796931,-31192065052.27781,0.0,-31620302772.95748,13.359664348608199,5.7750676967897725,56.88467043807481,37.31995829894359,343.8389786085459,242.64700450649016,140.80548423855953,313112.7867721141,136499.14648092922,24758.203185338425,10702.387104590782,313129.7940506779,136495.00691479933,532.3354553483124,230.71560427828973,6.522794127329362,3.505513220207386,advance_eq19_20,7.556597952773624,12.98018846023889,18.187473089925614,31.3805257866868,2.406833498829981,2.4175708914251977,475.4122985160682,5.870139952536887e-15,a1_station_hull_matched_sweep_free_surface_marching_not_benchmark_validated,41,8,24,10,3.0,2,16,15.0,False,none,0.0,1.0,1.0,1.0,trapezoid,1.0,1.0,1.0,1.0,-1.0,1.0,1.0,True,False,True,3.0,11,9,40,True,True,True,True,A1_GRID_RECOMMENDED,"A1 Section 3.3 recommends control radius about 3B, inner free-surface panels greater than 10, outer/free-surface proxy panels greater than 8, and roughly 60 stations at Fn=0.2 or 40 at Fn=0.3."
42,st41_bp8_fs24_cp10_r3p0_h2_fsm_clipfs_onezonefs_noend_pr1p0_pl1p0_pf1p0_pm1p0_dt1p0_fv1p0_hr1p0_hqtrapezoid_hp1p0_hc1p0_ci1p0_cp1p0_cnm1p0_cd1p0_pg1p0,A55,OK,diagnostic_matched_wigley_sensitivity_not_hard_gate,wigley_iii,Fn0.4,0.4,2.1696064159197173,1.0,1.808005346599764,0.063,719.5500000000001,29,30,9,2.25,0.75,0.07499999999999996,-0.8671874999999999,0.8671874999999999,0.06562499999999982,0.0656250000000001,pitch,pitch_moment,-0.75,6119.43171614532,-5907.462500944857,458.95737871089875,-443.059687570864,0.19512456957988514,0.018968783693242532,0.17615578588664257,-31620302772.648575,-428237720.6525237,-31192065051.996075,0.0,-31620302772.648575,7.05682958751007,3.0239008076092575,23.50352340843397,15.4148433085772,141.98930962541195,100.20182573293008,60.38534814333589,134141.12570764,58464.659195684784,13077.755264868154,5603.909548438503,134287.7497283105,58532.091327009606,219.01994716330677,95.32196879076778,2.6912612473893565,1.4469379184568247,advance_eq19_20,3.158278583379686,5.359462740751204,7.52861243906753,12.926800850213288,2.3837708550115084,2.4119583390184025,474.0481182363453,4.134246779396379e-15,a1_station_hull_matched_sweep_free_surface_marching_not_benchmark_validated,41,8,24,10,3.0,2,16,15.0,False,none,0.0,1.0,1.0,1.0,trapezoid,1.0,1.0,1.0,1.0,-1.0,1.0,1.0,True,False,True,3.0,11,9,40,True,True,True,True,A1_GRID_RECOMMENDED,"A1 Section 3.3 recommends control radius about 3B, inner free-surface panels greater than 10, outer/free-surface proxy panels greater than 8, and roughly 60 stations at Fn=0.2 or 40 at Fn=0.3."
42,st41_bp8_fs24_cp10_r3p0_h2_fsm_clipfs_onezonefs_noend_pr1p0_pl1p0_pf1p0_pm1p0_dt1p0_fv1p0_hr1p0_hqtrapezoid_hp1p0_hc1p0_ci1p0_cp1p0_cnm1p0_cd1p0_pg1p0,A55,OK,diagnostic_matched_wigley_sensitivity_not_hard_gate,wigley_iii,Fn0.4,0.4,2.1696064159197173,1.0,1.808005346599764,0.063,719.5500000000001,30,31,8,2.3249999999999997,0.6750000000000003,0.07499999999999996,-0.866859375,0.866859375,0.06628124999999996,0.06628125000000007,pitch,pitch_moment,-0.8249999999999997,2918.8146771046117,-2501.9548951379415,218.91110078284575,-187.6466171353455,0.09306950121705776,0.011507232653293467,0.08156226856376429,-31620302772.504482,-428237720.6372857,-31192065051.867218,0.0,-31620302772.504482,4.315758760459486,1.8323425810723444,9.70420658942872,6.365063974537981,58.63515925911581,41.37727095962205,26.64493767228791,59248.92347350072,25579.63601915469,7997.98778638416,3395.7073129657406,59254.25341871624,25599.376414028608,90.07900930026211,39.36477596942505,1.1079205756918926,0.596463694780299,advance_eq19_20,1.3576308553473218,2.2310154780907974,3.149421099022994,5.336710365882065,2.3197919276939825,2.3920543888153487,472.56584172230123,2.694124983497025e-15,a1_station_hull_matched_sweep_free_surface_marching_not_benchmark_validated,41,8,24,10,3.0,2,16,15.0,False,none,0.0,1.0,1.0,1.0,trapezoid,1.0,1.0,1.0,1.0,-1.0,1.0,1.0,True,False,True,3.0,11,9,40,True,True,True,True,A1_GRID_RECOMMENDED,"A1 Section 3.3 recommends control radius about 3B, inner free-surface panels greater than 10, outer/free-surface proxy panels greater than 8, and roughly 60 stations at Fn=0.2 or 40 at Fn=0.3."
42,st41_bp8_fs24_cp10_r3p0_h2_fsm_clipfs_onezonefs_noend_pr1p0_pl1p0_pf1p0_pm1p0_dt1p0_fv1p0_hr1p0_hqtrapezoid_hp1p0_hc1p0_ci1p0_cp1p0_cnm1p0_cd1p0_pg1p0,A55,OK,diagnostic_matched_wigley_sensitivity_not_hard_gate,wigley_iii,Fn0.4,0.4,2.1696064159197173,1.0,1.808005346599764,0.063,719.5500000000001,31,32,7,2.4,0.6000000000000001,0.07500000000000018,-0.8664999999999999,0.8664999999999998,0.06699999999999995,0.06700000000000006,pitch,pitch_moment,-0.8999999999999999,1498.600533680232,-1022.9307937936518,112.39504002601767,-76.71980953452406,0.04778446719734559,0.008039021533948977,0.03974544566339662,-31620302772.434055,-428237720.6275125,-31192065051.80656,0.0,-31620302772.434055,3.0673310607228537,1.3004274449822333,4.002984618780478,2.62780035311126,24.225590207072514,17.093237427181098,12.482606059843135,28076.319999357922,11737.075667039468,5684.394731517906,2409.9592677277715,27759.40074970486,11619.73084214856,37.076962353697205,16.25402370826064,0.4543877214584458,0.24544065349240105,advance_eq19_20,0.6263861445772534,0.9570786383776554,1.3596076714160044,2.2233361299388883,2.1705583419850396,2.3230443568437247,470.9710640469985,1.9607995330281656e-15,a1_station_hull_matched_sweep_free_surface_marching_not_benchmark_validated,41,8,24,10,3.0,2,16,15.0,False,none,0.0,1.0,1.0,1.0,trapezoid,1.0,1.0,1.0,1.0,-1.0,1.0,1.0,True,False,True,3.0,11,9,40,True,True,True,True,A1_GRID_RECOMMENDED,"A1 Section 3.3 recommends control radius about 3B, inner free-surface panels greater than 10, outer/free-surface proxy panels greater than 8, and roughly 60 stations at Fn=0.2 or 40 at Fn=0.3."
42,st41_bp8_fs24_cp10_r3p0_h2_fsm_clipfs_onezonefs_noend_pr1p0_pl1p0_pf1p0_pm1p0_dt1p0_fv1p0_hr1p0_hqtrapezoid_hp1p0_hc1p0_ci1p0_cp1p0_cnm1p0_cd1p0_pg1p0,A55,OK,diagnostic_matched_wigley_sensitivity_not_hard_gate,wigley_iii,Fn0.4,0.4,2.1696064159197173,1.0,1.808005346599764,0.063,719.5500000000001,32,33,6,2.475,0.5249999999999999,0.07499999999999996,-0.866109375,0.866109375,0.06778124999999988,0.06778125000000013,pitch,pitch_moment,-0.9750000000000001,860.8410912599554,-396.2195434886746,64.56308184449662,-29.71646576165058,0.0274488310680234,0.0062779691274939525,0.02117086194052945,-31620302772.396435,-428237720.62035406,-31192065051.7761,0.0,-31620302772.396435,2.44493039585559,1.0493641574070849,1.6470320421604105,1.083213593265508,10.006305641997024,7.057939576565534,6.5232251234426775,15249.116547581449,5923.445303210447,4530.958408465463,1944.6874073002202,14506.651857317669,5579.265584252318,15.318978056784887,6.706044585209312,0.18368024646252265,0.10016187589643152,advance_eq19_20,0.32690583474664403,0.4520776906940687,0.6356093749913083,0.958714129660926,1.944319456653055,2.1206844518008072,469.2686860462597,9.911565514242124e-16,a1_station_hull_matched_sweep_free_surface_marching_not_benchmark_validated,41,8,24,10,3.0,2,16,15.0,False,none,0.0,1.0,1.0,1.0,trapezoid,1.0,1.0,1.0,1.0,-1.0,1.0,1.0,True,False,True,3.0,11,9,40,True,True,True,True,A1_GRID_RECOMMENDED,"A1 Section 3.3 recommends control radius about 3B, inner free-surface panels greater than 10, outer/free-surface proxy panels greater than 8, and roughly 60 stations at Fn=0.2 or 40 at Fn=0.3."
42,st41_bp8_fs24_cp10_r3p0_h2_fsm_clipfs_onezonefs_noend_pr1p0_pl1p0_pf1p0_pm1p0_dt1p0_fv1p0_hr1p0_hqtrapezoid_hp1p0_hc1p0_ci1p0_cp1p0_cnm1p0_cd1p0_pg1p0,A55,OK,diagnostic_matched_wigley_sensitivity_not_hard_gate,wigley_iii,Fn0.4,0.4,2.1696064159197173,1.0,1.808005346599764,0.063,719.5500000000001,33,34,5,2.55,0.4500000000000002,0.07499999999999996,-0.8656874999999999,0.8656874999999999,0.06862499999999994,0.06862500000000005,pitch,pitch_moment,-1.0499999999999998,555.3356155298295,-134.8479600218659,41.65017116473719,-10.113597001639937,0.01770746500312208,0.005213286240227251,0.012494178762894829,-31620302772.373856,-428237720.6146084,-31192065051.759266,0.0,-31620302772.373856,2.093832795247032,0.9241425628135871,0.6800147478225599,0.4476902712181613,4.157030029411969,2.929467566764701,3.9945343626139236,10003.054713619802,3802.903909682368,3880.302410909877,1712.6260619520579,8883.23156628242,3366.511000261487,6.545921542247141,2.7885974481605413,0.07408117716507572,0.041281974654839085,advance_eq19_20,0.1904392348813207,0.2564693546446858,0.33993077065150545,0.4619644820052583,1.7849828627139044,1.8012463229584164,467.4627559098952,7.646512194257569e-16,a1_station_hull_matched_sweep_free_surface_marching_not_benchmark_validated,41,8,24,10,3.0,2,16,15.0,False,none,0.0,1.0,1.0,1.0,trapezoid,1.0,1.0,1.0,1.0,-1.0,1.0,1.0,True,False,True,3.0,11,9,40,True,True,True,True,A1_GRID_RECOMMENDED,"A1 Section 3.3 recommends control radius about 3B, inner free-surface panels greater than 10, outer/free-surface proxy panels greater than 8, and roughly 60 stations at Fn=0.2 or 40 at Fn=0.3."
42,st41_bp8_fs24_cp10_r3p0_h2_fsm_clipfs_onezonefs_noend_pr1p0_pl1p0_pf1p0_pm1p0_dt1p0_fv1p0_hr1p0_hqtrapezoid_hp1p0_hc1p0_ci1p0_cp1p0_cnm1p0_cd1p0_pg1p0,A55,OK,diagnostic_matched_wigley_sensitivity_not_hard_gate,wigley_iii,Fn0.4,0.4,2.1696064159197173,1.0,1.808005346599764,0.063,719.5500000000001,34,35,4,2.625,0.375,0.07499999999999996,-0.8652343749999999,0.8652343749999999,0.06953124999999993,0.06953125000000009,pitch,pitch_moment,-1.125,326.3695454028703,40.825430786158336,24.47771590521526,3.0619073089618736,0.010406639051580447,0.004402701064612101,0.006003937986968346,-31620302772.359795,-428237720.6098005,-31192065051.750023,0.0,-31620302772.359795,1.867766519654814,0.862888299443175,0.28149792407632396,0.18136689390442376,1.716124426064485,1.2048087372501246,2.475380716333596,7045.248846899796,2624.866961090206,3461.3551500793355,1599.1093253844297,5504.866931101347,2371.6128545254796,3.182502468014547,1.2875154761873642,0.025369661456326763,0.015988771751376044,advance_eq19_20,0.11259985250368384,0.1699822739235182,0.20286694725657886,0.27256971722126194,1.8016626376126186,1.6035184783085201,465.55753958209425,5.993063462276824e-16,a1_station_hull_matched_sweep_free_surface_marching_not_benchmark_validated,41,8,24,10,3.0,2,16,15.0,False,none,0.0,1.0,1.0,1.0,trapezoid,1.0,1.0,1.0,1.0,-1.0,1.0,1.0,True,False,True,3.0,11,9,40,True,True,True,True,A1_GRID_RECOMMENDED,"A1 Section 3.3 recommends control radius about 3B, inner free-surface panels greater than 10, outer/free-surface proxy panels greater than 8, and roughly 60 stations at Fn=0.2 or 40 at Fn=0.3."
42,st41_bp8_fs24_cp10_r3p0_h2_fsm_clipfs_onezonefs_noend_pr1p0_pl1p0_pf1p0_pm1p0_dt1p0_fv1p0_hr1p0_hqtrapezoid_hp1p0_hc1p0_ci1p0_cp1p0_cnm1p0_cd1p0_pg1p0,A55,OK,diagnostic_matched_wigley_sensitivity_not_hard_gate,wigley_iii,Fn0.4,0.4,2.1696064159197173,1.0,1.808005346599764,0.063,719.5500000000001,35,36,3,2.6999999999999997,0.30000000000000027,0.07499999999999996,-0.8647499999999999,0.8647499999999999,0.0704999999999999,0.07050000000000001,pitch,pitch_moment,-1.1999999999999997,-28.030785403962543,369.360139544693,-2.1023089052971895,27.70201046585196,-0.0008937913176649673,0.003897513240112026,-0.0047913045577769936,-31620302772.355038,-428237720.6056503,-31192065051.74942,0.0,-31620302772.355038,1.8151875960632016,0.9048330071228129,0.14618394141724056,0.08065324527373383,0.7883964250819687,0.5463680351705683,4.0197906647013175,10003.452210079617,6455.20558467096,3363.915600732937,1676.841487524438,8939.397707209917,6039.249550889998,2.373407987096307,1.4487973985158382,0.030939217559100687,0.011396028430993283,advance_eq19_20,0.05987258712803302,0.10784873202899044,0.12121969848933824,0.18657598982833098,2.024627701991882,1.7299785200829079,463.5639836716682,7.020616108804985e-16,a1_station_hull_matched_sweep_free_surface_marching_not_benchmark_validated,41,8,24,10,3.0,2,16,15.0,False,none,0.0,1.0,1.0,1.0,trapezoid,1.0,1.0,1.0,1.0,-1.0,1.0,1.0,True,False,True,3.0,11,9,40,True,True,True,True,A1_GRID_RECOMMENDED,"A1 Section 3.3 recommends control radius about 3B, inner free-surface panels greater than 10, outer/free-surface proxy panels greater than 8, and roughly 60 stations at Fn=0.2 or 40 at Fn=0.3."
42,st41_bp8_fs24_cp10_r3p0_h2_fsm_clipfs_onezonefs_noend_pr1p0_pl1p0_pf1p0_pm1p0_dt1p0_fv1p0_hr1p0_hqtrapezoid_hp1p0_hc1p0_ci1p0_cp1p0_cnm1p0_cd1p0_pg1p0,A55,OK,diagnostic_matched_wigley_sensitivity_not_hard_gate,wigley_iii,Fn0.4,0.4,2.1696064159197173,1.0,1.808005346599764,0.063,719.5500000000001,36,37,2,2.775,0.2250000000000001,0.07500000000000018,-0.8642343749999999,0.8642343749999999,0.07153124999999994,0.07153125000000005,pitch,pitch_moment,-1.275,1546.0332420094012,-1401.6432623897865,115.95249315070537,-105.12324467923423,0.04929690940212068,0.004032413462233726,0.04526449593988695,-31620302772.33084,-428237720.6016854,-31192065051.729187,0.0,-31620302772.33084,2.2235187845686317,1.267530822605141,0.2467712896640102,0.1206033141655343,0.4719430206472155,0.2589414032132131,23.5657554557139,52569.108589381525,34499.907470538936,4120.6371970342225,2348.9950668563442,52406.62458852976,34433.92419127789,2.164198059933242,1.492646121943421,0.03315384649087885,0.011423094411046398,advance_eq19_20,0.025745474176881798,0.06994400817282748,0.06372252417301726,0.11875017539699971,2.475096156132833,1.6977891101633051,461.53260422011545,1.5306857764361023e-15,a1_station_hull_matched_sweep_free_surface_marching_not_benchmark_validated,41,8,24,10,3.0,2,16,15.0,False,none,0.0,1.0,1.0,1.0,trapezoid,1.0,1.0,1.0,1.0,-1.0,1.0,1.0,True,False,True,3.0,11,9,40,True,True,True,True,A1_GRID_RECOMMENDED,"A1 Section 3.3 recommends control radius about 3B, inner free-surface panels greater than 10, outer/free-surface proxy panels greater than 8, and roughly 60 stations at Fn=0.2 or 40 at Fn=0.3."
42,st41_bp8_fs24_cp10_r3p0_h2_fsm_clipfs_onezonefs_noend_pr1p0_pl1p0_pf1p0_pm1p0_dt1p0_fv1p0_hr1p0_hqtrapezoid_hp1p0_hc1p0_ci1p0_cp1p0_cnm1p0_cd1p0_pg1p0,A55,OK,diagnostic_matched_wigley_sensitivity_not_hard_gate,wigley_iii,Fn0.4,0.4,2.1696064159197173,1.0,1.808005346599764,0.063,719.5500000000001,37,38,1,2.85,0.1499999999999999,0.07499999999999996,-0.8636874999999999,0.8636874999999999,0.07262499999999994,0.07262500000000005,pitch,pitch_moment,-1.35,389.9350129258303,-520.9338358106352,29.245125969437254,-39.070037685797615,0.012433491391126546,-0.002104742041379253,0.0145382334325058,-31620302772.299976,-428237720.60072154,-31192065051.699284,0.0,-31620302772.299976,2.011269365083224,1.4183789185350726,0.6901457632206953,0.321191114588748,0.7724448406418746,0.3769893505626289,12.962538054642593,28988.931333886725,20423.97231315271,3727.295409660851,2628.5475849211975,28826.69587320496,20308.4916626439,1.87718112583604,0.5526941048111735,0.0016393349715869193,0.0006461566276252759,advance_eq19_20,0.0037858401637106865,0.011167637074615374,0.026323701302960287,0.07067919273774431,6.953199333476125,6.328929948699876,467.16479122089714,1.418527839452955e-15,a1_station_hull_matched_sweep_free_surface_marching_not_benchmark_validated,41,8,24,10,3.0,2,16,15.0,False,none,0.0,1.0,1.0,1.0,trapezoid,1.0,1.0,1.0,1.0,-1.0,1.0,1.0,True,False,True,3.0,11,9,40,True,True,True,True,A1_GRID_RECOMMENDED,"A1 Section 3.3 recommends control radius about 3B, inner free-surface panels greater than 10, outer/free-surface proxy panels greater than 8, and roughly 60 stations at Fn=0.2 or 40 at Fn=0.3."
42,st41_bp8_fs24_cp10_r3p0_h2_fsm_clipfs_onezonefs_noend_pr1p0_pl1p0_pf1p0_pm1p0_dt1p0_fv1p0_hr1p0_hqtrapezoid_hp1p0_hc1p0_ci1p0_cp1p0_cnm1p0_cd1p0_pg1p0,A55,OK,diagnostic_matched_wigley_sensitivity_not_hard_gate,wigley_iii,Fn0.4,0.4,2.1696064159197173,1.0,1.808005346599764,0.063,719.5500000000001,38,39,0,2.925,0.07500000000000018,0.03749999999999987,-0.8631093749999998,0.8631093749999998,0.07378124999999991,0.07378125000000002,pitch,pitch_moment,-1.4249999999999998,-1761.8126855367366,2023.50269425228,-66.06797570762738,75.88135103446022,-0.02808863289043133,0.00029556933911311907,-0.028384202229544457,-31620302772.321854,-428237720.6014784,-31192065051.7204,0.0,-31620302772.321854,1.381088828024287,0.8056811850710806,0.05400710438727064,0.02729107903920096,0.07329923620664082,0.03726231704127896,72.76622213637204,161832.25636367957,98354.40564350253,2559.4413848270406,1493.0927875199313,161820.91396954493,98348.14230685032,0.7815371617650452,0.5456334329021091,0.0,0.0,initialize_eq21_22,0.0,0.0,0.004579319307217055,0.013508276593921013,,,690.6987294891596,5.588921008104122e-16,a1_station_hull_matched_sweep_free_surface_marching_not_benchmark_validated,41,8,24,10,3.0,2,16,15.0,False,none,0.0,1.0,1.0,1.0,trapezoid,1.0,1.0,1.0,1.0,-1.0,1.0,1.0,True,False,True,3.0,11,9,40,True,True,True,True,A1_GRID_RECOMMENDED,"A1 Section 3.3 recommends control radius about 3B, inner free-surface panels greater than 10, outer/free-surface proxy panels greater than 8, and roughly 60 stations at Fn=0.2 or 40 at Fn=0.3."
42,st41_bp8_fs24_cp10_r3p0_h2_fsm_clipfs_onezonefs_noend_pr1p0_pl1p0_pf1p0_pm1p0_dt1p0_fv1p0_hr1p0_hqtrapezoid_hp1p0_hc1p0_ci1p0_cp1p0_cn1p0_cd1p0_pg1p0,A55,OK,diagnostic_matched_wigley_sensitivity_not_hard_gate,wigley_iii,Fn0.4,0.4,2.1696064159197173,1.0,1.808005346599764,0.063,719.5500000000001,0,1,38,0.075,2.925,0.0375,-0.8631093749999998,0.8631093749999998,0.07378124999999991,0.07378125000000002,pitch,pitch_moment,1.425,-13719.249547907842,-17932.931661075905,-514.4718580465441,-672.4849372903465,-0.218726410160909,0.006674979778959344,-0.22540138993986827,0.0,0.0,0.0,0.0,0.0,28.82557363718247,15.763756468934197,0.3748559218177015,0.1275712020369934,0.6972666041942084,0.4252140083335247,655.1199133794387,1457666.3990635101,757051.7450227262,53419.71103620189,29213.47987778789,1456886.1764464194,756846.7657390711,4.7019577229628,3.0567362406956007,0.041954460765971036,0.023320970634890113,advance_eq19_20,1.7900243839005807,0.5844218100074257,1.7738889132481266,0.6028672337849142,0.9909858933780031,1.0315618333567227,113.94877021527233,3.705789033268641e-15,a1_station_hull_matched_sweep_free_surface_marching_not_benchmark_validated,41,8,24,10,3.0,2,16,15.0,False,none,0.0,1.0,1.0,1.0,trapezoid,1.0,1.0,1.0,1.0,1.0,1.0,1.0,True,False,True,3.0,11,9,40,True,True,True,True,A1_GRID_RECOMMENDED,"A1 Section 3.3 recommends control radius about 3B, inner free-surface panels greater than 10, outer/free-surface proxy panels greater than 8, and roughly 60 stations at Fn=0.2 or 40 at Fn=0.3."
42,st41_bp8_fs24_cp10_r3p0_h2_fsm_clipfs_onezonefs_noend_pr1p0_pl1p0_pf1p0_pm1p0_dt1p0_fv1p0_hr1p0_hqtrapezoid_hp1p0_hc1p0_ci1p0_cp1p0_cn1p0_cd1p0_pg1p0,A55,OK,diagnostic_matched_wigley_sensitivity_not_hard_gate,wigley_iii,Fn0.4,0.4,2.1696064159197173,1.0,1.808005346599764,0.063,719.5500000000001,1,2,37,0.15,2.85,0.07499999999999998,-0.8636874999999999,0.8636874999999999,0.07262499999999991,0.07262500000000005,pitch,pitch_moment,1.35,429.8014816677506,-634.9904328790421,32.23511112508129,-47.624282465928154,0.01370467602309384,-0.008364414551301345,0.022069090574395208,-0.21187407214936202,0.002492772503308671,-0.21436684465267067,0.0,-0.21187407214936202,10.25725744756464,6.856955815612536,0.6002618721152544,0.23269890510040264,0.8391120268696508,0.42131834685072017,157.41163532265307,350571.65527329815,156938.9989042856,19008.805714313297,12707.348095426456,350059.326284854,157076.6007118677,9.623849912156922,6.715183697812988,0.032999688678816363,0.018749440330361765,advance_eq19_20,1.7697974491638213,0.6369074482309377,1.7583322312299396,0.5825565261021225,0.9935217344000022,0.9146643326596677,77.78531556101733,2.1390070488162446e-15,a1_station_hull_matched_sweep_free_surface_marching_not_benchmark_validated,41,8,24,10,3.0,2,16,15.0,False,none,0.0,1.0,1.0,1.0,trapezoid,1.0,1.0,1.0,1.0,1.0,1.0,1.0,True,False,True,3.0,11,9,40,True,True,True,True,A1_GRID_RECOMMENDED,"A1 Section 3.3 recommends control radius about 3B, inner free-surface panels greater than 10, outer/free-surface proxy panels greater than 8, and roughly 60 stations at Fn=0.2 or 40 at Fn=0.3."
42,st41_bp8_fs24_cp10_r3p0_h2_fsm_clipfs_onezonefs_noend_pr1p0_pl1p0_pf1p0_pm1p0_dt1p0_fv1p0_hr1p0_hqtrapezoid_hp1p0_hc1p0_ci1p0_cp1p0_cn1p0_cd1p0_pg1p0,A55,OK,diagnostic_matched_wigley_sensitivity_not_hard_gate,wigley_iii,Fn0.4,0.4,2.1696064159197173,1.0,1.808005346599764,0.063,719.5500000000001,2,3,36,0.22499999999999998,2.775,0.075,-0.8642343749999999,0.8642343749999999,0.07153124999999994,0.07153125000000006,pitch,pitch_moment,1.275,7408.784594752378,5557.144278903335,555.6588446064284,416.78582091775013,0.2362369533999409,0.02947044988706709,0.20676650351287376,-0.08690325743784469,0.01304579017119154,-0.09994904760903622,0.0,-0.08690325743784469,16.714297654334313,9.053771551119905,0.14617419824899414,0.07319634460034692,0.5465476179574676,0.36524938751637165,107.95081236814147,242457.6391269962,163342.53680623198,30975.02801178874,16778.49905560057,240066.0444956069,162784.44899501977,5.196217005503091,3.043350061094708,0.03670128217757254,0.020682671019644622,advance_eq19_20,1.7237422591938034,0.5860694392171685,1.737139182468268,0.6422262695447887,1.007771999092678,1.0958194141681072,77.91010290862684,2.476250601715497e-15,a1_station_hull_matched_sweep_free_surface_marching_not_benchmark_validated,41,8,24,10,3.0,2,16,15.0,False,none,0.0,1.0,1.0,1.0,trapezoid,1.0,1.0,1.0,1.0,1.0,1.0,1.0,True,False,True,3.0,11,9,40,True,True,True,True,A1_GRID_RECOMMENDED,"A1 Section 3.3 recommends control radius about 3B, inner free-surface panels greater than 10, outer/free-surface proxy panels greater than 8, and roughly 60 stations at Fn=0.2 or 40 at Fn=0.3."
42,st41_bp8_fs24_cp10_r3p0_h2_fsm_clipfs_onezonefs_noend_pr1p0_pl1p0_pf1p0_pm1p0_dt1p0_fv1p0_hr1p0_hqtrapezoid_hp1p0_hc1p0_ci1p0_cp1p0_cn1p0_cd1p0_pg1p0,A55,OK,diagnostic_matched_wigley_sensitivity_not_hard_gate,wigley_iii,Fn0.4,0.4,2.1696064159197173,1.0,1.808005346599764,0.063,719.5500000000001,3,4,35,0.3,2.7,0.07500000000000001,-0.8647499999999999,0.8647499999999999,0.0704999999999999,0.07050000000000001,pitch,pitch_moment,1.2,-3981.0893653973453,-6349.131179201055,-298.5817024048009,-476.18483844007915,-0.12694125613538726,0.017696732719062965,-0.14463798885445026,-0.03225540880556786,0.03662938147425657,-0.06888479027982444,0.0,-0.03225540880556786,9.113795855752809,4.150125714338997,0.2415762395447167,0.0852013477427317,0.5865143857260544,0.3792899772288198,65.7022206559012,149956.96845076606,90271.92482254472,16889.736425895346,7691.035717600722,146111.65846209662,88832.41135381343,2.0466543881625783,0.8329908398705638,0.038353594832314535,0.02162951121266829,advance_eq19_20,1.7095125848432022,0.5696376037599259,1.6970300085600452,0.587571567428226,0.9926981664868516,1.0314831105775426,78.9850404442889,1.1617887841728714e-15,a1_station_hull_matched_sweep_free_surface_marching_not_benchmark_validated,41,8,24,10,3.0,2,16,15.0,False,none,0.0,1.0,1.0,1.0,trapezoid,1.0,1.0,1.0,1.0,1.0,1.0,1.0,True,False,True,3.0,11,9,40,True,True,True,True,A1_GRID_RECOMMENDED,"A1 Section 3.3 recommends control radius about 3B, inner free-surface panels greater than 10, outer/free-surface proxy panels greater than 8, and roughly 60 stations at Fn=0.2 or 40 at Fn=0.3."
42,st41_bp8_fs24_cp10_r3p0_h2_fsm_clipfs_onezonefs_noend_pr1p0_pl1p0_pf1p0_pm1p0_dt1p0_fv1p0_hr1p0_hqtrapezoid_hp1p0_hc1p0_ci1p0_cp1p0_cn1p0_cd1p0_pg1p0,A55,OK,diagnostic_matched_wigley_sensitivity_not_hard_gate,wigley_iii,Fn0.4,0.4,2.1696064159197173,1.0,1.808005346599764,0.063,719.5500000000001,4,5,34,0.375,2.625,0.07499999999999998,-0.8652343749999999,0.8652343749999999,0.06953124999999993,0.06953125000000009,pitch,pitch_moment,1.125,-815.4152237789464,-2715.420368387958,-61.15614178342096,-203.65652762909681,-0.026000379111832922,0.014663682157297384,-0.04066406126913032,-0.10872622642917797,0.05280958891243675,-0.16153581534161474,0.0,-0.10872622642917797,7.359194019649145,3.1097936306383773,0.25698663870377636,0.08892804426943164,0.6136895027170847,0.3970455372577458,19.42437755035242,49943.85116915315,25683.864309932065,13638.09868754543,5763.086598791479,43196.83551245382,23354.870817882515,1.8390688660263745,0.7004187662419136,0.03999200601722137,0.022589079063247006,advance_eq19_20,1.7082508695379024,0.5502013255001602,1.6855335469532493,0.5700707187684867,0.986701413129795,1.0361129505645306,80.04292683338196,8.380577987226668e-16,a1_station_hull_matched_sweep_free_surface_marching_not_benchmark_validated,41,8,24,10,3.0,2,16,15.0,False,none,0.0,1.0,1.0,1.0,trapezoid,1.0,1.0,1.0,1.0,1.0,1.0,1.0,True,False,True,3.0,11,9,40,True,True,True,True,A1_GRID_RECOMMENDED,"A1 Section 3.3 recommends control radius about 3B, inner free-surface panels greater than 10, outer/free-surface proxy panels greater than 8, and roughly 60 stations at Fn=0.2 or 40 at Fn=0.3."
42,st41_bp8_fs24_cp10_r3p0_h2_fsm_clipfs_onezonefs_noend_pr1p0_pl1p0_pf1p0_pm1p0_dt1p0_fv1p0_hr1p0_hqtrapezoid_hp1p0_hc1p0_ci1p0_cp1p0_cn1p0_cd1p0_pg1p0,A55,OK,diagnostic_matched_wigley_sensitivity_not_hard_gate,wigley_iii,Fn0.4,0.4,2.1696064159197173,1.0,1.808005346599764,0.063,719.5500000000001,5,6,33,0.44999999999999996,2.55,0.07500000000000001,-0.8656874999999999,0.8656874999999999,0.06862499999999994,0.06862500000000005,pitch,pitch_moment,1.05,-249.54157630282555,-2002.118095798262,-18.715618222711917,-150.15885718486967,-0.007956897785117574,0.012641669083949042,-0.020598566869066616,-0.12570486487765323,0.06646226453305995,-0.19216712941071318,0.0,-0.12570486487765323,6.503738480245716,2.64382917636395,0.26189428043066487,0.09071329038340181,0.6447908093896874,0.4205941552914823,11.301790654987245,33256.47743294935,15114.640620856315,12052.76379380015,4899.558718521534,25133.448454352878,12246.902877552206,1.9085000282812061,0.6152517276676819,0.041478738706307604,0.023458627721997954,advance_eq19_20,1.7155355553116665,0.526512472359964,1.686436658409642,0.5500219414114548,0.9830380100185461,1.0446513051174557,81.06571677861561,9.380908548319652e-16,a1_station_hull_matched_sweep_free_surface_marching_not_benchmark_validated,41,8,24,10,3.0,2,16,15.0,False,none,0.0,1.0,1.0,1.0,trapezoid,1.0,1.0,1.0,1.0,1.0,1.0,1.0,True,False,True,3.0,11,9,40,True,True,True,True,A1_GRID_RECOMMENDED,"A1 Section 3.3 recommends control radius about 3B, inner free-surface panels greater than 10, outer/free-surface proxy panels greater than 8, and roughly 60 stations at Fn=0.2 or 40 at Fn=0.3."
42,st41_bp8_fs24_cp10_r3p0_h2_fsm_clipfs_onezonefs_noend_pr1p0_pl1p0_pf1p0_pm1p0_dt1p0_fv1p0_hr1p0_hqtrapezoid_hp1p0_hc1p0_ci1p0_cp1p0_cn1p0_cd1p0_pg1p0,A55,OK,diagnostic_matched_wigley_sensitivity_not_hard_gate,wigley_iii,Fn0.4,0.4,2.1696064159197173,1.0,1.808005346599764,0.063,719.5500000000001,6,7,32,0.525,2.475,0.07500000000000001,-0.866109375,0.866109375,0.0677812499999999,0.06778125000000006,pitch,pitch_moment,0.975,-61.86068564435144,-1699.1503339523408,-4.639551423326359,-127.43627504642558,-0.001972493561522081,0.010826485961512288,-0.012798979523034368,-0.13066956055097306,0.07819634205579064,-0.20886590260676366,0.0,-0.13066956055097306,5.970146735947489,2.3717470544967196,0.2648188522976423,0.09465160279450922,0.675553838244463,0.44401251554626975,8.273473471549686,27049.923365161776,11409.678889584437,11063.908649042645,4395.334639195118,18398.93565396117,8274.941554821882,2.021029308277646,0.655185404956392,0.04253880773473133,0.024075488854964532,advance_eq19_20,1.7281882223043201,0.49982599936638294,1.6957325986793783,0.5258765381347829,0.981219856028375,1.0521192150896983,82.0454186369934,7.669383634575652e-16,a1_station_hull_matched_sweep_free_surface_marching_not_benchmark_validated,41,8,24,10,3.0,2,16,15.0,False,none,0.0,1.0,1.0,1.0,trapezoid,1.0,1.0,1.0,1.0,1.0,1.0,1.0,True,False,True,3.0,11,9,40,True,True,True,True,A1_GRID_RECOMMENDED,"A1 Section 3.3 recommends control radius about 3B, inner free-surface panels greater than 10, outer/free-surface proxy panels greater than 8, and roughly 60 stations at Fn=0.2 or 40 at Fn=0.3."
42,st41_bp8_fs24_cp10_r3p0_h2_fsm_clipfs_onezonefs_noend_pr1p0_pl1p0_pf1p0_pm1p0_dt1p0_fv1p0_hr1p0_hqtrapezoid_hp1p0_hc1p0_ci1p0_cp1p0_cn1p0_cd1p0_pg1p0,A55,OK,diagnostic_matched_wigley_sensitivity_not_hard_gate,wigley_iii,Fn0.4,0.4,2.1696064159197173,1.0,1.808005346599764,0.063,719.5500000000001,7,8,31,0.6,2.4,0.07499999999999996,-0.8664999999999999,0.8664999999999998,0.06699999999999995,0.06700000000000006,pitch,pitch_moment,0.9,0.8966818475495252,-1516.3174381439144,0.06725113856621436,-113.72380786079351,2.8591651589407546e-05,0.009065505288855706,-0.0090369136372663,-0.1316415115059394,0.08814233768097461,-0.21978384918691402,0.0,-0.1316415115059394,5.593587300048009,2.1890412336990535,0.2668052089749773,0.09774279741040189,0.6999104279659721,0.46226271112268247,6.764866567299838,23823.7856757762,9624.429832699218,10366.066638788323,4056.7432108166126,15044.025354935884,6390.383123839942,2.1220000257544407,0.6909989826338185,0.04296388374091065,0.024320783099325678,advance_eq19_20,1.743148775727346,0.47202218732490986,1.7103320006704135,0.4988331728051199,0.9811738530216737,1.0568002653268396,82.97650322796618,9.86511834904604e-16,a1_station_hull_matched_sweep_free_surface_marching_not_benchmark_validated,41,8,24,10,3.0,2,16,15.0,False,none,0.0,1.0,1.0,1.0,trapezoid,1.0,1.0,1.0,1.0,1.0,1.0,1.0,True,False,True,3.0,11,9,40,True,True,True,True,A1_GRID_RECOMMENDED,"A1 Section 3.3 recommends control radius about 3B, inner free-surface panels greater than 10, outer/free-surface proxy panels greater than 8, and roughly 60 stations at Fn=0.2 or 40 at Fn=0.3."
42,st41_bp8_fs24_cp10_r3p0_h2_fsm_clipfs_onezonefs_noend_pr1p0_pl1p0_pf1p0_pm1p0_dt1p0_fv1p0_hr1p0_hqtrapezoid_hp1p0_hc1p0_ci1p0_cp1p0_cn1p0_cd1p0_pg1p0,A55,OK,diagnostic_matched_wigley_sensitivity_not_hard_gate,wigley_iii,Fn0.4,0.4,2.1696064159197173,1.0,1.808005346599764,0.063,719.5500000000001,8,9,30,0.6749999999999999,2.325,0.07500000000000001,-0.866859375,0.866859375,0.06628124999999993,0.06628125000000007,pitch,pitch_moment,0.8250000000000001,9.847774920674071,-1375.421108628217,0.7385831190505555,-103.1565831471163,0.0003140067463529951,0.007350220233696237,-0.00703621348734324,-0.1314702123069682,0.09635020044225058,-0.22782041274921883,0.0,-0.1314702123069682,5.307792851535264,2.0554863212103083,0.2673124363396732,0.09939991229535443,0.7133900734028069,0.47211673468846843,5.869065175193702,21785.10698408976,8574.517847764513,9836.43080057526,3809.2385150761907,13051.900496040016,5328.929033149094,2.192170959440454,0.7197490388190187,0.04264105081783328,0.024132135950912438,advance_eq19_20,1.7574729258163095,0.44507712870057414,1.7271697282868812,0.4707759839034282,0.9827575167251279,1.057740228705715,83.85411691935546,1.0555048137854487e-15,a1_station_hull_matched_sweep_free_surface_marching_not_benchmark_validated,41,8,24,10,3.0,2,16,15.0,False,none,0.0,1.0,1.0,1.0,trapezoid,1.0,1.0,1.0,1.0,1.0,1.0,1.0,True,False,True,3.0,11,9,40,True,True,True,True,A1_GRID_RECOMMENDED,"A1 Section 3.3 recommends control radius about 3B, inner free-surface panels greater than 10, outer/free-surface proxy panels greater than 8, and roughly 60 stations at Fn=0.2 or 40 at Fn=0.3."
42,st41_bp8_fs24_cp10_r3p0_h2_fsm_clipfs_onezonefs_noend_pr1p0_pl1p0_pf1p0_pm1p0_dt1p0_fv1p0_hr1p0_hqtrapezoid_hp1p0_hc1p0_ci1p0_cp1p0_cn1p0_cd1p0_pg1p0,A55,OK,diagnostic_matched_wigley_sensitivity_not_hard_gate,wigley_iii,Fn0.4,0.4,2.1696064159197173,1.0,1.808005346599764,0.063,719.5500000000001,9,10,29,0.75,2.25,0.07500000000000001,-0.8671874999999999,0.8671874999999999,0.06562499999999982,0.0656250000000001,pitch,pitch_moment,0.75,-5.837319016962847,-1248.1371037955544,-0.4377989262722136,-93.6102827846666,-0.00018612910700191988,0.005712880850263859,-0.005899009957265779,-0.13140627348729264,0.10288175098423064,-0.2342880244715233,0.0,-0.13140627348729264,5.080650829643377,1.9523396517916025,0.26556247080253503,0.09928677471142236,0.7135495605276955,0.4719976482729814,5.266134792114228,20325.3010308117,7867.251074360733,9415.489960806797,3618.086542038387,11711.075827870802,4651.767283783241,2.226737170249841,0.7277471180835855,0.041542738282996226,0.02349650471173222,advance_eq19_20,1.7685106287668741,0.4207021297796893,1.74327223565737,0.44369448139811685,0.9857290124814788,1.0546523299762425,84.67363722110893,5.251966049970508e-16,a1_station_hull_matched_sweep_free_surface_marching_not_benchmark_validated,41,8,24,10,3.0,2,16,15.0,False,none,0.0,1.0,1.0,1.0,trapezoid,1.0,1.0,1.0,1.0,1.0,1.0,1.0,True,False,True,3.0,11,9,40,True,True,True,True,A1_GRID_RECOMMENDED,"A1 Section 3.3 recommends control radius about 3B, inner free-surface panels greater than 10, outer/free-surface proxy panels greater than 8, and roughly 60 stations at Fn=0.2 or 40 at Fn=0.3."
42,st41_bp8_fs24_cp10_r3p0_h2_fsm_clipfs_onezonefs_noend_pr1p0_pl1p0_pf1p0_pm1p0_dt1p0_fv1p0_hr1p0_hqtrapezoid_hp1p0_hc1p0_ci1p0_cp1p0_cn1p0_cd1p0_pg1p0,A55,OK,diagnostic_matched_wigley_sensitivity_not_hard_gate,wigley_iii,Fn0.4,0.4,2.1696064159197173,1.0,1.808005346599764,0.063,719.5500000000001,10,11,28,0.825,2.175,0.07499999999999996,-0.8674843749999999,0.8674843749999999,0.06503124999999987,0.0650312500000001,pitch,pitch_moment,0.675,-31.38585869850579,-1123.097792586125,-2.3539394023879328,-84.23233444395933,-0.0010007713875266001,0.004195539521385076,-0.005196310908911675,-0.13199972373455693,0.10783596117005512,-0.23983568490461202,0.0,-0.13199972373455693,4.8945944934319305,1.8696783487005004,0.2609448313718745,0.09729256044786358,0.6996932594264375,0.46161859104538205,4.820079230660553,19188.522537533252,7343.424768036877,9070.68933890176,3464.8981621441308,10719.116694684571,4176.030554105233,2.2294426664857494,0.7423807926798366,0.03970831731197092,0.02243907024729219,advance_eq19_20,1.7740492624503579,0.40007098987445344,1.7559633113591087,0.41930131078779803,0.989805271209736,1.0480672715594281,85.43060038090825,7.559574761337453e-16,a1_station_hull_matched_sweep_free_surface_marching_not_benchmark_validated,41,8,24,10,3.0,2,16,15.0,False,none,0.0,1.0,1.0,1.0,trapezoid,1.0,1.0,1.0,1.0,1.0,1.0,1.0,True,False,True,3.0,11,9,40,True,True,True,True,A1_GRID_RECOMMENDED,"A1 Section 3.3 recommends control radius about 3B, inner free-surface panels greater than 10, outer/free-surface proxy panels greater than 8, and roughly 60 stations at Fn=0.2 or 40 at Fn=0.3."
42,st41_bp8_fs24_cp10_r3p0_h2_fsm_clipfs_onezonefs_noend_pr1p0_pl1p0_pf1p0_pm1p0_dt1p0_fv1p0_hr1p0_hqtrapezoid_hp1p0_hc1p0_ci1p0_cp1p0_cn1p0_cd1p0_pg1p0,A55,OK,diagnostic_matched_wigley_sensitivity_not_hard_gate,wigley_iii,Fn0.4,0.4,2.1696064159197173,1.0,1.808005346599764,0.063,719.5500000000001,11,12,27,0.8999999999999999,2.1,0.07500000000000001,-0.8677499999999999,0.8677499999999999,0.06449999999999989,0.0645,pitch,pitch_moment,0.6000000000000001,-58.46992934744078,-995.9965879279785,-4.38524470105806,-74.6997440945984,-0.001864375701290161,0.0028385770601006693,-0.00470295276139083,-0.1334322972789653,0.11135301946079797,-0.24478531673976328,0.0,-0.1334322972789653,4.7390465776419655,1.8017008403391916,0.25312326350497255,0.0934833447645145,0.6724599818272168,0.4416352807234162,4.46546979607928,18249.76237152177,6928.306217500043,8782.427088916036,3338.92187111421,9930.519717661049,3815.599059894181,2.2093461118019917,0.7257100544924106,0.03722574447618269,0.0210124694589414,advance_eq19_20,1.7723699702204687,0.3837003354914152,1.7630176115607044,0.39875237401170255,0.9947232469422843,1.039228630074065,86.12073569235693,8.292791419945478e-16,a1_station_hull_matched_sweep_free_surface_marching_not_benchmark_validated,41,8,24,10,3.0,2,16,15.0,False,none,0.0,1.0,1.0,1.0,trapezoid,1.0,1.0,1.0,1.0,1.0,1.0,1.0,True,False,True,3.0,11,9,40,True,True,True,True,A1_GRID_RECOMMENDED,"A1 Section 3.3 recommends control radius about 3B, inner free-surface panels greater than 10, outer/free-surface proxy panels greater than 8, and roughly 60 stations at Fn=0.2 or 40 at Fn=0.3."
42,st41_bp8_fs24_cp10_r3p0_h2_fsm_clipfs_onezonefs_noend_pr1p0_pl1p0_pf1p0_pm1p0_dt1p0_fv1p0_hr1p0_hqtrapezoid_hp1p0_hc1p0_ci1p0_cp1p0_cn1p0_cd1p0_pg1p0,A55,OK,diagnostic_matched_wigley_sensitivity_not_hard_gate,wigley_iii,Fn0.4,0.4,2.1696064159197173,1.0,1.808005346599764,0.063,719.5500000000001,12,13,26,0.975,2.025,0.07500000000000007,-0.8679843749999999,0.8679843749999999,0.06403124999999998,0.0640312500000001,pitch,pitch_moment,0.525,-82.21729862365544,-865.8159270622319,-6.166297396774163,-64.93619452966745,-0.002621585753401796,0.0016760099758168152,-0.00429759572921861,-0.13567527800631127,0.11361031297875673,-0.249285590985068,0.0,-0.13567527800631127,4.60696599873397,1.7446849596952176,0.24203558358363234,0.08829368910974157,0.633430423053553,0.4133501977754268,4.167939920090998,17440.345457878197,6582.517072290149,8537.654636247198,3233.259728642676,9268.858921592275,3526.1045643086068,2.1776317329852826,0.74925498341725,0.03421535294340054,0.01928737944858406,advance_eq19_20,1.7622258319934123,0.3715390486858751,1.7627202040638337,0.38253299308019156,1.0002805384312532,1.029590279765214,86.74002633334426,5.603950543890081e-16,a1_station_hull_matched_sweep_free_surface_marching_not_benchmark_validated,41,8,24,10,3.0,2,16,15.0,False,none,0.0,1.0,1.0,1.0,trapezoid,1.0,1.0,1.0,1.0,1.0,1.0,1.0,True,False,True,3.0,11,9,40,True,True,True,True,A1_GRID_RECOMMENDED,"A1 Section 3.3 recommends control radius about 3B, inner free-surface panels greater than 10, outer/free-surface proxy panels greater than 8, and roughly 60 stations at Fn=0.2 or 40 at Fn=0.3."
42,st41_bp8_fs24_cp10_r3p0_h2_fsm_clipfs_onezonefs_noend_pr1p0_pl1p0_pf1p0_pm1p0_dt1p0_fv1p0_hr1p0_hqtrapezoid_hp1p0_hc1p0_ci1p0_cp1p0_cn1p0_cd1p0_pg1p0,A55,OK,diagnostic_matched_wigley_sensitivity_not_hard_gate,wigley_iii,Fn0.4,0.4,2.1696064159197173,1.0,1.808005346599764,0.063,719.5500000000001,13,14,25,1.05,1.95,0.07500000000000001,-0.8681874999999999,0.8681874999999999,0.06362499999999982,0.0636250000000001,pitch,pitch_moment,0.44999999999999996,-99.74874960262308,-733.1725767862355,-7.481156220196732,-54.98794325896767,-0.003180594658976562,0.0007335828285918525,-0.003914177487568414,-0.13857636821250044,0.11481510938096108,-0.2533914775934615,0.0,-0.13857636821250044,4.493046693833178,1.6959890306275038,0.22785820390499925,0.08363234472621411,0.5847896546254175,0.3784666285328717,3.9084108551157857,16718.850263147706,6283.274773804592,8326.5387560971,3143.016166027805,8691.706098992212,3283.1433856150506,2.1437091571032103,0.7416952275193739,0.03081603829116637,0.017344535212199755,advance_eq19_20,1.742772901615812,0.36321760504973455,1.7538449066032695,0.370563107286603,1.0063530968247165,1.020223420161208,87.28477208365122,5.917974593074128e-16,a1_station_hull_matched_sweep_free_surface_marching_not_benchmark_validated,41,8,24,10,3.0,2,16,15.0,False,none,0.0,1.0,1.0,1.0,trapezoid,1.0,1.0,1.0,1.0,1.0,1.0,1.0,True,False,True,3.0,11,9,40,True,True,True,True,A1_GRID_RECOMMENDED,"A1 Section 3.3 recommends control radius about 3B, inner free-surface panels greater than 10, outer/free-surface proxy panels greater than 8, and roughly 60 stations at Fn=0.2 or 40 at Fn=0.3."
42,st41_bp8_fs24_cp10_r3p0_h2_fsm_clipfs_onezonefs_noend_pr1p0_pl1p0_pf1p0_pm1p0_dt1p0_fv1p0_hr1p0_hqtrapezoid_hp1p0_hc1p0_ci1p0_cp1p0_cn1p0_cd1p0_pg1p0,A55,OK,diagnostic_matched_wigley_sensitivity_not_hard_gate,wigley_iii,Fn0.4,0.4,2.1696064159197173,1.0,1.808005346599764,0.063,719.5500000000001,14,15,24,1.125,1.875,0.07499999999999996,-0.8683593749999999,0.8683593749999999,0.06328124999999996,0.06328125000000007,pitch,pitch_moment,0.375,-109.27118295845085,-599.559772983628,-8.19533872188381,-44.966982973772076,-0.003484227544528135,2.80696284512093e-05,-0.0035122971729793446,-0.1419087793142528,0.1151959356094826,-0.2571047149237354,0.0,-0.1419087793142528,4.392712365137389,1.653526329322962,0.2109616973912362,0.07787313209441825,0.529047653913804,0.3388861022150337,3.676245616308586,16058.702355628802,6016.439347522268,8140.598628299377,3064.324055263383,8175.40622753084,3072.788966715902,2.112216560067593,0.7698915242153166,0.027173595570491774,0.015268031528008204,advance_eq19_20,1.7134889391571142,0.35829242461790567,1.735583526591112,0.362458355350407,1.0128945025141898,1.011627180610765,87.75164677623461,4.74566053684201e-16,a1_station_hull_matched_sweep_free_surface_marching_not_benchmark_validated,41,8,24,10,3.0,2,16,15.0,False,none,0.0,1.0,1.0,1.0,trapezoid,1.0,1.0,1.0,1.0,1.0,1.0,1.0,True,False,True,3.0,11,9,40,True,True,True,True,A1_GRID_RECOMMENDED,"A1 Section 3.3 recommends control radius about 3B, inner free-surface panels greater than 10, outer/free-surface proxy panels greater than 8, and roughly 60 stations at Fn=0.2 or 40 at Fn=0.3."
42,st41_bp8_fs24_cp10_r3p0_h2_fsm_clipfs_onezonefs_noend_pr1p0_pl1p0_pf1p0_pm1p0_dt1p0_fv1p0_hr1p0_hqtrapezoid_hp1p0_hc1p0_ci1p0_cp1p0_cn1p0_cd1p0_pg1p0,A55,OK,diagnostic_matched_wigley_sensitivity_not_hard_gate,wigley_iii,Fn0.4,0.4,2.1696064159197173,1.0,1.808005346599764,0.063,719.5500000000001,15,16,23,1.2,1.8,0.07499999999999996,-0.8684999999999999,0.8684999999999998,0.06299999999999994,0.06300000000000008,pitch,pitch_moment,0.30000000000000004,-109.48248664184666,-467.0163209718441,-8.211186498138495,-35.02622407288828,-0.0034909651865487937,-0.0004329403990420014,-0.0030580247875067927,-0.14539637567979127,0.11499350022418721,-0.26038987590397844,0.0,-0.14539637567979127,4.301596715695658,1.6154920526339653,0.19186459814199347,0.07120581737448034,0.4688133231365626,0.2965443295797393,3.466130108368949,15442.580347583937,5772.859773856954,7971.742607416079,2993.838725265428,7708.1415745680215,2887.1500177451426,2.083978630314282,0.765841809175754,0.023430951270961092,0.013139763339358146,advance_eq19_20,1.6741065765815923,0.3563466288905292,1.7074608046034245,0.3577644606583469,1.0199235989443032,1.0039787994409601,88.13774872231025,4.531130716160481e-16,a1_station_hull_matched_sweep_free_surface_marching_not_benchmark_validated,41,8,24,10,3.0,2,16,15.0,False,none,0.0,1.0,1.0,1.0,trapezoid,1.0,1.0,1.0,1.0,1.0,1.0,1.0,True,False,True,3.0,11,9,40,True,True,True,True,A1_GRID_RECOMMENDED,"A1 Section 3.3 recommends control radius about 3B, inner free-surface panels greater than 10, outer/free-surface proxy panels greater than 8, and roughly 60 stations at Fn=0.2 or 40 at Fn=0.3."
42,st41_bp8_fs24_cp10_r3p0_h2_fsm_clipfs_onezonefs_noend_pr1p0_pl1p0_pf1p0_pm1p0_dt1p0_fv1p0_hr1p0_hqtrapezoid_hp1p0_hc1p0_ci1p0_cp1p0_cn1p0_cd1p0_pg1p0,A55,OK,diagnostic_matched_wigley_sensitivity_not_hard_gate,wigley_iii,Fn0.4,0.4,2.1696064159197173,1.0,1.808005346599764,0.063,719.5500000000001,16,17,22,1.275,1.725,0.07499999999999996,-0.8686093749999999,0.8686093749999999,0.0627812499999999,0.06278125000000001,pitch,pitch_moment,0.2250000000000001,-99.27697681748823,-337.98391527673135,-7.445773261311613,-25.348793645754835,-0.0031655516834342284,-0.000651085807250302,-0.002514465876183926,-0.1487246341147828,0.11445148712104106,-0.2631761212358238,0.0,-0.1487246341147828,4.215384399530732,1.580247303746588,0.1711856947950979,0.06386316939152807,0.4066159798844985,0.2532821921887477,3.276470756071169,14859.512429312648,5546.506228671007,7811.973470632919,2928.5229634767848,7286.368273293968,2722.0748912502154,2.059362618597379,0.7953224450400843,0.019720286657632757,0.01103499217193223,advance_eq19_20,1.624571302167132,0.3569838837454289,1.669261352145233,0.3560369721765954,1.0275088264322323,0.9973474668971086,88.44064379627237,5.307160012583533e-16,a1_station_hull_matched_sweep_free_surface_marching_not_benchmark_validated,41,8,24,10,3.0,2,16,15.0,False,none,0.0,1.0,1.0,1.0,trapezoid,1.0,1.0,1.0,1.0,1.0,1.0,1.0,True,False,True,3.0,11,9,40,True,True,True,True,A1_GRID_RECOMMENDED,"A1 Section 3.3 recommends control radius about 3B, inner free-surface panels greater than 10, outer/free-surface proxy panels greater than 8, and roughly 60 stations at Fn=0.2 or 40 at Fn=0.3."
42,st41_bp8_fs24_cp10_r3p0_h2_fsm_clipfs_onezonefs_noend_pr1p0_pl1p0_pf1p0_pm1p0_dt1p0_fv1p0_hr1p0_hqtrapezoid_hp1p0_hc1p0_ci1p0_cp1p0_cn1p0_cd1p0_pg1p0,A55,OK,diagnostic_matched_wigley_sensitivity_not_hard_gate,wigley_iii,Fn0.4,0.4,2.1696064159197173,1.0,1.808005346599764,0.063,719.5500000000001,17,18,21,1.3499999999999999,1.6500000000000001,0.07500000000000007,-0.8686874999999998,0.8686875,0.0626249999999999,0.06262500000000004,pitch,pitch_moment,0.15000000000000013,-77.76373892394642,-215.20621655421354,-5.832280419295986,-16.14046624156603,-0.002479579279628862,-0.0006371599866904594,-0.0018424192929384034,-0.15154719959631435,0.11380736422407067,-0.26535456382038497,0.0,-0.15154719959631435,4.129923027306191,1.5463059781319548,0.14959476600108343,0.05610146709808211,0.34476916459019713,0.21074927802731985,3.1081097252463747,14302.637888313935,5333.295618784227,7653.595987275452,2865.622712840296,6911.959171308929,2575.673335600584,2.03736595823694,0.760104024656658,0.016157081053274784,0.009019042878999047,advance_eq19_20,1.565020842079853,0.35982308802442486,1.6209784023270504,0.3568402518211697,1.035755153377275,0.9917102701229313,88.65840109908919,6.495038408594626e-16,a1_station_hull_matched_sweep_free_surface_marching_not_benchmark_validated,41,8,24,10,3.0,2,16,15.0,False,none,0.0,1.0,1.0,1.0,trapezoid,1.0,1.0,1.0,1.0,1.0,1.0,1.0,True,False,True,3.0,11,9,40,True,True,True,True,A1_GRID_RECOMMENDED,"A1 Section 3.3 recommends control radius about 3B, inner free-surface panels greater than 10, outer/free-surface proxy panels greater than 8, and roughly 60 stations at Fn=0.2 or 40 at Fn=0.3."
42,st41_bp8_fs24_cp10_r3p0_h2_fsm_clipfs_onezonefs_noend_pr1p0_pl1p0_pf1p0_pm1p0_dt1p0_fv1p0_hr1p0_hqtrapezoid_hp1p0_hc1p0_ci1p0_cp1p0_cn1p0_cd1p0_pg1p0,A55,OK,diagnostic_matched_wigley_sensitivity_not_hard_gate,wigley_iii,Fn0.4,0.4,2.1696064159197173,1.0,1.808005346599764,0.063,719.5500000000001,18,19,20,1.425,1.575,0.07500000000000007,-0.8687343749999998,0.868734375,0.06253124999999993,0.06253125000000004,pitch,pitch_moment,0.07499999999999996,-44.53151651075004,-101.58871405647383,-3.339863738306256,-7.619153554235544,-0.001419934627095252,-0.00041082766557633233,-0.0010091069615189195,-0.1534969565496764,0.11328337039793729,-0.2667803269476136,0.0,-0.1534969565496764,4.041492351848418,1.5123793536040482,0.127764237768152,0.04818113378558436,0.2852754196745002,0.1703394172311067,2.962732619221058,13766.807420626024,5130.160825048494,7489.715774893594,2802.7497063382943,6588.662791799551,2447.0553411966857,2.010931566132717,0.7983670810714261,0.012833747130000671,0.007143857272210772,advance_eq19_20,1.4957826192250645,0.3644552485428378,1.5627824135607247,0.3597746362504323,1.0447924674845943,0.9871572372434765,88.78962105356729,3.951446420010252e-16,a1_station_hull_matched_sweep_free_surface_marching_not_benchmark_validated,41,8,24,10,3.0,2,16,15.0,False,none,0.0,1.0,1.0,1.0,trapezoid,1.0,1.0,1.0,1.0,1.0,1.0,1.0,True,False,True,3.0,11,9,40,True,True,True,True,A1_GRID_RECOMMENDED,"A1 Section 3.3 recommends control radius about 3B, inner free-surface panels greater than 10, outer/free-surface proxy panels greater than 8, and roughly 60 stations at Fn=0.2 or 40 at Fn=0.3."
42,st41_bp8_fs24_cp10_r3p0_h2_fsm_clipfs_onezonefs_noend_pr1p0_pl1p0_pf1p0_pm1p0_dt1p0_fv1p0_hr1p0_hqtrapezoid_hp1p0_hc1p0_ci1p0_cp1p0_cn1p0_cd1p0_pg1p0,A55,OK,diagnostic_matched_wigley_sensitivity_not_hard_gate,wigley_iii,Fn0.4,0.4,2.1696064159197173,1.0,1.808005346599764,0.063,719.5500000000001,19,20,19,1.5,1.5,0.07499999999999996,-0.8687499999999999,0.8687499999999999,0.062499999999999944,0.06250000000000003,pitch,pitch_moment,0.0,0.0,-0.0,0.0,0.0,0.0,0.0,0.0,-0.15420692386322402,0.11307795656514912,-0.26728488042837306,0.0,-0.15420692386322402,3.9470921434910453,1.4774349073225053,0.10632831546357717,0.040349721359928085,0.22976698659372155,0.13315334682720312,2.8341603301045506,13236.658824442386,4931.665804164089,7314.772791427576,2737.990466984522,6302.737746838476,2330.8406072701,1.9693753274021517,0.7524143994433968,0.00981829671536048,0.005447317878179147,advance_eq19_20,1.4173908315400061,0.3702906155082678,1.4950107841417961,0.3644466477848656,1.0547625615141416,0.9842178886565065,88.83345571237246,4.4153967834223295e-16,a1_station_hull_matched_sweep_free_surface_marching_not_benchmark_validated,41,8,24,10,3.0,2,16,15.0,False,none,0.0,1.0,1.0,1.0,trapezoid,1.0,1.0,1.0,1.0,1.0,1.0,1.0,True,False,True,3.0,11,9,40,True,True,True,True,A1_GRID_RECOMMENDED,"A1 Section 3.3 recommends control radius about 3B, inner free-surface panels greater than 10, outer/free-surface proxy panels greater than 8, and roughly 60 stations at Fn=0.2 or 40 at Fn=0.3."
42,st41_bp8_fs24_cp10_r3p0_h2_fsm_clipfs_onezonefs_noend_pr1p0_pl1p0_pf1p0_pm1p0_dt1p0_fv1p0_hr1p0_hqtrapezoid_hp1p0_hc1p0_ci1p0_cp1p0_cn1p0_cd1p0_pg1p0,A55,OK,diagnostic_matched_wigley_sensitivity_not_hard_gate,wigley_iii,Fn0.4,0.4,2.1696064159197173,1.0,1.808005346599764,0.063,719.5500000000001,20,21,18,1.575,1.425,0.07499999999999996,-0.8687343749999998,0.868734375,0.06253124999999993,0.06253125000000004,pitch,pitch_moment,-0.07499999999999996,53.615415704138705,87.11526395666948,4.021156177810401,6.533644796750207,0.0017095843858368237,0.0005602915547275823,0.0011492928311092414,-0.15335213167030562,0.11335810234251288,-0.26671023401281846,0.0,-0.15335213167030562,3.8463121639479283,1.4412435735106985,0.08581329626008961,0.032815144000095185,0.17941746228884486,0.0999515309501265,2.713959868570294,12699.241409907598,4733.714969307568,7128.006781037301,2670.9204888263907,6035.430361983711,2221.0524137445414,1.9117520070773095,0.7525360060455016,0.007160497598026265,0.0039566805355749236,advance_eq19_20,1.3309456423589923,0.37659690295412884,1.4185011913465246,0.37039244618798955,1.065784466473287,0.9835249394844465,88.78962105356736,5.507072677306529e-16,a1_station_hull_matched_sweep_free_surface_marching_not_benchmark_validated,41,8,24,10,3.0,2,16,15.0,False,none,0.0,1.0,1.0,1.0,trapezoid,1.0,1.0,1.0,1.0,1.0,1.0,1.0,True,False,True,3.0,11,9,40,True,True,True,True,A1_GRID_RECOMMENDED,"A1 Section 3.3 recommends control radius about 3B, inner free-surface panels greater than 10, outer/free-surface proxy panels greater than 8, and roughly 60 stations at Fn=0.2 or 40 at Fn=0.3."
42,st41_bp8_fs24_cp10_r3p0_h2_fsm_clipfs_onezonefs_noend_pr1p0_pl1p0_pf1p0_pm1p0_dt1p0_fv1p0_hr1p0_hqtrapezoid_hp1p0_hc1p0_ci1p0_cp1p0_cn1p0_cd1p0_pg1p0,A55,OK,diagnostic_matched_wigley_sensitivity_not_hard_gate,wigley_iii,Fn0.4,0.4,2.1696064159197173,1.0,1.808005346599764,0.063,719.5500000000001,21,22,17,1.65,1.35,0.07499999999999996,-0.8686874999999998,0.8686875,0.0626249999999999,0.06262500000000004,pitch,pitch_moment,-0.1499999999999999,113.38978386553516,158.11090808960193,8.504233789915132,11.858318106720137,0.003615553501993409,0.001229951104799246,0.002385602397194163,-0.15068956272639047,0.1142532236722763,-0.26494278639866675,0.0,-0.15068956272639047,3.7393155140821923,1.4037759863373127,0.0666819416274822,0.02575412213053351,0.13503433995669348,0.07120855180811193,2.6101484290068004,12167.79509239079,4539.6733821262,6929.72000313615,2601.4853509443737,5804.569647527822,2122.347308912251,1.8426935940964897,0.7337715245949359,0.00489537370023551,0.002690630210224344,advance_eq19_20,1.237836844370276,0.3825102523488097,1.3343829118472361,0.37691563377786796,1.0779957939659455,0.9853739382497909,88.65840109908919,5.102507631675014e-16,a1_station_hull_matched_sweep_free_surface_marching_not_benchmark_validated,41,8,24,10,3.0,2,16,15.0,False,none,0.0,1.0,1.0,1.0,trapezoid,1.0,1.0,1.0,1.0,1.0,1.0,1.0,True,False,True,3.0,11,9,40,True,True,True,True,A1_GRID_RECOMMENDED,"A1 Section 3.3 recommends control radius about 3B, inner free-surface panels greater than 10, outer/free-surface proxy panels greater than 8, and roughly 60 stations at Fn=0.2 or 40 at Fn=0.3."
42,st41_bp8_fs24_cp10_r3p0_h2_fsm_clipfs_onezonefs_noend_pr1p0_pl1p0_pf1p0_pm1p0_dt1p0_fv1p0_hr1p0_hqtrapezoid_hp1p0_hc1p0_ci1p0_cp1p0_cn1p0_cd1p0_pg1p0,A55,OK,diagnostic_matched_wigley_sensitivity_not_hard_gate,wigley_iii,Fn0.4,0.4,2.1696064159197173,1.0,1.808005346599764,0.063,719.5500000000001,22,23,16,1.7249999999999999,1.2750000000000001,0.07499999999999996,-0.8686093749999999,0.8686093749999999,0.0627812499999999,0.06278125000000001,pitch,pitch_moment,-0.22499999999999987,176.82597724039852,212.0263316224292,13.261948293029882,15.901974871682182,0.005638283798239537,0.0019659252912607437,0.003672358506978793,-0.146062644076274,0.11585116187030631,-0.26191380594658026,0.0,-0.146062644076274,3.6248560507143455,1.3646033568912523,0.04939502678888303,0.019327196888927766,0.09720265839582873,0.04719594072416336,2.532894216652013,11656.740193805115,4352.964313239959,6717.6030983546925,2528.8904193785543,5632.768131876508,2040.5292818610096,1.7655354551103755,0.6543699841945328,0.003049197464208938,0.001662854499516473,advance_eq19_20,1.139356610928025,0.3870159350660126,1.2437294435323525,0.3830921346833161,1.0916068170432731,0.98986139838912,88.44064379627237,7.1672429199736165e-16,a1_station_hull_matched_sweep_free_surface_marching_not_benchmark_validated,41,8,24,10,3.0,2,16,15.0,False,none,0.0,1.0,1.0,1.0,trapezoid,1.0,1.0,1.0,1.0,1.0,1.0,1.0,True,False,True,3.0,11,9,40,True,True,True,True,A1_GRID_RECOMMENDED,"A1 Section 3.3 recommends control radius about 3B, inner free-surface panels greater than 10, outer/free-surface proxy panels greater than 8, and roughly 60 stations at Fn=0.2 or 40 at Fn=0.3."
42,st41_bp8_fs24_cp10_r3p0_h2_fsm_clipfs_onezonefs_noend_pr1p0_pl1p0_pf1p0_pm1p0_dt1p0_fv1p0_hr1p0_hqtrapezoid_hp1p0_hc1p0_ci1p0_cp1p0_cn1p0_cd1p0_pg1p0,A55,OK,diagnostic_matched_wigley_sensitivity_not_hard_gate,wigley_iii,Fn0.4,0.4,2.1696064159197173,1.0,1.808005346599764,0.063,719.5500000000001,23,24,15,1.7999999999999998,1.2000000000000002,0.07500000000000007,-0.8684999999999999,0.8684999999999998,0.06299999999999994,0.06300000000000008,pitch,pitch_moment,-0.2999999999999998,241.16991732648563,248.61574810173468,18.08774379948644,18.646181107630117,0.0076899585609869975,0.002724160082606115,0.004965798478380882,-0.13939852289666074,0.11819620455723974,-0.25759472745390044,0.0,-0.13939852289666074,3.5020593306394514,1.323427171866149,0.03440544916445883,0.013665902281649921,0.0663457960226976,0.03211007340624582,2.482599812906983,11168.201713463895,4173.601610034143,6490.035543753363,2452.582487633637,5520.921094300182,1975.4347137315183,1.6850189577554786,0.6681948568713236,0.0016707476367984655,0.0009003859121359748,advance_eq19_20,1.03698296903818,0.38913944044897086,1.147806522055093,0.3879454164952934,1.1068711409211511,0.9969316295662556,88.13774872231025,6.444693615282648e-16,a1_station_hull_matched_sweep_free_surface_marching_not_benchmark_validated,41,8,24,10,3.0,2,16,15.0,False,none,0.0,1.0,1.0,1.0,trapezoid,1.0,1.0,1.0,1.0,1.0,1.0,1.0,True,False,True,3.0,11,9,40,True,True,True,True,A1_GRID_RECOMMENDED,"A1 Section 3.3 recommends control radius about 3B, inner free-surface panels greater than 10, outer/free-surface proxy panels greater than 8, and roughly 60 stations at Fn=0.2 or 40 at Fn=0.3."
42,st41_bp8_fs24_cp10_r3p0_h2_fsm_clipfs_onezonefs_noend_pr1p0_pl1p0_pf1p0_pm1p0_dt1p0_fv1p0_hr1p0_hqtrapezoid_hp1p0_hc1p0_ci1p0_cp1p0_cn1p0_cd1p0_pg1p0,A55,OK,diagnostic_matched_wigley_sensitivity_not_hard_gate,wigley_iii,Fn0.4,0.4,2.1696064159197173,1.0,1.808005346599764,0.063,719.5500000000001,24,25,14,1.875,1.125,0.07500000000000007,-0.8683593749999999,0.8683593749999999,0.06328124999999996,0.06328125000000007,pitch,pitch_moment,-0.375,303.5075337485574,268.40387142943484,22.763065031141828,20.13029035720763,0.00967765956611476,0.0034616887105013154,0.006215970855613443,-0.13071471383310984,0.12128912895379346,-0.25200384278690324,0.0,-0.13071471383310984,3.3704888218698343,1.2800946879557837,0.022299493767698225,0.00888532228956623,0.04299556410475331,0.022618791654044956,2.457163098401004,10703.500555017405,4001.441729632794,6246.208355860285,2372.2784909774637,5464.35374383329,1940.2399300576653,1.606616162239547,0.6254292451400043,0.0009655144362541476,0.0005229868507073986,advance_eq19_20,0.9323428562232035,0.3880237124211458,1.0480515164830408,0.39054950151277684,1.1241052682363628,1.0065093678833978,87.75164677623461,5.47154863690511e-16,a1_station_hull_matched_sweep_free_surface_marching_not_benchmark_validated,41,8,24,10,3.0,2,16,15.0,False,none,0.0,1.0,1.0,1.0,trapezoid,1.0,1.0,1.0,1.0,1.0,1.0,1.0,True,False,True,3.0,11,9,40,True,True,True,True,A1_GRID_RECOMMENDED,"A1 Section 3.3 recommends control radius about 3B, inner free-surface panels greater than 10, outer/free-surface proxy panels greater than 8, and roughly 60 stations at Fn=0.2 or 40 at Fn=0.3."
42,st41_bp8_fs24_cp10_r3p0_h2_fsm_clipfs_onezonefs_noend_pr1p0_pl1p0_pf1p0_pm1p0_dt1p0_fv1p0_hr1p0_hqtrapezoid_hp1p0_hc1p0_ci1p0_cp1p0_cn1p0_cd1p0_pg1p0,A55,OK,diagnostic_matched_wigley_sensitivity_not_hard_gate,wigley_iii,Fn0.4,0.4,2.1696064159197173,1.0,1.808005346599764,0.063,719.5500000000001,25,26,13,1.95,1.05,0.07499999999999996,-0.8681874999999999,0.8681874999999999,0.0636249999999999,0.06362500000000004,pitch,pitch_moment,-0.44999999999999996,360.90373902460004,272.66659897030775,27.067780426844987,20.44999492277307,0.011507798436764836,0.004138691450130681,0.007369106986634155,-0.12012198483167005,0.12508931903410944,-0.2452113038657794,0.0,-0.12012198483167005,3.2301827868964947,1.2346081920945233,0.014242572855265067,0.005143366318643282,0.028290685333457136,0.014596236104516054,2.4519120579279416,10262.378212954023,3835.95966871917,5986.192442933473,2287.9826675693353,5452.676235455164,1975.1239837167464,1.5366136242641109,0.5733208178353935,0.001110012565245176,0.000617984087456521,advance_eq19_20,0.8271578847509348,0.3829805674367264,0.9460344286226053,0.3901103277440383,1.1437168720303807,1.0186165067199913,87.28477208365148,5.989883938602276e-16,a1_station_hull_matched_sweep_free_surface_marching_not_benchmark_validated,41,8,24,10,3.0,2,16,15.0,False,none,0.0,1.0,1.0,1.0,trapezoid,1.0,1.0,1.0,1.0,1.0,1.0,1.0,True,False,True,3.0,11,9,40,True,True,True,True,A1_GRID_RECOMMENDED,"A1 Section 3.3 recommends control radius about 3B, inner free-surface panels greater than 10, outer/free-surface proxy panels greater than 8, and roughly 60 stations at Fn=0.2 or 40 at Fn=0.3."
42,st41_bp8_fs24_cp10_r3p0_h2_fsm_clipfs_onezonefs_noend_pr1p0_pl1p0_pf1p0_pm1p0_dt1p0_fv1p0_hr1p0_hqtrapezoid_hp1p0_hc1p0_ci1p0_cp1p0_cn1p0_cd1p0_pg1p0,A55,OK,diagnostic_matched_wigley_sensitivity_not_hard_gate,wigley_iii,Fn0.4,0.4,2.1696064159197173,1.0,1.808005346599764,0.063,719.5500000000001,26,27,12,2.025,0.9750000000000001,0.07500000000000007,-0.8679843749999999,0.8679843749999999,0.06403124999999998,0.0640312500000001,pitch,pitch_moment,-0.5249999999999999,410.5745683475909,263.3297679972335,30.793092626069345,19.74973259979253,0.013091605502828436,0.0047203250790093685,0.008371280423819063,-0.10782228286187344,0.1295188272986795,-0.23734111016055284,0.0,-0.10782228286187344,3.0816464308756064,1.1871250507112752,0.012014595627197545,0.00523002461728243,0.023266351792407446,0.010484434782391928,2.4603870797625254,9842.759856241993,3676.123875657055,5710.924053937006,2199.986649737714,5471.523383746221,2021.0790656781778,1.4827820139985763,0.5525930919646806,0.0014609838422371773,0.0008124065352807187,advance_eq19_20,0.7231749595733701,0.3735259097827057,0.8434022022050334,0.38601464747097014,1.1662491780724684,1.0334347293218016,86.74002633334426,7.06506484045959e-16,a1_station_hull_matched_sweep_free_surface_marching_not_benchmark_validated,41,8,24,10,3.0,2,16,15.0,False,none,0.0,1.0,1.0,1.0,trapezoid,1.0,1.0,1.0,1.0,1.0,1.0,1.0,True,False,True,3.0,11,9,40,True,True,True,True,A1_GRID_RECOMMENDED,"A1 Section 3.3 recommends control radius about 3B, inner free-surface panels greater than 10, outer/free-surface proxy panels greater than 8, and roughly 60 stations at Fn=0.2 or 40 at Fn=0.3."
42,st41_bp8_fs24_cp10_r3p0_h2_fsm_clipfs_onezonefs_noend_pr1p0_pl1p0_pf1p0_pm1p0_dt1p0_fv1p0_hr1p0_hqtrapezoid_hp1p0_hc1p0_ci1p0_cp1p0_cn1p0_cd1p0_pg1p0,A55,OK,diagnostic_matched_wigley_sensitivity_not_hard_gate,wigley_iii,Fn0.4,0.4,2.1696064159197173,1.0,1.808005346599764,0.063,719.5500000000001,27,28,11,2.1,0.8999999999999999,0.07499999999999996,-0.8677499999999999,0.8677499999999999,0.06449999999999989,0.06450000000000003,pitch,pitch_moment,-0.6000000000000001,450.06618251814166,242.80492841103688,33.754963688860606,18.210369630827756,0.014350837499275553,0.005178138006907878,0.009172699492367677,-0.09410106136082141,0.13446805884163815,-0.22856912020245948,0.0,-0.09410106136082141,2.9257950397913914,1.1379493608752103,0.014090028623509596,0.006157989577600666,0.02458032760170465,0.013886375094832083,2.4756480596240653,9441.185030029146,3520.3724601224567,5422.0994018728525,2108.8539918377187,5505.46146156256,2071.0402022098287,1.4540168872010262,0.5053063519941362,0.0016815544479186447,0.0009300582593373542,advance_eq19_20,0.6220827358893533,0.3594141332868624,0.7418082234123596,0.3778555143289635,1.1924591065075005,1.0513095600149434,86.12073569235677,5.282210617372234e-16,a1_station_hull_matched_sweep_free_surface_marching_not_benchmark_validated,41,8,24,10,3.0,2,16,15.0,False,none,0.0,1.0,1.0,1.0,trapezoid,1.0,1.0,1.0,1.0,1.0,1.0,1.0,True,False,True,3.0,11,9,40,True,True,True,True,A1_GRID_RECOMMENDED,"A1 Section 3.3 recommends control radius about 3B, inner free-surface panels greater than 10, outer/free-surface proxy panels greater than 8, and roughly 60 stations at Fn=0.2 or 40 at Fn=0.3."
42,st41_bp8_fs24_cp10_r3p0_h2_fsm_clipfs_onezonefs_noend_pr1p0_pl1p0_pf1p0_pm1p0_dt1p0_fv1p0_hr1p0_hqtrapezoid_hp1p0_hc1p0_ci1p0_cp1p0_cn1p0_cd1p0_pg1p0,A55,OK,diagnostic_matched_wigley_sensitivity_not_hard_gate,wigley_iii,Fn0.4,0.4,2.1696064159197173,1.0,1.808005346599764,0.063,719.5500000000001,28,29,10,2.175,0.8250000000000002,0.07499999999999996,-0.8674843749999999,0.8674843749999999,0.06503124999999987,0.0650312500000001,pitch,pitch_moment,-0.6749999999999998,477.39558663124046,213.81231152074542,35.804668997343015,16.035923364055897,0.015222264530706214,0.005490969718083939,0.009731294812622275,-0.07931451034583056,0.13980261270413402,-0.2191171230499645,0.0,-0.07931451034583056,2.7638608036724377,1.0875223664522367,0.01671733115211013,0.0069413601969403075,0.026879061248818538,0.0155812073139279,2.4914831700441025,9053.670956756787,3366.592672799591,5122.00198805472,2015.4024094197832,5540.676317655772,2119.3242831503967,1.4569520390773276,0.5693736294457691,0.0017393227248036283,0.0009569097197497692,advance_eq19_20,0.5254137839539413,0.34067455345048314,0.64282661894694,0.36545430417625957,1.2234673672042287,1.0727373103591025,85.43060038090854,5.459743371234849e-16,a1_station_hull_matched_sweep_free_surface_marching_not_benchmark_validated,41,8,24,10,3.0,2,16,15.0,False,none,0.0,1.0,1.0,1.0,trapezoid,1.0,1.0,1.0,1.0,1.0,1.0,1.0,True,False,True,3.0,11,9,40,True,True,True,True,A1_GRID_RECOMMENDED,"A1 Section 3.3 recommends control radius about 3B, inner free-surface panels greater than 10, outer/free-surface proxy panels greater than 8, and roughly 60 stations at Fn=0.2 or 40 at Fn=0.3."
42,st41_bp8_fs24_cp10_r3p0_h2_fsm_clipfs_onezonefs_noend_pr1p0_pl1p0_pf1p0_pm1p0_dt1p0_fv1p0_hr1p0_hqtrapezoid_hp1p0_hc1p0_ci1p0_cp1p0_cn1p0_cd1p0_pg1p0,A55,OK,diagnostic_matched_wigley_sensitivity_not_hard_gate,wigley_iii,Fn0.4,0.4,2.1696064159197173,1.0,1.808005346599764,0.063,719.5500000000001,29,30,9,2.25,0.75,0.07499999999999996,-0.8671874999999999,0.8671874999999999,0.06562499999999982,0.0656250000000001,pitch,pitch_moment,-0.75,491.0853358713973,179.27903467812922,36.83140019035478,13.445927600859683,0.015658776702431987,0.0056453838242809945,0.010013392878150992,-0.06387398972926142,0.14537078947531648,-0.20924477920457785,0.0,-0.06387398972926142,2.597303308888035,1.036430599022361,0.018359232858423145,0.0073493212996197915,0.02783734492296094,0.015625840255506354,2.50278889883021,8676.252137314854,3211.8330213521303,4813.336725941096,1920.7188660223253,5565.818523909534,2162.172420886786,1.4907515195250658,0.6127552543141884,0.0016608622451074224,0.0009089693411229068,advance_eq19_20,0.4344360641316542,0.31762029624118504,0.5478486809033495,0.3488877644418003,1.2610570947842075,1.0984429161821332,84.67363722110893,4.34306989516277e-16,a1_station_hull_matched_sweep_free_surface_marching_not_benchmark_validated,41,8,24,10,3.0,2,16,15.0,False,none,0.0,1.0,1.0,1.0,trapezoid,1.0,1.0,1.0,1.0,1.0,1.0,1.0,True,False,True,3.0,11,9,40,True,True,True,True,A1_GRID_RECOMMENDED,"A1 Section 3.3 recommends control radius about 3B, inner free-surface panels greater than 10, outer/free-surface proxy panels greater than 8, and roughly 60 stations at Fn=0.2 or 40 at Fn=0.3."
42,st41_bp8_fs24_cp10_r3p0_h2_fsm_clipfs_onezonefs_noend_pr1p0_pl1p0_pf1p0_pm1p0_dt1p0_fv1p0_hr1p0_hqtrapezoid_hp1p0_hc1p0_ci1p0_cp1p0_cn1p0_cd1p0_pg1p0,A55,OK,diagnostic_matched_wigley_sensitivity_not_hard_gate,wigley_iii,Fn0.4,0.4,2.1696064159197173,1.0,1.808005346599764,0.063,719.5500000000001,30,31,8,2.3249999999999997,0.6750000000000003,0.07499999999999996,-0.866859375,0.866859375,0.06628124999999996,0.06628125000000007,pitch,pitch_moment,-0.8249999999999997,489.99077354118134,142.45210719236698,36.74930801558858,10.683908039427518,0.015623875421811722,0.0056359036881514744,0.009987971733660247,-0.0482326636671396,0.15101143323153268,-0.19924409689867226,0.0,-0.0482326636671396,2.42781197393107,0.9854750060675954,0.018743838072925637,0.0073500354381554195,0.02707306139176093,0.014421566222527916,2.5042396137917478,8303.672413444592,3051.16205117866,4499.234455141459,1826.2876819084133,5569.044691409962,2196.9400113737374,1.546102257391874,0.6882231598349622,0.0014858981838195432,0.000808674928904122,advance_eq19_20,0.3500524065882512,0.29076219996829833,0.4579630044121495,0.32848605392315017,1.3082698355815847,1.1297412592110145,83.85411691935549,5.579778398737665e-16,a1_station_hull_matched_sweep_free_surface_marching_not_benchmark_validated,41,8,24,10,3.0,2,16,15.0,False,none,0.0,1.0,1.0,1.0,trapezoid,1.0,1.0,1.0,1.0,1.0,1.0,1.0,True,False,True,3.0,11,9,40,True,True,True,True,A1_GRID_RECOMMENDED,"A1 Section 3.3 recommends control radius about 3B, inner free-surface panels greater than 10, outer/free-surface proxy panels greater than 8, and roughly 60 stations at Fn=0.2 or 40 at Fn=0.3."
42,st41_bp8_fs24_cp10_r3p0_h2_fsm_clipfs_onezonefs_noend_pr1p0_pl1p0_pf1p0_pm1p0_dt1p0_fv1p0_hr1p0_hqtrapezoid_hp1p0_hc1p0_ci1p0_cp1p0_cn1p0_cd1p0_pg1p0,A55,OK,diagnostic_matched_wigley_sensitivity_not_hard_gate,wigley_iii,Fn0.4,0.4,2.1696064159197173,1.0,1.808005346599764,0.063,719.5500000000001,31,32,7,2.4,0.6000000000000001,0.07500000000000018,-0.8664999999999999,0.8664999999999998,0.06699999999999995,0.06700000000000006,pitch,pitch_moment,-0.8999999999999999,472.74193034004674,107.46515768911314,35.455644775503586,8.059886826683504,0.015073877764922736,0.005465615803337281,0.009608261961585455,-0.032883787073772354,0.1565621929772771,-0.1894459800510494,0.0,-0.032883787073772354,2.2575858369467565,0.9359005022770757,0.018014544133856992,0.007000725302653596,0.024863726934103634,0.012399381704484458,2.485771883901122,7923.324115065015,2885.5211281651386,4183.77044519783,1734.4159398024162,5527.975293520334,2219.318376554917,1.6128548059863066,0.8023470947442056,0.0012565380833584716,0.0006793233403918345,advance_eq19_20,0.27275592024774586,0.26055619943434644,0.37384157503461674,0.30470829960574913,1.3706084718346503,1.1694532706082394,82.97650322796612,5.800764700963589e-16,a1_station_hull_matched_sweep_free_surface_marching_not_benchmark_validated,41,8,24,10,3.0,2,16,15.0,False,none,0.0,1.0,1.0,1.0,trapezoid,1.0,1.0,1.0,1.0,1.0,1.0,1.0,True,False,True,3.0,11,9,40,True,True,True,True,A1_GRID_RECOMMENDED,"A1 Section 3.3 recommends control radius about 3B, inner free-surface panels greater than 10, outer/free-surface proxy panels greater than 8, and roughly 60 stations at Fn=0.2 or 40 at Fn=0.3."
42,st41_bp8_fs24_cp10_r3p0_h2_fsm_clipfs_onezonefs_noend_pr1p0_pl1p0_pf1p0_pm1p0_dt1p0_fv1p0_hr1p0_hqtrapezoid_hp1p0_hc1p0_ci1p0_cp1p0_cn1p0_cd1p0_pg1p0,A55,OK,diagnostic_matched_wigley_sensitivity_not_hard_gate,wigley_iii,Fn0.4,0.4,2.1696064159197173,1.0,1.808005346599764,0.063,719.5500000000001,32,33,6,2.475,0.5249999999999999,0.07499999999999996,-0.866109375,0.866109375,0.06778124999999988,0.06778125000000013,pitch,pitch_moment,-0.9750000000000001,436.34457729308787,80.92313748189066,32.72584329698157,6.069235311141796,0.013913309565689876,0.005148155548996312,0.008765154016693564,-0.018390193408466027,0.1618690786534439,-0.1802592720619099,0.0,-0.018390193408466027,2.0903140717199196,0.8900375300953116,0.01651083526380707,0.0064212188075678505,0.021728263314264418,0.009952951718609129,2.4216000802688193,7498.68117086006,2736.379111365689,3873.781493185895,1649.4224284139411,5385.267047716506,2217.27796734289,1.6914449896835098,0.8232886863040477,0.0010126669730927415,0.0005427150948462044,advance_eq19_20,0.20272095729784959,0.22699824792870457,0.2956964095681715,0.2777859303167412,1.4586375947984347,1.2237360105263366,82.0454186369934,4.072232588352717e-16,a1_station_hull_matched_sweep_free_surface_marching_not_benchmark_validated,41,8,24,10,3.0,2,16,15.0,False,none,0.0,1.0,1.0,1.0,trapezoid,1.0,1.0,1.0,1.0,1.0,1.0,1.0,True,False,True,3.0,11,9,40,True,True,True,True,A1_GRID_RECOMMENDED,"A1 Section 3.3 recommends control radius about 3B, inner free-surface panels greater than 10, outer/free-surface proxy panels greater than 8, and roughly 60 stations at Fn=0.2 or 40 at Fn=0.3."
42,st41_bp8_fs24_cp10_r3p0_h2_fsm_clipfs_onezonefs_noend_pr1p0_pl1p0_pf1p0_pm1p0_dt1p0_fv1p0_hr1p0_hqtrapezoid_hp1p0_hc1p0_ci1p0_cp1p0_cn1p0_cd1p0_pg1p0,A55,OK,diagnostic_matched_wigley_sensitivity_not_hard_gate,wigley_iii,Fn0.4,0.4,2.1696064159197173,1.0,1.808005346599764,0.063,719.5500000000001,33,34,5,2.55,0.4500000000000002,0.07499999999999996,-0.8656874999999999,0.8656874999999999,0.06862499999999994,0.06862500000000005,pitch,pitch_moment,-1.0499999999999998,372.0212697545712,76.73393320172693,27.901595231592825,5.755044990129516,0.011862292693601357,0.004713200338048742,0.0071490923555526135,-0.00550239227882045,0.16679975659696641,-0.17230214887578682,0.0,-0.00550239227882045,1.934048431527375,0.8531194593137608,0.014770458826498915,0.005810652169306387,0.018317072803466606,0.007375643924124817,2.2457803337293676,6934.459385875345,2535.1088399942705,3584.189152403991,1581.005657320769,4994.270906325698,2156.4584568134455,1.7950018746370904,0.94455427442286,0.000888527655369031,0.00046780823479301414,advance_eq19_20,0.14010990051265657,0.18926429359794467,0.22341871403052505,0.24715054646595017,1.5945961935098436,1.3058487777466026,81.06571677861561,5.452012279567376e-16,a1_station_hull_matched_sweep_free_surface_marching_not_benchmark_validated,41,8,24,10,3.0,2,16,15.0,False,none,0.0,1.0,1.0,1.0,trapezoid,1.0,1.0,1.0,1.0,1.0,1.0,1.0,True,False,True,3.0,11,9,40,True,True,True,True,A1_GRID_RECOMMENDED,"A1 Section 3.3 recommends control radius about 3B, inner free-surface panels greater than 10, outer/free-surface proxy panels greater than 8, and roughly 60 stations at Fn=0.2 or 40 at Fn=0.3."
42,st41_bp8_fs24_cp10_r3p0_h2_fsm_clipfs_onezonefs_noend_pr1p0_pl1p0_pf1p0_pm1p0_dt1p0_fv1p0_hr1p0_hqtrapezoid_hp1p0_hc1p0_ci1p0_cp1p0_cn1p0_cd1p0_pg1p0,A55,OK,diagnostic_matched_wigley_sensitivity_not_hard_gate,wigley_iii,Fn0.4,0.4,2.1696064159197173,1.0,1.808005346599764,0.063,719.5500000000001,34,35,4,2.625,0.375,0.07499999999999996,-0.8652343749999999,0.8652343749999999,0.06953124999999993,0.06953125000000009,pitch,pitch_moment,-1.125,245.3743443941557,138.80574999933418,18.40307582956167,10.410431249950058,0.007824021176596318,0.0042228195772092145,0.0036012015993871016,0.004340764656278417,0.17126776655459539,-0.16692700189831694,0.0,0.004340764656278417,1.8106848833494946,0.8393786169922653,0.013713768777819622,0.005530158470946927,0.015583683319696277,0.005096786230859628,1.9026140365743949,6196.3797364248485,2347.8214562421776,3355.5711488558377,1555.5410530271197,4231.121711289986,1920.733094709831,1.9324668215249474,1.2075961439134293,0.0012855037790694274,0.0006574380801889551,advance_eq19_20,0.08561067237612276,0.14569149184688618,0.1570136571519668,0.21095402040812936,1.834043032183435,1.4479501701432953,80.04292683338196,4.550600194857805e-16,a1_station_hull_matched_sweep_free_surface_marching_not_benchmark_validated,41,8,24,10,3.0,2,16,15.0,False,none,0.0,1.0,1.0,1.0,trapezoid,1.0,1.0,1.0,1.0,1.0,1.0,1.0,True,False,True,3.0,11,9,40,True,True,True,True,A1_GRID_RECOMMENDED,"A1 Section 3.3 recommends control radius about 3B, inner free-surface panels greater than 10, outer/free-surface proxy panels greater than 8, and roughly 60 stations at Fn=0.2 or 40 at Fn=0.3."
42,st41_bp8_fs24_cp10_r3p0_h2_fsm_clipfs_onezonefs_noend_pr1p0_pl1p0_pf1p0_pm1p0_dt1p0_fv1p0_hr1p0_hqtrapezoid_hp1p0_hc1p0_ci1p0_cp1p0_cn1p0_cd1p0_pg1p0,A55,OK,diagnostic_matched_wigley_sensitivity_not_hard_gate,wigley_iii,Fn0.4,0.4,2.1696064159197173,1.0,1.808005346599764,0.063,719.5500000000001,35,36,3,2.6999999999999997,0.30000000000000027,0.07499999999999996,-0.8647499999999999,0.8647499999999999,0.0704999999999999,0.07050000000000001,pitch,pitch_moment,-1.1999999999999997,-251.8626979923881,617.9640255119286,-18.889702349429097,46.347301913394624,-0.008030909211607302,0.0038447568065628694,-0.01187566601817017,0.004237320638772925,0.17530155474648143,-0.17106423410770846,0.0,0.004237320638772925,1.8018036046874955,0.9018909664541293,0.015220539537524228,0.006421425544537068,0.016766965917320537,0.006388586495462314,6.42995642238349,15061.166483208863,10109.645516279592,3339.112314567662,1671.3892816340715,14299.236575789593,9814.640532506412,2.0984900512450935,1.4311458288051984,0.000139389650064205,7.848103325450585e-05,advance_eq19_20,0.04112911360351713,0.09379035406037099,0.09734587941180105,0.1661468222725703,2.3668363084653636,1.771470253386877,78.98504044428888,6.83035117945969e-16,a1_station_hull_matched_sweep_free_surface_marching_not_benchmark_validated,41,8,24,10,3.0,2,16,15.0,False,none,0.0,1.0,1.0,1.0,trapezoid,1.0,1.0,1.0,1.0,1.0,1.0,1.0,True,False,True,3.0,11,9,40,True,True,True,True,A1_GRID_RECOMMENDED,"A1 Section 3.3 recommends control radius about 3B, inner free-surface panels greater than 10, outer/free-surface proxy panels greater than 8, and roughly 60 stations at Fn=0.2 or 40 at Fn=0.3."
42,st41_bp8_fs24_cp10_r3p0_h2_fsm_clipfs_onezonefs_noend_pr1p0_pl1p0_pf1p0_pm1p0_dt1p0_fv1p0_hr1p0_hqtrapezoid_hp1p0_hc1p0_ci1p0_cp1p0_cn1p0_cd1p0_pg1p0,A55,OK,diagnostic_matched_wigley_sensitivity_not_hard_gate,wigley_iii,Fn0.4,0.4,2.1696064159197173,1.0,1.808005346599764,0.063,719.5500000000001,36,37,2,2.775,0.2250000000000001,0.07500000000000018,-0.8642343749999999,0.8642343749999999,0.07153124999999994,0.07153125000000005,pitch,pitch_moment,-1.275,1281.5448198445117,-1047.0633228142633,96.11586148833861,-78.52974921106993,0.04086341558640806,0.004721138521968528,0.03614227706443953,0.02065357382617329,0.17958450241074714,-0.15893092858457378,0.0,0.02065357382617329,2.6117428071841284,1.49870681850667,0.03402918996605005,0.014950622688538645,0.03674515284983134,0.0159443097064892,18.049277774638195,40469.265775965694,25351.391995207723,4840.09608331569,2777.411689366721,40138.824584136484,25194.79370933775,2.552894224733948,1.7997533032523731,0.0007667090974838211,0.00037990697826993945,advance_eq19_20,0.010846184096448268,0.024946251890791204,0.04706841138587503,0.10873978756801352,4.339628662700666,4.358962943373242,77.91010290862681,9.337887609013325e-16,a1_station_hull_matched_sweep_free_surface_marching_not_benchmark_validated,41,8,24,10,3.0,2,16,15.0,False,none,0.0,1.0,1.0,1.0,trapezoid,1.0,1.0,1.0,1.0,1.0,1.0,1.0,True,False,True,3.0,11,9,40,True,True,True,True,A1_GRID_RECOMMENDED,"A1 Section 3.3 recommends control radius about 3B, inner free-surface panels greater than 10, outer/free-surface proxy panels greater than 8, and roughly 60 stations at Fn=0.2 or 40 at Fn=0.3."
42,st41_bp8_fs24_cp10_r3p0_h2_fsm_clipfs_onezonefs_noend_pr1p0_pl1p0_pf1p0_pm1p0_dt1p0_fv1p0_hr1p0_hqtrapezoid_hp1p0_hc1p0_ci1p0_cp1p0_cn1p0_cd1p0_pg1p0,A55,OK,diagnostic_matched_wigley_sensitivity_not_hard_gate,wigley_iii,Fn0.4,0.4,2.1696064159197173,1.0,1.808005346599764,0.063,719.5500000000001,37,38,1,2.85,0.1499999999999999,0.07499999999999996,-0.8636874999999999,0.8636874999999999,0.07262499999999994,0.07262500000000005,pitch,pitch_moment,-1.35,561.5481017417185,-643.3864062731091,42.11610763062886,-48.25398047048315,0.017905556713977772,-0.0011542455000006224,0.019059802213978395,0.050038059976366234,0.18136794892173108,-0.1313298889453648,0.0,0.050038059976366234,1.1326598325993449,0.7981378657058985,0.03374242900864893,0.015151934264084833,0.036174091300812915,0.016765422818048645,15.143095184518604,33692.4265519467,23605.303066809716,2099.0514090488696,1479.1134667329886,33675.9203809449,23594.729412799126,0.5603441805818792,0.22343526104962821,5.510347924230973e-05,2.510832358194116e-05,advance_eq19_20,0.003381021225888097,0.00997348444718304,0.01192918266335305,0.026594616829503016,3.5282779569712983,2.666532140330808,77.78531556101758,4.487039111123964e-16,a1_station_hull_matched_sweep_free_surface_marching_not_benchmark_validated,41,8,24,10,3.0,2,16,15.0,False,none,0.0,1.0,1.0,1.0,trapezoid,1.0,1.0,1.0,1.0,1.0,1.0,1.0,True,False,True,3.0,11,9,40,True,True,True,True,A1_GRID_RECOMMENDED,"A1 Section 3.3 recommends control radius about 3B, inner free-surface panels greater than 10, outer/free-surface proxy panels greater than 8, and roughly 60 stations at Fn=0.2 or 40 at Fn=0.3."
42,st41_bp8_fs24_cp10_r3p0_h2_fsm_clipfs_onezonefs_noend_pr1p0_pl1p0_pf1p0_pm1p0_dt1p0_fv1p0_hr1p0_hqtrapezoid_hp1p0_hc1p0_ci1p0_cp1p0_cn1p0_cd1p0_pg1p0,A55,OK,diagnostic_matched_wigley_sensitivity_not_hard_gate,wigley_iii,Fn0.4,0.4,2.1696064159197173,1.0,1.808005346599764,0.063,719.5500000000001,38,39,0,2.925,0.07500000000000018,0.03749999999999987,-0.8631093749999998,0.8631093749999998,0.07378124999999991,0.07378125000000002,pitch,pitch_moment,-1.4249999999999998,-1335.0829153463587,1531.2769264415626,-50.065609325488275,57.42288474155839,-0.021285267267800438,0.000271526003880099,-0.02155679327168054,0.03770557106555466,0.1810623521756109,-0.14335678111005615,0.0,0.03770557106555466,1.2666760950798384,0.7385680650761,0.004010081029549538,0.0019154475514725538,0.004537021702051789,0.002367838681868957,54.326540645629215,120820.72281142016,65422.71437412138,2347.41108112232,1368.718385747567,120813.89141796746,65416.06930708975,0.7051877331151717,0.4971217299315475,0.0,0.0,initialize_eq21_22,0.0,0.0,0.004131959373721702,0.012188634674832863,,,113.94877021527233,1.4075170520088747e-15,a1_station_hull_matched_sweep_free_surface_marching_not_benchmark_validated,41,8,24,10,3.0,2,16,15.0,False,none,0.0,1.0,1.0,1.0,trapezoid,1.0,1.0,1.0,1.0,1.0,1.0,1.0,True,False,True,3.0,11,9,40,True,True,True,True,A1_GRID_RECOMMENDED,"A1 Section 3.3 recommends control radius about 3B, inner free-surface panels greater than 10, outer/free-surface proxy panels greater than 8, and roughly 60 stations at Fn=0.2 or 40 at Fn=0.3."
