time_s,wave_elevation_m,surge_m,sway_m,heave_m,roll_rad,pitch_rad,yaw_rad,cg_accel_mps2,bow_accel_mps2
0.0,0.0,0.0,0.0,0.023334861359282505,0.0,0.08922265570851483,0.0,-1.0043055548768105,-5.623874073636093
0.009976502492193673,0.0022891095230550074,0.0,0.0,0.02642999240567167,0.0,0.08545437167810062,0.0,-1.1375164300176555,-5.56197927591381
0.019953004984387346,0.0045684167277018056,0.0,0.0,0.029411946166973495,0.0,0.08132015890896696,0.0,-1.2658562851704656,-5.476267229041474
0.02992950747658102,0.006828161270564489,0.0,0.0,0.03226795345938422,0.0,0.07683772073488719,0.0,-1.3887755493723835,-5.367104965162541
0.03990600996877469,0.009058666578588226,0.0,0.0,0.03498578442121552,0.0,0.07202625164427914,0.0,-1.5057478634631876,-5.234959933849838
0.049882512460968365,0.011250381285610657,0.0,0.0,0.03755380088303984,0.0,0.06690635508645897,0.0,-1.6162723340360248,-5.08039800041472
0.05985901495316204,0.013393920132778143,0.0,0.0,0.039961006204118577,0.0,0.06149995524450807,0.0,-1.7198756783398765,-4.9040810227849345
0.06983551744535571,0.015480104157665047,0.0,0.0,0.042197092361706004,0.0,0.05583020315255529,0.0,-1.8161142509489596,-4.706764017327369
0.07981201993754938,0.017499999999999998,0.0,0.0,0.04425248409158512,0.0,0.049921377559494565,0.0,-1.9045759435205467,-4.48929192575205
0.08978852242974306,0.019444958155686077,0.0,0.0,0.04611837989081912,0.0,0.043798780963654756,0.0,-1.9848819495061605,-4.252595996942025
0.09976502492193673,0.021306650015305226,0.0,0.0,0.04778678970713815,0.0,0.03748863126361739,0.0,-2.056688386259369,-3.9976897992026803
0.1097415274141304,0.023077103528502417,0.0,0.0,0.04925056915356978,0.0,0.03101794948914984,0.0,-2.1196877675940686,-3.7256648800066454
0.11971802990632407,0.024748737341529166,0.0,0.0,0.0505034501018009,0.0,0.024414444093007526,0.0,-2.1736103204875445,-3.437686091819945
0.12969453239851775,0.02631439326176421,0.0,0.0,0.05154006752326539,0.0,0.017706392299085296,0.0,-2.2182251402899653,-3.1349866040249004
0.13967103489071142,0.027767366910193235,0.0,0.0,0.05235598246302014,0.0,0.010922519015003587,0.0,-2.2533411794935456,-2.8188626222995223
0.1496475373829051,0.029101436430589087,0.0,0.0,0.05294770104803158,0.0,0.004091873827644009,0.0,-2.278808065827303,-2.4906678380657947
0.15962403987509877,0.030310889132455353,0.0,0.0,0.0533126894484764,0.0,-0.0027562933916414384,0.0,-2.294516746174209,-2.1518076317751866
0.16960054236729244,0.03139054595364409,0.0,0.0,0.053449384727989865,0.0,-0.009592657739470043,0.0,-2.3003999535533777,-1.8037330548537982
0.1795770448594861,0.03233578363789504,0.0,0.0,0.053357201536399244,0.0,-0.016387944854166593,0.0,-2.2964324951676045,-1.447934616077391
0.18955354735167979,0.0331425545323287,0.0,0.0,0.05303653461628316,0.0,-0.023113056273074566,0.0,-2.2826313602827937,-1.0859358989839731
0.19953004984387346,0.03380740392011739,0.0,0.0,0.05248875711262322,0.0,-0.029739194036640257,0.0,-2.2590556474773096,-0.7192870376551945
0.20950655233606713,0.03432748481411307,0.0,0.0,0.05171621469278644,0.0,-0.03623798400569693,0.0,-2.2258063115727955,-0.3495580788042212
0.2194830548282608,0.034700570148083365,0.0,0.0,0.05072221550201743,0.0,-0.042581597363884706,0.0,-2.183025731330125,0.021667741405325014
0.22945955732045448,0.03492506231335112,0.0,0.0,0.049511015997452584,0.0,-0.04874286978491455,0.0,-2.130897099761692,0.3928007770196804
0.23943605981264815,0.035,0.0,0.0,0.04808780272131719,0.0,-0.054695417754383885,0.0,-2.0696436396708044,0.7622517794029657
0.24941256230484182,0.03492506231335112,0.0,0.0,0.046458670091355334,0.0,-0.060413751548035674,0.0,-1.9995276477773745,1.1284387026438263
0.2593890647970355,0.034700570148083365,0.0,0.0,0.044630594303597504,0.0,-0.06587338438267087,0.0,-1.920849371523093,1.4897934781189026
0.26936556728922917,0.03432748481411307,0.0,0.0,0.042611403459218176,0.0,-0.07105093727231353,0.0,-1.833945723365789,1.8447687292034192
0.27934206978142284,0.03380740392011739,0.0,0.0,0.040409744043404805,0.0,-0.07592423914061783,0.0,-1.739188838068563,2.19184439737544
0.2893185722736165,0.0331425545323287,0.0,0.0,0.03803504389978081,0.0,-0.08047242176082073,0.0,-1.6369844791615997,2.529534251339824
0.2992950747658102,0.03233578363789504,0.0,0.0,0.035497471858931776,0.0,-0.08467600911669285,0.0,-1.527770301400437,2.8563922512988076
0.30927157725800386,0.03139054595364409,0.0,0.0,0.03280789419391178,0.0,-0.08851700080182986,0.0,-1.412013976661114,3.1710187411164137
0.31924807975019753,0.030310889132455356,0.0,0.0,0.029977828089193904,0.0,-0.09197894910015626,0.0,-1.2902111912973988,3.472066441860905
0.3292245822423912,0.029101436430589083,0.0,0.0,0.027019392322318182,0.0,-0.09504702941757065,0.0,-1.1628835235357216,3.7582462210600127
0.3392010847345849,0.027767366910193235,0.0,0.0,0.023945255369425746,0.0,-0.09770810376313356,0.0,-1.030576209997139,4.028332612964083
0.34917758722677855,0.02631439326176421,0.0,0.0,0.020768581156898943,0.0,-0.09995077700796175,0.0,-0.8938558109104103,4.281169066178568
0.3591540897189722,0.024748737341529166,0.0,0.0,0.017502972691407707,0.0,-0.10176544568091939,0.0,-0.7533077840141225,4.515672896194642
0.3691305922111659,0.023077103528502417,0.0,0.0,0.014162413809746612,0.0,-0.1031443390921559,0.0,-0.6095339775367713,4.730839921610498
0.37910709470335957,0.02130665001530522,0.0,0.0,0.01076120929789884,0.0,-0.10408155260839277,0.0,-0.46315005299024814,4.92574876419026
0.38908359719555324,0.019444958155686077,0.0,0.0,0.00731392363574658,0.0,-0.10457307293746985,0.0,-0.31478284881273205,5.0995647943470495
0.3990600996877469,0.017499999999999998,0.0,0.0,0.003835318629732065,0.0,-0.10461679531387845,0.0,-0.16506769615025751,5.251543705155015
0.4090366021799406,0.015480104157665047,0.0,0.0,0.0003402902005362157,0.0,-0.10421253251169041,0.0,-0.014645698271214131,5.38103469958585
0.41901310467213426,0.013393920132778148,0.0,0.0,-0.003156195403540637,0.0,-0.10336201564628827,0.0,0.13583901473627535,5.487483277321583
0.42898960716432794,0.011250381285610662,0.0,0.0,-0.006639165694351593,0.0,-0.10206888676146339,0.0,0.28574204422827904,5.570433609210065
0.4389661096565216,0.00905866657858822,0.0,0.0,-0.0100937060583961,0.0,-0.10033868323362533,0.0,0.4344214824189816,5.629530489195384
0.4489426121487153,0.006828161270564487,0.0,0.0,-0.013505023623484583,0.0,-0.09817881405990601,0.0,0.5812406611283657,5.6645208553647235
0.45891911464090895,0.0045684167277018056,0.0,0.0,-0.01685851060408836,0.0,-0.09559852813169643,0.0,0.7255708780931084,5.6752548735983295
0.4688956171331026,0.002289109523055009,0.0,0.0,-0.0201398068541198,0.0,-0.09260887462947388,0.0,0.8667940891661888,5.661686579182208
0.4788721196252963,4.286263797015737e-18,0.0,0.0,-0.023334861359282498,0.0,-0.08922265570851483,0.0,1.00430555487681,5.623874073636092
0.48884862211749,-0.0022891095230550005,0.0,0.0,-0.02642999240567166,0.0,-0.08545437167810062,0.0,1.137516430017655,5.56197927591381
0.49882512460968365,-0.0045684167277018125,0.0,0.0,-0.029411946166973506,0.0,-0.08132015890896695,0.0,1.2658562851704662,5.476267229041474
0.5088016271018774,-0.006828161270564508,0.0,0.0,-0.03226795345938424,0.0,-0.07683772073488715,0.0,1.3887755493723843,5.3671049651625395
0.518778129594071,-0.00905866657858823,0.0,0.0,-0.03498578442121552,0.0,-0.07202625164427914,0.0,1.5057478634631876,5.234959933849838
0.5287546320862646,-0.01125038128561064,0.0,0.0,-0.03755380088303981,0.0,-0.06690635508645901,0.0,1.6162723340360237,5.0803980004147204
0.5387311345784583,-0.01339392013277814,0.0,0.0,-0.039961006204118577,0.0,-0.06149995524450808,0.0,1.7198756783398765,4.9040810227849345
0.5487076370706521,-0.015480104157665053,0.0,0.0,-0.04219709236170601,0.0,-0.05583020315255528,0.0,1.8161142509489598,4.706764017327369
0.5586841395628457,-0.017500000000000005,0.0,0.0,-0.04425248409158513,0.0,-0.049921377559494544,0.0,1.904575943520547,4.489291925752049
0.5686606420550393,-0.01944495815568607,0.0,0.0,-0.046118379890819114,0.0,-0.04379878096365478,0.0,1.9848819495061603,4.252595996942026
0.578637144547233,-0.021306650015305226,0.0,0.0,-0.04778678970713815,0.0,-0.03748863126361739,0.0,2.056688386259369,3.9976897992026803
0.5886136470394268,-0.023077103528502424,0.0,0.0,-0.04925056915356979,0.0,-0.031017949489149807,0.0,2.119687767594069,3.725664880006644
0.5985901495316204,-0.024748737341529162,0.0,0.0,-0.0505034501018009,0.0,-0.024414444093007543,0.0,2.1736103204875445,3.4376860918199457
0.608566652023814,-0.026314393261764206,0.0,0.0,-0.051540067523265384,0.0,-0.017706392299085317,0.0,2.218225140289965,3.134986604024901
0.6185431545160077,-0.027767366910193225,0.0,0.0,-0.05235598246302014,0.0,-0.010922519015003615,0.0,2.2533411794935456,2.8188626222995237
0.6285196570082014,-0.029101436430589087,0.0,0.0,-0.05294770104803158,0.0,-0.004091873827643999,0.0,2.278808065827303,2.490667838065794
0.6384961595003951,-0.03031088913245535,0.0,0.0,-0.0533126894484764,0.0,0.002756293391641402,0.0,2.294516746174209,2.1518076317751884
0.6484726619925887,-0.03139054595364409,0.0,0.0,-0.05344938472798986,0.0,0.009592657739470028,0.0,2.3003999535533772,1.8037330548537986
0.6584491644847824,-0.03233578363789504,0.0,0.0,-0.05335720153639924,0.0,0.016387944854166628,0.0,2.2964324951676045,1.4479346160773892
0.6684256669769761,-0.03314255453232871,0.0,0.0,-0.05303653461628316,0.0,0.023113056273074625,0.0,2.2826313602827937,1.08593589898397
0.6784021694691698,-0.03380740392011739,0.0,0.0,-0.05248875711262322,0.0,0.029739194036640267,0.0,2.2590556474773096,0.7192870376551939
0.6883786719613634,-0.03432748481411307,0.0,0.0,-0.05171621469278644,0.0,0.03623798400569689,0.0,2.2258063115727955,0.3495580788042232
0.6983551744535571,-0.034700570148083365,0.0,0.0,-0.05072221550201743,0.0,0.04258159736388469,0.0,2.183025731330125,-0.021667741405324126
0.7083316769457508,-0.03492506231335112,0.0,0.0,-0.04951101599745258,0.0,0.04874286978491458,0.0,2.1308970997616914,-0.3928007770196822
0.7183081794379444,-0.035,0.0,0.0,-0.0480878027213172,0.0,0.05469541775438388,0.0,2.069643639670805,-0.7622517794029644
0.7282846819301381,-0.03492506231335113,0.0,0.0,-0.046458670091355354,0.0,0.060413751548035605,0.0,1.9995276477773756,-1.1284387026438216
0.7382611844223318,-0.03470057014808337,0.0,0.0,-0.04463059430359752,0.0,0.06587338438267086,0.0,1.9208493715230937,-1.489793478118901
0.7482376869145255,-0.03432748481411307,0.0,0.0,-0.042611403459218176,0.0,0.07105093727231354,0.0,1.833945723365789,-1.8447687292034196
0.7582141894067191,-0.03380740392011739,0.0,0.0,-0.04040974404340479,0.0,0.07592423914061786,0.0,1.7391888380685625,-2.191844397375442
0.7681906918989128,-0.0331425545323287,0.0,0.0,-0.03803504389978081,0.0,0.08047242176082071,0.0,1.6369844791615997,-2.529534251339823
0.7781671943911065,-0.032335783637895035,0.0,0.0,-0.03549747185893177,0.0,0.08467600911669286,0.0,1.5277703014004367,-2.856392251298809
0.7881436968833002,-0.031390545953644086,0.0,0.0,-0.03280789419391175,0.0,0.08851700080182992,0.0,1.4120139766611128,-3.1710187411164172
0.7981201993754938,-0.030310889132455353,0.0,0.0,-0.02997782808919389,0.0,0.09197894910015629,0.0,1.2902111912973981,-3.4720664418609073
0.8080967018676875,-0.029101436430589094,0.0,0.0,-0.027019392322318214,0.0,0.09504702941757062,0.0,1.1628835235357229,-3.75824622106001
0.8180732043598812,-0.027767366910193235,0.0,0.0,-0.02394525536942575,0.0,0.09770810376313355,0.0,1.030576209997139,-4.028332612964082
0.8280497068520749,-0.026314393261764202,0.0,0.0,-0.020768581156898922,0.0,0.09995077700796176,0.0,0.8938558109104094,-4.281169066178569
0.8380262093442685,-0.024748737341529173,0.0,0.0,-0.017502972691407718,0.0,0.10176544568091939,0.0,0.7533077840141229,-4.515672896194642
0.8480027118364621,-0.02307710352850243,0.0,0.0,-0.01416241380974664,0.0,0.10314433909215588,0.0,0.6095339775367725,-4.730839921610496
0.8579792143286559,-0.021306650015305236,0.0,0.0,-0.010761209297898873,0.0,0.10408155260839277,0.0,0.4631500529902496,-4.925748764190259
0.8679557168208496,-0.019444958155686077,0.0,0.0,-0.007313923635746582,0.0,0.10457307293746984,0.0,0.31478284881273216,-5.099564794347049
0.8779322193130432,-0.01749999999999999,0.0,0.0,-0.0038353186297320485,0.0,0.10461679531387845,0.0,0.16506769615025682,-5.251543705155016
0.8879087218052368,-0.015480104157665051,0.0,0.0,-0.0003402902005362192,0.0,0.10421253251169042,0.0,0.01464569827121428,-5.381034699585851
0.8978852242974306,-0.013393920132778136,0.0,0.0,0.0031561954035406537,0.0,0.10336201564628826,0.0,-0.13583901473627605,-5.487483277321583
0.9078617267896243,-0.011250381285610638,0.0,0.0,0.006639165694351633,0.0,0.10206888676146336,0.0,-0.28574204422828076,-5.570433609210065
0.9178382292818179,-0.009058666578588224,0.0,0.0,0.010093706058396094,0.0,0.10033868323362534,0.0,-0.4344214824189814,-5.629530489195385
0.9278147317740115,-0.006828161270564506,0.0,0.0,0.013505023623484554,0.0,0.09817881405990603,0.0,-0.5812406611283645,-5.6645208553647235
0.9377912342662053,-0.004568416727701809,0.0,0.0,0.016858510604088356,0.0,0.09559852813169643,0.0,-0.7255708780931083,-5.675254873598329
0.947767736758399,-0.0022891095230549983,0.0,0.0,0.020139806854119816,0.0,0.09260887462947386,0.0,-0.8667940891661896,-5.6616865791822075
0.9577442392505926,-8.572527594031473e-18,0.0,0.0,0.023334861359282495,0.0,0.08922265570851484,0.0,-1.00430555487681,-5.623874073636093
0.9677207417427862,0.0022891095230549805,0.0,0.0,0.026429992405671635,0.0,0.08545437167810066,0.0,-1.1375164300176541,-5.561979275913812
0.97769724423498,0.004568416727701792,0.0,0.0,0.029411946166973478,0.0,0.08132015890896699,0.0,-1.265856285170465,-5.476267229041474
0.9876737467271737,0.006828161270564489,0.0,0.0,0.03226795345938422,0.0,0.07683772073488719,0.0,-1.3887755493723835,-5.367104965162541
0.9976502492193673,0.009058666578588238,0.0,0.0,0.034985784421215534,0.0,0.07202625164427912,0.0,-1.505747863463188,-5.2349599338498365
1.007626751711561,0.01125038128561065,0.0,0.0,0.03755380088303983,0.0,0.06690635508645898,0.0,-1.6162723340360243,-5.08039800041472
1.0176032542037547,0.01339392013277818,0.0,0.0,0.03996100620411862,0.0,0.061499955244507985,0.0,-1.7198756783398783,-4.904081022784932
1.0275797566959484,0.015480104157665065,0.0,0.0,0.04219709236170602,0.0,0.05583020315255524,0.0,-1.8161142509489603,-4.706764017327367
1.037556259188142,0.0175,0.0,0.0,0.04425248409158512,0.0,0.04992137755949455,0.0,-1.9045759435205467,-4.489291925752049
1.0475327616803356,0.019444958155686067,0.0,0.0,0.046118379890819114,0.0,0.043798780963654804,0.0,-1.9848819495061603,-4.252595996942027
1.0575092641725292,0.021306650015305198,0.0,0.0,0.04778678970713813,0.0,0.0374886312636175,0.0,-2.056688386259368,-3.9976897992026847
1.067485766664723,0.02307710352850242,0.0,0.0,0.04925056915356979,0.0,0.031017949489149824,0.0,-2.119687767594069,-3.7256648800066445
1.0774622691569167,0.02474873734152916,0.0,0.0,0.05050345010180089,0.0,0.024414444093007543,0.0,-2.173610320487544,-3.4376860918199452
1.0874387716491103,0.026314393261764196,0.0,0.0,0.051540067523265384,0.0,0.017706392299085376,0.0,-2.218225140289965,-3.134986604024904
1.0974152741413041,0.027767366910193245,0.0,0.0,0.052355982463020145,0.0,0.010922519015003537,0.0,-2.2533411794935456,-2.8188626222995197
1.1073917766334977,0.029101436430589087,0.0,0.0,0.05294770104803158,0.0,0.004091873827644009,0.0,-2.278808065827303,-2.4906678380657947
1.1173682791256914,0.030310889132455363,0.0,0.0,0.053312689448476405,0.0,-0.002756293391641487,0.0,-2.294516746174209,-2.151807631775184
1.127344781617885,0.03139054595364409,0.0,0.0,0.053449384727989865,0.0,-0.009592657739470017,0.0,-2.3003999535533777,-1.8037330548537995
1.1373212841100786,0.03233578363789503,0.0,0.0,0.05335720153639925,0.0,-0.016387944854166524,0.0,-2.296432495167605,-1.447934616077395
1.1472977866022724,0.03314255453232871,0.0,0.0,0.05303653461628315,0.0,-0.023113056273074608,0.0,-2.2826313602827932,-1.0859358989839705
1.157274289094466,0.03380740392011739,0.0,0.0,0.05248875711262322,0.0,-0.029739194036640257,0.0,-2.2590556474773096,-0.7192870376551945
1.1672507915866597,0.03432748481411307,0.0,0.0,0.05171621469278645,0.0,-0.03623798400569688,0.0,-2.225806311572796,-0.34955807880422407
1.1772272940788535,0.03470057014808337,0.0,0.0,0.05072221550201742,0.0,-0.04258159736388477,0.0,-2.183025731330125,0.021667741405328567
1.1872037965710471,0.03492506231335112,0.0,0.0,0.04951101599745258,0.0,-0.04874286978491457,0.0,-2.1308970997616914,0.39280077701968175
1.1971802990632407,0.035,0.0,0.0,0.0480878027213172,0.0,-0.054695417754383864,0.0,-2.069643639670805,0.762251779402964
1.2071568015554344,0.03492506231335113,0.0,0.0,0.04645867009135536,0.0,-0.06041375154803559,0.0,-1.9995276477773758,1.12843870264382
1.217133304047628,0.03470057014808337,0.0,0.0,0.044630594303597525,0.0,-0.06587338438267085,0.0,-1.9208493715230939,1.4897934781189004
1.2271098065398218,0.03432748481411307,0.0,0.0,0.04261140345921815,0.0,-0.0710509372723136,0.0,-1.8339457233657879,1.8447687292034238
1.2370863090320154,0.0338074039201174,0.0,0.0,0.040409744043404826,0.0,-0.07592423914061777,0.0,-1.7391888380685638,2.1918443973754362
1.247062811524209,0.03314255453232871,0.0,0.0,0.038035043899780824,0.0,-0.08047242176082071,0.0,-1.6369844791616004,2.5295342513398227
1.257039314016403,0.03233578363789504,0.0,0.0,0.03549747185893177,0.0,-0.08467600911669286,0.0,-1.5277703014004367,2.856392251298809
1.2670158165085965,0.031390545953644086,0.0,0.0,0.03280789419391175,0.0,-0.0885170008018299,0.0,-1.4120139766611128,3.1710187411164164
1.2769923190007901,0.030310889132455374,0.0,0.0,0.02997782808919394,0.0,-0.09197894910015623,0.0,-1.2902111912974001,3.4720664418609024
1.2869688214929837,0.029101436430589097,0.0,0.0,0.027019392322318224,0.0,-0.09504702941757062,0.0,-1.1628835235357233,3.75824622106001
1.2969453239851774,0.02776736691019324,0.0,0.0,0.02394525536942576,0.0,-0.09770810376313355,0.0,-1.0305762099971394,4.028332612964081
1.3069218264773712,0.026314393261764206,0.0,0.0,0.020768581156898933,0.0,-0.09995077700796175,0.0,-0.8938558109104099,4.281169066178568
1.3168983289695648,0.024748737341529152,0.0,0.0,0.017502972691407676,0.0,-0.10176544568091941,0.0,-0.7533077840141211,4.515672896194646
1.3268748314617584,0.023077103528502434,0.0,0.0,0.014162413809746649,0.0,-0.10314433909215588,0.0,-0.6095339775367729,4.730839921610495
1.3368513339539523,0.02130665001530519,0.0,0.0,0.010761209297898786,0.0,-0.10408155260839277,0.0,-0.46315005299024586,4.925748764190263
1.346827836446146,0.01944495815568608,0.0,0.0,0.007313923635746592,0.0,-0.10457307293746984,0.0,-0.31478284881273255,5.099564794347049
1.3568043389383395,0.017499999999999995,0.0,0.0,0.0038353186297320555,0.0,-0.10461679531387845,0.0,-0.16506769615025713,5.251543705155016
1.3667808414305331,0.015480104157665082,0.0,0.0,0.0003402902005362747,0.0,-0.10421253251169042,0.0,-0.01464569827121667,5.3810346995858485
1.3767573439227268,0.013393920132778169,0.0,0.0,-0.0031561954035405986,0.0,-0.10336201564628827,0.0,0.1358390147362737,5.487483277321581
1.3867338464149206,0.01125038128561067,0.0,0.0,-0.006639165694351581,0.0,-0.10206888676146339,0.0,0.28574204422827854,5.570433609210065
1.3967103489071142,0.00905866657858823,0.0,0.0,-0.01009370605839609,0.0,-0.10033868323362534,0.0,0.43442148241898115,5.629530489195384
1.4066868513993078,0.00682816127056448,0.0,0.0,-0.013505023623484595,0.0,-0.09817881405990601,0.0,0.5812406611283663,5.664520855364724
1.4166633538915017,0.004568416727701783,0.0,0.0,-0.016858510604088394,0.0,-0.0955985281316964,0.0,0.7255708780931099,5.6752548735983295
1.4266398563836953,0.002289109523054971,0.0,0.0,-0.020139806854119854,0.0,-0.09260887462947383,0.0,0.8667940891661913,5.6616865791822075
1.436616358875889,1.285879139104721e-17,0.0,0.0,-0.023334861359282488,0.0,-0.08922265570851484,0.0,1.0043055548768096,5.623874073636093
1.4465928613680825,-0.0022891095230550074,0.0,0.0,-0.02642999240567167,0.0,-0.08545437167810062,0.0,1.1375164300176555,5.56197927591381
1.4565693638602761,-0.004568416727701757,0.0,0.0,-0.029411946166973433,0.0,-0.08132015890896706,0.0,1.265856285170463,5.476267229041476
1.46654586635247,-0.006828161270564515,0.0,0.0,-0.032267953459384255,0.0,-0.07683772073488714,0.0,1.388775549372385,5.3671049651625395
1.4765223688446636,-0.009058666578588205,0.0,0.0,-0.03498578442121549,0.0,-0.07202625164427919,0.0,1.5057478634631862,5.234959933849838
1.4864988713368572,-0.011250381285610647,0.0,0.0,-0.03755380088303983,0.0,-0.066906355086459,0.0,1.6162723340360243,5.0803980004147204
1.496475373829051,-0.013393920132778146,0.0,0.0,-0.03996100620411858,0.0,-0.06149995524450807,0.0,1.7198756783398768,4.9040810227849345
1.5064518763212447,-0.015480104157665061,0.0,0.0,-0.04219709236170602,0.0,-0.055830203152555255,0.0,1.8161142509489603,4.706764017327368
1.5164283788134383,-0.017500000000000026,0.0,0.0,-0.044252484091585144,0.0,-0.04992137755949449,0.0,1.9045759435205476,4.489291925752047
1.526404881305632,-0.019444958155686063,0.0,0.0,-0.04611837989081911,0.0,-0.043798780963654804,0.0,1.98488194950616,4.252595996942027
1.5363813837978255,-0.02130665001530522,0.0,0.0,-0.04778678970713814,0.0,-0.03748863126361741,0.0,2.0566883862593683,3.9976897992026803
1.5463578862900194,-0.023077103528502417,0.0,0.0,-0.04925056915356978,0.0,-0.03101794948914983,0.0,2.1196877675940686,3.725664880006645
1.556334388782213,-0.02474873734152918,0.0,0.0,-0.050503450101800906,0.0,-0.024414444093007467,0.0,2.1736103204875445,3.437686091819942
1.5663108912744066,-0.026314393261764192,0.0,0.0,-0.05154006752326538,0.0,-0.017706392299085383,0.0,2.218225140289965,3.1349866040249044
1.5762873937666004,-0.02776736691019326,0.0,0.0,-0.05235598246302015,0.0,-0.010922519015003457,0.0,2.253341179493546,2.818862622299516
1.586263896258794,-0.029101436430589083,0.0,0.0,-0.05294770104803157,0.0,-0.004091873827644026,0.0,2.2788080658273024,2.4906678380657947
1.5962403987509877,-0.030310889132455356,0.0,0.0,-0.0533126894484764,0.0,0.00275629339164147,0.0,2.294516746174209,2.151807631775185
1.6062169012431813,-0.03139054595364408,0.0,0.0,-0.053449384727989865,0.0,0.00959265773946991,0.0,2.3003999535533777,1.803733054853805
1.616193403735375,-0.03233578363789503,0.0,0.0,-0.053357201536399244,0.0,0.016387944854166506,0.0,2.2964324951676045,1.4479346160773954
1.6261699062275687,-0.03314255453232869,0.0,0.0,-0.05303653461628315,0.0,0.023113056273074504,0.0,2.2826313602827932,1.085935898983976
1.6361464087197624,-0.03380740392011739,0.0,0.0,-0.05248875711262323,0.0,0.029739194036640243,0.0,2.25905564747731,0.7192870376551954
1.646122911211956,-0.034327484814113074,0.0,0.0,-0.05171621469278644,0.0,0.036237984005696965,0.0,2.2258063115727955,0.3495580788042192
1.6560994137041498,-0.03470057014808337,0.0,0.0,-0.05072221550201742,0.0,0.042581597363884754,0.0,2.183025731330125,-0.02166774140532768
1.6660759161963434,-0.03492506231335113,0.0,0.0,-0.04951101599745257,0.0,0.04874286978491464,0.0,2.130897099761691,-0.39280077701968574
1.676052418688537,-0.035,0.0,0.0,-0.0480878027213172,0.0,0.05469541775438385,0.0,2.069643639670805,-0.7622517794029631
1.6860289211807307,-0.03492506231335112,0.0,0.0,-0.046458670091355334,0.0,0.06041375154803566,0.0,1.9995276477773745,-1.1284387026438254
1.6960054236729243,-0.03470057014808337,0.0,0.0,-0.044630594303597546,0.0,0.06587338438267075,0.0,1.9208493715230948,-1.4897934781188942
1.7059819261651181,-0.03432748481411307,0.0,0.0,-0.042611403459218156,0.0,0.0710509372723136,0.0,1.833945723365788,-1.8447687292034236
1.7159584286573117,-0.0338074039201174,0.0,0.0,-0.04040974404340483,0.0,0.07592423914061776,0.0,1.7391888380685643,-2.191844397375435
1.7259349311495054,-0.03314255453232871,0.0,0.0,-0.038035043899780824,0.0,0.0804724217608207,0.0,1.6369844791616004,-2.529534251339822
1.7359114336416992,-0.03233578363789504,0.0,0.0,-0.035497471858931776,0.0,0.08467600911669285,0.0,1.527770301400437,-2.8563922512988076
1.7458879361338928,-0.031390545953644086,0.0,0.0,-0.03280789419391176,0.0,0.0885170008018299,0.0,1.412013976661113,-3.1710187411164164
1.7558644386260864,-0.030310889132455342,0.0,0.0,-0.029977828089193866,0.0,0.09197894910015632,0.0,1.290211191297397,-3.4720664418609104
1.76584094111828,-0.029101436430589097,0.0,0.0,-0.027019392322318224,0.0,0.09504702941757062,0.0,1.1628835235357233,-3.75824622106001
1.7758174436104737,-0.027767366910193242,0.0,0.0,-0.023945255369425766,0.0,0.09770810376313356,0.0,1.0305762099971398,-4.028332612964082
1.7857939461026675,-0.02631439326176421,0.0,0.0,-0.02076858115689894,0.0,0.09995077700796175,0.0,0.8938558109104101,-4.281169066178568
1.7957704485948611,-0.024748737341529155,0.0,0.0,-0.017502972691407687,0.0,0.10176544568091941,0.0,0.7533077840141216,-4.515672896194645
1.8057469510870547,-0.023077103528502438,0.0,0.0,-0.014162413809746659,0.0,0.10314433909215588,0.0,0.6095339775367733,-4.730839921610495
1.8157234535792486,-0.021306650015305195,0.0,0.0,-0.010761209297898793,0.0,0.10408155260839277,0.0,0.46315005299024614,-4.925748764190262
1.8256999560714422,-0.019444958155686087,0.0,0.0,-0.0073139236357465985,0.0,0.10457307293746984,0.0,0.31478284881273283,-5.099564794347048
1.8356764585636358,-0.017499999999999998,0.0,0.0,-0.0038353186297320615,0.0,0.10461679531387845,0.0,0.16506769615025738,-5.251543705155016
1.8456529610558294,-0.015480104157665086,0.0,0.0,-0.0003402902005362807,0.0,0.10421253251169042,0.0,0.01464569827121693,-5.3810346995858485
1.855629463548023,-0.013393920132778172,0.0,0.0,0.003156195403540595,0.0,0.10336201564628829,0.0,-0.13583901473627352,-5.487483277321582
1.865605966040217,-0.011250381285610674,0.0,0.0,0.0066391656943515735,0.0,0.10206888676146339,0.0,-0.2857420442282782,-5.570433609210064
1.8755824685324105,-0.009058666578588235,0.0,0.0,0.010093706058396079,0.0,0.10033868323362534,0.0,-0.4344214824189807,-5.629530489195384
1.8855589710246041,-0.006828161270564483,0.0,0.0,0.01350502362348459,0.0,0.09817881405990601,0.0,-0.581240661128366,-5.664520855364724
1.895535473516798,-0.004568416727701787,0.0,0.0,0.016858510604088387,0.0,0.0955985281316964,0.0,-0.7255708780931096,-5.6752548735983295
1.9055119760089916,-0.0022891095230549753,0.0,0.0,0.020139806854119847,0.0,0.09260887462947384,0.0,-0.8667940891661909,-5.661686579182209
1.9154884785011852,-1.7145055188062947e-17,0.0,0.0,0.02333486135928248,0.0,0.08922265570851486,0.0,-1.0043055548768094,-5.623874073636092
1.9254649809933788,0.0022891095230550035,0.0,0.0,0.026429992405671662,0.0,0.08545437167810062,0.0,-1.1375164300176552,-5.56197927591381
1.9354414834855724,0.004568416727701753,0.0,0.0,0.02941194616697343,0.0,0.08132015890896706,0.0,-1.265856285170463,-5.476267229041476
1.9454179859777663,0.006828161270564511,0.0,0.0,0.03226795345938425,0.0,0.07683772073488715,0.0,-1.3887755493723848,-5.3671049651625395
1.95539448846996,0.009058666578588202,0.0,0.0,0.03498578442121549,0.0,0.0720262516442792,0.0,-1.5057478634631862,-5.23495993384984
1.9653709909621535,0.011250381285610643,0.0,0.0,0.03755380088303982,0.0,0.066906355086459,0.0,-1.6162723340360239,-5.0803980004147204
1.9753474934543473,0.013393920132778141,0.0,0.0,0.039961006204118577,0.0,0.061499955244508075,0.0,-1.7198756783398765,-4.9040810227849345
1.985323995946541,0.015480104157665056,0.0,0.0,0.04219709236170601,0.0,0.05583020315255526,0.0,-1.8161142509489598,-4.706764017327368
1.9953004984387346,0.017500000000000022,0.0,0.0,0.044252484091585144,0.0,0.049921377559494495,0.0,-1.9045759435205476,-4.489291925752047
2.005277000930928,0.01944495815568606,0.0,0.0,0.04611837989081911,0.0,0.043798780963654825,0.0,-1.98488194950616,-4.252595996942029
2.015253503423122,0.021306650015305212,0.0,0.0,0.047786789707138136,0.0,0.03748863126361743,0.0,-2.056688386259368,-3.997689799202681
2.0252300059153154,0.023077103528502365,0.0,0.0,0.04925056915356974,0.0,0.031017949489150026,0.0,-2.119687767594067,-3.725664880006653
2.0352065084075095,0.024748737341529218,0.0,0.0,0.050503450101800934,0.0,0.024414444093007304,0.0,-2.173610320487546,-3.437686091819935
2.045183010899703,0.02631439326176423,0.0,0.0,0.0515400675232654,0.0,0.017706392299085213,0.0,-2.2182251402899658,-3.1349866040248964
2.0551595133918967,0.027767366910193256,0.0,0.0,0.05235598246302015,0.0,0.010922519015003466,0.0,-2.253341179493546,-2.818862622299516
2.0651360158840903,0.02910143643058908,0.0,0.0,0.05294770104803158,0.0,0.004091873827644043,0.0,-2.278808065827303,-2.4906678380657965
2.075112518376284,0.030310889132455356,0.0,0.0,0.053312689448476405,0.0,-0.00275629339164146,0.0,-2.294516746174209,-2.1518076317751853
2.0850890208684776,0.03139054595364407,0.0,0.0,0.05344938472798986,0.0,-0.009592657739469894,0.0,-2.3003999535533772,-1.8037330548538055
2.095065523360671,0.03233578363789503,0.0,0.0,0.053357201536399244,0.0,-0.016387944854166496,0.0,-2.2964324951676045,-1.447934616077396
2.105042025852865,0.03314255453232869,0.0,0.0,0.05303653461628316,0.0,-0.023113056273074493,0.0,-2.2826313602827937,-1.085935898983977
2.1150185283450584,0.03380740392011738,0.0,0.0,0.05248875711262324,0.0,-0.02973919403664005,0.0,-2.2590556474773105,-0.7192870376552061
2.1249950308372525,0.03432748481411307,0.0,0.0,0.051716214692786436,0.0,-0.036237984005696944,0.0,-2.2258063115727955,-0.3495580788042203
2.134971533329446,0.03470057014808337,0.0,0.0,0.05072221550201742,0.0,-0.04258159736388475,0.0,-2.183025731330125,0.021667741405327234
2.1449480358216397,0.03492506231335113,0.0,0.0,0.04951101599745257,0.0,-0.04874286978491463,0.0,-2.130897099761691,0.3928007770196853
2.1549245383138333,0.035,0.0,0.0,0.048087802721317206,0.0,-0.05469541775438384,0.0,-2.069643639670805,0.7622517794029631
2.164901040806027,0.03492506231335112,0.0,0.0,0.04645867009135534,0.0,-0.06041375154803565,0.0,-1.999527647777375,1.128438702643825
2.1748775432982206,0.03470057014808337,0.0,0.0,0.044630594303597546,0.0,-0.06587338438267075,0.0,-1.9208493715230948,1.4897934781188942
2.184854045790414,0.034327484814113074,0.0,0.0,0.04261140345921822,0.0,-0.07105093727231343,0.0,-1.8339457233657908,1.844768729203412
2.1948305482826083,0.033807403920117385,0.0,0.0,0.040409744043404784,0.0,-0.07592423914061788,0.0,-1.739188838068562,2.1918443973754433
2.204807050774802,0.033142554532328686,0.0,0.0,0.03803504389978076,0.0,-0.08047242176082081,0.0,-1.6369844791615977,2.5295342513398307
2.2147835532669955,0.03233578363789504,0.0,0.0,0.03549747185893178,0.0,-0.08467600911669285,0.0,-1.5277703014004371,2.856392251298807
2.224760055759189,0.031390545953644086,0.0,0.0,0.03280789419391176,0.0,-0.08851700080182989,0.0,-1.412013976661113,3.1710187411164164
2.2347365582513827,0.030310889132455346,0.0,0.0,0.029977828089193873,0.0,-0.09197894910015632,0.0,-1.2902111912973975,3.4720664418609095
2.2447130607435763,0.0291014364305891,0.0,0.0,0.027019392322318227,0.0,-0.09504702941757061,0.0,-1.1628835235357233,3.758246221060009
2.25468956323577,0.027767366910193242,0.0,0.0,0.02394525536942577,0.0,-0.09770810376313355,0.0,-1.0305762099971398,4.028332612964081
2.2646660657279636,0.026314393261764255,0.0,0.0,0.02076858115689903,0.0,-0.09995077700796169,0.0,-0.893855810910414,4.281169066178561
2.274642568220157,0.024748737341529204,0.0,0.0,0.01750297269140778,0.0,-0.10176544568091936,0.0,-0.7533077840141257,4.515672896194637
2.2846190707123513,0.023077103528502396,0.0,0.0,0.014162413809746578,0.0,-0.10314433909215591,0.0,-0.6095339775367697,4.7308399216104995
2.294595573204545,0.021306650015305195,0.0,0.0,0.010761209297898793,0.0,-0.10408155260839277,0.0,-0.46315005299024614,4.925748764190262
2.3045720756967385,0.01944495815568609,0.0,0.0,0.007313923635746605,0.0,-0.10457307293746984,0.0,-0.3147828488127331,5.099564794347048
2.314548578188932,0.0175,0.0,0.0,0.003835318629732071,0.0,-0.10461679531387845,0.0,-0.1650676961502578,5.251543705155015
2.3245250806811257,0.015480104157665035,0.0,0.0,0.0003402902005361932,0.0,-0.10421253251169041,0.0,-0.014645698271213163,5.381034699585851
2.3345015831733194,0.013393920132778177,0.0,0.0,-0.003156195403540588,0.0,-0.10336201564628829,0.0,0.13583901473627324,5.487483277321582
2.344478085665513,0.011250381285610678,0.0,0.0,-0.006639165694351568,0.0,-0.1020688867614634,0.0,0.285742044228278,5.570433609210065
2.354454588157707,0.009058666578588177,0.0,0.0,-0.010093706058396166,0.0,-0.1003386832336253,0.0,0.43442148241898443,5.629530489195385
2.3644310906499006,0.006828161270564427,0.0,0.0,-0.013505023623484672,0.0,-0.09817881405990594,0.0,0.5812406611283695,5.6645208553647235
2.3744075931420943,0.004568416727701791,0.0,0.0,-0.016858510604088384,0.0,-0.09559852813169642,0.0,0.7255708780931095,5.67525487359833
2.384384095634288,0.0022891095230549796,0.0,0.0,-0.020139806854119844,0.0,-0.09260887462947384,0.0,0.8667940891661908,5.661686579182208
2.3943605981264815,2.1431318985078683e-17,0.0,0.0,-0.023334861359282477,0.0,-0.08922265570851486,0.0,1.0043055548768092,5.623874073636092
2.404337100618675,-0.002289109523054999,0.0,0.0,-0.02642999240567166,0.0,-0.08545437167810063,0.0,1.137516430017655,5.561979275913812
2.4143136031108687,-0.004568416727701749,0.0,0.0,-0.029411946166973423,0.0,-0.08132015890896707,0.0,1.2658562851704624,5.4762672290414764
2.4242901056030624,-0.006828161270564446,0.0,0.0,-0.032267953459384165,0.0,-0.07683772073488727,0.0,1.388775549372381,5.367104965162543
2.434266608095256,-0.009058666578588196,0.0,0.0,-0.03498578442121548,0.0,-0.07202625164427921,0.0,1.5057478634631858,5.23495993384984
2.44424311058745,-0.011250381285610638,0.0,0.0,-0.03755380088303981,0.0,-0.06690635508645901,0.0,1.6162723340360237,5.0803980004147204
2.4542196130796436,-0.013393920132778195,0.0,0.0,-0.03996100620411863,0.0,-0.06149995524450794,0.0,1.719875678339879,4.904081022784929
2.4641961155718373,-0.015480104157665053,0.0,0.0,-0.04219709236170601,0.0,-0.05583020315255528,0.0,1.8161142509489598,4.706764017327369
2.474172618064031,-0.017499999999999964,0.0,0.0,-0.04425248409158508,0.0,-0.04992137755949467,0.0,1.904575943520545,4.489291925752054
2.4841491205562245,-0.019444958155686105,0.0,0.0,-0.04611837989081914,0.0,-0.04379878096365466,0.0,1.9848819495061614,4.252595996942021
2.494125623048418,-0.02130665001530521,0.0,0.0,-0.047786789707138136,0.0,-0.03748863126361744,0.0,2.056688386259368,3.997689799202682
2.5041021255406117,-0.02307710352850236,0.0,0.0,-0.04925056915356974,0.0,-0.031017949489150043,0.0,2.119687767594067,3.7256648800066543
2.514078628032806,-0.024748737341529173,0.0,0.0,-0.050503450101800906,0.0,-0.0244144440930075,0.0,2.1736103204875445,3.4376860918199434
2.5240551305249994,-0.026314393261764265,0.0,0.0,-0.05154006752326542,0.0,-0.017706392299085046,0.0,2.2182251402899666,3.134986604024889
2.534031633017193,-0.027767366910193252,0.0,0.0,-0.052355982463020145,0.0,-0.010922519015003483,0.0,2.2533411794935456,2.818862622299517
2.5440081355093866,-0.02910143643058908,0.0,0.0,-0.05294770104803158,0.0,-0.0040918738276440525,0.0,2.278808065827303,2.490667838065797
2.5539846380015803,-0.03031088913245532,0.0,0.0,-0.05331268944847639,0.0,0.002756293391641261,0.0,2.2945167461742084,2.151807631775195
2.563961140493774,-0.0313905459536441,0.0,0.0,-0.053449384727989865,0.0,0.009592657739470064,0.0,2.3003999535533777,1.803733054853797
2.5739376429859675,-0.03233578363789502,0.0,0.0,-0.053357201536399244,0.0,0.01638794485416648,0.0,2.2964324951676045,1.4479346160773972
2.583914145478161,-0.03314255453232867,0.0,0.0,-0.05303653461628318,0.0,0.023113056273074303,0.0,2.2826313602827946,1.0859358989839878
2.5938906479703547,-0.03380740392011739,0.0,0.0,-0.05248875711262323,0.0,0.029739194036640222,0.0,2.25905564747731,0.7192870376551965
2.603867150462549,-0.03432748481411308,0.0,0.0,-0.051716214692786415,0.0,0.0362379840056971,0.0,2.2258063115727946,0.3495580788042112
2.6138436529547424,-0.03470057014808337,0.0,0.0,-0.05072221550201743,0.0,0.042581597363884734,0.0,2.183025731330125,-0.021667741405326346
2.623820155446936,-0.03492506231335112,0.0,0.0,-0.04951101599745261,0.0,0.04874286978491446,0.0,2.1308970997616927,-0.3928007770196751
2.6337966579391296,-0.035,0.0,0.0,-0.048087802721317165,0.0,0.05469541775438399,0.0,2.069643639670803,-0.7622517794029724
2.6437731604313233,-0.03492506231335112,0.0,0.0,-0.04645867009135534,0.0,0.06041375154803564,0.0,1.999527647777375,-1.1284387026438236
2.653749662923517,-0.03470057014808337,0.0,0.0,-0.04463059430359755,0.0,0.06587338438267074,0.0,1.920849371523095,-1.4897934781188935
2.6637261654157105,-0.03432748481411307,0.0,0.0,-0.04261140345921816,0.0,0.07105093727231357,0.0,1.8339457233657883,-1.8447687292034216
2.6737026679079046,-0.03380740392011737,0.0,0.0,-0.040409744043404715,0.0,0.07592423914061801,0.0,1.7391888380685592,-2.191844397375453
2.683679170400098,-0.033142554532328686,0.0,0.0,-0.03803504389978076,0.0,0.0804724217608208,0.0,1.6369844791615977,-2.52953425133983
2.693655672892292,-0.03233578363789504,0.0,0.0,-0.03549747185893178,0.0,0.08467600911669283,0.0,1.5277703014004371,-2.8563922512988063
2.7036321753844854,-0.031390545953644065,0.0,0.0,-0.032807894193911696,0.0,0.08851700080182999,0.0,1.4120139766611104,-3.1710187411164235
2.713608677876679,-0.030310889132455346,0.0,0.0,-0.029977828089193876,0.0,0.0919789491001563,0.0,1.2902111912973975,-3.4720664418609077
2.7235851803688726,-0.029101436430589104,0.0,0.0,-0.027019392322318234,0.0,0.09504702941757062,0.0,1.1628835235357238,-3.758246221060009
2.7335616828610663,-0.027767366910193284,0.0,0.0,-0.02394525536942586,0.0,0.09770810376313348,0.0,1.0305762099971438,-4.028332612964073
2.74353818535326,-0.026314393261764216,0.0,0.0,-0.020768581156898943,0.0,0.09995077700796175,0.0,0.8938558109104103,-4.281169066178568
2.7535146878454535,-0.024748737341529208,0.0,0.0,-0.01750297269140779,0.0,0.10176544568091936,0.0,0.7533077840141261,-4.515672896194637
2.7634911903376476,-0.023077103528502396,0.0,0.0,-0.014162413809746581,0.0,0.10314433909215591,0.0,0.60953397753677,-4.7308399216104995
2.773467692829841,-0.02130665001530525,0.0,0.0,-0.010761209297898897,0.0,0.10408155260839276,0.0,0.46315005299025064,-4.925748764190256
2.783444195322035,-0.019444958155686042,0.0,0.0,-0.007313923635746522,0.0,0.10457307293746985,0.0,0.31478284881272955,-5.099564794347052
2.7934206978142284,-0.017500000000000005,0.0,0.0,-0.003835318629732078,0.0,0.10461679531387845,0.0,0.1650676961502581,-5.251543705155015
2.803397200306422,-0.015480104157665094,0.0,0.0,-0.0003402902005362937,0.0,0.10421253251169042,0.0,0.014645698271217488,-5.381034699585848
2.8133737027986156,-0.013393920132778124,0.0,0.0,0.0031561954035406736,0.0,0.10336201564628826,0.0,-0.1358390147362769,-5.487483277321584
2.8233502052908093,-0.011250381285610681,0.0,0.0,0.0066391656943515604,0.0,0.1020688867614634,0.0,-0.28574204422827765,-5.570433609210065
2.8333267077830033,-0.009058666578588183,0.0,0.0,0.01009370605839616,0.0,0.1003386832336253,0.0,-0.4344214824189842,-5.629530489195385
2.843303210275197,-0.006828161270564492,0.0,0.0,0.013505023623484576,0.0,0.09817881405990601,0.0,-0.5812406611283654,-5.6645208553647235
2.8532797127673906,-0.0045684167277017336,0.0,0.0,0.016858510604088467,0.0,0.09559852813169635,0.0,-0.725570878093113,-5.6752548735983295
2.863256215259584,-0.002289109523054984,0.0,0.0,0.020139806854119837,0.0,0.09260887462947384,0.0,-0.8667940891661905,-5.661686579182208
2.873232717751778,-2.571758278209442e-17,0.0,0.0,0.02333486135928247,0.0,0.08922265570851487,0.0,-1.004305554876809,-5.623874073636093
2.8832092202439714,0.0022891095230549324,0.0,0.0,0.026429992405671572,0.0,0.08545437167810074,0.0,-1.1375164300176515,-5.561979275913814
2.893185722736165,0.004568416727701806,0.0,0.0,0.029411946166973495,0.0,0.08132015890896696,0.0,-1.2658562851704656,-5.476267229041474
2.9031622252283587,0.006828161270564442,0.0,0.0,0.03226795345938416,0.0,0.0768377207348873,0.0,-1.3887755493723808,-5.367104965162544
2.9131387277205523,0.009058666578588132,0.0,0.0,0.0349857844212154,0.0,0.07202625164427935,0.0,-1.5057478634631825,-5.234959933849844
2.9231152302127463,0.011250381285610633,0.0,0.0,0.03755380088303981,0.0,0.06690635508645902,0.0,-1.6162723340360237,-5.080398000414721
2.93309173270494,0.01339392013277819,0.0,0.0,0.039961006204118625,0.0,0.061499955244507944,0.0,-1.7198756783398785,-4.904081022784929
2.9430682351971336,0.01548010415766505,0.0,0.0,0.042197092361706004,0.0,0.05583020315255529,0.0,-1.8161142509489596,-4.706764017327369
2.953044737689327,0.01749999999999996,0.0,0.0,0.04425248409158508,0.0,0.049921377559494676,0.0,-1.904575943520545,-4.489291925752054
2.963021240181521,0.0194449581556861,0.0,0.0,0.04611837989081914,0.0,0.04379878096365468,0.0,-1.9848819495061614,-4.252595996942022
2.9729977426737144,0.021306650015305205,0.0,0.0,0.04778678970713813,0.0,0.03748863126361745,0.0,-2.056688386259368,-3.997689799202682
2.982974245165908,0.023077103528502358,0.0,0.0,0.049250569153569734,0.0,0.03101794948915005,0.0,-2.1196877675940664,-3.725664880006654
2.992950747658102,0.024748737341529166,0.0,0.0,0.0505034501018009,0.0,0.02441444409300752,0.0,-2.1736103204875445,-3.437686091819945
3.0029272501502957,0.026314393261764265,0.0,0.0,0.05154006752326542,0.0,0.017706392299085057,0.0,-2.2182251402899666,-3.1349866040248893
3.0129037526424893,0.027767366910193252,0.0,0.0,0.05235598246302015,0.0,0.010922519015003494,0.0,-2.253341179493546,-2.818862622299518
3.022880255134683,0.029101436430589073,0.0,0.0,0.05294770104803157,0.0,0.0040918738276440525,0.0,-2.2788080658273024,-2.4906678380657965
3.0328567576268766,0.030310889132455384,0.0,0.0,0.053312689448476405,0.0,-0.002756293391641621,0.0,-2.294516746174209,-2.151807631775177
3.04283326011907,0.03139054595364409,0.0,0.0,0.053449384727989865,0.0,-0.009592657739470054,0.0,-2.3003999535533777,-1.8037330548537978
3.052809762611264,0.03233578363789502,0.0,0.0,0.053357201536399244,0.0,-0.01638794485416647,0.0,-2.2964324951676045,-1.4479346160773972
3.0627862651034574,0.03314255453232867,0.0,0.0,0.053036534616283174,0.0,-0.023113056273074285,0.0,-2.282631360282794,-1.085935898983988
3.072762767595651,0.03380740392011739,0.0,0.0,0.05248875711262323,0.0,-0.029739194036640212,0.0,-2.25905564747731,-0.719287037655197
3.082739270087845,0.03432748481411308,0.0,0.0,0.051716214692786415,0.0,-0.03623798400569709,0.0,-2.2258063115727946,-0.34955807880421186
3.0927157725800387,0.03470057014808337,0.0,0.0,0.05072221550201743,0.0,-0.04258159736388473,0.0,-2.183025731330125,0.021667741405326346
3.1026922750722323,0.03492506231335112,0.0,0.0,0.04951101599745261,0.0,-0.04874286978491445,0.0,-2.1308970997616927,0.3928007770196742
3.112668777564426,0.035,0.0,0.0,0.04808780272131717,0.0,-0.05469541775438398,0.0,-2.0696436396708036,0.7622517794029715
3.1226452800566196,0.03492506231335113,0.0,0.0,0.04645867009135535,0.0,-0.060413751548035625,0.0,-1.9995276477773751,1.128438702643823
3.132621782548813,0.03470057014808337,0.0,0.0,0.04463059430359755,0.0,-0.06587338438267072,0.0,-1.920849371523095,1.489793478118893
3.142598285041007,0.03432748481411307,0.0,0.0,0.04261140345921817,0.0,-0.07105093727231357,0.0,-1.8339457233657888,1.8447687292034212
3.152574787533201,0.03380740392011737,0.0,0.0,0.04040974404340472,0.0,-0.075924239140618,0.0,-1.7391888380685594,2.191844397375452
3.1625512900253945,0.03314255453232869,0.0,0.0,0.038035043899780775,0.0,-0.0804724217608208,0.0,-1.6369844791615982,2.529534251339829
3.172527792517588,0.03233578363789504,0.0,0.0,0.03549747185893179,0.0,-0.08467600911669283,0.0,-1.5277703014004376,2.8563922512988063
3.1825042950097817,0.031390545953644065,0.0,0.0,0.0328078941939117,0.0,-0.08851700080182998,0.0,-1.4120139766611106,3.171018741116422
3.1924807975019753,0.03031088913245535,0.0,0.0,0.02997782808919388,0.0,-0.0919789491001563,0.0,-1.2902111912973977,3.4720664418609077
3.202457299994169,0.029101436430589104,0.0,0.0,0.027019392322318238,0.0,-0.09504702941757061,0.0,-1.1628835235357238,3.7582462210600083
3.2124338024863626,0.027767366910193284,0.0,0.0,0.023945255369425864,0.0,-0.09770810376313346,0.0,-1.030576209997144,4.028332612964072
3.222410304978556,0.02631439326176422,0.0,0.0,0.020768581156898953,0.0,-0.09995077700796173,0.0,-0.8938558109104108,4.281169066178566
3.23238680747075,0.02474873734152921,0.0,0.0,0.01750297269140779,0.0,-0.10176544568091936,0.0,-0.7533077840141261,4.515672896194637
3.242363309962944,0.0230771035285024,0.0,0.0,0.014162413809746583,0.0,-0.1031443390921559,0.0,-0.60953397753677,4.7308399216104995
3.2523398124551375,0.021306650015305253,0.0,0.0,0.0107612092978989,0.0,-0.10408155260839276,0.0,-0.46315005299025075,4.925748764190256
3.262316314947331,0.019444958155686046,0.0,0.0,0.007313923635746526,0.0,-0.10457307293746985,0.0,-0.3147828488127297,5.099564794347052
3.2722928174395247,0.01750000000000001,0.0,0.0,0.003835318629732084,0.0,-0.10461679531387845,0.0,-0.16506769615025835,5.251543705155015
3.2822693199317183,0.015480104157665098,0.0,0.0,0.00034029020053630066,0.0,-0.10421253251169044,0.0,-0.014645698271217788,5.381034699585848
3.292245822423912,0.013393920132778129,0.0,0.0,-0.0031561954035406667,0.0,-0.10336201564628826,0.0,0.1358390147362766,5.487483277321584
3.3022223249161056,0.011250381285610688,0.0,0.0,-0.0066391656943515535,0.0,-0.1020688867614634,0.0,0.28574204422827737,5.570433609210064
3.3121988274082996,0.009058666578588186,0.0,0.0,-0.010093706058396155,0.0,-0.10033868323362531,0.0,0.434421482418984,5.629530489195385
3.3221753299004932,0.006828161270564496,0.0,0.0,-0.013505023623484571,0.0,-0.09817881405990603,0.0,0.5812406611283651,5.664520855364724
3.332151832392687,0.004568416727701739,0.0,0.0,-0.01685851060408846,0.0,-0.09559852813169635,0.0,0.7255708780931127,5.675254873598329
3.3421283348848805,0.0022891095230549883,0.0,0.0,-0.02013980685411983,0.0,-0.09260887462947386,0.0,0.8667940891661903,5.661686579182208
3.352104837377074,3.0003846579110155e-17,0.0,0.0,-0.023334861359282463,0.0,-0.08922265570851487,0.0,1.0043055548768087,5.623874073636093
3.3620813398692677,-0.002289109523054928,0.0,0.0,-0.026429992405671565,0.0,-0.08545437167810076,0.0,1.137516430017651,5.561979275913814
3.3720578423614613,-0.004568416727701801,0.0,0.0,-0.02941194616697349,0.0,-0.08132015890896696,0.0,1.2658562851704653,5.476267229041474
3.382034344853655,-0.006828161270564438,0.0,0.0,-0.03226795345938416,0.0,-0.0768377207348873,0.0,1.3887755493723808,5.367104965162544
3.3920108473458486,-0.009058666578588127,0.0,0.0,-0.0349857844212154,0.0,-0.07202625164427937,0.0,1.5057478634631825,5.2349599338498445
3.4019873498380426,-0.01125038128561063,0.0,0.0,-0.037553800883039806,0.0,-0.06690635508645904,0.0,1.6162723340360234,5.080398000414722
3.4119638523302362,-0.013393920132778186,0.0,0.0,-0.039961006204118625,0.0,-0.061499955244507964,0.0,1.7198756783398785,4.904081022784931
3.42194035482243,-0.015480104157665046,0.0,0.0,-0.042197092361706,0.0,-0.055830203152555304,0.0,1.8161142509489594,4.7067640173273695
3.4319168573146235,-0.017499999999999957,0.0,0.0,-0.044252484091585075,0.0,-0.04992137755949469,0.0,1.9045759435205447,4.489291925752054
3.441893359806817,-0.019444958155686098,0.0,0.0,-0.04611837989081914,0.0,-0.04379878096365469,0.0,1.9848819495061614,4.2525959969420235
3.4518698622990107,-0.021306650015305205,0.0,0.0,-0.04778678970713813,0.0,-0.03748863126361746,0.0,2.056688386259368,3.997689799202683
3.4618463647912043,-0.023077103528502358,0.0,0.0,-0.04925056915356974,0.0,-0.03101794948915006,0.0,2.119687767594067,3.725664880006655
3.4718228672833984,-0.024748737341529166,0.0,0.0,-0.0505034501018009,0.0,-0.024414444093007526,0.0,2.1736103204875445,3.437686091819945
3.481799369775592,-0.02631439326176426,0.0,0.0,-0.05154006752326542,0.0,-0.017706392299085074,0.0,2.2182251402899666,3.13498660402489
3.4917758722677856,-0.02776736691019325,0.0,0.0,-0.052355982463020145,0.0,-0.010922519015003511,0.0,2.2533411794935456,2.8188626222995183
3.5017523747599792,-0.029101436430589073,0.0,0.0,-0.05294770104803157,0.0,-0.004091873827644062,0.0,2.2788080658273024,2.490667838065797
3.511728877252173,-0.03031088913245538,0.0,0.0,-0.05331268944847641,0.0,0.002756293391641604,0.0,2.2945167461742093,2.151807631775178
3.5217053797443665,-0.03139054595364409,0.0,0.0,-0.053449384727989865,0.0,0.009592657739470043,0.0,2.3003999535533777,1.8037330548537982
3.53168188223656,-0.03233578363789502,0.0,0.0,-0.053357201536399244,0.0,0.01638794485416646,0.0,2.2964324951676045,1.4479346160773978
3.5416583847287537,-0.03314255453232867,0.0,0.0,-0.05303653461628318,0.0,0.023113056273074275,0.0,2.2826313602827946,1.0859358989839891
3.5516348872209473,-0.033807403920117385,0.0,0.0,-0.05248875711262323,0.0,0.029739194036640194,0.0,2.25905564747731,0.7192870376551981
3.5616113897131414,-0.03432748481411308,0.0,0.0,-0.05171621469278642,0.0,0.03623798400569708,0.0,2.2258063115727946,0.3495580788042123
3.571587892205335,-0.034700570148083365,0.0,0.0,-0.05072221550201743,0.0,0.042581597363884706,0.0,2.183025731330125,-0.021667741405325014
3.5815643946975286,-0.03492506231335112,0.0,0.0,-0.049511015997452605,0.0,0.04874286978491443,0.0,2.1308970997616927,-0.3928007770196733
3.5915408971897222,-0.035,0.0,0.0,-0.04808780272131717,0.0,0.05469541775438397,0.0,2.0696436396708036,-0.7622517794029706
3.601517399681916,-0.03492506231335113,0.0,0.0,-0.046458670091355354,0.0,0.06041375154803562,0.0,1.9995276477773756,-1.128438702643822
3.6114939021741095,-0.03470057014808338,0.0,0.0,-0.04463059430359756,0.0,0.06587338438267072,0.0,1.9208493715230954,-1.4897934781188926
3.621470404666303,-0.03432748481411307,0.0,0.0,-0.042611403459218176,0.0,0.07105093727231356,0.0,1.833945723365789,-1.8447687292034205
3.631446907158497,-0.03380740392011737,0.0,0.0,-0.04040974404340472,0.0,0.07592423914061798,0.0,1.7391888380685594,-2.1918443973754513
3.641423409650691,-0.03314255453232869,0.0,0.0,-0.038035043899780775,0.0,0.08047242176082078,0.0,1.6369844791615982,-2.529534251339828
3.6513999121428844,-0.03233578363789505,0.0,0.0,-0.035497471858931796,0.0,0.08467600911669282,0.0,1.5277703014004378,-2.856392251298806
3.661376414635078,-0.031390545953644065,0.0,0.0,-0.03280789419391171,0.0,0.08851700080182996,0.0,1.412013976661111,-3.1710187411164217
3.6713529171272716,-0.03031088913245535,0.0,0.0,-0.029977828089193883,0.0,0.09197894910015629,0.0,1.290211191297398,-3.4720664418609077
3.6813294196194652,-0.02910143643058911,0.0,0.0,-0.027019392322318248,0.0,0.0950470294175706,0.0,1.1628835235357242,-3.7582462210600074
3.691305922111659,-0.027767366910193287,0.0,0.0,-0.02394525536942587,0.0,0.09770810376313346,0.0,1.0305762099971443,-4.028332612964072
3.7012824246038525,-0.02631439326176422,0.0,0.0,-0.020768581156898957,0.0,0.09995077700796173,0.0,0.8938558109104109,-4.281169066178566
3.711258927096046,-0.02474873734152921,0.0,0.0,-0.01750297269140779,0.0,0.10176544568091936,0.0,0.7533077840141261,-4.515672896194637
3.72123542958824,-0.023077103528502403,0.0,0.0,-0.01416241380974659,0.0,0.1031443390921559,0.0,0.6095339775367703,-4.730839921610499
3.731211932080434,-0.021306650015305257,0.0,0.0,-0.010761209297898911,0.0,0.10408155260839276,0.0,0.4631500529902512,-4.925748764190256
3.7411884345726274,-0.01944495815568605,0.0,0.0,-0.007313923635746535,0.0,0.10457307293746985,0.0,0.3147828488127301,-5.099564794347051
3.751164937064821,-0.017500000000000012,0.0,0.0,-0.003835318629732091,0.0,0.10461679531387845,0.0,0.16506769615025865,-5.251543705155014
3.7611414395570146,-0.015480104157665101,0.0,0.0,-0.0003402902005363067,0.0,0.10421253251169042,0.0,0.014645698271218048,-5.381034699585847
3.7711179420492082,-0.013393920132778132,0.0,0.0,0.0031561954035406606,0.0,0.10336201564628826,0.0,-0.13583901473627635,-5.487483277321583
3.781094444541402,-0.011250381285610692,0.0,0.0,0.006639165694351547,0.0,0.10206888676146342,0.0,-0.28574204422827704,-5.570433609210064
3.791070947033596,-0.00905866657858819,0.0,0.0,0.010093706058396146,0.0,0.1003386832336253,0.0,-0.43442148241898365,-5.629530489195384
3.8010474495257895,-0.006828161270564501,0.0,0.0,0.013505023623484564,0.0,0.09817881405990603,0.0,-0.5812406611283649,-5.6645208553647235
3.811023952017983,-0.004568416727701742,0.0,0.0,0.016858510604088453,0.0,0.09559852813169635,0.0,-0.7255708780931125,-5.675254873598329
3.821000454510177,-0.0022891095230549927,0.0,0.0,0.020139806854119823,0.0,0.09260887462947386,0.0,-0.8667940891661899,-5.6616865791822075
3.8309769570023704,-3.4290110376125894e-17,0.0,0.0,0.023334861359282456,0.0,0.08922265570851488,0.0,-1.0043055548768083,-5.623874073636093
3.840953459494564,0.002289109523055048,0.0,0.0,0.026429992405671725,0.0,0.08545437167810055,0.0,-1.137516430017658,-5.56197927591381
3.8509299619867576,0.004568416727701798,0.0,0.0,0.02941194616697349,0.0,0.08132015890896699,0.0,-1.2658562851704653,-5.476267229041475
3.8609064644789512,0.006828161270564433,0.0,0.0,0.03226795345938415,0.0,0.07683772073488732,0.0,-1.3887755493723806,-5.367104965162545
3.870882966971145,0.009058666578588124,0.0,0.0,0.034985784421215395,0.0,0.07202625164427938,0.0,-1.5057478634631822,-5.234959933849845
3.880859469463339,0.011250381285610744,0.0,0.0,0.03755380088303994,0.0,0.06690635508645874,0.0,-1.616272334036029,-5.0803980004147125
3.8908359719555325,0.013393920132778183,0.0,0.0,0.03996100620411862,0.0,0.06149995524450797,0.0,-1.7198756783398783,-4.904081022784931
3.900812474447726,0.01548010415766504,0.0,0.0,0.04219709236170599,0.0,0.05583020315255531,0.0,-1.816114250948959,-4.706764017327369
3.91078897693992,0.017499999999999953,0.0,0.0,0.044252484091585075,0.0,0.04992137755949471,0.0,-1.9045759435205447,-4.489291925752056
3.9207654794321134,0.019444958155686098,0.0,0.0,0.04611837989081914,0.0,0.04379878096365469,0.0,-1.9848819495061614,-4.2525959969420235
3.930741981924307,0.0213066500153052,0.0,0.0,0.04778678970713813,0.0,0.037488631263617476,0.0,-2.056688386259368,-3.997689799202684
3.9407184844165006,0.023077103528502355,0.0,0.0,0.049250569153569734,0.0,0.031017949489150078,0.0,-2.1196877675940664,-3.725664880006655
3.9506949869086947,0.024748737341529162,0.0,0.0,0.05050345010180089,0.0,0.024414444093007533,0.0,-2.173610320487544,-3.437686091819945
3.9606714894008883,0.026314393261764258,0.0,0.0,0.05154006752326541,0.0,0.01770639229908508,0.0,-2.218225140289966,-3.13498660402489
3.970647991893082,0.027767366910193245,0.0,0.0,0.05235598246302014,0.0,0.010922519015003518,0.0,-2.2533411794935456,-2.818862622299519
3.9806244943852755,0.02910143643058907,0.0,0.0,0.05294770104803157,0.0,0.004091873827644079,0.0,-2.2788080658273024,-2.490667838065798
3.990600996877469,0.030310889132455377,0.0,0.0,0.053312689448476405,0.0,-0.002756293391641587,0.0,-2.294516746174209,-2.1518076317751786
4.000577499369663,0.03139054595364409,0.0,0.0,0.05344938472798986,0.0,-0.009592657739470028,0.0,-2.3003999535533772,-1.8037330548537986
4.010554001861856,0.03233578363789502,0.0,0.0,0.05335720153639925,0.0,-0.01638794485416645,0.0,-2.296432495167605,-1.447934616077399
4.02053050435405,0.033142554532328665,0.0,0.0,0.053036534616283174,0.0,-0.02311305627307426,0.0,-2.282631360282794,-1.0859358989839893
4.030507006846244,0.033807403920117385,0.0,0.0,0.052488757112623234,0.0,-0.029739194036640184,0.0,-2.2590556474773105,-0.719287037655199
4.040483509338437,0.03432748481411305,0.0,0.0,0.05171621469278647,0.0,-0.03623798400569672,0.0,-2.225806311572797,-0.3495580788042332
4.050460011830631,0.03470057014808335,0.0,0.0,0.05072221550201749,0.0,-0.04258159736388435,0.0,-2.183025731330128,0.02166774140530414
4.0604365143228245,0.03492506231335112,0.0,0.0,0.04951101599745261,0.0,-0.04874286978491442,0.0,-2.1308970997616927,0.39280077701967286
4.070413016815019,0.035,0.0,0.0,0.048087802721317095,0.0,-0.05469541775438427,0.0,-2.0696436396708005,0.7622517794029893
4.080389519307213,0.03492506231335112,0.0,0.0,0.04645867009135526,0.0,-0.06041375154803592,0.0,-1.9995276477773714,1.1284387026438418
4.090366021799406,0.034700570148083365,0.0,0.0,0.04463059430359746,0.0,-0.065873384382671,0.0,-1.9208493715230912,1.489793478118911
4.1003425242916,0.03432748481411307,0.0,0.0,0.042611403459218176,0.0,-0.07105093727231354,0.0,-1.833945723365789,1.8447687292034196
4.1103190267837935,0.03380740392011738,0.0,0.0,0.04040974404340473,0.0,-0.07592423914061798,0.0,-1.7391888380685596,2.1918443973754513
4.120295529275987,0.03314255453232869,0.0,0.0,0.03803504389978078,0.0,-0.08047242176082077,0.0,-1.6369844791615986,2.529534251339827
4.130272031768181,0.03233578363789505,0.0,0.0,0.035497471858931796,0.0,-0.08467600911669282,0.0,-1.5277703014004378,2.856392251298806
4.140248534260374,0.031390545953644065,0.0,0.0,0.03280789419391171,0.0,-0.08851700080182996,0.0,-1.412013976661111,3.1710187411164217
4.150225036752568,0.030310889132455353,0.0,0.0,0.02997782808919389,0.0,-0.09197894910015629,0.0,-1.2902111912973981,3.4720664418609073
4.1602015392447615,0.02910143643058911,0.0,0.0,0.027019392322318248,0.0,-0.0950470294175706,0.0,-1.1628835235357242,3.7582462210600074
4.170178041736955,0.02776736691019329,0.0,0.0,0.023945255369425877,0.0,-0.09770810376313346,0.0,-1.0305762099971445,4.028332612964071
4.180154544229149,0.026314393261764223,0.0,0.0,0.020768581156898967,0.0,-0.09995077700796172,0.0,-0.8938558109104113,4.281169066178565
4.190131046721342,0.024748737341529214,0.0,0.0,0.0175029726914078,0.0,-0.10176544568091934,0.0,-0.7533077840141266,4.515672896194636
4.200107549213536,0.0230771035285025,0.0,0.0,0.014162413809746779,0.0,-0.10314433909215584,0.0,-0.6095339775367784,4.730839921610488
4.21008405170573,0.02130665001530526,0.0,0.0,0.01076120929789892,0.0,-0.10408155260839275,0.0,-0.4631500529902516,4.925748764190254
4.220060554197923,0.019444958155686157,0.0,0.0,0.0073139236357467234,0.0,-0.10457307293746984,0.0,-0.3147828488127382,5.099564794347042
4.230037056690117,0.017500000000000123,0.0,0.0,0.0038353186297322844,0.0,-0.10461679531387845,0.0,-0.16506769615026698,5.251543705155006
4.240013559182311,0.015480104157664995,0.0,0.0,0.00034029020053612474,0.0,-0.1042125325116904,0.0,-0.014645698271210216,5.381034699585853
4.249990061674505,0.013393920132778136,0.0,0.0,-0.0031561954035406537,0.0,-0.10336201564628826,0.0,0.13583901473627605,5.487483277321583
4.259966564166699,0.011250381285610577,0.0,0.0,-0.0066391656943517304,0.0,-0.10206888676146333,0.0,0.285742044228285,5.570433609210068
4.269943066658892,0.009058666578588193,0.0,0.0,-0.010093706058396141,0.0,-0.10033868323362531,0.0,0.43442148241898343,5.629530489195384
4.279919569151086,0.006828161270564505,0.0,0.0,-0.013505023623484555,0.0,-0.09817881405990603,0.0,0.5812406611283645,5.6645208553647235
4.2898960716432795,0.004568416727701747,0.0,0.0,-0.016858510604088446,0.0,-0.09559852813169635,0.0,0.7255708780931122,5.675254873598329
4.299872574135473,0.0022891095230549966,0.0,0.0,-0.020139806854119816,0.0,-0.09260887462947386,0.0,0.8667940891661896,5.6616865791822075
4.309849076627667,3.857637417314163e-17,0.0,0.0,-0.023334861359282453,0.0,-0.08922265570851488,0.0,1.0043055548768083,5.623874073636093
4.31982557911986,-0.002289109523055044,0.0,0.0,-0.026429992405671718,0.0,-0.08545437167810056,0.0,1.1375164300176577,5.56197927591381
4.329802081612054,-0.004568416727701794,0.0,0.0,-0.02941194616697348,0.0,-0.08132015890896699,0.0,1.2658562851704651,5.476267229041475
4.3397785841042475,-0.0068281612705644295,0.0,0.0,-0.032267953459384144,0.0,-0.07683772073488732,0.0,1.3887755493723801,5.367104965162544
4.349755086596441,-0.00905866657858812,0.0,0.0,-0.03498578442121539,0.0,-0.07202625164427938,0.0,1.5057478634631818,5.2349599338498445
4.359731589088635,-0.011250381285610622,0.0,0.0,-0.0375538008830398,0.0,-0.06690635508645905,0.0,1.616272334036023,5.080398000414722
4.369708091580828,-0.013393920132778065,0.0,0.0,-0.03996100620411849,0.0,-0.061499955244508284,0.0,1.719875678339873,4.904081022784942
4.379684594073022,-0.015480104157664924,0.0,0.0,-0.04219709236170587,0.0,-0.055830203152555644,0.0,1.8161142509489538,4.706764017327382
4.3896610965652165,-0.017500000000000057,0.0,0.0,-0.04425248409158518,0.0,-0.049921377559494384,0.0,1.9045759435205492,4.489291925752044
4.39963759905741,-0.019444958155686195,0.0,0.0,-0.04611837989081923,0.0,-0.043798780963654374,0.0,1.9848819495061654,4.25259599694201
4.409614101549604,-0.021306650015305295,0.0,0.0,-0.047786789707138205,0.0,-0.03748863126361714,0.0,2.056688386259371,3.9976897992026696
4.419590604041797,-0.02307710352850244,0.0,0.0,-0.049250569153569804,0.0,-0.03101794948914973,0.0,2.1196877675940695,3.7256648800066405
4.429567106533991,-0.02474873734152916,0.0,0.0,-0.05050345010180089,0.0,-0.024414444093007543,0.0,2.173610320487544,3.4376860918199452
4.439543609026185,-0.026314393261764258,0.0,0.0,-0.05154006752326542,0.0,-0.01770639229908509,0.0,2.2182251402899666,3.134986604024891
4.449520111518378,-0.027767366910193245,0.0,0.0,-0.05235598246302014,0.0,-0.010922519015003527,0.0,2.2533411794935456,2.818862622299519
4.459496614010572,-0.029101436430589066,0.0,0.0,-0.052947701048031565,0.0,-0.004091873827644096,0.0,2.2788080658273024,2.4906678380657987
4.4694731165027655,-0.030310889132455377,0.0,0.0,-0.053312689448476405,0.0,0.002756293391641577,0.0,2.294516746174209,2.151807631775179
4.479449618994959,-0.03139054595364409,0.0,0.0,-0.053449384727989865,0.0,0.009592657739470017,0.0,2.3003999535533777,1.8037330548537995
4.489426121487153,-0.03233578363789502,0.0,0.0,-0.05335720153639925,0.0,0.01638794485416644,0.0,2.296432495167605,1.4479346160773994
4.499402623979346,-0.033142554532328665,0.0,0.0,-0.05303653461628318,0.0,0.02311305627307425,0.0,2.2826313602827946,1.0859358989839905
4.50937912647154,-0.033807403920117385,0.0,0.0,-0.052488757112623234,0.0,0.029739194036640174,0.0,2.2590556474773105,0.7192870376551996
4.5193556289637336,-0.03432748481411305,0.0,0.0,-0.05171621469278647,0.0,0.03623798400569671,0.0,2.225806311572797,0.34955807880423384
4.529332131455927,-0.03470057014808335,0.0,0.0,-0.05072221550201749,0.0,0.042581597363884345,0.0,2.183025731330128,-0.021667741405303698
4.539308633948121,-0.03492506231335112,0.0,0.0,-0.04951101599745261,0.0,0.04874286978491441,0.0,2.1308970997616927,-0.3928007770196724
4.549285136440314,-0.035,0.0,0.0,-0.04808780272131726,0.0,0.05469541775438363,0.0,2.0696436396708076,-0.7622517794029493
4.559261638932509,-0.03492506231335112,0.0,0.0,-0.046458670091355264,0.0,0.0604137515480359,0.0,1.9995276477773716,-1.1284387026438407
4.5692381414247025,-0.034700570148083365,0.0,0.0,-0.04463059430359746,0.0,0.06587338438267099,0.0,1.9208493715230912,-1.4897934781189102
4.579214643916896,-0.03432748481411307,0.0,0.0,-0.042611403459218176,0.0,0.07105093727231353,0.0,1.833945723365789,-1.8447687292034192
4.58919114640909,-0.03380740392011738,0.0,0.0,-0.040409744043404736,0.0,0.07592423914061797,0.0,1.73918883806856,-2.1918443973754496
4.599167648901283,-0.03314255453232869,0.0,0.0,-0.03803504389978078,0.0,0.08047242176082077,0.0,1.6369844791615986,-2.529534251339827
4.609144151393477,-0.03233578363789505,0.0,0.0,-0.03549747185893181,0.0,0.0846760091166928,0.0,1.5277703014004385,-2.8563922512988036
4.619120653885671,-0.03139054595364407,0.0,0.0,-0.03280789419391172,0.0,0.08851700080182995,0.0,1.4120139766611113,-3.171018741116421
4.629097156377864,-0.030310889132455353,0.0,0.0,-0.029977828089193893,0.0,0.09197894910015628,0.0,1.2902111912973984,-3.472066441860906
4.639073658870058,-0.029101436430589114,0.0,0.0,-0.02701939232231826,0.0,0.09504702941757058,0.0,1.1628835235357247,-3.7582462210600065
4.6490501613622515,-0.027767366910193218,0.0,0.0,-0.023945255369425714,0.0,0.09770810376313359,0.0,1.0305762099971376,-4.028332612964085
4.659026663854445,-0.026314393261764227,0.0,0.0,-0.020768581156898974,0.0,0.09995077700796173,0.0,0.8938558109104117,-4.281169066178565
4.669003166346639,-0.024748737341529218,0.0,0.0,-0.01750297269140781,0.0,0.10176544568091934,0.0,0.753307784014127,-4.515672896194636
4.678979668838832,-0.023077103528502504,0.0,0.0,-0.014162413809746787,0.0,0.10314433909215583,0.0,0.6095339775367788,-4.730839921610487
4.688956171331026,-0.02130665001530526,0.0,0.0,-0.01076120929789892,0.0,0.10408155260839275,0.0,0.4631500529902516,-4.925748764190254
4.6989326738232196,-0.01944495815568616,0.0,0.0,-0.007313923635746733,0.0,0.10457307293746983,0.0,0.31478284881273866,-5.099564794347042
4.708909176315414,-0.01749999999999991,0.0,0.0,-0.0038353186297319136,0.0,0.10461679531387845,0.0,0.16506769615025102,-5.251543705155022
4.718885678807608,-0.015480104157664999,0.0,0.0,-0.0003402902005361343,0.0,0.1042125325116904,0.0,0.014645698271210627,-5.381034699585853
4.728862181299801,-0.013393920132778025,0.0,0.0,0.0031561954035408376,0.0,0.1033620156462882,0.0,-0.13583901473628396,-5.487483277321588
4.738838683791995,-0.01125038128561058,0.0,0.0,0.006639165694351723,0.0,0.10206888676146332,0.0,-0.28574204422828464,-5.570433609210068
4.7488151862841885,-0.009058666578588198,0.0,0.0,0.010093706058396136,0.0,0.10033868323362531,0.0,-0.4344214824189832,-5.629530489195384
4.758791688776382,-0.006828161270564508,0.0,0.0,0.01350502362348455,0.0,0.09817881405990604,0.0,-0.5812406611283643,-5.664520855364724
4.768768191268576,-0.004568416727701751,0.0,0.0,0.01685851060408844,0.0,0.09559852813169636,0.0,-0.7255708780931118,-5.675254873598329
4.778744693760769,-0.002289109523055001,0.0,0.0,0.02013980685411981,0.0,0.09260887462947387,0.0,-0.8667940891661893,-5.661686579182208
4.788721196252963,-4.2862637970157366e-17,0.0,0.0,0.023334861359282446,0.0,0.0892226557085149,0.0,-1.0043055548768078,-5.6238740736360935
4.798697698745157,0.0022891095230550395,0.0,0.0,0.026429992405671714,0.0,0.08545437167810056,0.0,-1.1375164300176575,-5.56197927591381
4.80867420123735,0.004568416727701789,0.0,0.0,0.029411946166973475,0.0,0.081320158908967,0.0,-1.2658562851704647,-5.476267229041475
4.818650703729544,0.006828161270564425,0.0,0.0,0.03226795345938414,0.0,0.07683772073488733,0.0,-1.38877554937238,-5.367104965162545
4.8286272062217375,0.009058666578588117,0.0,0.0,0.03498578442121539,0.0,0.0720262516442794,0.0,-1.5057478634631818,-5.234959933849845
4.838603708713931,0.011250381285610617,0.0,0.0,0.03755380088303979,0.0,0.06690635508645906,0.0,-1.6162723340360228,-5.080398000414722
4.848580211206125,0.01339392013277806,0.0,0.0,0.039961006204118486,0.0,0.06149995524450829,0.0,-1.7198756783398728,-4.904081022784942
4.858556713698318,0.01548010415766492,0.0,0.0,0.04219709236170587,0.0,0.055830203152555644,0.0,-1.8161142509489538,-4.706764017327382
4.868533216190512,0.017499999999999946,0.0,0.0,0.04425248409158507,0.0,0.04992137755949473,0.0,-1.9045759435205443,-4.489291925752056
4.878509718682706,0.01944495815568619,0.0,0.0,0.046118379890819225,0.0,0.04379878096365439,0.0,-1.9848819495061651,-4.252595996942011
4.8884862211749,0.021306650015305195,0.0,0.0,0.04778678970713812,0.0,0.037488631263617504,0.0,-2.0566883862593675,-3.9976897992026847
4.898462723667094,0.023077103528502438,0.0,0.0,0.049250569153569804,0.0,0.031017949489149748,0.0,-2.1196877675940695,-3.725664880006642
4.908439226159287,0.024748737341529246,0.0,0.0,0.05050345010180095,0.0,0.024414444093007193,0.0,-2.1736103204875463,-3.4376860918199292
4.918415728651481,0.02631439326176417,0.0,0.0,0.051540067523265364,0.0,0.01770639229908547,0.0,-2.218225140289964,-3.134986604024908
4.9283922311436745,0.027767366910193242,0.0,0.0,0.052355982463020145,0.0,0.010922519015003544,0.0,-2.2533411794935456,-2.81886262229952
4.938368733635868,0.029101436430589135,0.0,0.0,0.0529477010480316,0.0,0.004091873827643738,0.0,-2.2788080658273038,-2.4906678380657814
4.948345236128062,0.03031088913245531,0.0,0.0,0.05331268944847639,0.0,-0.0027562933916411908,0.0,-2.2945167461742084,-2.1518076317751986
4.958321738620255,0.031390545953644086,0.0,0.0,0.05344938472798986,0.0,-0.00959265773947,0.0,-2.3003999535533772,-1.8037330548538
4.968298241112449,0.03233578363789506,0.0,0.0,0.053357201536399244,0.0,-0.01638794485416679,0.0,-2.2964324951676045,-1.4479346160773807
4.978274743604643,0.033142554532328665,0.0,0.0,0.05303653461628318,0.0,-0.02311305627307424,0.0,-2.2826313602827946,-1.085935898983991
4.988251246096836,0.033807403920117385,0.0,0.0,0.052488757112623234,0.0,-0.02973919403664016,0.0,-2.2590556474773105,-0.7192870376552001
4.99822774858903,0.034327484814113074,0.0,0.0,0.05171621469278643,0.0,-0.03623798400569704,0.0,-2.225806311572795,-0.34955807880421474
5.0082042510812235,0.03470057014808335,0.0,0.0,0.0507222155020175,0.0,-0.04258159736388433,0.0,-2.1830257313301282,0.021667741405302365
5.018180753573417,0.03492506231335112,0.0,0.0,0.04951101599745262,0.0,-0.0487428697849144,0.0,-2.130897099761693,0.39280077701967153
5.028157256065612,0.035,0.0,0.0,0.04808780272131718,0.0,-0.05469541775438393,0.0,-2.069643639670804,0.762251779402968
5.038133758557805,0.03492506231335112,0.0,0.0,0.046458670091355264,0.0,-0.060413751548035896,0.0,-1.9995276477773716,1.1284387026438403
5.048110261049999,0.034700570148083344,0.0,0.0,0.044630594303597365,0.0,-0.06587338438267126,0.0,-1.920849371523087,1.4897934781189286
5.058086763542192,0.034327484814113074,0.0,0.0,0.04261140345921819,0.0,-0.07105093727231353,0.0,-1.8339457233657896,1.8447687292034185
5.068063266034386,0.03380740392011738,0.0,0.0,0.040409744043404736,0.0,-0.07592423914061797,0.0,-1.73918883806856,2.1918443973754496
5.07803976852658,0.03314255453232866,0.0,0.0,0.03803504389978066,0.0,-0.08047242176082099,0.0,-1.6369844791615933,2.529534251339844
5.088016271018773,0.03233578363789505,0.0,0.0,0.03549747185893181,0.0,-0.0846760091166928,0.0,-1.5277703014004385,2.8563922512988036
5.097992773510967,0.03139054595364407,0.0,0.0,0.03280789419391172,0.0,-0.08851700080182995,0.0,-1.4120139766611113,3.171018741116421
5.1079692760031605,0.03031088913245542,0.0,0.0,0.029977828089194056,0.0,-0.0919789491001561,0.0,-1.2902111912974052,3.4720664418608895
5.117945778495354,0.029101436430589118,0.0,0.0,0.027019392322318262,0.0,-0.09504702941757058,0.0,-1.1628835235357249,3.7582462210600065
5.127922280987548,0.02776736691019322,0.0,0.0,0.02394525536942572,0.0,-0.09770810376313359,0.0,-1.0305762099971378,4.028332612964085
5.137898783479741,0.026314393261764314,0.0,0.0,0.020768581156899155,0.0,-0.09995077700796162,0.0,-0.8938558109104194,4.281169066178553
5.147875285971935,0.024748737341529218,0.0,0.0,0.017502972691407815,0.0,-0.10176544568091933,0.0,-0.7533077840141271,4.515672896194635
5.157851788464129,0.023077103528502417,0.0,0.0,0.014162413809746609,0.0,-0.1031443390921559,0.0,-0.6095339775367711,4.730839921610498
5.167828290956322,0.021306650015305365,0.0,0.0,0.010761209297899114,0.0,-0.10408155260839272,0.0,-0.46315005299025996,4.925748764190245
5.177804793448516,0.019444958155686164,0.0,0.0,0.0073139236357467365,0.0,-0.10457307293746984,0.0,-0.31478284881273877,5.099564794347042
5.1877812959407095,0.017500000000000026,0.0,0.0,0.00383531862973211,0.0,-0.10461679531387845,0.0,-0.16506769615025946,5.251543705155013
5.197757798432904,0.015480104157665002,0.0,0.0,0.00034029020053613775,0.0,-0.1042125325116904,0.0,-0.014645698271210776,5.381034699585853
5.207734300925098,0.013393920132778028,0.0,0.0,-0.0031561954035408315,0.0,-0.1033620156462882,0.0,0.1358390147362837,5.487483277321588
5.217710803417291,0.011250381285610704,0.0,0.0,-0.006639165694351528,0.0,-0.10206888676146342,0.0,0.28574204422827626,5.570433609210063
5.227687305909485,0.009058666578588203,0.0,0.0,-0.010093706058396126,0.0,-0.10033868323362531,0.0,0.43442148241898276,5.629530489195383
5.2376638084016784,0.006828161270564391,0.0,0.0,-0.013505023623484727,0.0,-0.09817881405990592,0.0,0.5812406611283719,5.664520855364725
5.247640310893872,0.004568416727701878,0.0,0.0,-0.016858510604088255,0.0,-0.09559852813169652,0.0,0.7255708780931039,5.6752548735983295
5.257616813386066,0.0022891095230550052,0.0,0.0,-0.020139806854119806,0.0,-0.09260887462947387,0.0,0.8667940891661892,5.6616865791822075
5.267593315878259,-7.719607699084444e-17,0.0,0.0,-0.023334861359282612,0.0,-0.0892226557085147,0.0,1.0043055548768152,5.623874073636091
5.277569818370453,-0.002289109523054911,0.0,0.0,-0.02642999240567154,0.0,-0.08545437167810079,0.0,1.1375164300176501,5.561979275913814
5.2875463208626465,-0.004568416727701785,0.0,0.0,-0.02941194616697347,0.0,-0.081320158908967,0.0,1.2658562851704647,5.476267229041475
5.29752282335484,-0.006828161270564543,0.0,0.0,-0.03226795345938428,0.0,-0.07683772073488708,0.0,1.3887755493723861,5.367104965162538
5.307499325847034,-0.009058666578588111,0.0,0.0,-0.03498578442121538,0.0,-0.07202625164427941,0.0,1.5057478634631816,5.234959933849845
5.317475828339227,-0.011250381285610614,0.0,0.0,-0.03755380088303979,0.0,-0.06690635508645908,0.0,1.6162723340360228,5.080398000414723
5.327452330831421,-0.01339392013277817,0.0,0.0,-0.03996100620411861,0.0,-0.061499955244508,0.0,1.719875678339878,4.904081022784932
5.337428833323615,-0.015480104157664917,0.0,0.0,-0.042197092361705865,0.0,-0.055830203152555664,0.0,1.8161142509489536,4.706764017327382
5.347405335815809,-0.017500000000000158,0.0,0.0,-0.044252484091585276,0.0,-0.049921377559494086,0.0,1.9045759435205534,4.489291925752032
5.357381838308003,-0.019444958155686087,0.0,0.0,-0.04611837989081913,0.0,-0.043798780963654735,0.0,1.984881949506161,4.252595996942025
5.367358340800196,-0.021306650015305288,0.0,0.0,-0.0477867897071382,0.0,-0.037488631263617164,0.0,2.056688386259371,3.9976897992026705
5.37733484329239,-0.023077103528502528,0.0,0.0,-0.04925056915356987,0.0,-0.031017949489149408,0.0,2.1196877675940726,3.7256648800066268
5.387311345784584,-0.024748737341529152,0.0,0.0,-0.050503450101800886,0.0,-0.024414444093007578,0.0,2.1736103204875437,3.4376860918199466
5.397287848276777,-0.02631439326176425,0.0,0.0,-0.05154006752326541,0.0,-0.017706392299085126,0.0,2.218225140289966,3.1349866040248924
5.407264350768971,-0.027767366910193315,0.0,0.0,-0.05235598246302018,0.0,-0.010922519015003188,0.0,2.2533411794935474,2.8188626222995032
5.4172408532611644,-0.029101436430589062,0.0,0.0,-0.05294770104803157,0.0,-0.004091873827644123,0.0,2.2788080658273024,2.4906678380658
5.427217355753358,-0.030310889132455374,0.0,0.0,-0.053312689448476405,0.0,0.0027562933916415503,0.0,2.294516746174209,2.1518076317751804
5.437193858245552,-0.03139054595364403,0.0,0.0,-0.053449384727989865,0.0,0.009592657739469625,0.0,2.3003999535533777,1.80373305485382
5.447170360737745,-0.032335783637895014,0.0,0.0,-0.05335720153639925,0.0,0.016387944854166413,0.0,2.296432495167605,1.4479346160774007
5.457146863229939,-0.03314255453232871,0.0,0.0,-0.05303653461628316,0.0,0.02311305627307459,0.0,2.2826313602827937,1.0859358989839718
5.4671233657221325,-0.03380740392011735,0.0,0.0,-0.052488757112623276,0.0,0.029739194036639792,0.0,2.2590556474773122,0.7192870376552212
5.477099868214326,-0.03432748481411305,0.0,0.0,-0.05171621469278648,0.0,0.03623798400569669,0.0,2.2258063115727973,0.3495580788042354
5.48707637070652,-0.034700570148083365,0.0,0.0,-0.050722215502017436,0.0,0.042581597363884664,0.0,2.1830257313301256,-0.02166774140532235
5.497052873198713,-0.034925062313351116,0.0,0.0,-0.049511015997452695,0.0,0.04874286978491406,0.0,2.1308970997616963,-0.39280077701965066
5.507029375690907,-0.035,0.0,0.0,-0.04808780272131727,0.0,0.05469541775438361,0.0,2.0696436396708076,-0.762251779402948
5.5170058781831015,-0.03492506231335113,0.0,0.0,-0.04645867009135536,0.0,0.06041375154803558,0.0,1.9995276477773758,-1.1284387026438196
5.526982380675295,-0.034700570148083365,0.0,0.0,-0.04463059430359747,0.0,0.06587338438267097,0.0,1.9208493715230914,-1.4897934781189095
5.536958883167489,-0.034327484814113046,0.0,0.0,-0.042611403459218065,0.0,0.07105093727231378,0.0,1.833945723365784,-1.8447687292034365
5.546935385659682,-0.03380740392011741,0.0,0.0,-0.04040974404340487,0.0,0.0759242391406177,0.0,1.7391888380685656,-2.191844397375431
5.556911888151876,-0.0331425545323287,0.0,0.0,-0.038035043899780796,0.0,0.08047242176082076,0.0,1.636984479161599,-2.5295342513398253
5.56688839064407,-0.032335783637895,0.0,0.0,-0.03549747185893168,0.0,0.08467600911669301,0.0,1.5277703014004327,-2.8563922512988205
5.576864893136263,-0.03139054595364413,0.0,0.0,-0.03280789419391188,0.0,0.08851700080182974,0.0,1.4120139766611182,-3.171018741116403
5.586841395628457,-0.030310889132455363,0.0,0.0,-0.02997782808919391,0.0,0.09197894910015628,0.0,1.290211191297399,-3.4720664418609055
5.5968178981206504,-0.02910143643058905,0.0,0.0,-0.027019392322318106,0.0,0.09504702941757073,0.0,1.1628835235357182,-3.7582462210600203
5.606794400612844,-0.0277673669101933,0.0,0.0,-0.023945255369425895,0.0,0.09770810376313345,0.0,1.0305762099971454,-4.028332612964071
5.616770903105038,-0.026314393261764234,0.0,0.0,-0.020768581156898985,0.0,0.09995077700796172,0.0,0.8938558109104121,-4.281169066178564
5.626747405597231,-0.024748737341529135,0.0,0.0,-0.017502972691407645,0.0,0.10176544568091943,0.0,0.7533077840141198,-4.515672896194648
5.636723908089425,-0.023077103528502514,0.0,0.0,-0.014162413809746805,0.0,0.10314433909215584,0.0,0.6095339775367795,-4.730839921610487
5.6467004105816185,-0.021306650015305267,0.0,0.0,-0.010761209297898935,0.0,0.10408155260839275,0.0,0.46315005299025225,-4.925748764190254
5.656676913073812,-0.019444958155686063,0.0,0.0,-0.007313923635746554,0.0,0.10457307293746985,0.0,0.31478284881273094,-5.09956479434705
5.666653415566007,-0.01749999999999992,0.0,0.0,-0.0038353186297319266,0.0,0.10461679531387845,0.0,0.16506769615025157,-5.251543705155021
5.6766299180582,-0.015480104157664893,0.0,0.0,-0.0003402902005359523,0.0,0.10421253251169037,0.0,0.014645698271202795,-5.38103469958586
5.686606420550394,-0.013393920132778148,0.0,0.0,0.003156195403540637,0.0,0.10336201564628827,0.0,-0.13583901473627535,-5.487483277321583
5.6965829230425875,-0.01125038128561059,0.0,0.0,0.006639165694351712,0.0,0.10206888676146333,0.0,-0.2857420442282842,-5.570433609210067
5.706559425534781,-0.009058666578588087,0.0,0.0,0.010093706058396306,0.0,0.10033868323362521,0.0,-0.4344214824189905,-5.629530489195387
5.716535928026975,-0.006828161270564517,0.0,0.0,0.013505023623484538,0.0,0.09817881405990606,0.0,-0.5812406611283638,-5.6645208553647235
5.726512430519168,-0.004568416727701759,0.0,0.0,0.01685851060408843,0.0,0.09559852813169638,0.0,-0.7255708780931114,-5.67525487359833
5.736488933011362,-0.0022891095230548855,0.0,0.0,0.020139806854119976,0.0,0.0926088746294737,0.0,-0.8667940891661965,-5.661686579182207
5.746465435503556,-5.143516556418884e-17,0.0,0.0,0.023334861359282436,0.0,0.08922265570851491,0.0,-1.0043055548768074,-5.6238740736360935
5.756441937995749,0.0022891095230550313,0.0,0.0,0.0264299924056717,0.0,0.08545437167810058,0.0,-1.1375164300176568,-5.56197927591381
5.766418440487943,0.004568416727701658,0.0,0.0,0.029411946166973305,0.0,0.08132015890896724,0.0,-1.2658562851704573,-5.47626722904148
5.7763949429801364,0.0068281612705644165,0.0,0.0,0.03226795345938413,0.0,0.07683772073488734,0.0,-1.3887755493723797,-5.367104965162545
5.78637144547233,0.009058666578588226,0.0,0.0,0.03498578442121552,0.0,0.07202625164427914,0.0,-1.5057478634631876,-5.234959933849838
5.796347947964524,0.011250381285610492,0.0,0.0,0.03755380088303965,0.0,0.06690635508645937,0.0,-1.6162723340360166,-5.080398000414732
5.806324450456717,0.013393920132778053,0.0,0.0,0.03996100620411848,0.0,0.06149995524450831,0.0,-1.7198756783398723,-4.904081022784943
5.816300952948911,0.015480104157665025,0.0,0.0,0.042197092361705976,0.0,0.05583020315255535,0.0,-1.8161142509489585,-4.70676401732737
5.8262774554411045,0.01749999999999983,0.0,0.0,0.04425248409158495,0.0,0.04992137755949508,0.0,-1.9045759435205392,-4.489291925752069
5.836253957933299,0.019444958155686184,0.0,0.0,0.04611837989081922,0.0,0.04379878096365441,0.0,-1.9848819495061647,-4.252595996942012
5.846230460425493,0.021306650015305188,0.0,0.0,0.04778678970713811,0.0,0.03748863126361752,0.0,-2.056688386259367,-3.9976897992026847
5.856206962917686,0.023077103528502434,0.0,0.0,0.049250569153569804,0.0,0.031017949489149772,0.0,-2.1196877675940695,-3.7256648800066428
5.86618346540988,0.02474873734152924,0.0,0.0,0.05050345010180095,0.0,0.024414444093007227,0.0,-2.1736103204875463,-3.4376860918199315
5.8761599679020735,0.026314393261764164,0.0,0.0,0.05154006752326536,0.0,0.017706392299085504,0.0,-2.218225140289964,-3.1349866040249097
5.886136470394267,0.02776736691019324,0.0,0.0,0.05235598246302014,0.0,0.01092251901500357,0.0,-2.2533411794935456,-2.8188626222995214
5.896112972886461,0.029101436430589128,0.0,0.0,0.05294770104803159,0.0,0.004091873827643761,0.0,-2.2788080658273033,-2.4906678380657823
5.906089475378654,0.030310889132455308,0.0,0.0,0.05331268944847639,0.0,-0.002756293391641164,0.0,-2.2945167461742084,-2.1518076317752
5.916065977870848,0.031390545953644086,0.0,0.0,0.053449384727989865,0.0,-0.00959265773946998,0.0,-2.3003999535533777,-1.8037330548538015
5.926042480363042,0.03233578363789506,0.0,0.0,0.05335720153639924,0.0,-0.016387944854166767,0.0,-2.2964324951676045,-1.447934616077382
5.936018982855235,0.033142554532328665,0.0,0.0,0.05303653461628318,0.0,-0.023113056273074212,0.0,-2.2826313602827946,-1.0859358989839922
5.945995485347429,0.033807403920117385,0.0,0.0,0.05248875711262324,0.0,-0.029739194036640132,0.0,-2.2590556474773105,-0.7192870376552016
5.9559719878396225,0.034327484814113074,0.0,0.0,0.051716214692786436,0.0,-0.03623798400569702,0.0,-2.2258063115727955,-0.3495580788042163
5.965948490331816,0.03470057014808335,0.0,0.0,0.050722215502017505,0.0,-0.04258159736388431,0.0,-2.1830257313301287,0.021667741405301033
5.97592499282401,0.03492506231335112,0.0,0.0,0.04951101599745262,0.0,-0.04874286978491438,0.0,-2.130897099761693,0.3928007770196702
5.985901495316204,0.035,0.0,0.0,0.048087802721317185,0.0,-0.05469541775438391,0.0,-2.069643639670804,0.7622517794029671
5.995877997808398,0.03492506231335112,0.0,0.0,0.04645867009135527,0.0,-0.060413751548035875,0.0,-1.9995276477773718,1.1284387026438392
6.005854500300591,0.034700570148083344,0.0,0.0,0.04463059430359737,0.0,-0.06587338438267125,0.0,-1.9208493715230872,1.489793478118928
6.015831002792785,0.034327484814113074,0.0,0.0,0.04261140345921819,0.0,-0.07105093727231351,0.0,-1.8339457233657896,1.8447687292034176
6.025807505284979,0.03380740392011738,0.0,0.0,0.04040974404340475,0.0,-0.07592423914061794,0.0,-1.7391888380685607,2.191844397375448
6.035784007777172,0.03314255453232866,0.0,0.0,0.03803504389978067,0.0,-0.08047242176082098,0.0,-1.6369844791615937,2.529534251339842
6.045760510269366,0.032335783637895056,0.0,0.0,0.035497471858931824,0.0,-0.08467600911669278,0.0,-1.527770301400439,2.856392251298802
6.0557370127615595,0.03139054595364408,0.0,0.0,0.03280789419391173,0.0,-0.08851700080182993,0.0,-1.412013976661112,3.171018741116419
6.065713515253753,0.0303108891324553,0.0,0.0,0.02997782808919375,0.0,-0.09197894910015644,0.0,-1.2902111912973921,3.472066441860921
6.075690017745947,0.02910143643058912,0.0,0.0,0.027019392322318272,0.0,-0.09504702941757057,0.0,-1.1628835235357253,3.7582462210600043
6.08566652023814,0.027767366910193225,0.0,0.0,0.02394525536942573,0.0,-0.09770810376313359,0.0,-1.0305762099971383,4.028332612964084
6.095643022730334,0.026314393261764317,0.0,0.0,0.02076858115689916,0.0,-0.09995077700796161,0.0,-0.8938558109104198,4.281169066178551
6.105619525222528,0.024748737341529225,0.0,0.0,0.017502972691407822,0.0,-0.10176544568091933,0.0,-0.7533077840141275,4.515672896194634
6.115596027714721,0.02307710352850242,0.0,0.0,0.014162413809746621,0.0,-0.10314433909215588,0.0,-0.6095339775367716,4.730839921610497
6.125572530206915,0.02130665001530537,0.0,0.0,0.01076120929789913,0.0,-0.10408155260839272,0.0,-0.46315005299026063,4.925748764190244
6.1355490326991085,0.01944495815568617,0.0,0.0,0.007313923635746752,0.0,-0.10457307293746983,0.0,-0.31478284881273944,5.0995647943470415
6.145525535191302,0.017500000000000033,0.0,0.0,0.003835318629732123,0.0,-0.10461679531387845,0.0,-0.16506769615026004,5.251543705155013
6.155502037683497,0.01548010415766501,0.0,0.0,0.00034029020053615076,0.0,-0.10421253251169041,0.0,-0.014645698271211337,5.381034699585853
6.16547854017569,0.013393920132778037,0.0,0.0,-0.003156195403540821,0.0,-0.10336201564628822,0.0,0.13583901473628326,5.487483277321587
6.175455042667884,0.01125038128561071,0.0,0.0,-0.006639165694351515,0.0,-0.10206888676146342,0.0,0.2857420442282757,5.570433609210063
6.185431545160077,0.009058666578588212,0.0,0.0,-0.010093706058396115,0.0,-0.10033868323362533,0.0,0.43442148241898226,5.629530489195385
6.195408047652271,0.0068281612705644,0.0,0.0,-0.013505023623484715,0.0,-0.09817881405990593,0.0,0.5812406611283714,5.664520855364724
6.205384550144465,0.004568416727701887,0.0,0.0,-0.016858510604088245,0.0,-0.09559852813169653,0.0,0.7255708780931035,5.6752548735983295
6.215361052636658,0.0022891095230550143,0.0,0.0,-0.020139806854119792,0.0,-0.09260887462947388,0.0,0.8667940891661886,5.661686579182208
6.225337555128852,-6.862354939681296e-17,0.0,0.0,-0.0233348613592826,0.0,-0.08922265570851472,0.0,1.0043055548768145,5.62387407363609
6.2353140576210455,-0.002289109523054903,0.0,0.0,-0.02642999240567153,0.0,-0.0854543716781008,0.0,1.1375164300176497,5.5619792759138145
6.245290560113239,-0.004568416727701776,0.0,0.0,-0.029411946166973457,0.0,-0.08132015890896702,0.0,1.265856285170464,5.476267229041476
6.255267062605433,-0.0068281612705645344,0.0,0.0,-0.032267953459384276,0.0,-0.07683772073488711,0.0,1.388775549372386,5.3671049651625395
6.265243565097626,-0.009058666578588103,0.0,0.0,-0.03498578442121537,0.0,-0.07202625164427942,0.0,1.505747863463181,5.234959933849845
6.27522006758982,-0.011250381285610607,0.0,0.0,-0.03755380088303978,0.0,-0.06690635508645909,0.0,1.616272334036022,5.080398000414723
6.285196570082014,-0.013393920132778164,0.0,0.0,-0.039961006204118604,0.0,-0.06149995524450802,0.0,1.7198756783398776,4.904081022784933
6.295173072574207,-0.015480104157664909,0.0,0.0,-0.04219709236170586,0.0,-0.055830203152555685,0.0,1.8161142509489534,4.706764017327384
6.305149575066402,-0.01750000000000015,0.0,0.0,-0.04425248409158527,0.0,-0.0499213775594941,0.0,1.904575943520553,4.489291925752032
6.315126077558595,-0.019444958155686077,0.0,0.0,-0.04611837989081912,0.0,-0.043798780963654756,0.0,1.9848819495061605,4.252595996942025
6.325102580050789,-0.021306650015305285,0.0,0.0,-0.0477867897071382,0.0,-0.03748863126361719,0.0,2.056688386259371,3.997689799202672
6.335079082542983,-0.023077103528502525,0.0,0.0,-0.04925056915356987,0.0,-0.031017949489149425,0.0,2.1196877675940726,3.7256648800066277
6.345055585035176,-0.02474873734152915,0.0,0.0,-0.050503450101800886,0.0,-0.024414444093007595,0.0,2.1736103204875437,3.4376860918199474
6.35503208752737,-0.02631439326176424,0.0,0.0,-0.051540067523265405,0.0,-0.017706392299085157,0.0,2.2182251402899658,3.1349866040248937
6.365008590019563,-0.027767366910193308,0.0,0.0,-0.05235598246302017,0.0,-0.010922519015003213,0.0,2.253341179493547,2.818862622299504
6.374985092511757,-0.02910143643058906,0.0,0.0,-0.05294770104803157,0.0,-0.00409187382764415,0.0,2.2788080658273024,2.4906678380658014
6.384961595003951,-0.03031088913245537,0.0,0.0,-0.053312689448476405,0.0,0.0027562933916415286,0.0,2.294516746174209,2.1518076317751818
6.394938097496144,-0.03139054595364403,0.0,0.0,-0.053449384727989865,0.0,0.009592657739469598,0.0,2.3003999535533777,1.8037330548538213
6.404914599988338,-0.032335783637895014,0.0,0.0,-0.05335720153639925,0.0,0.01638794485416639,0.0,2.296432495167605,1.447934616077402
6.4148911024805315,-0.0331425545323287,0.0,0.0,-0.05303653461628316,0.0,0.023113056273074563,0.0,2.2826313602827937,1.0859358989839734
6.424867604972725,-0.03380740392011735,0.0,0.0,-0.05248875711262327,0.0,0.02973919403663976,0.0,2.259055647477312,0.7192870376552223
6.434844107464919,-0.034327484814113046,0.0,0.0,-0.05171621469278648,0.0,0.03623798400569666,0.0,2.2258063115727973,0.3495580788042367
6.444820609957112,-0.034700570148083365,0.0,0.0,-0.05072221550201744,0.0,0.04258159736388464,0.0,2.183025731330126,-0.021667741405321017
6.454797112449306,-0.034925062313351116,0.0,0.0,-0.0495110159974527,0.0,0.04874286978491404,0.0,2.1308970997616967,-0.3928007770196493
6.4647736149415,-0.035,0.0,0.0,-0.048087802721317276,0.0,0.054695417754383586,0.0,2.069643639670808,-0.7622517794029466
6.474750117433694,-0.03492506231335113,0.0,0.0,-0.04645867009135537,0.0,0.06041375154803555,0.0,1.999527647777376,-1.1284387026438176
6.484726619925888,-0.034700570148083365,0.0,0.0,-0.044630594303597476,0.0,0.06587338438267094,0.0,1.9208493715230919,-1.4897934781189073
6.494703122418081,-0.034327484814113046,0.0,0.0,-0.04261140345921808,0.0,0.07105093727231376,0.0,1.8339457233657848,-1.8447687292034354
6.504679624910275,-0.03380740392011741,0.0,0.0,-0.040409744043404874,0.0,0.07592423914061767,0.0,1.739188838068566,-2.1918443973754287
6.514656127402469,-0.0331425545323287,0.0,0.0,-0.038035043899780796,0.0,0.08047242176082073,0.0,1.636984479161599,-2.5295342513398245
6.524632629894662,-0.03233578363789501,0.0,0.0,-0.03549747185893168,0.0,0.084676009116693,0.0,1.5277703014004327,-2.8563922512988196
6.534609132386856,-0.031390545953644135,0.0,0.0,-0.03280789419391189,0.0,0.08851700080182973,0.0,1.4120139766611188,-3.1710187411164013
6.544585634879049,-0.030310889132455367,0.0,0.0,-0.029977828089193918,0.0,0.09197894910015626,0.0,1.2902111912973993,-3.472066441860904
6.554562137371243,-0.029101436430589055,0.0,0.0,-0.027019392322318116,0.0,0.09504702941757072,0.0,1.1628835235357187,-3.758246221060019
6.564538639863437,-0.027767366910193304,0.0,0.0,-0.023945255369425905,0.0,0.09770810376313344,0.0,1.0305762099971458,-4.0283326129640695
6.57451514235563,-0.026314393261764237,0.0,0.0,-0.020768581156899,0.0,0.09995077700796172,0.0,0.8938558109104127,-4.281169066178563
6.584491644847824,-0.02474873734152914,0.0,0.0,-0.017502972691407655,0.0,0.10176544568091941,0.0,0.7533077840141202,-4.515672896194646
6.5944681473400175,-0.023077103528502518,0.0,0.0,-0.01416241380974681,0.0,0.10314433909215583,0.0,0.6095339775367797,-4.730839921610486
6.604444649832211,-0.021306650015305274,0.0,0.0,-0.01076120929789895,0.0,0.10408155260839275,0.0,0.46315005299025286,-4.925748764190253
6.614421152324405,-0.01944495815568607,0.0,0.0,-0.00731392363574657,0.0,0.10457307293746984,0.0,0.3147828488127316,-5.0995647943470495
6.624397654816599,-0.01749999999999993,0.0,0.0,-0.0038353186297319423,0.0,0.10461679531387844,0.0,0.16506769615025224,-5.25154370515502
6.634374157308793,-0.015480104157664902,0.0,0.0,-0.00034029020053596526,0.0,0.10421253251169037,0.0,0.014645698271203352,-5.381034699585859
6.6443506598009865,-0.013393920132778155,0.0,0.0,0.0031561954035406246,0.0,0.10336201564628827,0.0,-0.1358390147362748,-5.487483277321583
6.65432716229318,-0.011250381285610598,0.0,0.0,0.006639165694351696,0.0,0.10206888676146335,0.0,-0.2857420442282835,-5.570433609210067
6.664303664785374,-0.009058666578588094,0.0,0.0,0.010093706058396296,0.0,0.10033868323362523,0.0,-0.43442148241899003,-5.629530489195387
6.674280167277567,-0.006828161270564525,0.0,0.0,0.013505023623484526,0.0,0.09817881405990606,0.0,-0.5812406611283633,-5.664520855364723
6.684256669769761,-0.004568416727701767,0.0,0.0,0.01685851060408842,0.0,0.09559852813169639,0.0,-0.7255708780931109,-5.67525487359833
6.694233172261955,-0.002289109523054894,0.0,0.0,0.020139806854119962,0.0,0.09260887462947372,0.0,-0.8667940891661959,-5.661686579182207
6.704209674754148,-6.000769315822031e-17,0.0,0.0,0.02333486135928242,0.0,0.08922265570851493,0.0,-1.004305554876807,-5.6238740736360935
6.714186177246342,0.0022891095230550226,0.0,0.0,0.02642999240567169,0.0,0.08545437167810059,0.0,-1.1375164300176563,-5.56197927591381
6.724162679738535,0.004568416727701649,0.0,0.0,0.029411946166973294,0.0,0.08132015890896727,0.0,-1.265856285170457,-5.476267229041481
6.734139182230729,0.006828161270564408,0.0,0.0,0.032267953459384116,0.0,0.07683772073488736,0.0,-1.388775549372379,-5.367104965162545
6.744115684722923,0.009058666578588219,0.0,0.0,0.034985784421215506,0.0,0.07202625164427916,0.0,-1.505747863463187,-5.234959933849838
6.754092187215116,0.011250381285610483,0.0,0.0,0.03755380088303964,0.0,0.06690635508645938,0.0,-1.6162723340360161,-5.080398000414732
6.76406868970731,0.013393920132778044,0.0,0.0,0.03996100620411847,0.0,0.06149995524450833,0.0,-1.719875678339872,-4.904081022784943
6.7740451921995035,0.015480104157665018,0.0,0.0,0.04219709236170597,0.0,0.05583020315255538,0.0,-1.816114250948958,-4.706764017327372
6.784021694691697,0.01749999999999982,0.0,0.0,0.04425248409158494,0.0,0.0499213775594951,0.0,-1.904575943520539,-4.48929192575207
6.793998197183892,0.019444958155686178,0.0,0.0,0.04611837989081922,0.0,0.04379878096365443,0.0,-1.9848819495061647,-4.252595996942013
6.803974699676085,0.021306650015305177,0.0,0.0,0.04778678970713811,0.0,0.03748863126361755,0.0,-2.056688386259367,-3.9976897992026865
6.813951202168279,0.023077103528502427,0.0,0.0,0.0492505691535698,0.0,0.03101794948914979,0.0,-2.119687767594069,-3.725664880006643
6.8239277046604725,0.024748737341529232,0.0,0.0,0.05050345010180095,0.0,0.024414444093007255,0.0,-2.1736103204875463,-3.437686091819933
6.833904207152666,0.02631439326176416,0.0,0.0,0.051540067523265364,0.0,0.017706392299085532,0.0,-2.218225140289964,-3.1349866040249115
6.84388070964486,0.027767366910193228,0.0,0.0,0.05235598246302013,0.0,0.010922519015003605,0.0,-2.253341179493545,-2.818862622299523
6.853857212137053,0.029101436430589125,0.0,0.0,0.05294770104803159,0.0,0.004091873827643788,0.0,-2.2788080658273033,-2.4906678380657836
6.863833714629247,0.030310889132455304,0.0,0.0,0.05331268944847639,0.0,-0.0027562933916411444,0.0,-2.2945167461742084,-2.1518076317752013
6.873810217121441,0.03139054595364408,0.0,0.0,0.053449384727989865,0.0,-0.009592657739469946,0.0,-2.3003999535533777,-1.8037330548538033
6.883786719613634,0.032335783637895056,0.0,0.0,0.05335720153639924,0.0,-0.01638794485416674,0.0,-2.2964324951676045,-1.4479346160773834
6.893763222105828,0.03314255453232866,0.0,0.0,0.05303653461628319,0.0,-0.02311305627307418,0.0,-2.282631360282795,-1.0859358989839945
6.903739724598021,0.03380740392011738,0.0,0.0,0.052488757112623234,0.0,-0.029739194036640108,0.0,-2.2590556474773105,-0.719287037655203
6.913716227090215,0.034327484814113074,0.0,0.0,0.051716214692786436,0.0,-0.036237984005697,0.0,-2.2258063115727955,-0.3495580788042174
6.923692729582409,0.034700570148083344,0.0,0.0,0.0507222155020175,0.0,-0.04258159736388428,0.0,-2.1830257313301282,0.021667741405300145
6.933669232074602,0.03492506231335112,0.0,0.0,0.049511015997452626,0.0,-0.04874286978491436,0.0,-2.1308970997616936,0.39280077701966887
6.943645734566797,0.035,0.0,0.0,0.04808780272131719,0.0,-0.05469541775438389,0.0,-2.0696436396708044,0.7622517794029657
6.95362223705899,0.03492506231335112,0.0,0.0,0.04645867009135528,0.0,-0.060413751548035854,0.0,-1.9995276477773722,1.1284387026438374
6.963598739551184,0.034700570148083344,0.0,0.0,0.04463059430359738,0.0,-0.06587338438267122,0.0,-1.9208493715230877,1.4897934781189262
6.973575242043378,0.034327484814113074,0.0,0.0,0.0426114034592182,0.0,-0.07105093727231349,0.0,-1.8339457233657899,1.844768729203416
6.983551744535571,0.03380740392011738,0.0,0.0,0.040409744043404756,0.0,-0.07592423914061792,0.0,-1.739188838068561,2.191844397375447
6.993528247027765,0.03314255453232866,0.0,0.0,0.03803504389978067,0.0,-0.08047242176082096,0.0,-1.6369844791615937,2.529534251339842
7.0035047495199585,0.032335783637895056,0.0,0.0,0.03549747185893183,0.0,-0.08467600911669276,0.0,-1.5277703014004393,2.856392251298801
7.013481252012152,0.03139054595364408,0.0,0.0,0.03280789419391174,0.0,-0.08851700080182992,0.0,-1.4120139766611122,3.171018741116418
7.023457754504346,0.030310889132455304,0.0,0.0,0.029977828089193765,0.0,-0.09197894910015643,0.0,-1.2902111912973928,3.4720664418609197
7.033434256996539,0.029101436430589125,0.0,0.0,0.027019392322318286,0.0,-0.09504702941757055,0.0,-1.162883523535726,3.758246221060003
7.043410759488733,0.027767366910193228,0.0,0.0,0.02394525536942574,0.0,-0.09770810376313356,0.0,-1.0305762099971385,4.028332612964083
7.053387261980927,0.026314393261764324,0.0,0.0,0.02076858115689918,0.0,-0.0999507770079616,0.0,-0.8938558109104204,4.281169066178549
7.06336376447312,0.024748737341529232,0.0,0.0,0.01750297269140784,0.0,-0.10176544568091933,0.0,-0.7533077840141281,4.515672896194634
7.073340266965314,0.023077103528502427,0.0,0.0,0.014162413809746638,0.0,-0.1031443390921559,0.0,-0.6095339775367724,4.730839921610497
7.083316769457507,0.021306650015305375,0.0,0.0,0.01076120929789914,0.0,-0.1040815526083927,0.0,-0.4631500529902611,4.925748764190243
7.093293271949701,0.019444958155686178,0.0,0.0,0.0073139236357467685,0.0,-0.10457307293746983,0.0,-0.31478284881274016,5.099564794347041
7.103269774441895,0.01750000000000004,0.0,0.0,0.003835318629732136,0.0,-0.10461679531387846,0.0,-0.1650676961502606,5.251543705155013
7.113246276934089,0.015480104157665018,0.0,0.0,0.0003402902005361637,0.0,-0.10421253251169041,0.0,-0.014645698271211894,5.381034699585852
7.123222779426283,0.013393920132778044,0.0,0.0,-0.0031561954035408046,0.0,-0.10336201564628822,0.0,0.13583901473628254,5.487483277321586
7.133199281918476,0.01125038128561072,0.0,0.0,-0.006639165694351502,0.0,-0.10206888676146342,0.0,0.28574204422827515,5.570433609210062
7.14317578441067,0.009058666578588219,0.0,0.0,-0.010093706058396101,0.0,-0.10033868323362533,0.0,0.4344214824189817,5.629530489195384
7.153152286902864,0.006828161270564408,0.0,0.0,-0.013505023623484703,0.0,-0.09817881405990593,0.0,0.5812406611283708,5.664520855364724
7.163128789395057,0.004568416727701896,0.0,0.0,-0.016858510604088228,0.0,-0.09559852813169654,0.0,0.7255708780931027,5.6752548735983295
7.173105291887251,0.0022891095230550226,0.0,0.0,-0.02013980685411978,0.0,-0.0926088746294739,0.0,0.8667940891661882,5.661686579182208
7.1830817943794445,-6.00510218027815e-17,0.0,0.0,-0.023334861359282588,0.0,-0.08922265570851473,0.0,1.004305554876814,5.623874073636091
7.193058296871638,-0.002289109523054894,0.0,0.0,-0.02642999240567152,0.0,-0.08545437167810081,0.0,1.137516430017649,5.5619792759138145
7.203034799363832,-0.004568416727701767,0.0,0.0,-0.029411946166973447,0.0,-0.08132015890896704,0.0,1.2658562851704636,5.4762672290414764
7.213011301856025,-0.006828161270564527,0.0,0.0,-0.03226795345938426,0.0,-0.07683772073488712,0.0,1.3887755493723852,5.3671049651625395
7.222987804348219,-0.009058666578588094,0.0,0.0,-0.03498578442121536,0.0,-0.07202625164427943,0.0,1.5057478634631807,5.234959933849846
7.232964306840413,-0.011250381285610598,0.0,0.0,-0.03755380088303977,0.0,-0.0669063550864591,0.0,1.6162723340360219,5.080398000414723
7.242940809332606,-0.013393920132778155,0.0,0.0,-0.03996100620411859,0.0,-0.06149995524450804,0.0,1.7198756783398772,4.904081022784933
7.2529173118248,-0.015480104157664902,0.0,0.0,-0.04219709236170585,0.0,-0.055830203152555706,0.0,1.816114250948953,4.706764017327384
7.262893814316994,-0.01750000000000014,0.0,0.0,-0.044252484091585255,0.0,-0.04992137755949413,0.0,1.9045759435205525,4.489291925752033
7.272870316809188,-0.01944495815568607,0.0,0.0,-0.046118379890819114,0.0,-0.043798780963654776,0.0,1.9848819495061603,4.252595996942026
7.282846819301382,-0.021306650015305274,0.0,0.0,-0.04778678970713819,0.0,-0.03748863126361721,0.0,2.0566883862593706,3.9976897992026723
7.292823321793575,-0.023077103528502518,0.0,0.0,-0.04925056915356986,0.0,-0.031017949489149443,0.0,2.1196877675940717,3.7256648800066277
7.302799824285769,-0.02474873734152914,0.0,0.0,-0.050503450101800886,0.0,-0.024414444093007626,0.0,2.1736103204875437,3.437686091819949
7.312776326777962,-0.026314393261764237,0.0,0.0,-0.051540067523265405,0.0,-0.017706392299085168,0.0,2.2182251402899658,3.134986604024894
7.322752829270156,-0.027767366910193304,0.0,0.0,-0.05235598246302017,0.0,-0.010922519015003239,0.0,2.253341179493547,2.8188626222995055
7.33272933176235,-0.029101436430589055,0.0,0.0,-0.052947701048031565,0.0,-0.0040918738276441765,0.0,2.2788080658273024,2.4906678380658027
7.342705834254543,-0.030310889132455367,0.0,0.0,-0.053312689448476405,0.0,0.0027562933916415087,0.0,2.294516746174209,2.1518076317751826
7.352682336746737,-0.031390545953644135,0.0,0.0,-0.053449384727989865,0.0,0.009592657739470307,0.0,2.3003999535533777,1.8037330548537847
7.3626588392389305,-0.03233578363789501,0.0,0.0,-0.05335720153639925,0.0,0.016387944854166357,0.0,2.296432495167605,1.4479346160774038
7.372635341731124,-0.0331425545323287,0.0,0.0,-0.05303653461628316,0.0,0.023113056273074535,0.0,2.2826313602827937,1.0859358989839747
7.382611844223318,-0.03380740392011735,0.0,0.0,-0.052488757112623276,0.0,0.02973919403663974,0.0,2.2590556474773122,0.7192870376552238
7.392588346715511,-0.034327484814113046,0.0,0.0,-0.051716214692786484,0.0,0.03623798400569663,0.0,2.2258063115727973,0.3495580788042385
7.402564849207705,-0.034700570148083365,0.0,0.0,-0.05072221550201744,0.0,0.042581597363884616,0.0,2.183025731330126,-0.021667741405319685
7.412541351699899,-0.034925062313351116,0.0,0.0,-0.04951101599745271,0.0,0.04874286978491401,0.0,2.130897099761697,-0.3928007770196471
7.422517854192092,-0.035,0.0,0.0,-0.048087802721317276,0.0,0.054695417754383566,0.0,2.069643639670808,-0.7622517794029453
7.432494356684287,-0.034925062313351116,0.0,0.0,-0.04645867009135519,0.0,0.06041375154803614,0.0,1.9995276477773682,-1.1284387026438565
7.44247085917648,-0.034700570148083365,0.0,0.0,-0.04463059430359749,0.0,0.06587338438267093,0.0,1.9208493715230923,-1.4897934781189064
7.452447361668674,-0.034327484814113046,0.0,0.0,-0.042611403459218086,0.0,0.07105093727231375,0.0,1.833945723365785,-1.8447687292034343
7.462423864160868,-0.03380740392011741,0.0,0.0,-0.04040974404340489,0.0,0.07592423914061766,0.0,1.7391888380685665,-2.191844397375428
7.472400366653061,-0.0331425545323287,0.0,0.0,-0.03803504389978081,0.0,0.08047242176082073,0.0,1.6369844791615997,-2.529534251339824
7.482376869145255,-0.032335783637895014,0.0,0.0,-0.03549747185893169,0.0,0.08467600911669299,0.0,1.5277703014004334,-2.8563922512988182
7.492353371637448,-0.03139054595364414,0.0,0.0,-0.0328078941939119,0.0,0.08851700080182971,0.0,1.412013976661119,-3.1710187411164004
7.502329874129642,-0.03031088913245537,0.0,0.0,-0.029977828089193928,0.0,0.09197894910015623,0.0,1.2902111912973997,-3.4720664418609033
7.512306376621836,-0.02910143643058906,0.0,0.0,-0.02701939232231813,0.0,0.0950470294175707,0.0,1.1628835235357193,-3.758246221060018
7.522282879114029,-0.027767366910193308,0.0,0.0,-0.02394525536942592,0.0,0.09770810376313342,0.0,1.0305762099971463,-4.028332612964068
7.532259381606223,-0.02631439326176424,0.0,0.0,-0.020768581156899005,0.0,0.0999507770079617,0.0,0.893855810910413,-4.281169066178563
7.5422358840984165,-0.02474873734152915,0.0,0.0,-0.017502972691407666,0.0,0.10176544568091941,0.0,0.7533077840141207,-4.515672896194646
7.55221238659061,-0.023077103528502525,0.0,0.0,-0.014162413809746826,0.0,0.10314433909215583,0.0,0.6095339775367805,-4.730839921610485
7.562188889082804,-0.021306650015305285,0.0,0.0,-0.010761209297898961,0.0,0.10408155260839275,0.0,0.4631500529902534,-4.925748764190252
7.572165391574997,-0.019444958155686077,0.0,0.0,-0.007313923635746582,0.0,0.10457307293746984,0.0,0.31478284881273216,-5.099564794347049
7.582141894067192,-0.017499999999999936,0.0,0.0,-0.0038353186297319553,0.0,0.10461679531387844,0.0,0.1650676961502528,-5.25154370515502
7.5921183965593855,-0.015480104157664909,0.0,0.0,-0.00034029020053597827,0.0,0.10421253251169038,0.0,0.014645698271203912,-5.381034699585859
7.602094899051579,-0.013393920132778164,0.0,0.0,0.003156195403540608,0.0,0.10336201564628827,0.0,-0.1358390147362741,-5.487483277321582
7.612071401543773,-0.011250381285610607,0.0,0.0,0.006639165694351683,0.0,0.10206888676146335,0.0,-0.2857420442282829,-5.570433609210067
7.622047904035966,-0.009058666578588103,0.0,0.0,0.010093706058396284,0.0,0.10033868323362523,0.0,-0.43442148241898954,-5.629530489195386
7.63202440652816,-0.0068281612705645344,0.0,0.0,0.013505023623484514,0.0,0.09817881405990607,0.0,-0.5812406611283627,-5.6645208553647235
7.642000909020354,-0.004568416727701776,0.0,0.0,0.016858510604088404,0.0,0.09559852813169639,0.0,-0.7255708780931104,-5.6752548735983295
7.651977411512547,-0.002289109523054903,0.0,0.0,0.02013980685411995,0.0,0.09260887462947373,0.0,-0.8667940891661955,-5.6616865791822075
7.661953914004741,-6.858022075225179e-17,0.0,0.0,0.02333486135928241,0.0,0.08922265570851494,0.0,-1.0043055548768065,-5.6238740736360935
